12.9 0.40
12.7 0.41
12.7 0.39
12.6 0.39
13.2 0.38
12.5 0.38
12.2 0.38
12.0 0.39
12.4 0.37
12.1 0.37
12.1 0.36
12.1 0.37
11.8 0.33
11.3 0.35
11.6 0.35
11.5 0.36
11.1 0.37
11.1 0.34
10.7 0.34
10.7 0.36
10.1 0.34
10.5 0.35
10.3 0.34
10.2 0.37
10.1 0.37
9.7 0.35
9.8 0.33
9.3 0.35
9.5 0.36
9.4 0.33
9.1 0.26
9.2 0.21
9.7 0.26
9.1 0.27
9.0 0.23
9.2 0.21
9.1 0.24
9.3 0.17
9.1 0.19
9.2 0.17
9.3 0.15
8.9 0.13
8.9 0.14
8.9 0.17
8.6 0.13
9.1 0.15
8.9 0.15
8.9 0.23
9.5 0.24
9.7 0.16
9.3 0.22
8.9 0.15
9.2 0.23
8.8 0.14
9.2 0.17
9.6 0.21
8.9 0.18
8.8 0.15
8.8 0.20
9.2 0.18
9.0 0.19
9.4 0.21
9.1 0.21
9.6 0.17
9.4 0.18
9.5 0.22
9.4 0.13
9.9 0.24
9.8 0.24
10.1 0.27
9.9 0.25
9.9 0.26
10.2 0.23
10.2 0.30
10.3 0.27
10.6 0.28
10.7 0.29
10.8 0.29
11.2 0.31
11.3 0.31
11.5 0.34
11.2 0.32
12.0 0.37
11.7 0.34
11.9 0.36
11.8 0.36
12.1 0.35
12.1 0.36
11.9 0.36
12.2 0.38
12.1 0.36
12.2 0.34
12.4 0.35
12.7 0.37
12.4 0.35
12.3 0.37
12.5 0.36
12.5 0.35
12.3 0.37
12.2 0.37
12.1 0.34
11.8 0.36
11.7 0.33
11.3 0.33
12.5 0.32
11.1 0.34
11.2 0.34
11.1 0.34
10.8 0.34
12.0 0.38
10.5 0.33
10.7 0.32
10.4 0.32
10.3 0.34
10.0 0.34
9.9 0.32
10.6 0.35
9.6 0.33
9.2 0.33
9.4 0.34
9.2 0.32
9.0 0.31
9.0 0.31
9.2 0.30
8.8 0.27
8.8 0.24
9.0 0.22
8.7 0.20
8.6 0.17
8.6 0.17
8.7 0.20
8.1 0.15
8.5 0.18
8.2 0.14
8.1 0.13
8.2 0.14
8.2 0.11
8.4 0.10
8.2 0.12
8.0 0.10
8.1 0.11
8.2 0.11
8.1 0.09
8.1 0.11
8.0 0.09
8.3 0.10
8.2 0.09
8.3 0.11
8.3 0.12
8.3 0.12
8.9 0.12
8.1 0.12
8.5 0.10
8.5 0.10
8.5 0.10
8.4 0.11
8.5 0.10
8.7 0.12
8.8 0.14
9.3 0.10
8.7 0.12
9.0 0.11
9.3 0.12
9.0 0.11
9.2 0.12
9.2 0.13
9.2 0.13
9.3 0.17
9.3 0.17
9.4 0.19
9.4 0.21
9.9 0.23
10.2 0.26
10.0 0.25
10.2 0.30
10.1 0.29
10.3 0.30
10.3 0.29
10.1 0.32
10.6 0.30
10.3 0.33
10.4 0.32
11.1 0.32
10.7 0.32
10.6 0.33
10.8 0.37
10.7 0.34
11.0 0.32
11.0 0.32
11.2 0.34
10.4 0.31
10.6 0.33
10.6 0.31
10.9 0.36
10.8 0.34
11.1 0.36
10.5 0.31
10.6 0.33
10.5 0.31
10.4 0.32
10.1 0.32
10.1 0.31
10.3 0.31
10.3 0.30
9.8 0.30
9.8 0.36
10.1 0.31
10.1 0.31
9.6 0.29
9.7 0.28
9.9 0.30
9.3 0.31
9.5 0.32
9.3 0.30
9.4 0.30
9.0 0.29
9.2 0.34
9.2 0.29
8.6 0.29
8.9 0.27
8.7 0.24
8.9 0.22
8.6 0.21
8.5 0.19
8.3 0.18
8.2 0.18
8.5 0.15
8.4 0.18
8.4 0.18
8.5 0.15
8.2 0.13
8.6 0.13
8.3 0.14
8.1 0.12
8.1 0.10
8.1 0.10
8.1 0.09
8.1 0.10
8.0 0.11
8.3 0.10
8.1 0.08
8.3 0.11
8.2 0.11
8.2 0.10
8.4 0.09
8.1 0.11
8.3 0.12
8.1 0.12
8.0 0.12
8.2 0.10
8.4 0.10
8.2 0.11
8.1 0.09
8.2 0.11
8.0 0.10
8.2 0.12
8.4 0.12
8.4 0.12
8.3 0.10
8.6 0.13
8.6 0.12
8.1 0.13
8.5 0.13
8.5 0.12
8.7 0.13
8.6 0.15
8.8 0.18
9.3 0.21
9.3 0.19
9.2 0.23
9.5 0.24
9.4 0.26
9.4 0.24
9.9 0.27
9.6 0.24
9.6 0.25
9.8 0.28
9.7 0.29
9.9 0.27
10.0 0.28
9.9 0.29
10.2 0.28
11.1 0.28
11.1 0.29
10.8 0.29
11.1 0.29
10.7 0.29
10.7 0.28
10.6 0.30
10.6 0.29
10.4 0.29
10.8 0.28
10.7 0.28
10.6 0.28
10.6 0.26
10.3 0.26
10.0 0.26
9.8 0.26
9.9 0.26
10.1 0.27
10.4 0.28
9.9 0.26
9.9 0.23
10.2 0.24
9.8 0.25
10.0 0.24
9.9 0.25
10.1 0.27
9.8 0.25
9.7 0.26
9.9 0.27
9.8 0.25
9.8 0.23
9.7 0.26
9.4 0.26
9.7 0.26
9.4 0.23
9.4 0.22
9.4 0.22
9.8 0.21
9.4 0.18
9.2 0.16
9.3 0.17
9.4 0.18
9.4 0.18
9.5 0.16
9.6 0.14
9.6 0.16
9.5 0.11
9.4 0.12
9.7 0.14
9.3 0.11
9.6 0.14
9.6 0.12
9.9 0.12
9.7 0.11
9.8 0.10
9.9 0.12
9.7 0.12
10.0 0.14
10.0 0.10
10.2 0.14
9.9 0.12
9.9 0.14
10.0 0.14
9.9 0.13
10.1 0.12
10.1 0.13
9.8 0.12
10.0 0.15
10.2 0.14
10.0 0.12
10.5 0.20
10.1 0.12
9.9 0.19
10.1 0.12
10.2 0.14
10.2 0.15
10.5 0.15
10.3 0.17
10.8 0.18
10.4 0.18
10.7 0.22
10.6 0.27
10.4 0.25
10.8 0.26
10.7 0.25
10.9 0.24
10.9 0.27
11.0 0.27
11.1 0.30
11.4 0.29
11.4 0.29
11.2 0.31
11.5 0.29
11.7 0.32
13.7 0.29
11.4 0.30
11.5 0.30
11.5 0.32
11.6 0.30
12.1 0.31
11.7 0.33
11.9 0.30
12.1 0.31
12.2 0.32
12.2 0.31
12.3 0.32
13.0 0.30
12.7 0.31
12.2 0.32
12.8 0.32
12.4 0.30
12.5 0.34
12.6 0.33
12.5 0.30
12.6 0.30
12.8 0.31
12.7 0.30
12.7 0.29
13.0 0.29
12.1 0.29
12.6 0.30
12.4 0.28
12.2 0.30
12.4 0.29
12.2 0.29
12.1 0.30
11.7 0.30
11.7 0.27
11.4 0.29
11.3 0.27
11.5 0.27
11.1 0.28
10.9 0.27
11.8 0.27
11.2 0.29
10.6 0.28
10.7 0.28
10.5 0.28
11.4 0.29
10.6 0.28
10.6 0.26
10.6 0.27
10.8 0.27
10.7 0.28
10.3 0.26
10.4 0.27
10.1 0.25
10.6 0.28
10.1 0.24
10.2 0.27
10.5 0.28
10.7 0.28
10.9 0.28
11.2 0.29
11.1 0.28
11.5 0.29
11.9 0.28
12.6 0.29
13.5 0.28
16.2 0.28
18.6 0.32
20.2 0.29
21.1 0.29
22.4 0.33
20.7 0.26
19.9 0.29
20.0 0.26
19.1 0.28
17.7 0.26
17.4 0.29
18.1 0.29
17.9 0.32
17.0 0.29
17.6 0.27
18.2 0.30
18.1 0.33
17.6 0.30
18.2 0.40
17.3 0.34
16.8 0.31
16.6 0.32
16.2 0.35
16.4 0.33
17.0 0.36
17.3 0.38
17.2 0.39
18.2 0.37
18.1 0.40
18.7 0.41
18.4 0.41
18.5 0.36
18.6 0.38
18.9 0.38
19.4 0.41
19.1 0.39
18.5 0.39
18.8 0.41
19.7 0.43
19.2 0.40
18.7 0.42
19.5 0.40
18.2 0.38
18.3 0.37
18.4 0.38
19.9 0.37
18.4 0.36
18.1 0.38
17.9 0.38
18.4 0.37
19.5 0.37
18.3 0.36
17.9 0.38
19.0 0.38
17.6 0.35
17.5 0.34
16.9 0.35
16.5 0.33
16.8 0.35
16.8 0.35
17.0 0.36
16.8 0.35
16.7 0.34
16.2 0.32
16.2 0.35
15.9 0.32
15.9 0.32
16.0 0.30
16.3 0.32
16.2 0.30
16.7 0.28
16.0 0.31
16.8 0.29
18.2 0.28
18.6 0.29
18.4 0.29
18.5 0.27
18.6 0.29
19.2 0.28
19.5 0.27
19.5 0.26
19.3 0.28
20.5 0.28
21.0 0.27
20.1 0.26
19.9 0.28
21.8 0.27
20.6 0.24
20.2 0.26
21.1 0.25
20.3 0.23
20.0 0.21
19.8 0.20
19.9 0.20
18.9 0.19
18.4 0.18
18.6 0.17
18.5 0.21
18.8 0.19
18.5 0.18
18.2 0.18
17.6 0.16
17.3 0.20
17.2 0.21
17.5 0.18
17.3 0.17
17.1 0.22
17.4 0.22
17.9 0.24
18.2 0.24
21.0 0.18
17.0 0.18
17.7 0.21
17.6 0.22
17.7 0.25
17.6 0.28
17.0 0.28
16.6 0.28
17.8 0.30
17.4 0.28
17.3 0.30
17.3 0.33
17.3 0.34
17.1 0.33
16.7 0.32
16.6 0.33
16.3 0.28
16.0 0.32
16.3 0.31
16.2 0.32
16.1 0.30
16.6 0.32
16.1 0.31
16.4 0.29
15.9 0.33
15.8 0.30
16.4 0.29
16.5 0.33
16.3 0.32
15.9 0.30
16.1 0.30
16.1 0.30
16.2 0.30
15.8 0.31
15.9 0.32
16.3 0.31
15.9 0.31
16.1 0.29
16.3 0.31
15.7 0.33
15.8 0.31
16.1 0.30
15.4 0.33
15.9 0.31
15.6 0.32
15.5 0.30
15.4 0.31
15.2 0.30
15.1 0.33
16.3 0.34
15.7 0.32
15.3 0.29
15.6 0.27
15.5 0.25
16.5 0.29
15.4 0.22
15.9 0.22
15.5 0.20
15.1 0.19
14.9 0.19
15.0 0.20
15.1 0.17
15.6 0.18
15.1 0.16
14.6 0.16
14.9 0.16
14.9 0.14
15.2 0.13
15.7 0.13
15.3 0.12
16.0 0.12
16.7 0.12
15.7 0.15
16.0 0.14
16.3 0.15
16.5 0.12
16.1 0.12
16.3 0.12
16.2 0.12
16.8 0.14
17.0 0.15
16.5 0.13
16.8 0.14
17.3 0.15
16.4 0.13
17.0 0.15
16.7 0.14
17.1 0.15
16.7 0.16
16.6 0.16
15.8 0.15
17.6 0.18
16.7 0.15
17.3 0.17
17.2 0.17
17.1 0.17
17.5 0.19
16.9 0.19
17.0 0.19
17.4 0.20
17.4 0.22
16.8 0.23
16.9 0.22
16.9 0.24
17.4 0.25
16.8 0.25
17.0 0.28
17.2 0.28
17.8 0.25
18.1 0.27
17.7 0.27
17.6 0.24
18.3 0.27
18.9 0.28
18.6 0.28
18.3 0.30
18.4 0.30
18.8 0.28
19.0 0.28
18.7 0.27
18.4 0.27
18.8 0.27
19.4 0.30
18.8 0.29
16.1 0.30
17.7 0.30
18.2 0.28
16.3 0.28
18.6 0.28
18.7 0.32
18.8 0.29
18.9 0.30
18.6 0.30
18.2 0.29
18.8 0.29
18.9 0.29
18.8 0.33
18.4 0.31
18.2 0.30
16.9 0.31
18.8 0.31
18.6 0.31
21.5 0.34
18.6 0.31
19.0 0.27
18.3 0.29
18.6 0.30
18.9 0.27
18.8 0.28
18.1 0.27
18.9 0.26
18.3 0.23
18.9 0.26
19.1 0.25
18.1 0.19
19.2 0.18
18.7 0.25
19.2 0.21
18.5 0.21
19.0 0.21
18.6 0.18
18.9 0.18
18.8 0.15
18.5 0.19
18.0 0.17
18.3 0.17
18.0 0.13
17.5 0.16
17.5 0.17
18.0 0.17
17.9 0.13
17.7 0.15
17.9 0.14
18.1 0.17
17.0 0.17
17.3 0.19
17.1 0.17
17.9 0.21
17.8 0.19
17.5 0.20
17.5 0.20
17.6 0.16
17.7 0.15
17.8 0.18
17.0 0.18
17.5 0.24
16.7 0.19
17.1 0.23
16.9 0.22
17.2 0.22
17.5 0.23
16.9 0.26
17.1 0.24
16.5 0.25
17.0 0.20
17.1 0.23
16.6 0.25
16.6 0.26
17.3 0.25
16.3 0.28
16.1 0.28
16.9 0.29
16.0 0.27
15.2 0.29
16.5 0.27
16.5 0.30
16.0 0.29
16.2 0.28
16.0 0.29
16.1 0.26
16.1 0.30
15.9 0.29
16.3 0.29
16.1 0.26
15.4 0.27
15.8 0.28
14.9 0.26
15.6 0.26
15.5 0.29
15.1 0.26
15.3 0.27
15.1 0.25
15.0 0.27
14.8 0.29
15.1 0.27
15.4 0.27
15.2 0.27
14.8 0.26
15.1 0.28
14.7 0.27
16.1 0.27
15.3 0.29
16.1 0.28
14.7 0.29
14.3 0.31
14.3 0.29
15.0 0.29
14.7 0.27
14.4 0.28
14.5 0.28
14.0 0.26
14.1 0.26
14.3 0.26
14.5 0.28
14.0 0.25
14.1 0.27
14.8 0.25
14.2 0.22
13.8 0.21
13.8 0.19
14.3 0.21
14.2 0.19
13.9 0.20
13.4 0.24
14.2 0.19
13.3 0.18
13.6 0.15
13.1 0.18
13.6 0.15
13.2 0.12
13.0 0.14
13.6 0.14
13.2 0.13
13.7 0.14
13.2 0.13
13.2 0.16
14.1 0.15
13.7 0.14
14.0 0.16
14.3 0.18
14.0 0.17
13.8 0.16
13.6 0.17
14.0 0.16
13.5 0.19
13.7 0.17
13.2 0.16
13.5 0.16
13.9 0.16
13.6 0.20
13.6 0.18
13.6 0.18
13.3 0.17
13.1 0.17
13.5 0.18
13.6 0.17
13.2 0.16
13.8 0.19
13.8 0.27
13.3 0.22
13.3 0.44
13.7 0.33
13.2 0.35
12.9 0.40
13.2 0.36
13.1 0.40
13.3 0.36
13.1 0.84
13.6 0.43
12.8 0.37
12.8 0.55
13.8 0.55
13.1 0.56
13.1 0.60
13.2 0.76
14.0 0.57
13.2 0.74
13.1 0.58
12.7 0.36
13.3 0.44
13.4 0.39
12.7 0.62
13.1 0.45
13.4 0.41
13.3 0.42
13.3 0.78
12.9 0.51
13.0 0.56
13.9 0.68
13.2 0.70
13.5 0.44
14.0 0.41
13.4 0.70
14.0 0.39
13.6 4.16
13.1 0.37
12.9 0.40
13.7 2.15
13.4 1.73
13.2 1.41
12.9 0.59
13.1 0.48
13.3 0.29
13.4 0.62
12.9 0.41
13.5 0.39
13.1 0.79
12.9 0.74
13.2 0.28
14.2 0.60
13.3 0.60
13.1 0.67
13.0 0.31
12.9 0.57
13.6 0.33
13.4 0.54
13.4 0.94
13.2 0.88
12.8 0.72
12.7 0.29
12.8 0.62
12.4 0.35
12.7 0.37
13.5 0.21
12.9 0.86
12.9 0.31
13.0 0.46
12.4 0.15
13.0 0.31
13.1 0.22
13.2 0.17
13.2 0.43
13.2 0.38
13.4 0.02
12.9 0.85
12.9 0.64
13.0 0.20
13.0 0.27
12.9 0.58
13.1 0.85
13.3 0.50
13.3 0.77
13.5 0.62
12.9 0.43
13.7 0.55
13.2 0.49
13.2 0.35
13.4 0.29
13.9 0.25
14.0 0.28
13.9 0.28
14.4 0.31
13.8 0.21
13.8 0.33
13.9 0.33
13.9 0.32
14.2 0.47
14.3 0.29
13.5 0.30
14.2 0.31
14.2 0.35
13.6 0.41
14.0 0.44
14.2 0.31
14.0 0.36
14.1 0.33
14.2 0.42
14.3 0.35
14.0 0.36
14.2 0.34
14.5 0.42
14.1 0.36
14.8 0.33
14.4 0.34
14.2 0.32
14.7 0.39
14.9 0.46
15.7 0.35
14.8 0.31
16.1 0.31
15.2 0.35
14.8 0.53
15.2 0.39
14.8 0.35
14.4 0.69
14.8 0.64
14.2 0.72
14.7 0.37
14.5 0.35
15.0 0.41
14.5 0.41
14.1 0.31
14.3 0.37
14.2 0.38
14.1 0.37
14.7 0.33
14.2 0.38
14.4 0.33
14.6 0.36
14.4 0.41
16.2 0.37
14.3 0.42
14.0 0.36
14.0 0.38
14.2 0.54
14.0 0.46
14.7 0.62
14.0 0.36
13.8 0.47
14.5 0.70
14.0 0.68
14.2 0.31
14.4 0.45
13.5 0.51
14.0 0.26
14.1 0.26
13.6 0.31
13.7 0.26
13.6 0.28
13.5 0.86
13.8 0.19
13.4 0.30
14.3 0.52
13.7 0.30
13.6 0.60
13.8 0.35
13.6 0.72
14.0 0.87
13.9 0.32
14.1 0.30
13.7 0.28
14.7 0.28
13.1 0.35
13.4 0.28
13.5 0.32
13.1 0.65
13.0 0.28
13.1 0.23
13.3 0.51
13.0 0.23
13.3 0.52
13.1 0.26
14.4 0.77
13.4 0.58
13.7 0.52
13.7 0.37
13.7 0.22
14.5 0.25
14.0 0.19
14.2 0.37
14.5 0.30
14.3 0.26
14.2 0.36
14.1 0.72
13.9 0.33
14.7 1.35
13.7 0.72
14.8 0.38
13.4 0.36
13.7 0.31
13.4 0.71
14.2 0.39
14.3 0.30
13.9 0.33
13.8 0.88
13.7 0.65
14.2 1.01
13.8 0.53
14.0 0.34
13.7 0.30
13.3 0.41
13.5 0.39
13.4 0.35
13.6 0.71
13.0 0.34
13.5 0.36
13.5 0.55
13.1 0.43
13.2 0.39
13.8 0.32
13.4 0.33
13.8 0.31
14.2 0.32
13.9 0.32
14.0 0.33
14.3 0.30
13.6 0.31
14.4 0.31
13.6 0.31
13.8 0.32
14.1 0.30
14.0 0.33
14.1 0.29
13.6 0.31
14.4 0.31
13.4 0.31
14.5 0.30
13.7 0.29
13.8 0.28
13.3 0.31
13.6 0.28
13.3 0.30
13.0 0.29
13.8 0.29
13.3 0.24
14.1 0.20
13.5 0.21
12.6 0.23
13.2 0.20
13.9 0.24
12.9 0.23
12.9 0.20
12.4 0.15
12.6 0.16
12.3 0.15
12.5 0.17
12.4 0.15
12.0 0.13
12.3 0.16
12.2 0.12
12.0 0.15
12.6 0.15
12.9 0.17
12.7 0.12
12.0 0.15
12.5 0.17
12.1 0.15
12.4 0.15
12.0 0.18
12.0 0.21
12.0 0.17
12.4 0.21
11.8 0.19
12.0 0.19
11.5 0.22
12.2 0.17
12.1 0.17
12.2 0.17
12.1 0.22
12.1 0.21
12.1 0.17
11.9 0.22
12.0 0.23
12.4 0.24
11.2 0.20
11.3 0.22
11.6 0.19
11.9 0.23
12.0 0.25
11.8 0.30
11.3 0.26
11.6 0.27
11.6 0.32
11.5 0.28
11.2 0.28
11.5 0.28
11.4 0.31
11.8 0.33
13.8 0.31
17.6 0.35
16.8 0.34
16.9 0.32
24.4 0.48
140 0.94
16.6 0.32
14.6 0.32
14.0 0.31
12.9 0.27
12.9 0.30
15.9 0.31
15.7 2.12
15.7 0.32
16.0 35.43
14.9 9.41
15.1 2.73
14.9 0.32
15.5 0.32
15.5 0.35
15.6 0.35
16.1 0.33
16.7 0.34
17.6 0.32
18.1 0.31
17.8 0.67
17.6 0.33
17.4 0.34
19.1 0.34
18.1 0.33
16.5 0.33
16.8 0.31
16.3 0.33
16.1 0.33
17.1 0.31
16.4 0.30
17.5 0.31
16.7 0.35
16.0 0.31
16.6 0.33
16.2 0.31
18.1 0.29
18.2 0.26
19.2 0.27
19.2 0.27
18.9 0.25
18.8 0.25
19.6 0.27
19.9 0.26
18.6 0.23
18.3 0.20
18.5 0.22
17.7 0.20
20.5 0.24
20.2 0.20
18.8 0.18
18.6 0.14
19.5 0.19
24.2 0.20
19.3 0.18
18.6 0.18
20.8 0.18
20.6 0.21
20.5 0.20
21.0 0.20
20.7 0.21
20.6 0.27
22.5 0.25
19.5 0.20
20.2 0.22
17.7 0.22
20.2 0.26
19.7 0.22
20.5 0.21
19.2 0.22
19.1 0.24
18.8 0.20
18.8 0.22
19.7 0.27
19.2 0.25
19.2 0.25
19.3 0.32
20.0 0.27
19.6 0.30
19.8 0.32
21.1 0.34
20.7 0.30
20.6 0.32
20.6 0.30
20.9 0.31
21.6 0.32
21.2 0.34
20.4 0.33
21.1 0.34
20.1 0.33
20.3 0.34
20.0 0.32
20.1 0.35
20.9 0.37
21.3 0.33
18.5 0.32
19.2 0.35
19.2 0.32
19.2 0.32
18.5 0.32
19.1 0.30
23.5 0.33
18.2 0.31
20.4 0.30
18.2 0.30
18.4 0.32
19.1 0.32
18.9 0.33
18.1 0.32
20.4 0.30
17.4 0.31
21.2 0.35
17.8 0.31
17.5 0.29
17.6 0.29
18.5 0.33
17.5 0.30
17.2 0.32
16.5 0.30
16.8 0.31
16.9 0.32
18.2 0.32
16.9 0.33
16.2 0.33
16.9 0.29
16.8 0.30
16.3 0.28
16.2 0.29
15.8 0.27
16.4 0.29
15.4 0.29
15.7 0.29
16.1 0.28
15.2 0.29
16.1 0.27
16.1 0.26
16.9 0.27
15.8 0.27
15.2 0.27
15.7 0.28
15.3 0.26
16.7 0.30
15.8 0.29
14.6 0.26
15.1 0.27
15.4 0.28
14.8 0.26
15.1 0.29
15.6 0.29
14.3 0.26
15.2 0.27
15.3 0.26
14.7 0.30
14.8 	
15.1 	
15.7 	
13.0 0.24
13.1 0.24
12.6 0.24
12.9 0.27
12.2 0.26
12.8 0.27
12.7 0.29
12.5 0.25
12.6 0.27
12.2 0.26
12.3 0.28
12.2 0.27
12.3 0.26
12.3 0.24
12.2 0.25
12.0 0.29
11.9 0.24
11.8 0.27
12.6 0.29
12.1 0.28
12.0 0.27
12.0 0.29
12.0 0.30
11.5 0.26
11.4 0.29
11.7 0.28
11.9 0.29
11.9 0.29
12.0 0.28
11.9 0.26
11.5 0.30
11.5 0.29
11.4 0.27
11.9 0.25
11.5 0.25
11.8 0.28
11.7 0.25
11.7 0.25
11.4 0.28
11.6 0.29
11.0 0.27
11.0 0.26
11.1 0.28
10.8 0.28
10.8 0.27
11.5 0.29
11.2 0.26
11.4 0.26
11.5 0.26
11.4 0.26
11.5 0.27
11.8 0.29
11.5 0.28
11.3 0.25
11.2 0.27
11.1 0.28
10.6 0.25
10.9 0.22
11.0 0.24
10.9 0.25
11.1 0.22
10.8 0.24
10.8 0.26
11.5 0.24
11.3 0.25
10.9 0.24
11.3 0.25
10.9 0.27
10.8 0.22
10.9 0.24
10.7 0.25
10.5 0.25
11.1 0.25
10.8 0.23
10.6 0.25
11.3 0.23
10.2 0.23
10.7 0.25
10.7 0.23
10.4 0.22
10.5 0.24
10.4 0.23
10.4 0.23
10.9 0.21
10.6 0.22
10.7 0.21
10.8 0.23
10.5 0.24
10.6 0.21
10.0 0.19
10.9 0.20
10.9 0.22
10.6 0.21
10.5 0.22
10.4 0.20
10.1 0.23
10.5 0.21
10.9 0.23
9.9 0.22
10.2 0.21
10.4 0.23
10.7 0.24
10.5 0.21
10.5 0.22
10.7 0.25
10.7 0.21
11.2 0.25
10.5 0.23
10.4 0.24
10.8 0.24
10.2 0.23
10.6 0.25
10.5 0.26
10.5 0.26
11.1 0.27
10.9 0.26
10.7 0.27
10.6 0.27
10.8 0.26
10.7 0.27
11.0 0.30
10.8 0.26
11.0 0.27
10.8 0.27
10.7 0.27
10.4 0.27
11.1 0.26
11.6 0.28
10.4 0.28
10.7 0.26
11.1 0.27
10.9 0.27
10.8 0.26
10.8 0.28
11.1 0.28
11.0 0.27
11.6 0.26
11.8 0.26
11.2 0.26
11.6 0.25
11.4 0.25
11.1 0.25
11.4 0.24
11.1 0.26
11.6 0.27
11.2 0.27
10.5 0.25
11.1 0.27
10.8 0.27
11.0 0.28
11.1 0.27
11.6 0.25
11.5 0.24
11.2 0.24
11.1 0.24
11.2 0.23
11.5 0.24
11.6 0.24
11.7 0.23
11.4 0.18
11.4 0.18
11.1 0.18
11.9 0.19
11.3 0.19
11.4 0.23
11.2 0.24
11.2 0.19
11.8 0.19
11.1 0.18
11.2 0.19
11.1 0.17
11.2 0.17
11.4 0.13
11.4 0.17
11.4 0.13
11.8 0.13
11.8 0.12
11.7 0.13
11.7 0.12
11.8 0.11
11.8 0.13
11.9 0.13
12.1 0.11
12.0 0.12
12.8 0.15
12.4 0.15
12.1 0.13
12.4 0.13
12.3 0.14
12.7 0.15
12.0 0.14
12.0 0.16
12.0 0.15
12.9 0.16
12.8 0.15
12.0 0.11
12.2 0.13
12.1 0.18
12.2 0.15
11.5 0.19
11.9 0.17
11.7 0.22
12.1 0.21
12.0 0.22
11.6 0.21
11.7 0.21
11.5 0.22
11.8 0.21
11.8 0.23
11.6 0.21
11.1 0.22
11.1 0.20
11.9 0.24
11.6 0.24
11.1 0.23
11.5 0.20
11.1 0.23
11.1 0.24
11.2 0.23
11.2 0.23
14.5 0.22
11.1 0.23
13.1 0.24
11.0 0.21
10.7 0.23
10.6 0.22
11.3 0.24
11.1 0.23
10.6 0.23
11.5 0.25
10.8 0.23
10.7 0.26
10.6 0.25
10.6 0.24
10.6 0.24
10.9 0.22
10.9 0.22
10.7 0.25
11.6 0.26
11.0 0.23
10.9 0.25
10.7 0.26
10.9 0.24
10.4 0.25
10.8 0.25
10.6 0.25
10.9 0.25
10.9 0.25
10.5 0.28
10.8 0.23
10.9 0.24
10.5 0.26
11.0 0.24
11.0 0.24
10.8 0.22
11.0 0.19
10.5 0.19
10.5 0.17
10.9 0.18
11.0 0.21
10.9 0.20
11.1 0.19
10.8 0.16
10.8 0.15
11.3 0.14
11.3 0.12
10.7 0.13
11.1 0.12
11.6 0.12
11.4 0.15
11.1 0.11
12.0 0.14
11.1 0.11
11.3 0.09
11.9 0.12
12.0 0.11
11.7 0.14
11.4 0.12
11.9 0.12
12.3 0.11
12.3 0.13
11.7 0.13
12.1 0.14
12.0 0.11
12.4 0.14
12.1 0.12
12.5 0.13
12.4 0.13
12.2 0.15
12.3 0.14
13.4 0.15
13.1 0.18
14.0 0.19
13.7 0.18
13.5 0.19
13.3 0.22
13.5 0.20
13.6 0.25
13.5 0.25
13.7 0.22
14.1 0.23
14.4 0.24
14.2 0.23
14.1 0.24
14.4 0.25
14.4 0.24
14.7 0.26
14.5 0.26
14.3 0.25
14.8 0.24
14.8 0.26
14.6 0.23
15.1 0.26
14.9 0.27
14.9 0.27
14.9 0.28
15.0 0.30
14.7 0.26
14.3 0.26
14.9 0.23
15.0 0.25
15.4 0.22
15.2 0.27
15.3 0.27
15.0 0.25
15.0 0.22
15.7 0.24
15.6 0.22
14.8 0.24
15.2 0.27
15.0 0.24
14.9 0.27
14.8 0.26
15.4 0.25
14.5 0.23
14.7 0.24
14.6 0.26
15.3 0.26
15.6 0.26
15.1 0.27
15.0 0.23
15.4 0.25
14.9 0.25
15.3 0.26
15.0 0.22
15.1 0.24
15.0 0.22
15.0 0.23
15.1 0.26
15.1 0.23
15.4 0.24
15.0 0.24
15.2 0.24
14.9 0.26
15.4 0.22
15.7 0.20
15.3 0.21
15.3 0.23
15.1 0.22
15.4 0.20
15.7 0.23
14.2 0.23
15.0 0.22
16.4 0.27
15.3 0.26
15.0 0.22
14.4 0.22
15.4 0.20
15.5 0.22
15.9 0.22
15.8 0.22
17.0 0.22
16.6 0.24
16.9 0.22
17.4 0.21
17.7 0.23
17.0 0.24
16.6 0.24
16.8 0.24
16.8 0.25
16.9 0.26
17.1 0.24
17.8 0.25
17.6 0.27
17.1 0.25
17.1 0.25
18.5 0.25
19.2 0.29
19.2 0.25
19.5 0.30
20.2 0.28
20.3 0.28
21.4 0.29
20.9 0.29
21.7 0.31
21.2 0.29
22.1 0.29
21.5 0.29
22.9 0.28
23.0 0.29
21.1 0.30
23.2 0.31
23.9 0.32
23.4 0.35
23.9 0.33
23.7 0.33
23.1 0.32
23.3 0.29
23.1 0.31
23.2 0.30
23.0 0.32
22.9 0.30
22.7 0.31
22.7 0.31
21.8 0.30
22.2 0.31
21.5 0.29
22.3 0.31
22.2 0.32
21.8 0.29
21.2 0.31
20.7 0.31
21.3 0.31
21.9 0.31
20.4 0.30
20.0 0.30
19.6 0.31
20.9 0.32
19.7 0.28
20.2 0.31
19.9 0.30
18.3 0.32
19.2 0.33
19.9 0.31
20.7 0.28
19.5 0.29
19.1 0.30
19.2 0.31
19.7 0.29
19.3 0.29
19.6 0.30
19.6 0.30
18.6 0.28
18.7 0.30
18.4 0.27
18.6 0.29
18.6 0.29
19.1 0.25
18.5 0.25
17.9 0.27
18.7 0.26
17.4 0.26
18.2 0.26
17.8 0.24
17.9 0.24
17.2 0.24
17.1 0.25
17.2 0.22
16.8 0.25
17.0 0.26
16.4 0.22
16.8 0.17
16.2 0.20
16.9 0.20
16.8 0.18
16.5 0.21
16.5 0.22
16.8 0.22
15.6 0.21
16.4 0.21
17.6 0.22
16.3 0.24
16.0 0.26
16.4 0.27
15.8 0.27
16.4 0.25
15.0 0.28
16.5 0.27
16.2 0.25
16.5 0.26
16.2 0.26
16.5 0.27
16.4 0.28
16.0 0.27
16.2 0.31
16.4 0.26
16.1 0.26
17.0 0.27
16.6 0.32
17.2 0.27
16.4 0.32
16.3 0.27
16.7 0.28
16.1 0.33
16.3 0.28
15.8 0.30
15.7 0.30
16.0 0.30
16.0 0.31
15.5 0.30
16.0 0.32
15.7 0.33
15.8 0.31
15.3 0.30
14.9 0.30
14.7 0.31
15.1 0.26
15.5 0.31
14.6 0.30
15.0 0.31
14.2 0.30
14.6 0.29
14.8 0.28
14.6 0.29
14.5 0.31
14.6 0.28
14.6 0.29
13.8 0.28
13.8 0.29
14.2 0.26
13.3 0.28
13.7 0.26
17.2 0.30
13.1 0.27
12.9 0.26
13.1 0.25
12.4 0.25
12.7 0.26
12.4 0.28
12.7 0.28
12.4 0.26
12.2 0.26
12.6 0.28
11.7 0.25
11.9 0.25
12.2 0.25
12.2 0.23
12.0 0.26
12.5 0.25
11.6 0.26
11.7 0.21
11.8 0.22
11.9 0.21
11.6 0.18
11.4 0.17
12.2 0.18
12.0 0.20
11.9 0.15
12.0 0.16
11.8 0.17
11.8 0.19
11.4 0.13
12.1 0.14
11.7 0.19
12.2 0.21
11.8 0.16
12.0 0.16
11.9 0.18
11.3 0.22
11.5 0.20
12.0 0.21
11.6 0.20
12.0 0.23
12.1 0.23
12.3 0.22
12.4 0.21
11.7 0.21
11.3 0.23
11.7 0.21
11.8 0.20
12.1 0.21
11.5 0.18
12.4 0.20
12.5 0.21
12.5 0.20
12.3 0.21
12.2 0.18
11.9 0.18
12.1 0.16
12.1 0.16
12.0 0.16
12.0 0.14
11.4 0.14
12.0 0.22
12.4 0.18
11.7 0.20
11.6 0.21
12.1 0.24
11.8 0.26
11.8 0.24
12.4 0.27
12.0 0.24
11.7 0.26
12.4 0.26
13.1 0.24
12.2 0.26
11.9 0.26
11.5 0.28
11.9 0.27
11.6 0.25
11.5 0.25
11.5 0.25
12.1 0.25
11.9 0.26
12.2 0.28
12.2 0.26
11.8 0.24
11.1 0.28
11.6 0.26
11.9 0.27
11.7 0.24
11.2 0.26
11.5 0.26
11.7 0.25
11.6 0.25
11.4 0.27
11.6 0.27
11.9 0.26
11.4 0.25
11.6 0.27
11.2 0.27
11.4 0.26
11.7 0.27
11.5 0.28
10.7 0.26
13.9 0.29
11.4 0.27
11.6 0.31
11.2 0.32
10.8 0.29
11.3 0.29
10.9 0.28
11.5 0.27
11.3 0.27
11.5 0.28
11.2 0.24
11.4 0.30
11.8 0.27
11.4 0.27
11.1 0.25
11.2 0.26
11.6 0.25
12.0 0.24
11.6 0.23
11.4 0.22
11.6 0.20
11.3 0.19
11.7 0.19
11.3 0.21
11.5 0.17
11.9 0.20
11.1 0.16
11.8 0.19
11.8 0.17
11.9 0.17
11.3 0.15
11.4 0.15
11.7 0.16
11.7 0.16
11.7 0.17
11.9 0.17
11.4 0.13
11.6 0.12
12.1 0.14
11.9 0.15
11.9 0.16
11.8 0.17
11.7 0.17
11.6 0.16
11.7 0.15
11.9 0.17
12.3 0.18
12.4 0.17
12.6 0.19
12.6 0.19
11.7 0.24
11.8 0.17
11.7 0.26
12.3 0.28
12.3 0.28
12.6 0.27
12.4 0.28
13.0 0.28
12.9 0.30
12.6 0.29
13.1 0.32
12.6 0.27
12.9 0.28
13.2 0.28
12.7 0.31
13.2 0.30
13.2 0.31
13.1 0.31
12.8 0.33
13.6 0.33
12.9 0.33
13.6 0.32
13.4 0.32
13.2 0.30
13.2 0.31
13.4 0.28
12.8 0.31
13.4 0.30
12.6 0.30
13.4 0.32
12.8 0.30
12.7 0.30
13.1 0.30
13.2 0.30
13.0 0.32
12.9 0.32
13.1 0.30
13.0 0.35
12.9 0.39
12.8 0.38
13.0 0.33
14.2 0.43
12.8 0.36
12.8 0.37
12.7 0.34
13.1 0.34
13.2 0.34
13.4 0.41
12.9 0.34
13.1 0.35
13.4 0.33
13.3 0.33
13.3 0.33
13.4 0.29
12.8 0.29
12.9 0.27
13.0 0.26
13.4 0.23
12.8 0.20
12.9 0.20
13.3 0.23
12.9 0.21
13.0 0.22
12.6 0.20
12.8 0.19
12.7 0.17
13.1 0.18
12.7 0.17
12.6 0.18
13.1 0.13
12.2 0.12
12.5 0.13
12.6 0.15
12.3 0.14
11.9 0.13
11.9 0.15
12.3 0.13
12.4 0.13
12.3 0.14
12.2 0.14
12.6 0.14
12.2 0.15
13.2 0.17
13.0 0.16
12.6 0.16
12.7 0.21
13.0 0.19
12.4 0.18
12.8 0.16
12.8 0.17
12.7 0.22
13.1 0.19
13.3 0.24
14.1 0.29
14.9 0.25
14.0 0.18
13.3 0.22
13.2 0.21
14.0 0.19
14.2 0.28
13.6 0.25
13.8 0.25
13.9 0.26
13.1 0.31
13.8 0.32
14.0 0.31
13.6 0.31
14.0 0.31
14.2 0.32
14.4 0.29
14.3 0.29
14.0 0.30
14.6 0.31
14.9 0.32
14.6 0.33
14.9 0.31
14.9 0.32
14.7 0.31
14.4 0.33
14.4 0.32
14.4 0.30
15.2 0.32
14.4 0.32
14.0 0.30
14.0 0.31
14.8 0.33
13.9 0.33
14.2 0.34
14.0 0.32
14.6 0.33
14.2 0.29
14.2 0.33
13.8 0.33
14.0 0.30
13.8 0.33
14.4 0.33
14.7 0.32
14.3 0.32
14.3 0.31
14.3 0.32
14.3 0.30
15.0 0.33
14.4 0.34
14.2 0.30
14.6 0.33
14.7 0.33
14.7 0.31
14.4 0.35
14.5 0.33
14.0 0.33
13.8 0.31
14.4 0.29
14.2 0.30
13.8 0.30
14.1 0.27
14.2 0.32
13.9 0.29
13.6 0.27
14.0 0.28
14.1 0.33
13.7 0.29
13.8 0.29
13.8 0.26
13.5 0.27
13.8 0.28
13.1 0.28
13.3 0.26
12.8 0.26
12.5 0.25
13.2 0.29
13.0 0.27
12.4 0.27
12.9 0.28
12.7 0.26
12.9 0.29
12.9 0.27
13.2 0.26
12.7 0.29
12.6 0.28
13.0 0.28
12.9 0.29
13.1 0.30
12.6 0.24
13.0 0.24
12.8 0.26
12.9 0.27
13.6 0.31
12.6 0.34
13.1 0.31
13.2 0.31
13.0 0.34
13.3 0.33
13.6 0.35
13.5 0.33
13.5 0.34
13.6 0.36
14.0 0.35
13.7 0.34
14.3 0.33
13.8 0.34
13.8 0.34
13.6 0.32
13.9 0.37
14.0 0.35
14.4 0.32
14.1 0.36
13.8 0.34
14.1 0.36
14.4 0.36
15.2 0.36
14.9 0.36
15.2 0.40
14.8 0.34
15.1 0.35
14.9 0.36
15.0 0.36
15.6 0.38
15.9 0.36
15.4 0.36
15.2 0.36
15.1 0.38
15.1 0.36
15.6 0.37
14.8 0.34
14.6 0.37
15.0 0.34
14.7 0.35
15.3 0.37
14.9 0.36
14.8 0.34
14.6 0.35
14.9 0.36
14.7 0.36
14.0 0.34
15.7 0.56
13.9 0.39
13.8 0.33
13.7 0.33
13.8 0.35
14.2 0.33
13.6 0.32
13.8 0.35
13.8 0.30
13.5 0.34
13.5 0.35
14.1 0.38
13.7 0.33
13.8 0.32
13.6 0.31
13.4 0.30
13.3 0.31
12.9 0.31
13.8 0.32
13.4 0.30
13.0 0.29
13.0 0.28
13.0 0.31
13.1 0.26
12.6 0.29
12.7 0.28
12.5 0.30
13.1 0.23
12.4 0.23
12.0 0.21
12.5 0.25
12.7 0.23
13.6 0.25
13.2 0.23
14.2 0.23
13.7 0.26
12.7 0.28
13.2 0.27
13.2 0.26
13.0 0.27
13.6 0.24
13.4 0.25
13.3 0.24
13.6 0.22
13.0 0.17
13.6 0.22
13.2 0.17
13.3 0.21
13.0 0.20
14.9 0.21
13.5 0.27
12.6 0.20
13.4 0.27
13.2 0.21
13.3 0.19
13.7 0.21
13.6 0.20
13.3 0.21
13.6 0.21
13.5 0.28
13.2 0.27
13.5 0.30
13.1 0.30
13.4 0.32
13.6 0.32
13.4 0.32
13.9 0.30
13.6 0.33
13.8 0.30
15.1 0.35
13.2 0.31
14.0 0.33
13.9 0.34
13.2 0.32
13.7 0.35
14.3 0.36
13.8 0.36
13.3 0.32
13.2 0.32
13.2 0.34
13.3 0.32
13.4 0.32
13.3 0.31
12.9 0.32
13.1 0.32
13.6 0.31
13.7 0.33
12.7 0.32
12.8 0.31
13.2 0.35
13.1 0.33
13.1 0.32
13.1 0.32
12.8 0.32
13.1 0.31
13.1 0.32
12.5 0.31
13.4 0.32
12.3 0.31
12.6 0.31
12.4 0.38
12.2 0.42
12.4 0.38
12.5 0.31
12.1 0.34
12.7 0.32
12.9 0.30
12.3 0.31
13.2 0.30
12.3 	
12.4 0.34
12.2 0.29
12.3 0.35
12.4 0.32
12.3 0.28
12.7 0.21
12.1 0.18
12.2 0.24
12.2 0.29
12.2 0.27
12.1 0.23
12.7 0.23
12.3 0.22
12.1 0.25
12.0 0.21
12.0 0.25
12.1 0.17
11.7 0.20
12.1 0.21
12.2 0.21
11.8 0.19
11.9 0.20
11.8 0.19
12.3 0.18
12.0 0.18
12.0 0.18
11.7 0.14
12.7 0.24
12.3 0.17
12.3 0.22
12.7 0.21
12.7 0.17
12.5 0.18
12.5 0.19
12.5 0.19
13.1 0.22
13.3 0.21
13.1 0.19
13.5 0.21
13.2 0.20
13.2 0.21
13.3 0.20
13.3 0.30
13.2 0.21
14.1 0.21
13.3 0.21
13.0 0.25
12.8 0.29
13.5 0.30
13.5 0.29
13.8 0.30
14.6 0.33
13.4 0.31
14.2 0.30
14.5 0.36
13.9 0.33
14.8 0.33
14.3 0.33
14.2 0.32
13.9 0.36
13.9 0.33
14.2 0.34
14.0 0.32
14.2 0.33
14.1 0.36
13.7 0.32
13.5 0.33
13.9 0.39
13.7 0.42
13.5 0.31
13.3 0.31
13.2 0.32
13.7 0.33
13.4 0.35
13.7 0.31
13.5 0.33
14.4 0.33
13.1 0.30
13.8 0.37
13.0 0.31
13.2 0.33
13.0 0.35
12.9 0.37
14.0 0.40
12.7 0.38
13.1 0.30
12.8 0.35
13.2 0.31
12.7 0.33
13.0 0.33
12.5 0.54
12.6 0.44
12.6 0.38
12.9 0.41
12.7 0.36
12.7 0.34
12.3 0.29
12.9 0.29
12.8 0.28
12.5 0.25
12.2 0.26
12.2 0.26
12.3 0.25
12.3 0.25
12.2 0.25
12.3 0.24
12.6 0.22
12.2 0.20
12.9 0.22
12.3 0.18
12.4 0.18
12.8 	
12.8 0.21
13.0 0.16
13.1 0.15
13.3 0.19
13.6 0.17
13.7 0.18
13.7 0.18
14.1 0.17
14.2 0.21
14.2 0.22
13.6 0.23
14.0 0.29
14.7 0.21
14.5 0.21
14.7 0.22
14.6 0.23
14.2 0.19
15.0 0.28
14.9 0.23
14.5 0.32
14.3 0.29
14.6 0.27
14.9 0.27
14.9 0.23
14.3 0.27
14.0 0.23
14.2 0.25
14.6 0.28
14.6 0.32
14.7 0.30
14.5 0.35
14.3 0.35
14.1 0.38
15.4 0.44
14.0 0.35
14.5 0.32
14.7 0.36
14.6 0.33
14.6 0.37
14.8 0.36
15.1 0.37
15.1 0.35
15.0 0.35
15.3 0.36
15.4 0.41
15.1 0.39
15.5 0.35
15.2 0.35
14.8 0.33
15.2 0.34
15.1 0.36
15.5 0.40
14.9 0.33
15.3 0.35
15.0 0.41
14.5 0.35
14.6 0.33
14.5 0.34
14.7 0.36
15.7 0.40
14.6 0.34
14.4 0.38
14.5 0.36
14.4 0.40
14.8 0.34
15.3 0.41
15.6 0.32
15.2 0.37
15.3 0.34
16.5 0.36
14.4 0.37
15.1 0.39
14.6 0.46
15.1 0.34
15.1 0.53
14.2 0.53
15.4 0.50
14.7 0.38
14.9 0.34
15.1 0.35
14.9 0.30
15.9 0.37
14.6 0.30
14.5 0.24
14.2 0.22
14.7 0.30
14.3 0.25
14.4 0.25
14.2 0.26
14.0 0.35
14.1 0.23
14.5 0.24
14.1 0.22
13.7 0.16
14.3 0.20
13.9 0.20
14.1 0.19
14.4 0.19
14.0 0.19
13.9 0.17
14.1 0.17
15.0 0.16
15.9 0.21
14.5 0.16
14.3 0.21
14.6 0.19
15.3 0.21
15.3 0.21
14.9 0.20
14.5 0.19
14.2 0.20
14.9 0.20
15.9 0.22
16.2 0.20
14.7 0.21
15.4 0.26
14.9 0.23
15.4 0.26
15.5 0.23
15.2 0.25
15.4 0.27
15.4 0.30
15.4 0.33
15.3 0.31
17.5 0.32
16.8 0.28
16.3 0.35
16.5 0.32
18.4 0.35
17.1 0.35
17.3 0.35
16.4 0.34
16.5 0.32
16.4 0.32
16.8 0.35
16.2 0.36
16.8 0.34
16.9 0.36
17.4 0.39
17.1 0.36
17.5 0.37
17.1 0.34
16.8 0.35
16.9 0.37
17.3 0.35
16.8 0.37
17.4 0.34
17.4 0.32
17.0 0.34
16.9 0.35
17.0 0.34
17.5 0.34
17.9 0.34
16.5 0.34
16.8 0.33
16.8 0.33
16.9 0.32
16.4 0.32
16.7 0.34
17.2 0.33
16.8 0.34
17.0 0.34
16.4 0.31
16.7 0.36
16.7 0.32
16.1 0.32
16.0 0.33
15.6 0.27
15.8 0.34
16.4 0.34
16.0 0.36
15.3 0.42
16.0 0.44
15.4 0.38
15.1 0.35
15.1 0.36
15.2 0.31
16.4 0.32
14.7 0.30
14.7 0.27
14.1 0.26
14.5 0.26
14.1 0.23
13.4 0.23
14.5 0.24
13.6 0.21
13.6 0.22
13.5 0.22
13.6 0.19
13.5 0.17
12.9 0.18
13.1 0.18
13.7 0.19
13.8 0.17
15.2 0.18
16.0 0.20
13.3 0.20
13.3 0.17
13.5 0.15
14.7 0.19
13.8 0.17
13.9 0.17
13.6 0.20
13.7 0.20
13.4 0.20
13.4 0.20
13.3 0.20
13.0 0.19
13.1 0.20
13.3 0.19
13.3 0.21
13.4 0.22
14.3 0.22
13.0 0.20
12.6 0.23
13.3 0.21
12.9 0.23
13.7 0.23
12.4 0.22
12.8 0.23
13.3 0.25
13.9 0.24
13.9 0.27
13.3 0.29
13.3 0.31
13.5 0.29
14.4 0.30
15.1 0.35
14.5 0.30
15.3 0.30
14.9 0.31
14.3 0.30
13.8 0.33
14.1 0.32
14.1 0.29
14.3 0.34
14.8 0.31
14.4 0.31
14.4 0.32
13.7 0.32
13.9 0.32
13.7 0.32
13.8 0.31
13.8 0.33
13.5 0.30
14.5 0.33
14.0 0.31
13.9 0.33
13.4 0.31
13.3 0.34
13.5 0.31
13.8 0.30
13.6 0.30
14.0 0.34
13.4 0.31
13.6 0.32
13.8 0.30
13.3 0.30
13.6 0.32
14.0 0.33
13.6 0.29
13.8 0.30
13.6 0.34
12.9 0.30
13.6 0.31
13.1 0.31
13.6 0.32
13.9 0.34
13.6 0.33
13.6 0.32
13.2 0.33
12.9 0.33
12.8 0.31
12.8 0.30
13.0 0.28
12.9 0.28
12.9 0.27
13.0 0.24
13.0 0.25
12.9 0.23
13.5 0.25
12.5 0.22
13.4 0.22
13.3 0.20
12.5 0.19
13.9 0.18
12.9 0.20
13.0 0.18
12.3 0.15
12.2 0.18
13.1 0.17
12.0 0.18
12.5 0.18
12.9 0.19
13.0 0.17
13.1 0.17
12.8 0.16
13.0 0.15
12.2 0.18
12.0 0.18
12.4 0.19
12.5 0.20
12.5 0.18
12.1 0.18
12.0 0.19
11.9 0.19
11.8 0.21
12.2 0.19
12.0 0.19
11.8 0.20
11.9 0.19
11.9 0.20
11.7 0.21
11.7 0.21
11.7 0.22
12.7 0.22
13.0 0.25
12.3 0.23
12.5 0.26
13.0 0.29
12.7 0.26
12.5 0.25
11.9 0.27
12.3 0.26
12.3 0.26
12.4 0.29
12.2 0.25
12.4 0.26
11.9 0.26
12.3 0.26
12.2 0.27
11.9 0.27
12.4 0.29
12.3 0.28
11.5 0.24
12.6 0.29
12.1 0.25
12.3 0.31
12.2 0.28
12.1 0.28
12.2 0.27
11.8 0.27
11.9 0.26
11.9 0.25
12.0 0.28
12.0 0.26
12.3 0.28
12.4 0.26
12.4 0.28
12.1 0.26
12.1 0.26
12.9 0.28
12.5 0.29
12.4 0.25
12.6 0.28
12.1 0.27
12.3 0.29
12.2 0.27
12.0 0.26
12.1 0.27
12.5 0.26
12.0 0.27
11.8 0.24
12.0 0.25
11.9 0.27
12.3 0.25
11.8 0.25
12.4 0.26
12.3 0.27
12.5 0.29
11.8 0.25
12.7 0.25
12.4 0.23
11.6 0.20
11.9 0.20
11.6 0.20
12.4 0.21
12.3 0.22
11.8 0.18
11.8 0.16
12.1 0.18
11.9 0.22
11.4 0.16
11.4 0.16
11.5 0.16
11.6 0.15
12.0 0.13
11.7 0.19
12.0 0.15
12.2 0.15
12.0 0.17
12.6 0.16
12.5 0.15
12.0 0.14
11.7 0.16
11.7 0.16
11.9 0.17
13.3 0.21
13.3 0.20
12.3 0.17
12.7 0.16
12.4 0.17
13.3 0.15
11.9 0.16
13.0 0.17
12.1 0.16
12.1 0.16
12.4 0.18
12.3 0.19
12.1 0.19
12.4 0.17
12.4 0.18
12.2 0.17
11.8 0.20
11.8 0.22
12.2 0.22
11.9 0.22
12.1 0.23
12.1 0.24
12.2 0.23
12.1 0.25
12.2 0.21
12.3 0.24
12.7 0.24
12.3 0.23
12.7 0.23
13.0 0.22
12.9 0.26
12.5 0.23
12.7 0.24
12.5 0.23
13.2 0.23
12.7 0.24
12.4 0.21
12.6 0.23
12.4 0.24
12.5 0.27
12.4 0.26
12.5 0.23
12.2 0.23
12.6 0.24
13.0 0.23
13.6 0.26
12.8 0.25
13.0 0.25
12.4 0.21
13.4 0.24
13.1 0.21
13.2 0.23
12.1 0.23
12.9 0.24
13.0 0.24
12.9 0.23
12.9 0.21
12.7 0.24
12.6 0.24
12.9 0.23
13.0 0.23
13.1 0.24
13.2 0.22
13.1 0.23
13.1 0.22
13.5 0.24
13.5 0.20
13.7 0.22
14.7 0.22
13.7 0.19
13.7 0.18
13.2 0.19
13.6 0.18
14.2 0.16
13.9 0.18
13.9 0.16
13.5 0.17
13.3 0.14
13.3 0.15
13.4 0.13
14.0 0.14
12.7 0.12
13.4 0.13
13.8 0.16
13.0 0.11
13.7 0.12
14.8 0.14
13.4 0.13
13.6 0.12
13.1 0.13
13.4 0.14
12.9 0.14
12.8 0.12
12.6 0.14
12.6 0.13
12.9 0.15
12.4 0.17
14.5 0.15
20.3 0.20
12.5 0.16
13.0 0.14
13.1 0.15
12.4 0.13
13.0 0.16
12.6 0.15
13.6 0.15
12.3 0.17
13.9 0.16
12.5 0.19
12.5 0.15
13.5 0.22
12.0 0.16
12.3 0.15
14.9 0.25
12.1 0.19
11.5 0.20
12.7 0.23
12.1 0.22
12.3 0.21
11.6 0.19
12.1 0.21
13.3 0.23
12.1 0.21
11.2 0.18
13.6 0.26
11.7 0.19
11.8 0.21
11.7 0.24
14.0 0.25
12.1 0.21
12.3 0.23
12.1 0.23
11.5 0.20
11.5 0.19
11.7 0.23