29.68 371
29.69 371
29.69 371
29.69 371
29.68 371
29.68 371
29.68 371
29.69 371
29.69 371
29.68 371
29.68 371
29.68 371
29.68 371
29.68 371
29.68 371
29.68 371
29.68 371
29.68 371
29.68 371
29.68 371
29.68 371
29.68 371
29.68 371
29.68 371
29.68 371
29.68 371
29.68 371
29.68 371
29.68 371
29.68 371
29.68 371
29.68 371
29.68 371
29.68 371
29.68 371
29.68 371
29.68 371
29.68 371
29.67 371
29.67 371
29.67 371
29.67 371
29.67 371
29.67 371
29.67 371
29.67 371
29.67 371
29.67 371
29.67 371
29.67 371
29.67 371
29.66 371
29.67 371
29.66 371
29.66 371
29.66 371
29.66 371
29.66 371
29.66 371
29.66 372
29.66 371
29.66 371
29.66 371
29.66 371
29.66 371
29.66 372
29.66 371
29.65 371
29.66 371
29.66 371
29.66 371
29.66 371
29.65 371
29.65 371
29.65 371
29.65 371
29.65 371
29.65 371
29.65 371
29.65 371
29.65 371
29.65 371
29.65 371
29.65 371
29.64 371
29.64 371
29.64 371
29.64 371
29.64 371
29.64 371
29.64 371
29.64 371
29.64 371
29.64 371
29.64 371
29.64 371
29.64 371
29.64 371
29.64 371
29.64 371
29.64 371
29.64 371
29.64 371
29.64 371
29.63 371
29.64 371
29.63 371
29.63 371
29.63 371
29.63 371
29.63 371
29.63 371
29.63 371
29.63 371
29.63 372
29.63 371
29.63 371
29.63 371
29.63 371
29.62 371
29.63 371
29.63 371
29.62 371
29.62 371
29.63 371
29.62 371
29.62 371
29.62 371
29.62 371
29.63 371
29.62 371
29.62 371
29.62 371
29.62 371
29.62 371
29.62 372
29.62 371
29.62 371
29.62 371
29.62 372
29.62 371
29.62 371
29.62 372
29.62 371
29.61 371
29.62 371
29.61 371
29.62 371
29.61 371
29.61 371
29.61 371
29.61 371
29.61 371
29.61 371
29.61 372
29.61 371
29.61 372
29.61 371
29.60 371
29.60 371
29.60 371
29.60 371
29.60 371
29.60 371
29.60 371
29.60 372
29.60 371
29.60 372
29.60 371
29.60 371
29.60 371
29.60 371
29.60 372
29.60 372
29.60 371
29.60 371
29.60 371
29.60 372
29.60 372
29.59 372
29.59 372
29.59 371
29.59 371
29.59 371
29.59 371
29.59 371
29.59 371
29.59 371
29.59 372
29.59 371
29.59 371
29.59 371
29.59 371
29.59 372
29.58 372
29.58 372
29.58 372
29.58 371
29.58 371
29.58 371
29.58 371
29.59 371
29.59 371
29.58 371
29.58 371
29.58 372
29.58 372
29.58 371
29.58 371
29.58 372
29.58 371
29.58 371
29.58 372
29.58 371
29.58 371
29.58 371
29.58 371
29.58 371
29.58 371
29.57 371
29.57 371
29.58 372
29.58 371
29.57 371
29.57 372
29.57 372
29.57 371
29.57 372
29.57 371
29.57 371
29.57 371
29.57 371
29.56 371
29.56 371
29.56 371
29.56 371
29.56 372
29.56 372
29.56 371
29.56 371
29.56 371
29.56 372
29.56 372
29.56 371
29.56 371
29.55 371
29.56 371
29.56 371
29.56 371
29.55 371
29.55 372
29.55 371
29.56 371
29.55 371
29.55 371
29.55 371
29.55 371
29.55 371
29.55 371
29.55 371
29.55 372
29.55 372
29.55 372
29.55 371
29.55 372
29.55 371
29.54 371
29.55 371
29.54 372
29.54 372
29.54 371
29.54 371
29.54 371
29.54 371
29.54 371
29.54 371
29.54 371
29.54 372
29.54 371
29.54 372
29.54 372
29.54 371
29.54 371
29.54 371
29.53 371
29.54 372
29.54 371
29.54 371
29.53 371
29.53 371
29.53 371
29.53 371
29.54 371
29.53 371
29.53 371
29.53 372
29.53 371
29.53 371
29.53 372
29.53 371
29.53 371
29.53 371
29.53 372
29.53 371
29.53 371
29.53 371
29.53 371
29.52 371
29.53 371
29.53 371
29.53 371
29.52 371
29.52 371
29.53 372
29.52 371
29.52 372
29.52 371
29.52 371
29.52 371
29.53 371
29.52 371
29.52 371
29.52 371
29.52 371
29.52 372
29.52 372
29.52 371
29.52 371
29.52 372
29.52 372
29.52 372
29.52 372
29.52 371
29.52 371
29.52 371
29.52 371
29.51 371
29.52 371
29.51 372
29.51 372
29.51 372
29.51 371
29.51 372
29.52 371
29.51 371
29.51 371
29.51 371
29.51 371
29.51 371
29.51 371
 371
29.50 372
 371
 371
 372
29.50 372
29.51 371
29.51 371
29.50 371
29.50 371
29.50 372
29.50 371
29.50 372
29.50 371
29.50 371
29.50 371
29.50 371
29.50 372
29.50 371
29.50 371
29.50 371
29.50 371
29.50 372
29.50 372
29.50 371
29.50 372
29.50 371
29.50 371
29.50 371
29.50 372
29.50 372
29.51 371
29.51 372
29.51 372
29.51 371
29.51 371
29.51 371
29.51 371
29.51 372
29.51 371
29.51 371
29.51 371
29.51 372
29.51 371
29.51 372
29.51 371
29.51 371
29.51 372
29.51 372
29.51 371
29.51 371
29.51 371
29.51 371
29.51 371
29.50 371
29.51 372
29.51 372
29.50 372
29.51 371
29.50 372
29.51 371
29.50 372
29.50 371
29.50 372
29.50 372
29.50 372
29.50 371
29.50 371
29.50 371
29.50 372
29.50 371
29.50 372
29.50 372
29.50 372
29.50 372
29.50 372
29.50 372
29.50 371
29.50 372
29.49 371
29.50 372
29.50 371
29.50 371
29.50 371
29.50 371
29.50 372
29.49 372
29.50 371
29.50 371
29.49 372
29.49 371
29.49 372
29.49 372
29.50 372
29.49 371
29.49 371
29.49 371
29.49 371
29.49 371
29.49 372
29.49 371
29.49 372
29.48 371
29.49 372
29.50 372
29.49 372
29.48 371
29.49 372
29.49 371
29.49 372
29.49 371
29.49 372
29.48 371
29.48 372
29.48 372
29.49 372
29.48 371
29.48 372
29.48 372
29.48 371
29.48 372
29.48 371
29.48 372
29.48 372
29.48 371
29.48 372
29.48 372
29.49 372
29.48 371
29.48 371
29.48 371
29.48 371
29.48 372
29.48 372
29.48 372
29.48 372
29.48 372
29.48 372
29.48 372
29.48 371
29.48 372
29.48 372
29.48 372
29.48 371
29.48 372
29.48 372
29.48 371
29.48 371
29.48 372
29.48 371
29.48 372
29.48 371
29.48 371
29.48 372
29.48 371
29.48 372
29.48 372
29.48 371
29.48 371
29.48 371
29.48 372
29.48 371
29.48 371
29.48 371
29.48 372
29.48 372
29.48 372
29.48 372
29.47 372
29.47 372
29.48 371
29.48 371
29.48 371
29.48 371
29.47 372
29.48 372
29.48 371
29.48 371
29.48 371
29.48 371
29.47 371
29.47 372
29.47 372
29.47 372
29.47 371
29.48 372
29.48 372
29.48 372
29.48 371
29.47 372
29.47 372
29.47 371
29.47 372
29.47 371
29.47 371
29.47 371
29.47 371
29.47 371
29.47 372
29.47 372
29.47 372
29.47 371
29.47 372
29.47 371
29.47 371
29.47 371
29.47 371
29.47 372
29.47 372
29.47 371
29.47 372
29.47 372
29.47 372
29.47 372
29.47 372
29.47 372
29.47 371
29.47 372
29.47 371
29.47 372
29.47 372
29.47 371
29.47 372
29.47 372
29.47 372
29.47 371
29.47 371
29.47 372
29.47 371
29.47 371
29.47 372
29.47 372
29.47 372
29.47 372
29.47 371
29.47 372
29.47 371
29.47 372
29.47 372
29.47 372
29.47 372
29.46 371
29.46 372
29.46 372
29.47 372
29.46 372
29.46 372
29.46 372
29.46 372
29.46 371
29.46 371
29.46 372
29.46 371
29.47 371
29.46 372
29.46 372
29.46 372
29.47 372
29.46 371
29.46 371
29.46 372
29.46 372
29.46 371
29.46 372
29.46 372
29.46 372
29.46 372
29.46 371
29.46 372
29.46 371
29.46 372
29.46 372
29.46 371
29.46 372
29.46 372
29.46 372
29.46 372
29.46 371
29.46 372
29.46 372
29.46 372
29.46 372
29.46 372
29.46 372
29.46 372
29.46 372
29.46 372
29.46 372
29.46 372
29.46 371
29.46 372
29.46 372
29.46 372
29.46 372
29.46 372
29.46 372
29.46 372
29.46 372
29.46 371
29.46 372
29.46 372
29.46 372
29.46 371
29.46 372
29.46 372
29.46 372
29.46 372
29.46 372
29.46 372
29.46 372
29.46 372
29.46 371
29.46 372
29.45 372
29.45 372
29.45 372
29.45 371
29.46 371
29.46 372
29.46 372
29.46 371
29.46 372
29.46 372
29.46 372
29.45 372
29.45 372
29.46 372
29.45 372
29.45 371
29.46 372
29.46 372
29.45 371
29.45 372
29.45 372
29.45 372
29.45 372
29.45 372
29.45 372
29.45 372
29.45 372
29.45 372
29.45 372
29.45 372
29.45 372
29.45 372
29.45 372
29.45 372
29.45 371
29.45 372
29.45 372
29.45 371
29.45 372
29.45 372
29.45 372
29.45 371
29.45 372
29.45 372
29.45 372
29.45 372
29.45 371
29.45 371
29.45 372
29.45 372
29.45 372
29.45 372
29.45 372
29.45 372
29.45 372
29.45 372
29.45 372
29.45 372
29.45 372
29.45 372
29.45 372
29.45 372
29.45 371
29.45 372
29.45 372
29.45 372
29.45 371
29.45 372
29.45 372
29.45 372
29.45 372
29.45 372
29.45 372
29.45 372
29.45 372
29.45 371
29.45 372
29.45 372
29.45 372
29.45 372
29.45 372