101.1 1.00
101.1 1.30
101.1 1.00
101.1 1.70
101.1 1.70
101.1 1.90
101.1 1.70
101.1 0.70
101.1 1.20
101.1 1.40
101.1 1.80
101.1 2.50
101.1 2.40
101.1 1.00
101.1 2.30
101.1 2.30
101.1 3.10
101.1 2.80
101.1 2.30
101.1 2.40
101.1 2.40
101.1 2.60
101.1 2.50
101.1 2.80
101.2 3.10
101.2 2.90
101.2 2.50
101.2 2.10
101.3 1.40
101.3 1.70
101.3 1.70
101.3 2.00
101.3 2.50
101.4 2.70
101.4 3.10
101.4 3.30
101.4 3.50
101.4 3.70
101.4 3.50
101.4 3.60
101.4 4.20
101.4 3.60
101.3 3.30
101.4 3.50
101.3 3.50
101.3 3.80
101.3 4.50
101.3 4.40
101.3 3.60
101.3 3.40
101.3 4.10
101.3 3.60
101.2 3.70
101.2 4.60
101.2 5.30
101.2 5.60
101.2 5.00
101.2 5.00
101.1 5.50
101.1 6.00
101.1 5.10
101.1 5.30
101.1 5.30
101.0 4.70
101.0 5.80
101.0 6.80
100.9 6.10
100.9 6.00
100.9 5.90
100.8 5.50
100.8 6.60
100.9 5.90
100.9 4.20
100.9 3.60
100.9 4.00
101.0 3.60
101.0 4.20
101.0 3.50
101.0 4.90
101.1 5.80
101.0 4.70
101.0 9.20
101.1 6.00
101.1 5.80
101.2 6.10
101.3 4.40
101.4 1.20
101.4 3.40
101.4 3.70
101.4 5.00
101.3 4.90
101.2 6.90
101.2 7.70
101.2 5.90
101.2 3.20
101.2 1.10
101.2 0.90
101.2 2.30
101.2 1.00
101.2 0.70
101.3 1.40
101.4 3.30
101.3 7.80
101.3 7.30
101.3 6.70
101.2 6.80
101.2 5.30
101.2 5.30
101.1 5.00
101.1 4.00
101.1 3.90
101.1 3.50
101.1 4.10
101.1 1.40
101.1 1.00
101.1 1.60
101.1 1.40
101.1 1.40
101.1 1.70
101.1 1.20
101.2 0.50
101.2 1.20
101.2 0.70
101.2 0.60
101.2 1.00
101.3 0.60
101.3 0.00
101.3 0.50
101.3 1.10
101.2 0.70
101.2 1.30
101.2 2.00
101.2 3.30
101.2 2.30
101.2 3.30
101.2 3.70
101.2 3.40
101.2 4.00
101.2 4.20
101.2 4.70
101.2 3.50
101.2 4.20
101.2 4.10
101.2 4.00
101.2 5.10
101.1 4.70
101.1 5.50
101.1 5.30
101.1 4.90
101.1 4.50
101.1 4.80
101.1 4.90
101.0 5.10
101.0 5.60
101.0 4.70
100.9 6.20
100.9 4.70
100.9 5.80
100.8 3.80
100.8 4.40
100.8 5.50
100.8 4.70
100.7 3.20
100.7 3.40
100.7 2.70
100.7 1.90
100.7 2.30
100.8 2.40
100.8 5.50
100.8 3.90
100.8 4.00
100.9 3.60
101.0 4.50
101.0 4.90
101.1 3.70
101.1 3.60
101.2 2.40
101.2 1.20
101.3 3.60
101.4 3.30
101.3 5.60
101.3 6.50
101.3 5.30
101.4 3.70
101.4 3.90
101.4 3.90
101.5 2.20
101.4 3.90
101.4 3.80
101.5 3.50
101.4 4.70
101.5 3.80
101.5 3.10
101.6 2.50
101.6 3.00
101.6 2.60
101.6 2.40
101.5 2.60
101.5 3.10
101.5 3.10
101.5 2.50
101.6 1.80
101.6 2.50
101.5 3.50
101.5 3.60
101.5 2.50
101.5 3.60
101.5 3.70
101.5 3.80
101.5 3.60
101.5 2.80
101.4 4.10
101.5 3.40
101.5 2.80
101.5 3.20
101.5 3.00
101.6 1.50
101.6 2.10
101.6 1.40
101.7 1.30
101.7 1.30
101.7 1.90
101.7 2.30
101.7 2.70
101.8 2.90
101.8 2.50
101.7 2.70
101.7 2.80
101.8 2.80
101.8 2.90
101.8 3.50
101.8 5.20
101.8 4.50
101.8 5.10
101.8 6.20
101.8 5.20
101.8 6.60
101.8 6.40
101.8 4.70
101.8 6.40
101.8 5.20
101.8 4.60
101.8 5.10
101.8 5.40
101.8 5.10
101.7 4.70
101.7 4.00
101.7 3.80
101.7 4.30
101.7 3.90
101.6 4.00
101.6 4.50
101.6 3.50
101.6 4.60
101.6 4.10
101.5 4.60
101.5 3.90
101.5 3.80
101.4 4.20
101.4 3.60
101.4 4.50
101.4 4.00
101.4 3.70
101.4 4.10
101.4 3.80
101.4 3.60
101.4 3.60
101.4 4.00
101.4 3.40
101.4 3.00
101.4 3.10
101.4 2.80
101.4 1.80
101.4 2.30
101.5 2.40
101.5 2.90
101.5 2.70
101.5 2.00
101.6 2.10
101.6 2.00
101.6 1.40
101.6 1.70
101.6 1.70
101.6 1.50
101.7 1.90
101.7 0.70
101.7 0.80
101.7 1.70
101.7 1.80
101.7 0.90
101.7 0.40
101.7 0.50
101.7 0.80
101.7 0.60
101.6 0.50
101.6 0.50
101.6 0.90
101.6 0.80
101.6 1.60
101.6 1.00
101.5 1.10
101.5 0.00
101.5 0.60
101.5 1.00
101.5 1.10
101.5 0.50
101.5 0.90
101.5 1.20
101.5 1.00
101.5 0.70
101.6 1.00
101.6 0.60
101.6 0.50
101.6 0.50
101.6 0.30
101.7 0.00
101.7 0.40
101.7 0.90
101.7 0.90
101.7 0.60
101.7 0.40
101.7 0.60
101.7 0.90
101.7 2.80
101.6 3.70
101.6 4.10
101.7 5.00
101.7 4.50
101.7 3.40
101.6 3.70
101.6 4.00
101.6 4.00
101.6 4.30
101.6 4.20
101.6 4.40
101.5 4.30
101.5 3.90
101.5 4.10
101.5 4.50
101.4 5.00
101.4 4.30
101.4 5.10
101.4 4.80
101.3 4.40
101.3 3.70
101.3 5.20
101.2 3.50
101.2 5.20
101.2 5.00
101.2 4.20
101.2 4.70
101.2 6.20
101.1 5.90
101.1 5.30
101.1 5.70
101.0 5.00
101.0 4.60
101.0 4.90
101.0 5.70
101.0 5.00
101.0 5.90
101.0 4.90
101.0 4.90
100.9 5.10
100.9 6.10
100.9 6.30
100.9 7.20
100.9 6.00
100.9 5.20
101.0 4.70
101.0 5.30
101.0 5.30
101.0 4.70
101.1 4.00
101.1 3.50
101.1 4.10
101.1 3.50
101.1 4.40
101.1 5.20
101.1 5.30
101.1 5.90
101.1 6.50
101.1 4.80
101.1 5.30
101.1 3.90
101.1 6.60
101.1 7.10
101.1 6.30
101.1 6.40
101.2 6.60
101.2 6.30
101.2 7.40
101.1 5.60
101.1 6.50
101.1 5.80
101.1 5.50
101.1 4.70
101.1 5.40
101.1 5.30
101.1 4.10
101.1 5.30
101.1 4.00
101.0 4.00
101.0 3.60
101.0 3.30
101.0 3.90
101.1 4.20
101.1 5.10
101.1 4.30
101.1 4.20
101.1 4.60
101.1 5.10
101.1 5.00
101.1 5.20
101.1 5.40
101.1 4.40
101.1 4.70
101.1 5.40
101.1 5.10
101.1 4.30
101.1 4.10
101.1 4.40
101.1 3.90
101.1 3.70
101.1 3.80
101.2 3.60
101.1 3.90
101.1 4.10
101.1 4.30
101.1 4.60
101.1 3.90
101.1 3.30
101.0 4.00
101.0 3.90
101.0 3.30
101.0 4.50
101.0 4.60
100.9 4.00
100.9 4.10
100.9 3.50
100.9 2.80
100.8 2.70
100.8 2.10
100.8 2.30
100.8 2.00
100.7 1.20
100.7 1.00
100.7 1.50
100.6 3.00
100.6 2.60
100.6 2.50
100.5 2.90
100.5 4.20
100.5 3.20
100.5 4.10
100.5 4.60
100.5 4.50
100.5 4.60
100.5 3.70
100.5 4.50
100.5 4.80
100.5 6.50
100.5 6.90
100.6 6.70
100.6 6.30
100.6 6.10
100.6 5.60
100.7 4.10
100.7 6.10
100.7 7.40
100.7 7.20
100.7 8.00
100.7 6.40
100.7 6.20
100.7 7.20
100.8 6.70
100.8 5.90
100.8 5.10
100.8 6.10
100.8 6.00
100.8 4.70
100.8 5.40
100.7 5.50
100.7 5.80
100.7 5.00
100.7 4.60
100.6 4.90
100.6 5.50
100.6 4.90
100.6 4.10
100.6 3.70
100.6 3.20
100.6 3.20
100.6 4.20
100.6 3.80
100.6 3.00
100.6 3.30
100.6 3.00
100.6 3.60
100.6 3.40
100.6 4.70
100.5 3.80
100.6 4.10
100.6 3.70
100.5 4.80
100.5 5.10
100.5 4.40
100.5 4.90
100.6 4.70
100.5 4.90
100.5 4.80
100.6 4.40
100.6 5.20
100.6 4.70
100.6 4.60
100.7 3.20
100.7 3.10
100.7 3.70
100.7 5.30
100.7 4.10
100.7 3.00
100.7 3.70
100.7 5.30
100.7 4.60
100.7 3.80
100.7 3.60
100.7 4.40
100.7 3.90
100.7 2.90
100.9 1.70
100.8 1.30
100.8 1.30
100.8 1.40
100.7 2.40
100.7 1.80
100.7 2.10
100.7 1.30
100.6 2.30
100.6 2.10
100.6 1.60
100.6 1.70
100.6 2.10
100.6 1.70
100.6 1.30
100.5 1.30
100.5 1.60
100.5 0.90
100.5 1.50
100.5 1.70
100.5 1.10
100.5 1.20
100.5 0.90
100.5 1.40
100.5 1.70
100.5 1.20
100.5 1.20
100.5 1.60
100.5 1.50
100.6 1.00
100.6 0.90
100.6 0.70
100.6 0.50
100.7 0.70
100.7 1.20
100.7 1.10
100.8 0.70
100.8 0.40
100.9 0.40
100.9 1.20
100.9 3.10
100.9 6.00
101.0 4.70
101.0 4.30
101.0 4.00
101.0 4.70
101.1 4.60
101.0 4.00
101.0 2.90
101.0 2.10
101.0 2.80
101.0 2.80
101.0 3.50
101.0 3.10
101.0 2.80
101.0 2.30
101.0 1.20
101.1 0.90
101.1 1.40
101.1 1.50
101.0 1.50
101.0 2.10
101.0 1.20
101.0 1.90
101.1 1.30
101.2 0.60
101.2 0.40
101.2 0.60
101.2 0.60
101.3 0.80
101.3 0.60
101.3 1.30
101.2 0.90
101.3 1.60
101.3 1.20
101.3 0.90
101.3 1.30
101.3 1.40
101.3 0.60
101.3 0.80
101.3 1.20
101.3 0.60
101.4 0.60
101.4 0.80
101.4 1.00
101.4 1.00
101.4 2.70
101.4 3.60
101.4 3.10
101.4 2.10
101.4 2.00
101.4 3.10
101.4 2.80
101.4 3.30
101.4 3.60
101.4 2.50
101.4 3.10
101.4 1.40
101.4 2.50
101.3 3.60
101.4 2.40
101.3 2.70
101.3 2.60
101.3 4.40
101.3 4.80
101.3 3.70
101.3 3.60
101.3 4.20
101.2 4.00
101.2 4.60
101.2 5.00
101.2 5.20
101.2 5.30
101.2 4.60
101.2 4.70
101.2 5.30
101.2 4.50
101.2 5.20
101.2 5.50
101.2 4.50
101.2 4.90
101.2 4.60
101.2 4.40
101.2 4.20
101.2 5.60
101.2 4.10
101.3 4.40
101.3 3.00
101.3 2.90
101.4 3.30
101.4 3.20
101.4 3.00
101.4 3.30
101.5 3.10
101.5 3.90
101.5 3.70
101.5 3.50
101.6 2.40
101.6 2.40
101.6 2.80
101.6 2.80
101.6 2.70
101.6 2.90
101.6 2.50
101.6 2.80
101.6 3.90
101.6 3.20
101.6 1.80
101.6 2.50
101.7 1.00
101.6 2.30
101.7 2.30
101.6 2.20
101.6 2.20
101.6 1.90
101.6 2.70
101.6 2.00
101.6 2.00
101.6 1.70
101.6 1.80
101.6 1.90
101.6 1.80
101.7 1.20
101.7 1.00
101.7 0.60
101.7 0.40
101.7 0.50
101.7 1.00
101.7 0.70
101.7 1.70
101.7 1.90
101.8 2.50
101.8 1.10
101.8 0.00
101.7 1.60
101.8 0.90
101.8 0.90
101.8 0.50
101.8 1.20
101.8 1.30
101.7 2.90
101.8 2.60
101.8 2.50
101.7 3.10
101.7 2.70
101.7 3.50
101.7 4.00
101.7 4.70
101.6 3.70
101.6 4.40
101.6 3.90
101.6 4.90
101.6 5.10
101.6 5.30
101.6 5.40
101.5 5.00
101.5 5.00
101.6 5.80
101.5 5.30
101.5 4.80
101.5 5.10
101.5 6.00
101.4 6.10
101.4 5.40
101.4 5.70
101.3 6.60
101.5 4.30
101.4 3.50
101.4 4.00
101.4 4.40
101.4 4.00
101.4 4.00
101.4 4.50
101.4 3.80
101.5 3.10
101.6 2.50
101.6 2.20
101.6 2.90
101.7 3.00
101.7 1.60
101.8 1.90
101.8 1.20
101.7 2.30
101.7 3.50
101.8 3.00
101.8 2.80
101.8 2.50
101.8 3.00
101.8 2.10
101.8 1.80
101.8 2.40
101.8 2.00
101.8 2.00
101.8 2.20
101.8 1.80
101.8 1.10
101.8 0.80
101.9 2.00
101.9 2.60
101.9 1.10
101.9 0.70
101.9 1.10
101.9 1.30
101.8 1.80
101.8 1.40
101.9 1.60
101.8 1.80
101.8 1.20
101.9 1.30
101.8 1.10
101.8 1.00
101.8 1.10
101.8 1.10
101.8 0.90
101.8 0.70
101.8 0.60
101.8 1.80
101.8 1.30
101.8 1.10
101.8 0.60
101.8 1.50
101.8 1.70
101.8 1.50
101.8 1.90
101.8 2.10
101.8 2.00
101.9 1.30
101.9 1.30
101.9 1.40
102.0 1.20
102.0 1.50
102.0 1.30
102.0 1.00
102.0 0.90
102.0 1.10
102.0 1.60
102.0 2.00
102.0 1.10
102.0 2.40
102.0 2.30
102.0 2.90
102.0 3.30
101.9 3.80
101.9 4.10
101.9 3.90
101.9 2.60
101.9 3.50
101.9 4.00
101.9 2.90
101.9 3.40
101.8 4.10
101.8 2.60
101.8 3.50
101.8 3.20
101.7 2.60
101.7 3.90
101.7 3.40
101.7 2.90
101.7 4.20
101.7 4.50
101.6 4.00
101.6 2.70
101.6 3.50
101.6 3.20
101.6 4.40
101.6 4.80
101.6 3.10
101.5 3.30
101.5 3.30
101.5 2.30
101.5 4.00
101.5 3.30
101.6 3.10
101.5 3.30
101.6 4.20
101.6 4.60
101.6 2.90
101.6 3.70
101.6 3.70
101.7 2.10
101.7 1.40
101.7 1.30
101.8 1.20
101.8 1.30
101.8 1.10
101.8 0.30
101.9 0.40
101.9 0.40
101.9 0.00
101.9 1.50
101.9 1.70
102.0 	
102.0 	
102.0 1.50
102.0 1.40
102.0 1.30
102.0 2.00
102.0 2.00
102.0 1.90
102.0 1.60
102.0 1.70
102.0 0.80
102.0 0.30
102.0 0.50
102.0 0.50
102.0 0.90
102.0 0.70
102.0 0.40
102.0 0.00
102.0 0.30
102.0 0.90
102.0 0.60
102.0 0.50
102.0 0.50
102.0 0.70
102.0 0.40
102.0 0.70
102.0 0.50
102.0 0.40
102.0 0.60
102.0 1.20
102.0 0.40
102.0 0.40
102.0 0.30
102.0 0.70
102.1 1.30
102.1 1.60
102.1 1.40
102.1 2.00
102.0 2.10
102.0 1.90
102.0 1.70
102.0 2.10
102.0 2.70
102.0 1.80
102.0 3.90
102.0 4.70
102.0 4.70
102.0 4.50
102.0 4.20
102.0 4.20
102.0 3.30
102.0 3.80
102.0 2.50
102.0 3.00
101.9 2.60
101.9 2.20
101.9 2.90
101.9 1.50
101.9 1.80
101.9 3.60
102.0 5.30
102.0 3.70
102.0 2.20
101.9 3.30
101.8 3.70
101.8 2.80
101.8 2.00
101.8 1.70
101.7 2.10
101.7 2.10
101.7 1.70
101.7 3.30
101.7 3.90
101.7 3.80
101.6 3.10
101.6 3.50
101.6 2.60
101.6 3.70
101.6 2.80
101.6 2.00
101.6 1.70
101.6 1.40
101.6 1.70
101.7 1.60
101.7 1.50
101.7 1.00
101.8 0.90
101.8 1.40
101.8 1.80
101.8 2.30
101.9 1.20
101.9 0.00
101.9 0.40
101.9 0.30
102.0 0.70
102.0 0.40
102.0 0.00
102.0 0.50
102.0 0.70
102.0 0.00
102.0 0.40
102.0 0.40
102.0 0.30
102.0 0.70
102.0 0.00
102.1 0.00
102.0 0.40
102.0 0.80
102.0 0.30
102.0 0.60
102.0 0.60
102.0 0.50
102.0 0.00
102.0 0.80
102.0 0.00
102.0 0.30
102.0 0.30
101.9 1.10
101.9 0.70
101.9 0.00
101.9 0.60
101.9 0.50
102.0 0.00
102.0 0.60
102.0 0.50
102.0 0.90
102.0 0.00
102.0 0.50
102.0 0.60
102.0 0.50
102.0 0.70
102.0 0.50
102.0 0.80
102.0 0.90
102.0 0.80
102.0 1.20
102.0 1.40
102.0 1.50
102.0 1.30
102.0 1.60
102.0 2.30
102.0 1.70
102.0 1.40
102.0 1.30
101.9 1.90
101.9 2.80
102.0 2.70
101.9 2.40
101.9 1.70
101.9 2.60
101.9 2.60
101.9 2.90
101.8 2.00
101.8 3.00
101.8 2.30
101.8 3.70
101.7 3.50
101.7 2.30
101.6 2.10
101.6 3.00
101.6 2.50
101.6 3.30
101.5 2.00
101.5 2.90
101.5 3.70
101.5 2.60
101.4 2.70
101.4 3.90
101.4 2.70
101.4 2.90
101.4 2.90
101.4 3.20
101.4 2.40
101.4 2.30
101.4 2.60
101.4 2.70
101.4 2.60
101.4 2.50
101.4 2.60
101.4 1.90
101.4 1.80
101.5 1.50
101.5 1.60
101.5 1.50
101.5 1.20
101.6 0.90
101.6 0.00
101.6 0.50
101.6 0.40
101.7 0.40
101.7 0.00
101.7 0.50
101.7 0.00
101.7 0.40
101.7 0.00
101.7 0.00
101.7 0.80
101.7 0.40
101.7 0.50
101.7 0.50
101.8 0.80
101.7 0.40
101.8 0.70
101.7 0.40
101.7 0.40
101.7 0.00
101.7 0.00
101.7 0.50
101.7 0.00
101.7 0.30
101.7 0.50
101.7 0.40
101.6 0.00
101.7 0.00
101.7 0.00
101.7 1.20
101.7 0.30
101.7 0.40
101.7 0.30
101.7 0.00
101.7 0.00
101.7 0.70
101.8 1.30
101.8 1.80
101.8 0.70
101.8 0.00
101.8 0.50
101.8 0.70
101.8 0.80
101.8 0.70
101.8 0.70
101.8 0.70
101.8 0.80
101.8 1.30
101.7 1.50
101.7 1.60
101.7 2.10
101.7 1.90
101.7 1.60
101.6 1.40
101.6 1.00
101.6 1.20
101.6 1.60
101.6 2.20
101.5 1.50
101.5 1.50
101.5 3.00
101.4 2.50
101.4 2.40
101.4 1.80
101.3 2.10
101.3 1.30
101.3 2.40
101.2 1.50
101.2 1.40
101.2 1.80
101.2 1.90
101.1 3.20
101.1 2.30
101.0 1.90
101.0 1.70
101.0 2.00
100.9 2.10
100.9 1.80
100.9 0.70
100.9 2.40
100.8 2.80
100.8 1.20
100.8 3.10
100.8 2.20
100.8 1.40
100.8 1.80
100.8 1.50
100.8 1.10
100.8 0.60
100.8 2.50
100.8 1.80
100.8 2.20
100.9 1.10
100.9 0.70
100.9 0.40
100.9 0.00
100.9 0.70
100.9 0.00
100.9 0.00
100.9 0.30
101.0 0.00
101.0 0.40
101.0 0.00
101.0 0.70
101.0 1.10
101.0 0.40
101.0 0.60
101.0 1.10
101.0 0.70
101.0 0.60
101.0 0.90
101.0 0.80
101.0 0.90
101.0 0.00
101.0 0.00
101.0 0.00
101.0 0.00
101.0 0.30
101.0 0.00
101.0 0.60
101.0 0.60
101.0 0.00
101.0 0.30
101.0 0.40
101.0 0.00
101.0 0.30
101.0 0.60
101.0 0.40
101.0 0.00
101.0 0.30
101.0 0.00
101.0 0.00
101.0 0.00
101.0 0.40
101.0 0.00
101.0 0.50
101.0 0.40
101.0 0.00
101.0 0.30
101.0 0.50
101.0 0.80
101.0 0.90
101.0 0.70
101.0 1.50
100.9 3.60
100.9 3.20
100.9 3.90
100.9 4.20
100.9 3.90
100.9 5.30
100.9 3.70
100.9 4.40
100.8 4.30
100.8 3.60
100.8 3.20
100.8 4.00
100.8 3.80
100.8 4.00
100.8 5.30
100.7 3.80
100.7 3.80
100.6 4.70
100.6 4.70
100.6 4.80
100.6 4.50
100.5 3.60
100.5 4.90
100.5 3.70
100.4 3.30
100.4 3.60
100.4 2.80
100.4 4.90
100.4 3.90
100.3 3.20
100.3 2.90
100.3 3.50
100.2 2.40
100.2 3.60
100.2 2.90
100.2 3.50
100.2 3.60
100.2 3.10
100.2 3.00
100.2 2.30
100.2 1.90
100.2 1.80
100.2 1.90
100.2 2.00
100.3 0.70
100.3 4.80
100.3 5.80
100.4 6.80
100.4 6.20
100.4 4.30
100.4 5.50
100.4 5.00
100.5 6.30
100.5 4.80
100.5 3.90
100.5 3.00
100.6 4.50
100.6 4.10
100.5 4.90
100.5 3.80
100.6 4.80
100.6 4.00
100.6 3.30
100.6 3.00
100.6 2.50
100.6 1.70
100.6 2.10
100.6 1.10
100.6 1.40
100.6 0.80
100.5 0.80
100.6 0.80
100.5 0.80
100.5 0.90
100.5 0.50
100.5 0.50
100.5 0.40
100.5 0.30
100.5 0.80
100.5 0.50
100.5 0.00
100.6 0.00
100.6 0.00
100.6 0.00
100.6 0.80
100.6 0.80
100.6 1.80
100.6 1.60
100.6 2.20
100.7 1.80
100.7 2.70
100.7 3.30
100.7 3.70
100.7 3.90
100.7 3.20
100.8 3.80
100.8 4.10
100.8 3.40
100.8 4.00
100.7 3.20
100.7 4.00
100.7 3.30
100.7 1.70
100.7 2.80
100.7 2.30
100.7 4.30
100.6 3.40
100.6 4.10
100.6 3.40
100.6 3.60
100.6 3.90
100.6 3.40
100.5 3.10
100.5 3.10
100.5 4.00
100.4 3.20
100.4 2.60
100.4 3.40
100.4 3.60
100.4 4.40
100.3 4.40
100.3 5.10
100.3 4.30
100.2 4.80
100.2 4.80
100.2 5.10
100.2 5.20
100.2 5.30
100.2 5.50
100.1 5.80
100.2 6.20
100.1 5.10
100.1 6.20
100.1 5.90
100.1 5.60
100.1 5.60
100.1 4.10
100.1 4.50
100.2 3.90
100.2 4.70
100.2 5.00
100.2 5.10
100.2 5.40
100.2 6.10
100.2 7.10
100.2 6.90
100.3 5.50
100.4 6.60
100.4 6.20
100.4 6.00
100.4 5.30
100.5 5.00
100.5 4.40
100.5 4.10
100.5 4.50
100.5 3.10
100.5 2.90
100.5 4.10
100.5 3.10
100.5 2.20
100.5 3.30
100.5 1.60
100.5 2.80
100.5 1.70
100.5 0.90
100.5 0.80
100.5 1.00
100.5 1.10
100.5 1.00
100.5 0.70
100.5 1.00
100.5 1.00
100.5 0.90
100.6 0.90
100.6 1.10
100.6 1.20
100.6 1.00
100.6 0.90
100.6 0.90
100.6 0.70
100.6 0.70
100.6 1.00
100.6 0.70
100.7 0.50
100.7 1.40
100.7 1.30
100.7 1.40
100.7 1.90
100.7 2.00
100.8 1.60
100.8 1.00
100.8 0.80
100.8 1.30
100.8 0.90
100.8 1.10
100.8 1.00
100.8 2.00
100.8 1.70
100.8 1.80
100.8 2.40
100.7 2.40
100.8 2.90
100.7 4.10
100.8 3.30
100.8 2.80
100.7 2.10
100.7 1.60
100.7 2.40
100.7 1.80
100.7 1.70
100.6 1.70
100.6 2.00
100.6 2.10
100.6 2.10
100.5 1.60
100.6 2.00
100.5 2.30
100.5 2.90
100.5 2.20
100.5 2.00
100.5 2.80
100.4 3.40
100.5 4.20
100.4 4.50
100.4 4.10
100.4 4.80
100.4 2.90
100.4 2.60
100.4 4.00
100.4 3.10
100.4 3.60
100.5 2.30
100.5 1.10
100.5 1.40
100.5 2.10
100.5 1.70
100.5 2.00
100.5 1.40
100.5 1.40
100.6 1.60
100.6 1.40
100.6 1.30
100.6 3.90
100.7 4.10
100.7 3.90
100.7 5.60
100.8 4.30
100.8 3.70
100.8 4.40
100.8 5.00
100.8 3.90
100.8 3.70
100.8 3.50
100.8 3.20
100.8 3.20
100.8 4.40
100.8 3.50
100.8 3.90
100.8 4.30
100.8 3.70
100.8 2.50
100.8 3.40
100.8 2.30
100.8 3.30
100.8 3.80
100.8 3.40
100.8 3.20
100.8 3.80
100.9 4.90
100.8 4.00
100.9 4.20
100.9 4.30
100.9 3.90
100.9 4.10
100.9 3.80
100.9 3.40
100.9 3.60
100.9 4.20
100.9 4.00
101.0 3.90
101.0 3.90
101.0 4.40
101.0 4.20
101.0 3.90
101.0 4.40
101.0 4.80
101.0 4.80
101.0 4.70
101.0 5.00
101.0 4.70
101.0 5.20
101.0 5.00
101.0 4.00
101.0 4.60
101.0 4.40
101.0 4.40
101.0 4.40
101.0 4.50
101.0 4.50
101.0 4.80
100.9 4.50
100.9 5.60
100.9 4.30
100.8 4.50
100.8 3.80
100.8 4.80
100.8 5.70
100.8 5.70
100.8 4.40
100.7 4.40
100.7 4.40
100.7 2.70
100.7 4.00
100.6 3.90
100.6 2.80
100.6 2.80
100.6 3.50
100.6 2.50
100.6 3.50
100.6 3.00
100.5 3.60
100.5 2.70
100.5 1.10
100.5 3.30
100.5 2.10
100.5 3.40
100.5 3.30
100.5 4.50
100.5 4.00
100.6 4.20
100.6 5.20
100.6 4.60
100.6 4.50
100.6 4.50
100.7 4.30
100.7 4.60
100.7 4.90
100.8 6.40
100.8 6.60
100.8 6.20
100.9 5.20
100.9 5.40
100.9 4.70
101.0 4.80
100.9 5.20
101.0 3.60
101.0 5.10
101.0 4.20
101.0 3.90
101.1 3.40
101.1 3.80
101.1 3.90
101.1 2.60
101.1 3.10
101.1 2.80
101.1 2.30
101.1 2.50
101.2 3.50
101.1 3.20
101.0 5.20
101.0 5.70
100.9 6.30
100.9 4.30
101.0 5.20
101.0 4.90
101.0 3.90
101.0 5.40
101.0 5.30
101.1 4.10
101.1 3.90
101.1 3.30
101.1 2.40
101.1 3.00
101.2 2.60
101.1 2.70
101.2 2.40
101.2 2.40
101.2 2.80
101.2 3.30
101.2 3.70
101.2 3.50
101.2 3.50
101.3 3.50
101.2 3.70
101.2 3.10
101.2 2.90
101.2 3.40
101.2 3.40
101.2 3.50
101.2 2.50
101.2 2.90
101.2 2.90
101.2 3.30
101.2 3.40
101.2 3.10
101.1 3.70
101.1 4.20
101.1 3.80
101.1 4.00
101.1 3.50
101.0 4.00
101.0 3.30
101.0 3.80
101.0 4.80
101.0 3.30
100.9 3.20
100.9 3.40
100.8 3.10
100.8 3.90
100.8 3.90
100.7 4.90
100.7 4.20
100.7 4.10
100.6 4.90
100.6 5.00
100.7 2.70
100.6 3.20
100.6 3.90
100.6 3.80
100.6 2.50
100.6 2.90
100.6 2.90
100.7 2.60
100.6 2.50
100.6 1.90
100.7 1.60
100.7 2.80
100.7 5.20
100.6 7.10
100.6 8.40
100.6 7.40
100.6 8.30
100.6 9.60
100.7 8.20
100.8 8.70
100.8 8.70
100.9 9.60
100.9 10.1
100.9 7.00
100.9 5.20
100.9 4.40
100.9 3.50
101.0 1.90
100.9 2.60
100.8 3.60
100.8 4.00
100.8 3.20
100.8 3.50
100.8 3.00
100.9 2.70
100.9 1.70
100.8 2.40
100.8 0.70
100.8 0.50
100.8 1.30
100.8 2.90
100.8 2.80
100.8 2.10
100.8 2.30
100.8 3.10
100.8 3.60
100.9 2.70
100.8 2.60
100.9 3.20
100.9 2.50
100.9 1.90
100.9 2.20
100.9 2.30
100.9 2.10
100.9 2.30
100.9 2.50
100.9 2.70
100.9 3.20
100.9 3.20
100.9 3.10
101.0 3.50
101.0 4.60
101.0 4.50
101.0 4.20
101.0 4.90
101.0 4.80
101.0 4.60
101.0 5.00
100.9 4.80
100.9 4.30
100.9 5.00
100.9 5.60
100.9 5.80
100.9 5.60
100.9 5.50
100.9 5.20
100.9 6.50
100.8 5.60
100.8 6.80
100.8 6.30
100.7 8.20
100.7 7.20
100.7 7.60
100.6 7.50
100.6 6.80
100.6 7.50
100.6 7.90
100.5 7.10
100.5 7.90
100.4 7.20
100.4 7.80
100.4 6.50
100.4 6.20
100.4 8.30
100.4 7.40
100.4 7.60
100.4 7.50
100.4 7.50
100.4 6.40
100.4 7.40
100.4 6.20
100.4 7.60
100.4 6.90
100.4 7.70
100.4 7.20
100.4 8.00
100.4 7.20
100.4 7.90
100.4 8.10
100.4 8.60
100.4 8.30
100.4 8.40
100.5 7.90
100.5 6.40
100.5 7.20
100.6 7.90
100.6 6.70
100.6 7.00
100.6 6.30
100.6 5.90
100.6 6.70
100.6 7.00
100.6 7.80
100.6 7.60
100.7 5.80
100.6 5.30
100.6 6.10
100.6 5.80
100.6 5.90
100.6 5.20
100.6 4.20
100.6 4.80
100.6 4.50
100.6 5.30
100.6 5.00
100.6 4.20
100.6 4.50
100.6 3.60
100.6 4.30
100.6 4.50
100.6 4.40
100.6 3.50
100.6 3.20
100.5 3.50
100.6 3.40
100.5 3.90
100.5 3.40
100.5 3.90
100.5 3.70
100.5 3.60
100.5 3.60
100.5 3.60
100.6 4.50
100.8 3.00
100.8 2.20
100.7 3.00
100.6 4.60
100.6 7.20
100.6 6.30
100.6 5.30
100.6 6.80
100.6 6.60
100.7 5.80
100.7 4.60
100.7 4.70
100.7 4.50
100.7 5.60
100.7 5.40
100.6 5.20
100.6 5.00
100.6 5.00
100.6 4.30
100.6 4.40
100.6 4.10
100.6 2.40
100.6 4.70
100.6 2.50
100.5 3.50
100.5 4.40
100.5 3.30
100.5 3.00
100.4 2.90
100.4 3.60
100.4 4.00
100.4 4.20
100.4 3.40
100.3 3.30
100.3 2.10
100.3 1.70
100.2 4.10
100.2 3.10
100.2 5.30
100.2 3.50
100.2 2.00
100.2 3.50
100.1 3.10
100.1 3.50
100.1 3.50
100.1 3.50
100.1 2.80
100.1 2.80
100.1 5.50
100.1 4.50
100.2 6.50
100.2 5.90
100.2 5.90
100.3 6.40
100.3 5.60
100.3 5.30
100.3 6.40
100.4 6.90
100.4 4.90
100.4 5.60
100.4 4.10
100.4 3.50
100.5 3.80
100.5 4.60
100.5 3.60
100.5 3.30
100.5 4.20
100.6 2.80
100.6 3.10
100.6 3.00
100.6 3.60
100.6 3.90
100.6 2.70
100.6 1.90
100.6 1.80
100.6 1.50
100.6 1.90
100.6 1.00
100.6 0.80
100.6 1.00
100.6 1.20
100.6 1.10
100.6 0.60
100.6 0.60
100.6 0.00
100.6 0.00
100.7 0.70
100.7 0.00
100.7 0.00
100.7 0.00
100.7 0.00
100.8 0.00
100.7 0.60
100.8 0.40
100.8 0.50
100.8 0.30
100.8 0.00
100.9 0.90
100.9 0.50
100.9 0.70
101.0 1.10
101.0 1.00
101.0 1.10
101.0 1.60
101.0 1.40
101.0 2.50
101.1 4.00
101.1 2.40
101.1 3.30
101.1 3.40
101.1 3.30
101.1 4.00
101.1 3.90
101.0 4.30
101.0 3.50
101.0 3.70
101.0 3.80
101.0 4.30
101.0 3.90
101.0 3.00
101.0 2.30
101.0 3.00
101.0 3.10
101.0 3.30
100.9 2.50
100.9 2.60
100.9 2.70
100.9 2.10
100.9 2.30
100.9 2.30
100.8 3.00
100.9 2.70
100.8 2.60
100.8 2.30
100.8 3.20
100.8 0.80
100.8 2.50
100.8 2.60
100.8 2.50
100.8 2.00
100.8 5.00
100.8 3.00
100.8 3.50
100.8 2.00
100.8 1.90
100.8 3.60
100.9 3.10
100.9 3.40
100.9 2.80
101.0 2.60
101.0 2.20
101.0 2.70
101.0 1.70
101.0 2.90
101.1 3.80
101.1 4.10
101.1 3.30
101.2 2.90
101.2 2.30
101.2 1.90
101.2 1.50
101.3 2.60
101.3 3.20
101.3 3.10
101.3 0.60
101.3 1.20
101.3 1.90
101.3 1.50
101.3 0.70
101.3 0.40
101.3 1.20
101.3 2.30
101.3 1.50
101.3 1.20
101.3 1.60
101.3 1.60
101.3 1.30
101.3 1.80
101.4 2.00
101.3 3.70
101.3 3.30
101.3 3.90
101.4 3.90
101.4 3.70
101.4 2.70
101.4 2.10
101.5 0.50
101.4 2.30
101.5 2.50
101.5 3.90
101.6 1.90
101.5 0.80
101.6 1.30
101.6 1.20
101.6 1.70
101.7 2.10
101.6 2.10
101.6 3.30
101.6 4.20
101.6 3.60
101.7 2.70
101.6 4.00
101.6 2.90
101.6 3.40
101.6 4.50
101.6 4.10
101.6 2.90
101.6 3.80
101.6 3.40
101.6 4.70
101.6 3.70
101.6 4.60
101.5 3.20
101.5 4.20
101.4 3.30
101.4 4.50
101.4 4.40
101.4 3.00
101.4 3.90
101.3 3.20
101.3 2.60
101.3 2.90
101.2 2.90
101.2 2.10
101.2 3.30
101.2 3.70
101.2 2.50
101.1 2.20
101.1 1.90
101.1 2.50
101.1 3.00
101.0 3.50
101.1 2.50
101.0 4.00
101.0 3.00
101.0 3.40
101.0 3.30
101.0 2.00
101.0 3.50
101.0 3.10
101.0 4.20
101.0 3.60
101.1 3.60
101.1 3.30
101.1 2.80
101.2 2.80
101.2 2.40
101.2 4.30
101.2 3.90
101.2 3.20
101.2 4.70
101.3 5.50
101.3 3.20
101.3 6.40
101.3 7.00
101.4 7.40
101.4 7.60
101.4 7.20
101.4 5.20
101.4 7.20
101.4 7.00
101.4 6.10
101.5 6.20
101.5 7.30
101.5 4.80
101.5 3.30
101.4 3.10
101.4 2.90
101.5 2.10
101.5 2.10
101.4 4.50
101.4 4.00
101.4 4.60
101.4 4.40
101.4 2.90
101.4 2.90
101.4 2.60
101.4 2.40
101.4 2.00
101.4 1.30
101.4 1.20
101.4 1.90
101.4 2.50
101.4 2.10
101.4 2.00
101.4 2.50
101.5 2.20
101.5 2.30
101.4 2.00
101.5 2.40
101.5 3.10
101.5 3.30
101.5 2.50
101.5 2.00
101.5 2.60
101.5 2.90
101.5 2.80
101.5 2.60
101.5 2.90
101.5 2.70
101.4 2.40
101.4 2.50
101.4 2.80
101.4 2.30
101.4 2.30
101.4 1.90
101.4 1.90
101.3 3.50
101.3 3.60
101.3 4.00
101.3 3.20
101.3 4.40
101.2 3.70
101.2 4.20
101.2 3.80
101.2 3.40
101.2 3.30
101.2 4.30
101.2 3.80
101.2 3.60
101.1 4.20
101.1 3.80
101.1 4.30
101.1 4.70
101.1 5.00
101.0 4.10
101.0 5.30
101.0 5.20
101.0 5.30
101.0 4.00
101.0 4.50
101.0 5.00
101.0 5.50
100.9 5.90
100.9 6.40
101.0 6.30
101.0 6.30
101.0 5.80
101.0 5.20
101.1 8.80
101.1 7.90
101.2 9.20
101.2 9.00
101.2 8.70
101.2 8.00
101.3 7.60
101.3 8.00
101.3 7.30
101.3 6.70
101.3 7.60
101.4 7.20
101.4 7.60
101.4 6.50
101.5 6.00
101.5 3.40
101.5 3.40
101.5 3.80
101.4 7.00
101.5 8.60
101.5 5.80
101.5 5.80
101.6 3.60
101.6 2.90
101.6 2.90
101.7 3.20
101.7 2.40
101.7 5.50
101.8 3.40
101.9 3.40
101.8 8.20
101.8 3.10
101.8 2.80
101.7 3.40
101.8 2.30
101.6 3.80
101.6 5.50
101.6 4.20
101.5 2.50
101.6 1.00
101.6 1.60
101.6 1.80
101.6 0.30
101.6 0.70
101.6 0.00
101.6 0.80
101.6 0.60
101.6 0.60
101.5 1.00
101.5 0.70
101.4 0.70
101.4 1.10
101.5 1.30
101.5 1.30
101.5 1.20
101.5 1.20
101.5 2.30
101.5 3.20
101.5 4.40
101.5 3.00
101.5 2.50
101.5 1.90
101.4 3.00
101.4 3.90
101.4 3.80
101.4 3.80
101.4 2.50
101.4 3.40
101.4 3.40
101.3 3.70
101.3 4.20
101.3 4.90
101.3 3.40
101.3 4.70
101.2 5.30
101.2 4.80
101.2 4.30
101.2 5.40
101.2 4.90
101.2 5.10
101.1 5.10
101.1 5.60
101.1 5.30
101.1 4.00
101.1 4.60
101.1 5.50
101.0 5.50
101.0 4.50
101.0 5.70
101.0 5.70
101.0 5.40
101.0 5.60
101.0 4.60
101.0 5.10
101.1 3.90
101.1 4.50
101.1 4.50
101.1 3.80
101.2 3.90
101.2 4.50
101.2 5.10
101.2 5.70
101.3 5.90
101.3 6.00
101.3 6.50
101.4 6.40
101.4 6.40
101.4 5.80
101.4 5.50
101.4 5.50
101.4 5.20
101.4 4.50
101.4 3.70
101.5 4.10
101.5 4.50
101.5 4.60
101.4 4.40
101.4 4.00
101.4 3.40
101.4 2.50
101.4 2.90
101.4 3.10
101.4 2.20
101.4 2.00
101.4 2.50
101.4 2.60
101.3 2.80
101.4 4.00
101.4 4.30
101.4 4.20
101.4 3.80
101.4 3.10
101.4 3.40
101.4 4.30
101.4 4.00
101.4 4.90
101.4 5.30
101.4 3.80
101.4 4.80
101.4 4.50
101.4 4.80
101.4 5.00
101.4 5.00
101.5 5.50
101.4 6.00
101.4 6.60
101.5 5.50
101.5 6.10
101.5 5.60
101.5 6.70
101.5 4.90
101.4 5.20
101.4 5.90
101.4 4.40
101.4 5.40
101.4 5.00
101.4 7.20
101.4 6.10
101.4 4.90
101.4 5.20
101.3 4.90
101.3 5.00
101.3 5.60
101.3 6.30
101.2 4.40
101.2 4.90
101.2 4.10
101.2 5.10
101.2 4.50
101.1 5.30
101.1 5.90
101.1 6.10
101.1 5.90
101.1 4.50
101.1 4.20
101.1 4.60
101.0 4.50
101.0 5.00
101.0 4.90
101.0 5.60
101.0 5.90
101.0 4.90
101.0 5.60
100.9 5.50
100.9 6.60
100.9 5.90
100.9 5.80
100.9 6.20
101.0 5.20
101.0 5.50
101.0 5.70
101.0 6.00
101.0 5.90
101.0 5.90
101.1 5.60
101.1 5.50
101.2 6.70
101.2 7.80
101.2 7.60
101.2 7.00
101.2 8.60
101.3 6.70
101.3 6.40
101.3 5.30
101.4 4.00
101.4 4.40
101.4 4.40
101.4 5.80
101.4 5.70
101.4 5.90
101.4 3.60
101.4 3.60
101.4 3.80
101.4 3.80
101.4 3.40
101.4 3.10
101.4 3.00
101.4 4.70
101.4 5.50
101.3 4.90
101.3 5.70
101.3 5.30
101.3 4.80
101.3 5.30
101.3 6.00
101.3 5.60
101.3 6.30
101.3 5.90
101.3 5.70
101.3 4.70
101.3 6.50
101.3 5.40
101.3 5.60
101.3 4.40
101.4 4.30
101.4 4.30
101.4 5.00
101.4 4.40
101.4 4.10
101.4 4.80
101.4 4.60
101.4 4.40
101.4 4.90
101.4 5.70
101.4 6.00
101.4 5.30
101.4 5.70
101.4 5.10
101.4 5.90
101.4 4.80
101.4 5.70
101.4 6.70
101.4 6.00
101.4 6.50
101.4 6.60
101.3 7.20
101.3 5.50
101.3 6.40
101.2 5.80
101.2 5.40
101.2 6.50
101.2 6.30
101.2 5.60
101.1 6.30
101.1 6.10
101.1 7.10
101.1 6.60
101.1 7.20
101.0 6.80
101.0 6.60
101.0 7.90
101.0 6.90
100.9 7.70
100.9 8.00
100.9 7.00
100.9 7.40
100.8 6.00
100.8 6.70
100.8 6.70
100.8 8.10
100.8 6.70
100.8 7.40
100.8 8.30
100.8 7.70
100.8 7.60
100.8 7.30
100.8 8.00
100.9 8.20
100.9 8.90
100.9 9.80
101.0 9.20
101.0 7.00
101.0 7.40
101.0 7.70
101.0 7.40
101.0 6.40
101.0 6.00
101.1 4.90
101.1 5.60
101.2 4.80
101.2 6.10
101.2 6.20
101.2 5.00
101.2 5.40
101.2 5.80
101.2 6.20
101.2 5.20
101.2 5.90
101.1 6.60
101.2 5.20
101.3 5.80
101.1 2.30
101.1 3.10
101.0 4.20
101.0 4.50
101.0 3.70
101.0 2.90
101.0 3.50
100.9 3.90
101.0 4.60
100.9 5.30
101.0 5.00
101.0 5.30
101.0 5.00
101.0 3.20
101.0 3.30
101.1 3.40
101.1 2.80
101.1 2.40
101.1 2.70
101.0 2.60
101.0 4.00
101.0 5.10
100.9 5.30
100.9 6.20
100.9 7.40
100.8 7.60
100.8 6.90
100.8 8.20
100.9 7.50
100.9 4.80
101.0 5.40
101.0 3.30
101.1 3.50
101.1 4.30
101.1 2.50
101.1 2.10
101.1 1.60
101.1 2.70
101.1 3.40
101.1 3.80
101.1 3.50
101.1 4.70
101.1 5.80
101.1 4.30
101.1 3.90
101.1 3.80
101.1 3.70
101.1 4.70
101.0 5.00
101.0 5.70
101.0 6.10
101.0 5.40
101.0 4.80
101.0 4.60
100.9 4.60
100.9 5.60
100.8 5.30
100.8 5.30
100.8 4.90
100.7 5.50
100.7 5.90
100.7 7.10
100.6 7.20
100.6 7.80
100.5 8.90
100.6 6.80
100.6 7.20
100.5 6.20
100.6 6.10
100.6 6.20
100.6 6.10
100.5 6.40
100.6 7.30
100.6 5.50
100.7 2.70
100.8 5.50
101.0 5.90
101.0 6.90
101.2 7.00
101.0 10.2
101.2 2.00
101.2 1.60
101.1 4.00
101.2 4.10
101.4 5.00
101.4 3.40
101.2 5.70
101.3 7.30
101.2 7.40
101.4 5.80
101.2 7.30
101.3 3.70
101.3 4.00
101.3 1.40
101.4 3.60
101.3 2.90
101.2 2.30
101.3 2.60
101.3 3.10
101.3 1.00
101.2 1.60
101.2 1.60
101.2 1.60
101.3 1.50
101.3 1.80
101.3 1.70
101.4 1.30
101.4 1.10
101.4 1.30
101.4 0.60
101.4 1.10
101.4 1.80
101.5 1.40
101.4 1.20
101.3 5.00
101.4 2.60
101.4 1.80
101.5 3.20
101.5 2.20
101.5 1.80
101.6 1.50
101.6 1.80
101.7 1.80
101.7 2.10
101.6 2.90
101.7 2.60
101.7 2.40
101.7 2.00
101.7 1.40
101.7 1.70
101.7 1.00
101.7 0.60
101.7 1.30
101.7 1.20
101.7 1.30
101.7 1.30
101.7 0.80
101.7 2.00
101.7 1.40
101.7 1.40
101.7 1.50
101.6 3.50
101.6 2.90
101.6 1.60
101.6 2.30
101.5 2.90
101.5 2.40
101.5 3.00
101.4 2.30
101.4 2.60
101.4 4.20
101.4 2.60
101.4 4.60
101.4 3.90
101.4 3.20
101.4 4.20
101.4 3.80
101.4 4.40
101.3 4.30
101.3 3.80
101.3 3.00
101.3 3.40
101.3 3.30
101.3 3.20
101.3 3.70
101.3 3.80
101.4 2.70
101.4 3.40
101.4 2.00
101.4 1.60
101.4 1.60
101.4 1.90
101.4 2.00
101.4 2.30
101.5 2.40
101.5 2.10
101.5 1.40
101.5 1.20
101.5 1.40
101.5 1.90
101.5 1.50
101.5 2.10
101.5 2.90
101.5 3.90
101.6 3.30
101.6 4.10
101.6 2.70
101.6 4.30
101.6 4.50
101.6 3.80
101.6 2.60
101.6 2.70
101.6 3.00
101.6 2.00
101.6 2.00
101.6 2.00
101.7 2.90
101.7 3.50
101.6 5.30
101.7 1.60
101.9 3.60
102.0 5.80
101.8 4.00
101.9 2.10
101.8 1.10
101.8 1.40
101.8 1.70
101.7 0.90
101.7 2.60
101.6 2.90
101.6 2.90
101.6 2.50
101.6 0.60
101.6 0.80
101.6 1.80
101.5 1.40
101.5 1.00
101.5 1.00
101.6 1.00
101.6 0.90
101.7 1.40
101.7 2.60
101.7 3.90
101.8 3.40
101.8 3.10
101.8 2.30
101.8 3.00
101.8 5.60
101.8 5.70
101.8 5.40
101.8 4.90
101.8 5.10
101.7 4.90
101.7 4.10
101.7 4.20
101.7 4.70
101.7 3.40
101.7 4.60
101.6 4.40
101.6 4.10
101.6 2.70
101.6 3.20
101.5 3.30
101.5 3.70
101.5 3.40
101.4 3.70
101.4 2.40
101.4 3.10
101.4 2.30
101.4 2.00
101.3 2.10
101.3 2.60
101.3 2.30
101.3 2.30
101.3 2.60
101.3 2.70
101.2 2.20
101.2 1.80
101.2 3.50
101.2 2.60
101.3 3.00
101.2 2.80
101.3 2.60
101.3 2.50
101.3 2.30
101.3 2.40
101.4 2.60
101.4 2.60
101.4 3.10
101.4 2.80
101.4 2.40
101.4 2.70
101.4 3.80
101.5 2.60
101.5 2.80
101.5 3.90
101.6 4.10
101.6 4.70
101.6 4.70
101.6 4.20
101.6 4.00
101.6 3.50
101.6 3.10
101.6 2.50
101.6 1.90
101.6 2.30
101.6 3.40
101.6 3.10
101.6 2.80
101.6 2.80
101.6 1.60
101.6 1.10
101.6 1.20
101.6 1.30
101.6 1.80
101.5 1.90
101.5 1.80
101.5 1.80
101.5 1.10
101.5 1.00
101.5 1.00
101.5 0.40
101.5 0.70
101.5 0.40
101.6 0.80
101.6 0.40
101.6 0.50
101.6 0.80
101.6 1.60
101.6 1.40
101.6 1.70
101.6 2.80
101.6 2.70
101.6 1.90
101.7 1.90
101.7 2.50
101.7 3.10
101.7 3.70
101.7 3.50
101.7 3.50
101.7 3.90
101.7 3.30
101.7 3.20
101.7 3.00
101.7 2.40
101.8 2.40
101.8 2.90
101.8 2.90
101.8 2.90
101.8 1.50
101.8 1.90
101.7 1.90
101.7 2.00
101.7 1.10
101.7 1.80
101.6 3.50
101.6 2.70
101.6 3.00
101.6 3.50
101.6 3.70
101.6 4.10
101.6 2.70
101.6 2.60
101.5 3.70
101.5 3.80
101.5 3.50
101.5 3.00
101.4 3.90
101.4 3.30
101.4 3.70
101.4 3.60
101.3 3.20
101.3 3.40
101.3 2.60
101.3 2.70
101.3 2.60
101.3 2.30
101.3 1.60
101.3 1.30
101.3 1.00
101.3 1.10
101.3 0.80
101.3 1.40
101.4 0.80
101.4 0.60
101.3 0.50
101.3 1.50
101.3 2.60
101.4 3.20
101.4 3.00
101.4 2.50
101.4 2.40
101.5 2.10
101.6 2.40
101.6 2.40
101.6 2.90
101.6 3.20
101.7 1.90
101.7 2.00
101.7 1.50
101.6 1.60
101.6 3.60
101.6 3.80
101.6 4.40
101.6 3.10
101.6 1.30
101.6 1.30
101.6 0.40
101.6 2.30
101.6 2.30
101.6 3.00
101.6 3.90
101.6 6.60
101.7 6.00
101.7 3.70
101.8 3.90
101.7 2.50
101.7 2.40
101.7 0.80
101.8 1.30
101.8 1.30
101.8 1.90
101.8 1.10
101.8 1.20
101.8 1.80
101.8 1.60
101.8 0.90
101.8 1.70
101.7 4.70
101.7 10.1
101.7 4.50
101.9 1.60
101.9 0.90
101.9 0.80
102.0 0.90
102.0 0.70
102.0 0.40
102.0 0.80
102.0 0.90
101.9 1.00
101.9 2.00
101.9 1.10
101.8 2.30
101.9 3.40
101.9 2.80
101.8 3.50
101.8 2.50
101.8 3.30
101.8 3.60
101.7 3.60
101.7 2.70
101.7 3.40
101.7 3.40
101.6 2.50
101.6 1.90
101.6 1.30
101.6 2.50
101.6 1.90
101.6 2.60
101.6 2.70
101.6 2.30
101.6 2.30
101.6 2.30
101.6 2.40
101.6 2.30
101.6 1.60
101.6 1.70
101.5 3.10
101.5 2.70
101.6 3.10
101.5 2.30
101.5 	
101.5 2.50
101.5 2.60
101.5 2.20
101.5 1.60
101.6 1.80
101.6 1.10
101.6 1.50
101.6 2.70
101.6 1.50
101.6 1.40
101.6 1.30
101.7 1.80
101.7 1.30
101.8 0.00
101.8 0.80
101.8 0.00
101.8 1.00
101.8 0.00
101.8 0.50
101.8 0.70
101.8 1.00
101.8 1.20
101.8 0.80
101.8 0.30
101.8 0.80
101.8 0.70
101.8 0.00
101.8 0.60
101.8 0.00
101.8 0.00
101.8 0.50
101.7 0.40
101.8 0.80
101.7 0.60
101.8 0.00
101.8 0.00
101.7 0.60
101.7 0.60
101.8 0.30
101.8 0.00
101.8 0.30
101.8 0.00
101.8 0.40
101.8 0.40
101.8 0.90
101.8 1.20
101.8 0.30
101.8 0.60
101.8 0.00
101.8 0.60
101.8 0.00
101.8 0.50
101.8 0.00
101.8 0.80
101.8 0.70
101.8 1.30
101.8 1.50
101.8 1.70
101.8 1.70
101.8 1.20
101.8 1.70
101.7 1.60
101.7 1.10
101.7 1.00
101.7 1.00
101.7 1.80
101.7 2.30
101.7 1.50
101.7 1.80
101.6 2.10
101.6 3.70
101.6 3.40
101.6 2.20
101.6 1.20
101.6 2.80
101.6 3.70
101.6 2.80
101.5 2.20
101.5 1.40
101.5 1.80
101.4 1.60
101.4 2.20
101.4 2.20
101.4 2.60
101.4 3.00
101.4 2.50
101.4 3.00
101.3 3.30
101.3 2.80
101.3 2.30
101.3 3.30
101.3 2.90
101.3 2.60
101.3 2.30
101.3 2.40
101.3 1.50
101.3 1.10
101.3 2.00
101.2 1.90
101.3 1.10
101.2 0.60
101.3 0.90
101.3 0.80
101.3 0.70
101.3 0.70
101.3 0.00
101.3 0.60
101.3 0.00
101.4 0.50
101.4 0.50
101.4 0.80
101.4 0.90
101.4 0.80
101.4 0.60
101.4 1.30
101.4 0.70