-86 24.2
-86 25.0
-86 24.3
-86 23.8
-86 23.9
-86 22.9
-86 22.5
-86 21.9
-86 22.0
-86 22.4
-84 22.2
-61 21.8
-26 22.4
15 22.5
117 23.2
321 22.9
481 23.5
555 24.5
606 24.8
639 24.9
693 25.4
675 25.4
747 25.2
774 25.3
812 26.7
796 27.9
807 28.6
806 28.7
793 28.8
508 29.3
574 29.1
326 30.0
3 29.4
249 28.0
196 29.2
43 29.0
-49 29.3
-70 29.7
-86 28.5
-86 27.0
-86 27.3
-86 28.1
-86 25.7
-86 25.4
-86 25.8
-86 27.0
-86 26.5
-86 24.3
-86 23.4
-86 23.0
-86 23.2
-86 22.8
-86 22.5
-86 22.2
-86 22.2
-86 22.0
-86 22.0
-86 22.2
-78 21.7
-18 21.7
70 22.0
168 23.3
271 24.4
377 24.7
478 26.2
573 25.0
658 24.7
734 25.8
797 27.8
845 28.0
878 28.6
895 28.8
895 28.5
880 29.5
848 29.5
801 28.2
744 30.2
674 30.2
590 28.4
314 30.0
-37 29.8
265 30.6
199 31.4
101 30.9
19 31.8
-62 31.8
-86 31.4
-86 28.8
-86 27.7
-86 28.6
-86 28.2
-86 27.9
-86 27.4
-86 27.6
-86 26.7
-86 26.4
-86 25.7
-86 24.9
-86 22.9
-86 22.8
-86 21.9
-86 22.3
-86 22.9
-86 21.5
-86 21.1
-86 20.9
-80 21.2
-31 20.5
72 21.2
137 21.3
189 22.2
170 23.9
531 26.2
605 26.4
641 26.1
717 26.5
790 26.6
838 27.2
876 28.3
898 28.5
894 28.4
872 29.0
730 30.6
728 30.0
486 28.9
233 28.5
334 28.0
208 28.1
161 28.8
147 28.8
79 28.3
38 27.8
-51 26.7
-74 26.0
-86 25.7
-86 25.3
-86 25.8
-86 25.9
-86 25.2
-86 25.5
-86 25.5
-86 24.1
-86 24.9
-86 24.2
-86 24.3
-86 23.1
-86 22.8
-86 23.8
-86 22.5
-86 20.0
-86 18.9
-86 18.9
-86 18.6
-86 18.4
-86 18.3
-82 18.3
-73 18.3
-67 18.0
31 18.2
51 18.9
-8 19.0
8 18.4
54 17.9
247 17.7
281 18.1
520 18.7
241 19.0
338 19.5
203 20.0
314 20.0
93 19.7
38 18.9
122 17.8
27 17.2
182 17.5
200 17.9
103 18.3
168 18.7
231 19.0
134 19.2
48 19.9
-66 19.2
-86 19.1
-86 19.2
-86 19.2
-86 19.0
-86 19.0
-86 18.7
-86 18.6
-86 18.6
-86 18.9
-86 18.8
-86 18.7
-86 18.5
-86 18.5
-86 18.4
-86 17.6
-86 17.7
-86 17.4
-86 17.0
-86 17.0
-86 17.1
-84 17.5
-81 17.3
-59 16.7
-47 16.5
-56 16.8
21 16.8
133 16.7
159 16.8
108 16.8
473 16.8
382 16.2
565 16.7
560 17.2
707 17.6
437 17.9
257 18.2
183 18.4
96 18.6
-21 18.3
-32 17.8
-7 16.9
-22 16.7
-30 16.5
92 16.7
18 16.8
-14 16.9
-40 17.1
-77 17.1
-86 17.2
-86 17.3
-86 17.3
-86 17.3
-86 17.2
-86 17.2
-86 17.3
-86 17.1
-86 16.9
-86 16.9
-86 16.9
-86 16.8
-86 16.9
-86 17.0
-86 17.1
-86 17.1
-86 17.0
-86 17.1
-86 17.0
-86 17.0
-82 16.9
-56 16.7
-51 16.6
-38 16.7
-9 16.8
165 16.9
136 17.0
434 17.3
685 17.8
727 18.4
778 19.0
835 19.8
869 20.6
886 21.8
893 21.9
379 22.1
52 22.0
-48 21.2
309 19.6
248 18.6
327 19.7
410 21.5
63 21.7
160 21.5
47 21.3
7 21.4
21 21.7
-60 21.3
-86 21.5
-86 19.6
-86 18.5
-86 18.8
-86 18.8
-86 18.6
-86 18.1
-86 17.5
-86 17.4
-86 17.5
-86 17.4
-86 17.2
-86 17.1
-86 16.7
-86 16.6
-86 16.2
-86 16.5
-86 16.4
-86 16.4
-86 16.5
-81 17.1
-40 17.1
14 17.3
174 17.2
141 17.2
386 17.7
483 18.0
576 18.5
661 19.0
733 19.4
792 19.8
838 20.5
869 21.0
885 21.3
884 21.8
869 22.5
839 22.7
794 23.5
736 23.9
666 23.7
585 23.7
440 24.4
-17 25.4
303 25.1
206 25.9
109 25.8
24 26.4
-47 25.9
-85 24.6
-86 23.2
-86 23.8
-86 23.8
-86 23.9
-86 24.1
-86 23.1
-86 23.0
-86 23.5
-86 23.2
-86 23.1
-86 22.9
-86 22.0
-86 20.9
-86 19.9
-86 20.1
-86 19.6
-86 19.1
-86 18.9
-86 18.6
-71 18.9
-1 18.6
86 18.7
182 19.0
284 20.0
386 20.6
483 20.6
574 20.6
658 21.1
732 22.7
793 23.5
840 24.8
872 24.9
888 25.3
890 26.7
876 28.2
846 28.1
800 28.8
744 29.5
675 30.1
594 29.7
476 29.6
0 29.5
312 30.6
212 31.7
115 32.2
29 32.5
-46 31.7
-85 31.4
-86 29.3
-86 28.4
-86 27.5
-86 26.7
-86 26.7
-86 26.4
-86 25.5
-86 24.8
-86 24.4
-86 24.5
-86 24.8
-86 23.8
-86 23.1
-86 22.7
-86 22.1
-86 22.0
-86 21.9
-86 22.3
-86 21.7
-69 21.3
3 21.7
89 22.7
186 22.1
289 22.5
391 22.4
490 22.6
582 23.7
665 24.7
738 25.3
798 26.1
845 27.3
877 28.1
893 28.8
895 29.6
881 30.4
849 33.5
804 34.8
746 35.1
677 36.0
598 35.8
495 35.4
39 36.4
313 36.0
213 35.9
115 35.6
29 36.0
-44 34.5
-84 34.2
-86 33.9
-86 32.5
-86 31.5
-86 28.4
-86 28.7
-86 29.2
-86 28.5
-86 28.3
-86 28.2
-86 27.2
-86 26.4
-86 25.5
-86 25.0
-86 24.8
-86 25.0
-86 24.5
-86 24.1
-86 24.3
-86 24.4
-67 23.5
6 23.3
93 23.6
190 23.7
294 24.4
398 25.3
498 25.5
589 25.0
671 25.8
744 26.9
804 28.2
852 31.3
883 32.0
899 32.0
899 32.2
885 31.6
861 32.9
821 34.0
723 34.6
642 33.6
497 34.1
329 34.5
104 35.1
299 33.5
197 33.4
3 33.1
-15 33.5
-51 32.5
-84 31.9
-86 32.1
-86 33.0
-86 33.3
-86 32.5
-86 31.4
-86 29.7
-86 29.6
-86 29.9
-86 29.4
-86 29.4
-86 30.6
-86 29.9
-86 28.2
-86 29.9
-86 30.3
-86 28.5
-86 29.8
-86 29.9
-86 28.3
-75 26.8
-7 27.0
53 27.9
141 27.7
288 28.3
399 28.6
494 29.1
487 30.0
683 30.1
705 29.6
733 30.6
834 31.1
862 30.4
901 30.8
871 31.4
883 32.4
853 32.4
804 34.7
742 33.9
684 34.1
612 35.4
518 35.7
187 35.7
312 35.6
217 35.9
128 36.0
44 35.6
-35 35.4
-84 33.0
-86 32.8
-86 32.5
-86 32.5
-86 32.4
-86 32.4
-86 32.7
-86 32.5
-86 32.1
-86 31.2
-86 30.4
-86 29.9
-86 28.6
-86 27.9
-86 27.7
-86 27.3
-86 27.1
-86 27.6
-86 26.7
-86 26.5
-64 27.7
13 27.3
108 26.9
212 26.3
319 26.3
425 26.9
521 27.2
615 27.7
701 28.4
775 30.0
832 31.0
885 31.8
920 32.2
945 32.2
896 32.2
925 32.6
815 32.5
609 32.4
522 32.5
507 32.5
559 32.9
370 33.1
185 32.6
89 32.2
23 31.4
-17 30.8
-43 31.5
-60 31.1
-79 30.5
-86 30.2
-86 29.4
-86 27.3
-86 27.3
-86 27.0
-86 26.9
-86 25.5
-86 25.2
-86 25.8
-86 25.1
-86 24.5
-86 24.4
-86 23.6
-86 22.9
-86 22.1
-86 21.1
-86 21.1
-86 21.1
-86 20.4
-67 19.9
6 19.7
105 19.5
203 19.7
304 20.1
409 20.0
504 20.2
594 20.7
679 21.1
752 21.5
809 21.7
855 22.1
887 22.5
910 23.3
914 23.9
399 24.1
157 24.7
325 24.9
524 25.4
699 25.8
623 26.0
514 26.0
347 26.2
302 26.1
117 25.9
124 25.8
6 25.8
-72 25.3
-85 25.2
-86 25.1
-86 24.8
-86 24.3
-86 23.6
-86 23.0
-86 22.7
-86 22.3
-86 21.9
-86 21.2
-86 21.0
-86 20.5
-86 20.3
-86 20.1
-86 19.6
-86 19.3
-86 19.1
-86 19.0
-86 18.5
-86 18.8
-67 18.0
10 17.6
88 18.2
202 19.1
308 19.9
416 21.2
517 21.0
609 21.1
693 21.4
767 22.4
826 21.9
874 22.6
905 22.4
921 23.3
920 22.9
904 22.9
871 23.2
829 23.8
768 24.1
700 24.5
615 25.5
525 25.3
391 25.3
329 25.2
228 25.4
131 25.5
40 25.7
-38 25.6
-83 25.2
-86 24.7
-86 24.3
-86 23.5
-86 23.0
-86 23.0
-86 23.6
-86 23.7
-86 22.6
-86 21.7
-86 20.2
-86 19.8
-86 19.5
-86 19.6
-86 18.9
-86 18.4
-86 18.4
-86 18.3
-86 18.0
-85 17.5
-62 17.3
18 17.3
109 18.1
209 19.2
313 20.9
417 20.6
515 20.7
607 21.2
691 22.0
764 23.3
824 23.7
871 24.7
902 25.4
919 25.7
918 26.0
902 26.9
871 27.1
824 27.9
766 28.4
697 29.0
617 29.6
530 30.9
417 30.2
334 30.2
234 30.3
132 30.2
42 30.2
-39 28.4
-83 28.3
-86 27.3
-86 27.5
-86 28.0
-86 27.9
-86 27.4
-86 26.8
-86 26.4
-86 25.9
-86 26.3
-86 25.7
-86 24.7
-86 24.7
-86 24.5
-86 24.2
-86 22.1
-86 21.0
-86 20.0
-86 19.3
-85 19.3
-58 19.5
20 19.2
111 19.7
210 20.8
315 22.2
418 23.8
516 24.9
608 25.4
691 25.9
763 26.0
823 25.9
870 27.5
899 27.0
914 27.5
907 28.4
902 29.7
816 29.9
858 30.2
608 29.4
395 29.4
260 30.0
208 29.9
79 29.8
36 29.2
14 29.2
2 28.5
-4 28.5
-51 28.6
-85 28.7
-86 29.2
-86 28.8
-86 28.3
-86 28.3
-86 27.4
-86 27.6
-86 27.2
-86 27.8
-86 27.1
-86 27.1
-86 26.4
-86 26.6
-86 25.9
-86 26.2
-86 26.8
-86 26.5
-86 26.4
-86 26.2
-86 25.7
-73 25.8
-6 25.5
97 25.0
216 24.5
243 24.7
350 25.1
363 25.2
406 25.3
430 25.5
366 25.9
531 26.4
433 26.4
610 26.9
570 27.2
530 27.2
703 27.7
243 28.4
331 28.9
343 28.8
177 28.2
227 28.0
121 28.4
128 27.6
64 28.0
25 27.8
112 27.5
41 28.3
-58 26.9
-85 26.0
-86 25.3
-86 23.1
-86 22.0
-86 22.0
-86 21.6
-86 21.3
-86 20.7
-86 20.2
-86 20.4
-86 19.9
-86 20.0
-86 19.1
-86 18.9
-86 18.6
-86 18.4
-86 18.4
-86 18.5
-86 17.8
-86 17.6
-65 17.8
12 18.7
108 19.3
208 19.9
310 20.8
411 20.7
509 21.2
602 21.6
682 22.7
753 23.4
814 23.5
861 23.6
893 24.1
911 24.1
913 23.7
874 23.9
872 24.6
818 25.0
763 25.3
692 25.2
612 25.9
525 27.2
429 27.8
330 28.2
231 28.2
133 28.5
32 29.0
-43 28.0
-82 27.5
-86 26.2
-86 26.0
-86 25.3
-86 25.2
-86 25.1
-86 26.0
-86 26.0
-86 25.3
-86 24.5
-86 24.3
-86 24.2
-86 25.1
-86 23.9
-86 24.1
-86 24.1
-86 23.0
-86 23.5
-86 22.3
-85 21.6
-57 21.0
18 21.4
110 21.2
212 22.1
318 23.2
422 23.6
521 23.8
611 24.0
694 24.4
767 24.9
826 25.6
871 26.2
902 25.7
917 26.2
914 25.2
898 25.8
869 26.5
823 26.5
764 27.1
696 27.0
618 27.3
529 26.9
435 27.7
334 27.6
233 27.0
135 27.3
45 28.1
-32 28.9
-82 27.9
-86 27.8
-86 27.3
-86 26.7
-86 26.3
-86 23.5
-86 23.3
-86 23.0
-86 22.4
-86 22.0
-86 22.5
-86 21.4
-86 21.7
-86 21.3
-86 21.4
-86 21.4
-86 21.3
-86 21.9
-86 21.5
-85 20.8
-55 20.8
21 21.0
113 21.1
214 21.9
318 23.1
421 25.2
520 24.5
611 24.5
695 24.8
768 24.9
828 25.1
872 26.4
903 27.3
919 28.2
919 29.6
906 30.6
872 31.5
824 32.1
764 33.1
693 33.6
610 33.3
521 32.9
424 33.7
327 33.8
228 33.7
133 33.8
46 32.7
-31 32.0
-81 30.9
-86 32.8
-86 32.8
-86 30.5
-86 29.4
-86 29.3
-86 28.5
-86 28.0
-86 27.3
-86 25.8
-86 24.7
-86 24.0
-86 23.4
-86 23.1
-86 23.2
-86 22.8
-86 22.2
-86 22.1
-86 21.6
-85 21.8
-55 22.5
21 22.7
112 22.5
210 22.9
314 23.6
417 25.5
515 24.3
605 24.2
688 25.1
761 26.3
821 27.8
868 28.3
899 30.7
916 32.4
916 33.8
902 34.6
872 35.9
827 36.0
768 36.0
700 35.0
619 35.8
530 35.7
435 34.4
337 33.8
235 33.6
137 33.5
48 33.3
-31 33.0
-81 33.1
-86 33.1
-86 33.3
-86 32.9
-86 31.7
-86 31.5
-86 31.1
-86 31.1
-86 30.0
-86 30.5
-86 29.4
-86 26.0
-86 29.2
-86 28.3
-86 26.2
-86 24.6
-86 24.8
-86 24.4
-86 23.5
-85 23.6
-54 23.1
21 22.7
118 23.6
211 24.3
309 26.2
427 28.8
466 28.3
606 28.7
697 29.1
767 30.0
830 32.0
878 32.1
908 31.9
919 31.9
916 33.2
900 33.3
867 33.6
816 34.0
769 34.2
709 34.3
630 34.3
553 35.5
421 36.7
273 35.9
175 36.9
160 36.5
55 36.4
-50 35.4
-81 35.4
-86 34.0
-86 31.6
-86 32.3
-86 30.8
-86 30.4
-86 30.4
-86 31.3
-86 31.9
-86 30.1
-86 30.1
-86 29.2
-86 29.7
-86 29.5
-86 28.4
-86 28.1
-86 28.1
-86 26.6
-86 27.8
-85 27.8
-50 26.0
36 23.6
129 25.5
229 24.6
332 25.5
433 27.8
531 27.7
622 28.5
702 29.1
772 29.3
832 29.6
877 32.2
910 33.2
924 32.2
924 31.6
907 32.2
878 33.0
831 32.8
773 33.3
711 33.0
629 33.9
537 33.3
436 32.6
341 32.8
245 33.4
152 33.2
60 32.8
-27 32.4
-83 33.2
-86 31.9
-86 32.1
-86 33.1
-86 33.1
-86 31.2
-86 30.9
-86 27.6
-86 28.2
-86 28.0
-86 29.2
-86 29.0
-86 27.9
-86 28.1
-86 28.3
-86 26.9
-86 27.5
-86 27.1
-86 26.5
-86 26.4
-75 26.4
-57 26.8
23 26.5
121 26.3
90 25.9
439 26.5
285 26.6
557 26.7
528 27.3
771 28.4
829 29.9
528 30.9
866 31.8
486 32.0
948 32.2
910 31.0
879 32.8
835 33.1
776 32.6
522 31.8
238 31.4
473 31.6
257 31.5
340 31.7
243 31.6
146 33.0
31 33.5
-28 33.2
-80 31.8
-86 31.6
-86 31.5
-86 28.9
-86 29.1
-86 28.6
-86 27.7
-86 27.1
-86 26.9
-86 27.2
-86 26.8
-86 25.7
-86 24.2
-86 23.7
-86 23.1
-86 22.6
-86 22.4
-86 22.1
-86 21.7
-84 21.8
-54 22.3
15 21.9
89 22.2
211 23.2
311 24.0
414 24.8
509 23.7
598 24.0
682 25.7
755 26.9
812 30.0
862 31.3
887 32.4
911 32.7
911 32.1
894 32.7
862 32.8
818 33.0
760 33.6
693 34.1
612 34.1
525 34.4
430 34.6
333 34.9
207 35.2
137 34.2
48 33.6
-26 32.5
-79 32.0
-86 31.5
-86 31.0
-86 30.5
-86 31.1
-86 31.4
-86 30.7
-86 29.9
-86 29.5
-86 29.4
-86 29.5
-86 29.1
-86 28.7
-86 28.6
-86 28.2
-86 28.4
-86 28.1
-86 27.6
-86 27.5
-84 27.5
-54 27.5
25 27.4
118 27.3
224 27.4
300 27.7
422 27.9
493 28.1
570 28.3
688 28.1
761 28.4
816 29.5
859 29.8
896 29.6
914 29.9
913 31.1
896 31.6
866 33.0
827 32.6
754 32.6
693 33.2
593 34.0
482 33.7
409 33.8
328 33.5
109 33.0
74 32.6
62 32.5
-39 32.5
-80 31.3
-86 31.4
-86 31.0
-86 31.2
-86 31.1
-86 31.4
-86 30.4
-86 29.5
-86 28.9
-86 30.0
-86 29.2
-86 27.9
-86 26.5
-86 26.2
-86 25.3
-86 25.3
-86 25.1
-86 24.7
-86 24.2
-85 24.0
-70 23.8
-33 23.2
88 24.4
213 25.6
323 26.6
412 27.2
429 27.4
318 25.1
276 26.1
677 26.9
843 28.2
934 29.4
887 30.8
724 32.1
619 33.8
473 33.8
757 34.4
810 35.1
783 35.4
716 35.9
669 36.0
599 36.0
480 36.5
375 37.1
248 36.9
151 34.5
77 33.5
-8 32.3
-75 31.9
-86 31.8
-86 31.0
-86 29.7
-86 30.5
-86 31.6
-86 31.4
-86 30.8
-86 30.5
-86 30.3
-86 29.8
-86 29.1
-86 27.5
-86 25.5
-86 24.9
-86 24.4
-86 24.6
-86 24.2
-86 23.6
-84 23.5
-50 23.7
27 23.6
114 23.9
213 24.7
316 25.7
419 27.8
517 27.9
608 29.0