0.00 6.00
0.00 5.99
0.00 5.99
0.00 5.99
0.00 5.99
0.00 5.98
0.00 5.99
0.00 5.98
0.00 5.98
0.00 5.98
0.00 5.98
0.00 5.98
0.00 5.98
0.00 5.98
0.00 5.98
0.00 5.98
0.00 5.97
0.00 5.98
0.00 5.99
0.00 5.99
0.00 6.00
0.00 6.00
0.00 6.00
0.00 6.00
0.00 6.00
0.00 6.00
0.00 6.00
0.00 6.00
0.00 6.01
0.00 6.01
0.00 6.01
0.00 6.01
0.00 6.00
0.00 6.01
0.00 6.00
0.00 6.01
0.00 6.01
0.00 6.01
0.00 6.01
0.00 6.01
0.00 6.01
0.00 6.00
0.00 5.99
0.00 5.98
0.00 5.98
0.00 5.98
0.00 5.98
0.00 5.98
0.00 5.98
0.00 5.98
0.00 5.98
0.00 5.98
0.00 5.98
0.00 5.98
0.00 5.98
0.00 5.97
0.00 5.98
0.00 5.98
0.00 5.97
0.00 5.98
0.00 5.97
0.00 5.97
0.00 5.97
0.00 5.98
0.00 5.97
0.00 5.98
0.00 5.98
0.00 5.98
0.00 5.98
0.00 5.99
0.00 5.99
0.00 5.99
0.00 6.00
0.00 6.01
0.00 6.00
0.00 6.01
0.00 6.00
0.00 6.01
0.00 6.00
0.00 6.01
0.00 6.01
0.00 6.01
0.00 6.01
0.00 6.01
0.00 6.01
0.00 6.01
0.00 6.01
0.00 6.01
0.00 6.00
0.00 5.99
0.00 5.98
0.00 5.98
0.00 5.97
0.00 5.97
0.00 5.96
0.00 5.96
0.00 5.96
0.00 5.96
0.00 5.97
0.00 5.96
0.00 5.96
0.00 5.95
0.00 5.96
0.00 5.96
0.00 5.96
0.00 5.96
0.00 5.96
0.00 5.96
0.00 5.96
0.00 5.96
0.00 5.96
0.00 5.96
0.00 5.95
0.00 5.96
0.00 5.96
0.00 5.96
0.00 5.97
0.00 5.97
0.00 5.98
0.00 5.97
0.00 5.97
0.00 5.97
0.00 5.97
0.00 5.97
0.00 5.97
0.00 5.97
0.00 5.98
0.00 5.98
0.00 5.98
0.00 5.99
0.00 5.99
0.00 6.00
0.00 6.00
0.00 6.00
0.00 6.00
0.00 6.00
0.00 6.01
0.00 6.14
0.01 6.25
0.00 6.22
0.00 6.19
0.00 6.14
0.00 6.12
0.00 6.09
0.00 6.08
0.00 6.07
0.00 6.06
0.00 6.04
0.00 6.03
0.00 6.03
0.00 6.02
0.00 6.01
0.00 6.01
0.00 6.01
0.00 6.00
0.00 6.01
0.00 6.01
0.00 6.01
0.00 6.01
0.00 6.00
0.00 6.01
0.00 6.02
0.00 6.04
0.00 6.05
0.00 6.05
0.00 6.06
0.00 6.07
0.00 6.08
0.00 6.10
0.00 6.11
0.00 6.13
0.04 6.14
0.01 6.16
0.00 6.18
0.00 6.20
0.00 6.21
0.00 6.22
0.00 6.24
0.01 6.26
0.00 6.27
0.00 6.28
0.00 6.30
0.00 6.31
0.00 6.33
0.00 6.34
0.00 6.34
0.00 6.35
0.00 6.36
0.00 6.36
0.00 6.37
0.00 6.38
0.00 6.38
0.00 6.38
0.00 6.38
0.00 6.38
0.00 6.38
0.00 6.37
0.00 6.37
0.00 6.36
0.00 6.35
0.00 6.35
0.00 6.34
0.00 6.33
0.00 6.32
0.00 6.32
0.00 6.31
0.00 6.31
0.00 6.30
0.00 6.31
0.00 6.31
0.00 6.31
0.00 6.30
0.00 6.30
0.00 6.29
0.00 6.29
0.00 6.29
0.00 6.28
0.00 6.27
0.00 6.27
0.00 6.26
0.00 6.26
0.00 6.26
0.00 6.25
0.00 6.25
0.00 6.25
0.02 6.26
0.49 6.28
0.00 6.28
0.00 6.30
0.00 6.30
0.00 6.30
0.00 6.31
0.00 6.32
0.00 6.32
0.00 6.33
0.00 6.34
0.00 6.36
0.00 6.37
0.00 6.37
0.00 6.38
0.00 6.39
0.00 6.39
0.00 6.40
0.00 6.40
0.00 6.41
0.00 6.41
0.00 6.41
0.00 6.41
0.00 6.42
0.00 6.42
0.00 6.42
0.00 6.42
0.00 6.44
0.00 6.45
0.00 6.48
0.00 6.51
0.00 6.54
0.00 6.56
0.00 6.56
0.00 6.56
0.00 6.57
0.00 6.56
0.01 6.56
0.01 6.57
0.00 6.57
0.00 6.57
0.00 6.57
0.00 6.56
0.00 6.55
0.00 6.54
0.00 6.53
0.00 6.53
0.00 6.51
0.00 6.54
0.00 6.53
0.00 6.53
0.00 6.54
0.00 6.54
0.00 6.53
0.00 6.52
0.00 6.52
0.00 6.51
0.00 6.50
0.00 6.50
0.00 6.49
0.00 6.49
0.00 6.49
0.00 6.49
0.00 6.49
0.00 6.49
0.00 6.49
0.00 6.50
0.00 6.50
0.00 6.51
0.00 6.51
0.00 6.52
0.00 6.52
0.00 6.52
0.00 6.53
0.00 6.53
0.00 6.54
0.00 6.54
0.00 6.55
0.00 6.55
0.00 6.56
0.00 6.58
0.00 6.60
0.00 6.62
0.00 6.62
0.00 6.63
0.00 6.64
0.00 6.64
0.00 6.65
0.00 6.65
0.00 6.65
0.00 6.64
0.00 6.64
0.00 6.64
0.00 6.63
0.00 6.63
0.00 6.62
0.00 6.63
0.00 6.63
0.00 6.63
0.00 6.64
0.00 6.65
0.00 6.66
0.00 6.68
0.00 6.69
0.00 6.71
0.00 6.73
0.00 6.75
0.00 6.77
0.00 6.79
0.00 6.81
0.00 6.83
0.00 6.85
0.00 6.86
0.00 6.88
0.00 6.88
0.00 6.90
0.00 6.90
0.00 6.91
0.00 6.91
0.00 6.91
0.00 6.91
0.00 6.92
0.00 6.92
0.00 6.92
0.00 6.92
0.00 6.91
0.00 6.91
0.00 6.91
0.00 6.90
0.00 6.90
0.00 6.90
0.00 6.89
0.00 6.89
0.00 6.88
0.00 6.88
0.00 6.87
0.00 6.87
0.00 6.86
0.00 6.85
0.00 6.85
0.00 6.85
0.00 6.84
0.00 6.84
0.00 6.83
0.00 6.82
0.00 6.82
0.00 6.81
0.00 6.81
0.00 6.80
0.00 6.80
0.00 6.80
0.00 6.79
0.00 6.79
0.00 6.78
0.00 6.77
0.00 6.76
0.00 6.75
0.00 6.75
0.00 6.74
0.00 6.74
0.00 6.73
0.00 6.73
0.00 6.72
0.00 6.72
0.00 6.71
0.00 6.71
0.00 6.71
0.00 6.71
0.00 6.71
0.00 6.71
0.00 6.71
0.00 6.71
0.01 6.71
0.01 6.71
0.00 6.72
0.00 6.72
0.00 6.72
0.00 6.73
0.00 6.72
0.00 6.73
0.00 6.73
0.00 6.74
0.01 6.75
0.00 6.76
0.00 6.78
0.01 6.81
0.02 6.83
0.00 6.86
0.01 6.88
0.00 6.91
0.00 6.96
0.00 7.01
0.00 7.08
0.00 7.16
0.00 7.25
0.00 7.35
0.00 7.42
0.00 7.49
0.00 7.56
0.00 7.61
0.00 7.65
0.00 7.69
0.00 7.72
0.00 7.74
0.00 7.75
0.00 7.76
0.00 7.76
0.00 7.77
0.00 7.76
0.00 7.76
0.00 7.76
0.00 7.76
0.00 7.76
0.00 7.76
0.00 7.75
0.00 7.75
0.00 7.76
0.00 7.76
0.00 7.76
0.00 7.77
0.00 7.77
0.00 7.77
0.00 7.80
0.00 7.80
0.00 7.82
0.00 7.83
0.00 7.83
0.00 7.85
0.00 7.86
0.00 7.85
0.00 7.87
0.00 7.87
0.00 7.87
0.00 7.87
0.00 7.88
0.00 7.88
0.00 7.89
0.00 7.88
0.00 7.87
0.00 7.86
0.00 7.87
0.00 7.85
0.00 7.85
0.00 7.84
0.00 7.83
0.00 7.82
0.00 7.81
0.00 7.80
0.00 7.78
0.00 7.77
0.00 7.75
0.00 7.74
0.00 7.73
0.00 7.72
0.00 7.71
0.00 7.70
0.00 7.69
0.00 7.67
0.00 7.66
0.00 7.65
0.00 7.63
0.00 7.62
0.00 7.61
0.00 7.60
0.00 7.59
0.00 7.58
0.00 7.57
0.00 7.55
0.00 7.54
0.00 7.53
0.00 7.52
0.00 7.51
0.00 7.50
0.00 7.49
0.00 7.48
0.00 7.46
0.00 7.46
0.00 7.44
0.00 7.43
0.00 7.43
0.00 7.41
0.00 7.41
0.00 7.40
0.00 7.39
0.00 7.37
0.00 7.37
0.00 7.35
0.00 7.35
0.00 7.33
0.00 7.32
0.00 7.31
0.00 7.30
0.00 7.29
0.00 7.28
0.00 7.27
0.00 7.26
0.00 7.24
0.00 7.23
0.00 7.23
0.00 7.22
0.00 7.21
0.00 7.20
0.00 7.19
0.00 7.19
0.00 7.18
0.00 7.17
0.00 7.16
0.00 7.16
0.00 7.15
0.00 7.15
0.00 7.14
0.00 7.13
0.00 7.13
0.00 7.12
0.00 7.12
0.00 7.11
0.00 7.11
0.00 7.10
0.00 7.09
0.00 7.09
0.00 7.08
0.00 7.08
0.00 7.07
0.00 7.07
0.00 7.06
0.00 7.05
0.00 7.07
0.00 7.05
0.00 7.04
0.00 7.03
0.00 7.02
0.00 7.02
0.00 7.02
0.00 7.01
0.00 7.01
0.00 7.00
0.00 7.00
0.00 6.99
0.00 6.98
0.00 6.98
0.00 6.97
0.00 6.96
0.00 6.96
0.00 6.95
0.00 6.95
0.00 6.94
0.00 6.93
0.00 6.92
0.00 6.92
0.00 6.91
0.00 6.91
0.00 6.91
0.00 6.90
0.00 6.89
0.00 6.89
0.00 6.88
0.00 6.88
0.00 6.88
0.00 6.87
0.00 6.87
0.00 6.86
0.00 6.85
0.00 6.84
0.00 6.83
0.00 6.83
0.00 6.82
0.00 6.81
0.00 6.80
0.00 6.80
0.00 6.79
0.00 6.79
0.00 6.79
0.02 6.78
0.02 6.78
0.01 6.77
0.00 6.77
0.00 6.76
0.02 6.76
0.00 6.75
0.01 6.76
0.01 6.75
0.04 6.75
0.02 6.75
0.03 6.75
0.01 6.75
0.01 6.74
0.01 6.74
0.01 6.74
0.00 6.73
0.01 6.73
0.10 6.74
0.04 6.73
0.00 6.73
0.01 6.72
0.00 6.72
0.00 6.72
0.00 6.72
0.01 6.73
0.00 6.72
0.00 6.72
0.00 6.72
0.00 6.72
0.00 6.72
0.05 6.72
0.12 6.73
0.16 6.76
0.06 6.79
0.08 6.81
0.15 6.84
0.07 6.87
0.09 6.89
0.09 6.94
0.01 6.97
0.00 7.00
0.00 7.03
0.00 7.06
0.00 7.10
0.00 7.15
0.02 7.18
0.00 7.23
0.07 7.28
0.38 7.36
0.02 7.43
0.09 7.49
0.01 7.56
0.00 7.63
0.01 7.73
0.00 7.82
0.00 7.93
0.00 8.04
0.01 8.13
0.00 8.22
0.00 8.29
0.00 8.34
0.00 8.39
0.00 8.42
0.00 8.44
0.00 8.46
0.00 8.47
0.00 8.47
0.00 8.48
0.00 8.47
0.00 8.47
0.00 8.46
0.00 8.45
0.00 8.44
0.00 8.42
0.00 8.41
0.00 8.39
0.00 8.36
0.00 8.34
0.00 8.32
0.00 8.30
0.00 8.28
0.00 8.25
0.00 8.22
0.00 8.20
0.00 8.16
0.00 8.13
0.02 8.09
0.07 8.06
0.00 8.04
0.00 8.00
0.04 7.97
0.00 7.95
0.00 7.93
0.00 7.91
0.00 7.88
0.00 7.87
0.00 7.86
0.00 7.82
0.00 7.81
0.00 7.79
0.00 7.77
0.00 7.77
0.00 7.77
0.00 7.76
0.00 7.75
0.00 7.73
0.00 7.72
0.00 7.71
0.00 7.69
0.00 7.67
0.00 7.65
0.00 7.64
0.00 7.62
0.00 7.61
0.00 7.60
0.00 7.58
0.00 7.57
0.00 7.56
0.00 7.55
0.00 7.55
0.00 7.54
0.00 7.53
0.00 7.53
0.00 7.52
0.00 7.52
0.00 7.51
0.00 7.51
0.00 7.50
0.00 7.50
0.00 7.50
0.00 7.49
0.00 7.48
0.00 7.47
0.00 7.46
0.00 7.45
0.00 7.44
0.00 7.43
0.00 7.42
0.00 7.41
0.00 7.40
0.00 7.39
0.00 7.39
0.00 7.37
0.00 7.36
0.00 7.35
0.01 7.35
0.06 7.35
0.76 7.41
0.01 7.45
0.00 7.45
0.00 7.45
0.00 7.48
0.00 7.51
0.00 7.54
0.00 7.58
0.00 7.63
0.00 7.71
0.00 7.79
0.00 7.87
0.00 7.98
0.00 8.13
0.00 8.32
0.00 8.53
0.00 8.70
0.00 8.86
0.00 8.96
0.00 9.04
0.00 9.06
0.00 9.04
0.00 8.99
0.00 8.94
0.00 8.88
0.00 8.82
0.00 8.78
0.00 8.74
0.00 8.71
0.00 8.68
0.00 8.65
0.00 8.62
0.00 8.59
0.00 8.55
0.00 8.51
0.00 8.47
0.00 8.43
0.00 8.39
0.00 8.35
0.00 8.32
0.00 8.30
0.00 8.26
0.00 8.24
0.00 8.22
0.00 8.19
0.00 8.17
0.00 8.16
0.00 8.14
0.00 8.13
0.00 8.12
0.00 8.10
0.00 8.10
0.00 8.08
0.00 8.07
0.00 8.04
0.00 8.02
0.00 8.01
0.00 7.99
0.00 7.97
0.00 7.95
0.00 7.93
0.00 7.91
0.00 7.90
0.00 7.87
0.00 7.85
0.00 7.83
0.00 7.82
0.00 7.81
0.00 7.78
0.00 7.77
0.00 7.75
0.00 7.74
0.00 7.73
0.00 7.72
0.00 7.71
0.00 7.70
0.00 7.68
0.00 7.67
0.00 7.66
0.00 7.65
0.00 7.64
0.00 7.63
0.00 7.62
0.00 7.60
0.00 7.59
0.00 7.58
0.00 7.57
0.00 7.56
0.00 7.56
0.00 7.55
0.00 7.53
0.00 7.52
0.00 7.52
0.00 7.51
0.00 7.52
0.00 7.49
0.00 7.48
0.00 7.47
0.00 7.47
0.00 7.45
0.00 7.44
0.00 7.43
0.00 7.42
0.00 7.43
0.00 7.42
0.00 7.40
0.00 7.40
0.00 7.38
0.00 7.37
0.00 7.36
0.00 7.34
0.00 7.33
0.00 7.32
0.00 7.31
0.00 7.31
0.00 7.30
0.00 7.29
0.00 7.29
0.00 7.29
0.00 7.28
0.00 7.26
0.00 7.26
0.00 7.25
0.00 7.25
0.00 7.24
0.00 7.23
0.00 7.23
0.00 7.22
0.00 7.22
0.00 7.20
0.00 7.20
0.00 7.19
0.00 7.18
0.00 7.18
0.00 7.17
0.00 7.17
0.00 7.17
0.00 7.17
0.00 7.18
0.00 7.17
0.00 7.17
0.00 7.14
0.00 7.15
0.00 7.13
0.00 7.13
0.00 7.13
0.00 7.12
0.00 7.10
0.00 7.12
0.00 7.10
0.00 7.11
0.00 7.10
0.00 7.09
0.00 7.08
0.00 7.09
0.00 7.07
0.00 7.07
0.00 7.07
0.00 7.06
0.00 7.05
0.00 7.05
0.00 7.04
0.00 7.04
0.00 7.02
0.00 7.01
0.00 7.01
0.00 7.01
0.00 6.99
0.00 6.99
0.00 6.99
0.00 6.99
0.00 6.98
0.00 6.97
0.00 6.97
0.00 6.96
0.00 6.95
0.00 6.95
0.00 6.94
0.00 6.94
0.00 6.93
0.00 6.93
0.00 6.92
0.00 6.92
0.00 6.91
0.00 6.92
0.00 6.91
0.00 6.90
0.00 6.90
0.00 6.90
0.00 6.89
0.00 6.88
0.00 6.87
0.00 6.87
0.00 6.88
0.00 6.87
0.00 6.86
0.00 6.87
0.00 6.86
0.00 6.86
0.00 6.85
0.00 6.86
0.00 6.85
0.00 6.85
0.00 6.85
0.00 6.84
0.00 6.83
0.00 6.83
0.00 6.82
0.00 6.82
0.00 6.81
0.00 6.81
0.00 6.80
0.00 6.80
0.00 6.80
0.00 6.79
0.00 6.79
0.00 6.79
0.00 6.78
0.00 6.78
0.00 6.77
0.00 6.77
0.00 6.77
0.00 6.76
0.00 6.76
0.00 6.76
0.00 6.75
0.00 6.75
0.00 6.75
0.00 6.74
0.00 6.74
0.00 6.74
0.00 6.73
0.00 6.73
0.00 6.73
0.00 6.73
0.00 6.74
0.00 6.73
0.01 6.73
0.01 6.73
0.02 6.72
0.01 6.72
0.00 6.72
0.00 6.72
0.00 6.71
0.00 6.72
0.01 6.72
0.00 6.71
0.00 6.71
0.03 6.71
0.01 6.71
0.00 6.70
0.00 6.71
0.00 6.71
0.00 6.70
0.00 6.70
0.00 6.71
0.00 6.70
0.00 6.69
0.00 6.69
0.03 6.69
0.02 6.69
0.05 6.70
0.09 6.71
0.07 6.72
0.01 6.72
0.01 6.73
0.04 6.73
0.04 6.74
0.04 6.75
0.02 6.75
0.01 6.76
0.00 6.76
0.01 6.76
0.00 6.76
0.00 6.76
0.00 6.76
0.00 6.76
0.00 6.76
0.00 6.76
0.00 6.76
0.00 6.76
0.00 6.76
0.00 6.77
0.00 6.76
0.00 6.77
0.00 6.77
0.00 6.77
0.01 6.79
0.01 6.80
0.03 6.80
0.00 6.81
0.00 6.82
0.01 6.83
0.02 6.83
0.01 6.85
0.02 6.86
0.02 6.87
0.03 6.88
0.01 6.89
0.01 6.90
0.01 6.91
0.00 6.92
0.00 6.93
0.02 6.93
0.01 6.93
0.00 6.93
0.00 6.93
0.00 6.93
0.00 6.94
0.00 6.94
0.00 6.94
0.00 6.94
0.00 6.94
0.01 6.94
0.01 6.95
0.00 6.96
0.00 6.96
0.00 6.97
0.00 6.99
0.00 7.00
0.00 7.02
0.00 7.04
0.00 7.06
0.00 7.09
0.00 7.11
0.00 7.12
0.00 7.14
0.00 7.16
0.00 7.18
0.00 7.19
0.00 7.21
0.00 7.20
0.00 7.21
0.00 7.21
0.00 7.20
0.00 7.20
0.00 7.18
0.00 7.18
0.00 7.17
0.00 7.17
0.00 7.14
0.00 7.13
0.00 7.12
0.00 7.12
0.00 7.10
0.00 7.10
0.00 7.09
0.00 7.08
0.00 7.06
0.00 7.06
0.00 7.04
0.00 7.03
0.00 7.03
0.00 7.01
0.00 7.00
0.00 6.99
0.00 6.98
0.00 6.97
0.00 6.96
0.00 6.95
0.00 6.95
0.00 6.94
0.00 6.93
0.00 6.92
0.00 6.92
0.00 6.91
0.00 6.90
0.00 6.89
0.00 6.89
0.00 6.88
0.00 6.87
0.00 6.87
0.00 6.86
0.00 6.86
0.00 6.86
0.00 6.85
0.00 6.85
0.00 6.85
0.00 6.84
0.00 6.83
0.00 6.83
0.00 6.82
0.00 6.81
0.00 6.81
0.00 6.81
0.00 6.81
0.00 6.81
0.00 6.80
0.00 6.80
0.00 6.78
0.00 6.77
0.00 6.78
0.00 6.80
0.01 6.77
0.00 6.76
0.00 6.75
0.00 6.76
0.00 6.76
0.00 6.74
0.00 6.74
0.00 6.73
0.00 6.72
0.00 6.72
0.00 6.71
0.00 6.71
0.00 6.70
0.00 6.70
0.00 6.69
0.00 6.69
0.00 6.69
0.00 6.68
0.00 6.68
0.00 6.68
0.00 6.68
0.00 6.68
0.00 6.67
0.00 6.67
0.00 6.67
0.00 6.68
0.00 6.67
0.00 6.67
0.00 6.67
0.00 6.66
0.00 6.66
0.00 6.66
0.00 6.67
0.00 6.65
0.00 6.65
0.00 6.65
0.00 6.65
0.00 6.64
0.00 6.64
0.00 6.64
0.00 6.64
0.00 6.62
0.00 6.62
0.00 6.63
0.00 6.64
0.00 6.62
0.00 6.61
0.00 6.62
0.00 6.61
0.00 6.61
0.00 6.61
0.00 6.60
0.00 6.59
0.00 6.59
0.00 6.59
0.00 6.58
0.00 6.58
0.00 6.57
0.00 6.57
0.00 6.57
0.00 6.56
0.00 6.56
0.00 6.56
0.00 6.56
0.00 6.56
0.00 6.55
0.00 6.55
0.00 6.55
0.00 6.55
0.00 6.54
0.00 6.54
0.00 6.54
0.00 6.54
0.00 6.54
0.00 6.53
0.00 6.54
0.00 6.53
0.00 6.53
0.00 6.55
0.00 6.55
0.00 6.55
0.00 6.55
0.00 6.55
0.00 6.55
0.00 6.55
0.00 6.55
0.00 6.54
0.00 6.55
0.00 6.54
0.00 6.54
0.00 6.54
0.00 6.54
0.00 6.54
0.00 6.54
0.00 6.54
0.00 6.53
0.00 6.53
0.00 6.53
0.00 6.53
0.00 6.52
0.00 6.52
0.00 6.52
0.00 6.52
0.00 6.52
0.00 6.51
0.00 6.50
0.00 6.50
0.00 6.50
0.00 6.49
0.00 6.49
0.00 6.49
0.00 6.49
0.00 6.48
0.00 6.48
0.00 6.48
0.00 6.48
0.00 6.48
0.00 6.47
0.00 6.47
0.00 6.47
0.00 6.47
0.00 6.46
0.00 6.46
0.00 6.46
0.00 6.46
0.00 6.46
0.00 6.46
0.00 6.47
0.00 6.47
0.00 6.48
0.00 6.48
0.00 6.48
0.00 6.48
0.00 6.48
0.00 6.47
0.00 6.47
0.00 6.47
0.00 6.47
0.00 6.46
0.00 6.46
0.00 6.46
0.00 6.45
0.00 6.45
0.00 6.45
0.00 6.45
0.00 6.44
0.00 6.45
0.00 6.44
0.00 6.44
0.00 6.44
0.00 6.44
0.00 6.42
0.00 6.41
0.00 6.40
0.00 6.39
0.00 6.39
0.00 6.39
0.00 6.39
0.00 6.38
0.00 6.38
0.00 6.39
0.00 6.39
0.00 6.38
0.00 6.39
0.01 6.38
0.01 6.38
0.00 6.38
0.00 6.38
0.00 6.38
0.01 6.38
0.01 6.38
0.01 6.39
0.02 6.40
0.00 6.40
0.01 6.41
0.00 6.41
0.00 6.41
0.01 6.41
0.01 6.41
0.00 6.41
0.02 6.42
0.02 6.41
0.03 6.42
0.01 6.42
0.02 6.42
0.02 6.42
0.02 6.42
0.01 6.43
0.00 6.43
0.01 6.43
0.02 6.43
0.00 6.43
0.01 6.43
0.02 6.44
0.01 6.43
0.00 6.43
0.00 6.43
0.00 6.43
0.04 6.44
0.07 6.43
0.04 6.43
0.08 6.43
0.02 6.44
0.03 6.44
0.03 6.45
0.03 6.46
0.01 6.46
0.01 6.47
0.01 6.47
0.01 6.48
0.00 6.48
0.00 6.49
0.00 6.49
0.00 6.50
0.00 6.51
0.00 6.53
0.00 6.53
0.00 6.54
0.00 6.55
0.00 6.55
0.00 6.56
0.00 6.55
0.00 6.56
0.00 6.59
0.00 6.61
0.00 6.62
0.00 6.64
0.00 6.65
0.00 6.67
0.00 6.68
0.00 6.69
0.00 6.70
0.00 6.71
0.00 6.72
0.00 6.72
0.00 6.72
0.00 6.73
0.00 6.73
0.00 6.73
0.00 6.73
0.00 6.72
0.00 6.72
0.00 6.71
0.00 6.71
0.00 6.70
0.00 6.69
0.00 6.69
0.00 6.67
0.00 6.66
0.00 6.65
0.00 6.64
0.00 6.64
0.00 6.63
0.00 6.62
0.00 6.62
0.00 6.61
0.00 6.61
0.00 6.61
0.00 6.60
0.00 6.60
0.00 6.59
0.00 6.59
0.00 6.59
0.00 6.59
0.00 6.58
0.00 6.58
0.00 6.58
0.00 6.58
0.00 6.58
0.00 6.58
0.00 6.57
0.00 6.58
0.00 6.58
0.00 6.58
0.00 6.60
0.00 6.59
0.00 6.58
0.00 6.58
0.00 6.58
0.00 6.58
0.00 6.57
0.00 6.58
0.00 6.58
0.00 6.57
0.00 6.57
0.00 6.57
0.00 6.57
0.00 6.57
0.00 6.56
0.00 6.56
0.00 6.56
0.00 6.56
0.00 6.56
0.00 6.55
0.00 6.55
0.00 6.54
0.00 6.53
0.00 6.52
0.00 6.51
0.00 6.51
0.03 6.51
0.05 6.51
0.08 6.52
0.42 6.58
0.19 6.67
0.02 6.75
0.00 6.74
0.00 6.74
0.00 6.76
0.00 6.78
0.00 6.81
0.00 6.87
0.00 6.95
0.00 7.04
0.00 7.18
0.01 7.32
0.01 7.46
0.00 7.60
0.00 7.73
0.00 7.87
0.00 8.00
0.00 8.13
0.00 8.24
0.00 8.33
0.00 8.38
0.00 8.39
0.00 8.41
0.00 8.40
0.00 8.40
0.00 8.38
0.00 8.37
0.00 8.37
0.00 8.38
0.00 8.38
0.00 8.40
0.00 8.38
0.00 8.38
0.00 8.36
0.00 8.33
0.00 8.30
0.00 8.27
0.00 8.22
0.00 8.17
0.00 8.13
0.00 8.08
0.00 8.04
0.00 8.00
0.00 7.93
0.00 7.91
0.00 7.89