62.1 62.22
62.6 62.21
62.7 62.20
64.2 62.19
64.4 62.18
64.6 62.16
65.2 62.15
65.9 62.14
68.0 62.13
70.5 62.12
74.6 62.11
74.8 62.11
75.6 62.11
62.1 62.12
63.0 62.13
65.2 62.13
67.6 62.12
68.7 62.11
70.1 62.11
69.0 62.09
69.1 62.06
67.0 62.03
66.2 62.02
64.4 62.01
62.6 62.01
61.6 62.00
61.3 62.00
60.7 62.00
60.3 62.00
60.3 62.00
60.9 62.00
60.9 62.00
62.4 62.00
64.0 62.00
66.5 62.00
70.1 62.00
71.5 62.00
73.9 62.02
71.2 62.03
73.0 62.04
74.8 62.05
75.1 62.05
73.2 62.06
71.6 62.06
69.5 62.05
66.9 62.04
65.4 62.03
64.2 62.02
61.9 62.01
59.1 62.01
57.3 62.01
56.8 62.00
54.7 62.00
54.6 61.99
54.6 61.99
54.6 61.99
53.8 62.00
53.0 62.00
51.8 62.00
50.5 62.00
51.3 62.00
50.7 62.01
51.2 62.00
51.4 62.01
51.1 62.02
50.5 62.03
50.1 62.04
49.5 62.04
49.3 62.03
49.3 62.00
48.7 62.00
48.0 62.01
47.9 62.00
47.6 61.99
47.3 61.97
46.9 61.97
46.2 61.96
46.0 61.95
46.2 61.95
46.3 61.95
45.2 61.95
46.9 61.95
48.9 61.95
51.0 61.95
51.8 61.95
53.4 61.95
53.6 61.96
56.8 61.97
59.2 61.97
59.9 61.97
57.0 61.98
56.6 61.99
54.6 62.00
53.8 62.00
53.8 62.00
53.4 62.00
52.8 61.99
52.7 61.99
52.1 61.98
52.6 61.98
51.8 61.98
51.4 61.98
51.4 61.98
51.2 61.99
53.0 62.01
58.0 62.02
58.4 62.03
59.0 62.04
62.2 62.05
59.1 62.05
60.1 62.04
60.6 62.04
60.3 62.04
60.5 62.04
60.5 62.04
59.8 62.05
58.8 62.06
56.7 62.07
54.6 62.07
53.5 62.07
53.3 62.06
53.7 62.05
53.4 62.04
52.9 62.02
52.0 62.01
51.0 62.00
50.7 62.00
50.4 62.01
50.5 62.02
51.1 62.04
52.8 62.06
53.1 62.07
54.0 62.09
54.8 62.09
55.7 62.09
57.6 62.06
58.8 62.02
64.3 61.99
66.2 61.97
65.0 61.96
64.0 61.95
62.0 61.95
58.9 61.94
56.6 61.93
56.3 61.91
54.8 61.89
52.6 61.87
52.7 61.85
51.3 61.84
50.7 61.83
50.1 61.83
49.8 61.84
52.5 61.85
57.1 61.86
64.1 61.87
66.9 61.88
68.2 61.87
69.9 61.86
69.5 61.85
71.9 61.84
71.6 61.82
74.9 61.81
76.3 61.81
71.7 61.81
69.3 61.81
64.0 61.82
61.1 61.83
58.8 61.84
57.9 61.84
56.3 61.83
55.4 61.82
54.5 61.82
56.2 61.81
54.3 61.81
51.8 61.81
50.1 61.81
50.6 61.82
54.3 61.84
53.5 61.85
53.9 61.86
56.5 61.86
59.9 61.85
61.9 61.84
61.5 61.83
60.7 61.82
55.6 61.81
53.7 61.81
53.3 61.81
52.7 61.81
50.4 61.82
49.5 61.83
48.1 61.84
46.8 61.85
45.2 61.85
44.7 61.85
45.5 61.84
44.1 61.84
42.3 61.83
41.4 61.83
41.6 61.83
44.1 61.84
48.8 61.86
51.9 61.88
55.0 61.89
57.5 61.90
56.7 61.91
58.7 61.90
61.9 61.89
63.0 61.87
65.0 61.86
66.3 61.84
62.9 61.84
62.0 61.84
55.1 61.84
52.3 61.86
49.4 61.88
47.5 61.89
46.1 61.89
45.7 61.89
45.1 61.89
43.3 61.88
42.9 61.87
41.7 61.86
42.4 61.87
47.8 61.88
58.2 61.89
62.8 61.91
66.8 61.93
70.1 61.94
72.4 61.94
72.7 61.93
76.4 61.92
77.9 61.89
77.0 61.87
76.8 61.86
75.9 61.85
71.7 61.85
64.4 61.85
60.3 61.86
59.6 61.88
57.2 61.89
56.5 61.91
54.9 61.91
54.8 61.90
52.7 61.89
51.9 61.88
50.0 61.88
50.4 61.88
53.0 61.89
57.3 61.91
61.3 61.93
65.2 61.95
68.5 61.96
71.7 61.97
73.5 61.97
75.2 61.95
75.9 61.93
76.3 61.90
75.4 61.88
74.1 61.86
70.5 61.86
65.4 61.85
62.7 61.86
60.5 61.86
58.8 61.87
56.4 61.88
55.3 61.88
55.5 61.87
55.0 61.85
53.8 61.84
58.0 61.84
57.3 61.83
61.1 61.83
65.5 61.84
70.9 61.85
72.7 61.86
73.6 61.86
74.6 61.86
71.8 61.86
73.0 61.85
68.2 61.84
64.9 61.82
64.8 61.79
66.2 61.75
65.5 61.71
65.4 61.70
64.9 61.70
64.9 61.70
65.0 61.71
64.6 61.71
63.2 61.71
64.0 61.70
63.7 61.68
63.0 61.67
63.5 61.66
63.7 61.65
64.7 61.65
66.2 61.66
66.4 61.66
66.6 61.68
68.3 61.68
70.0 61.69
69.2 61.69
71.0 61.68
69.8 61.66
67.4 61.64
70.2 61.63
67.7 61.59
67.0 61.55
64.7 61.54
63.2 61.54
63.9 61.54
62.4 61.55
61.6 61.55
60.2 61.56
60.9 61.56
61.9 61.56
61.5 61.55
61.3 61.55
61.0 61.55
61.7 61.55
64.7 61.56
66.0 61.57
72.3 61.59
72.9 61.61
73.5 61.62
66.1 61.63
72.1 61.63
73.7 61.62
73.0 61.61
71.5 61.59
71.3 61.56
70.7 61.53
67.4 61.52
67.5 61.51
66.7 61.51
67.1 61.52
66.5 61.52
66.3 61.52
65.2 61.52
63.9 61.52
63.6 61.51
61.6 61.50
61.3 61.50
66.4 61.50
73.1 61.50
74.7 61.50
78.7 61.52
81.4 61.54
82.8 61.55
82.2 61.57
84.6 61.57
84.9 61.57
86.3 61.56
87.4 61.53
84.2 61.50
82.3 61.48
80.2 61.46
79.2 61.44
78.2 61.43
77.6 61.43
77.1 61.44
76.2 61.45
75.3 61.46
73.5 61.48
71.8 61.49
69.9 61.50
68.8 61.50
71.0 61.50
74.7 61.50
79.7 61.50
81.0 61.51
81.7 61.52
80.1 61.54
81.8 61.54
80.4 61.54
82.3 61.53
83.9 61.52
83.0 61.50
80.9 61.48
78.9 61.46
63.7 61.47
62.5 61.47
62.7 61.44
62.7 61.41
62.4 61.41
61.5 61.41
62.5 61.41
63.6 61.41
63.8 61.41
62.9 61.41
63.3 61.41
65.1 61.41
63.7 61.42
65.3 61.43
65.9 61.44
66.5 61.45
65.0 61.47
66.8 61.50
65.5 61.52
66.7 61.55
68.4 61.56
67.6 61.57
68.3 61.57
67.7 61.56
65.3 61.55
64.2 61.55
60.4 61.55
59.7 61.55
60.5 61.55
60.9 61.55
61.0 61.56
60.7 61.57
59.8 61.57
57.6 61.59
56.3 61.60
57.4 61.61
61.3 61.61
63.9 61.62
66.5 61.63
66.2 61.64
67.6 61.65
69.6 61.66
70.8 61.67
71.0 61.68
70.0 61.70
69.6 61.70
70.5 61.70
69.9 61.70
64.7 61.70
61.1 61.70
58.0 61.70
56.5 61.70
56.8 61.70
54.5 61.70
53.6 61.70
53.0 61.71
51.6 61.71
48.7 61.71
50.8 61.73
53.7 61.74
58.6 61.75
63.8 61.75
65.8 61.76
69.8 61.76
70.6 61.76
70.0 61.77
72.6 61.77
72.6 61.78
72.9 61.79
71.2 61.79
68.5 61.79
65.9 61.78
62.2 61.79
59.4 61.79
57.2 61.78
55.5 61.77
53.8 61.77
52.5 61.75
51.8 61.75
51.6 61.75
50.6 61.75
51.3 61.75
51.1 61.75
51.7 61.76
51.0 61.77
51.3 61.77
51.3 61.75
54.9 61.73
56.8 61.72
57.6 61.68
57.3 61.67
54.6 61.67
54.6 61.66
56.2 61.66
57.3 61.66
57.5 61.65
58.3 61.65
58.7 61.63
59.6 61.63
58.8 61.61
58.6 61.60
58.5 61.57
57.9 61.54
57.1 61.53
56.2 61.53
55.6 61.53
55.9 61.54
58.1 61.55
60.7 61.56
62.4 61.56
60.3 61.55
63.3 61.55
64.2 61.54
60.0 61.54
61.5 61.55
59.2 61.56
58.4 61.58
59.1 61.59
56.6 61.61
55.0 61.62
54.1 61.64
53.4 61.65
53.1 61.66
51.8 61.65
51.7 61.64
51.4 61.63
51.3 61.61
50.9 61.60
49.4 61.60
49.1 61.61
49.3 61.62
49.5 61.63
50.1 61.65
50.5 61.66
51.0 61.68
50.1 61.69
51.2 61.70
54.3 61.70
55.5 61.70
57.4 61.71
55.0 61.72
58.1 61.73
53.2 61.75
54.8 61.76
53.9 61.78
51.4 61.79
49.4 61.81
47.5 61.81
46.1 61.80
45.2 61.79
44.1 61.77
43.8 61.77
42.6 61.77
42.6 61.77
44.3 61.79
46.1 61.81
49.4 61.84
51.0 61.86
53.8 61.87
55.8 61.88
57.2 61.87
56.8 61.86
58.0 61.84
60.0 61.82
62.2 61.80
63.1 61.80
62.0 61.80
60.9 61.81
56.7 61.84
53.1 61.85
49.7 61.87
48.0 61.88
46.2 61.88
44.2 61.88
43.8 61.87
44.4 61.87
44.7 61.87
43.5 61.87
43.9 61.88
48.6 61.90
55.4 61.93
61.0 61.95
62.1 61.97
62.4 61.98
62.7 61.98
63.8 61.97
65.6 61.95
67.0 61.93
68.4 61.91
65.2 61.89
64.0 61.89
64.3 61.89
58.7 61.91
54.6 61.92
52.0 61.94
50.5 61.95
49.1 61.95
47.6 61.95
47.2 61.95
46.5 61.94
45.8 61.93
44.9 61.93
47.4 61.93
52.1 61.95
59.2 61.97
60.7 62.00
62.2 62.02
61.9 62.04
63.7 62.04
63.0 62.02
64.1 62.00
64.2 61.98
62.4 61.96
61.7 61.94
61.0 61.92
61.2 61.91
57.5 61.91
55.7 61.92
53.4 61.93
51.0 61.94
49.4 61.94
47.7 61.95
46.5 61.95
45.8 61.94
44.7 61.92
43.9 61.92
44.5 61.93
50.5 61.95
58.7 61.97
63.1 61.98
65.9 62.00
68.8 62.02
67.4 62.02
67.7 62.02
68.0 62.00
68.2 61.99
69.4 61.97
68.1 61.95
67.2 61.92
65.9 61.91
63.2 61.89
62.1 61.89
60.8 61.90
59.5 61.91
58.5 61.91
57.1 61.91
57.1 61.90
56.3 61.88
55.5 61.87
56.5 61.86
56.3 61.84
57.2 61.84
61.3 61.86
63.4 61.86
64.5 61.88
65.5 61.90
66.2 61.91
65.7 61.92
65.7 61.93
60.7 61.93
59.4 61.91
59.3 61.88
58.9 61.86
58.1 61.84
57.8 61.83
57.5 61.82
56.8 61.82
56.0 61.82
55.6 61.81
55.1 61.81
54.9 61.80
54.8 61.79
55.0 61.77
54.6 61.75
55.0 61.75
55.5 61.74
56.3 61.75
58.4 61.75
58.3 61.77
58.6 61.79
60.6 61.81
59.8 61.84
59.6 61.85
61.1 61.85
63.6 61.84
63.3 61.83
63.2 61.81
62.6 61.79
61.6 61.77
60.4 61.76
57.9 61.75
55.9 61.75
55.0 61.75
56.0 61.75
56.7 61.75
57.6 61.75
58.6 61.75
59.0 61.74
59.0 61.73
59.0 61.72
58.8 61.72
58.9 61.72
67.2 61.73
68.2 61.73
70.5 61.75
70.9 61.75
71.9 61.76
72.3 61.76
72.9 61.75
72.5 61.72
70.9 61.69
69.6 61.66
66.9 61.64
65.6 61.63
64.5 61.62
63.7 61.61
62.6 61.61
61.4 61.61
60.5 61.61
58.9 61.60
57.7 61.57
57.8 61.54
57.8 61.53
57.7 61.51
57.9 61.50
58.3 61.48
59.1 61.47
61.4 61.47
64.0 61.48
66.0 61.49
68.3 61.50
71.1 61.50
72.1 61.48
65.1 61.46
72.0 61.45
70.2 61.43
68.2 61.41
64.2 61.40
62.6 61.38
62.5 61.36
60.8 61.35
60.3 61.35
59.7 61.34
57.7 61.34
56.6 61.34
55.2 61.34
55.1 61.34
56.4 61.34
56.6 61.34
60.7 61.34
60.4 61.35
63.6 61.36
63.3 61.36
64.7 61.38
67.0 61.39
67.9 61.40
68.2 61.40
67.7 61.40
66.7 61.40
64.8 61.39
60.7 61.38
57.2 61.38
53.2 61.37