0 0.00
0 0.00
0 0.00
0 0.00
0 0.00
0 0.00
0 0.00
9 0.01
112 0.06
146 0.07
483 0.28
395 0.25
490 0.33
652 0.47
458 0.34
405 0.32
674 0.52
573 0.46
380 0.30
19 0.05
2 0.01
0 0.00
0 0.00
0 0.00
0 0.00
0 0.00
0 0.00
0 0.00
0 0.00
0 0.00
0 0.00
11 0.01
123 0.06
249 0.12
327 0.17
326 0.18
399 0.23
543 0.34
702 0.46
692 0.48
199 0.15
150 0.09
130 0.07
208 0.09
61 0.04
3 0.00
0 0.00
0 0.01
0 0.00
0 0.00
0 0.00
0 0.00
0 0.00
0 0.00
0 0.00
8 0.00
88 0.05
101 0.06
73 0.05
98 0.06
166 0.09
205 0.11
128 0.08
111 0.06
221 0.11
245 0.11
162 0.08
43 0.03
15 0.02
1 0.00
0 0.00
0 0.00
0 0.00
0 0.00
0 0.00
0 0.00
0 0.00
0 0.00
0 0.00
3 0.00
43 0.03
206 0.09
456 0.24
619 0.35
610 0.35
374 0.20
405 0.22
222 0.12
294 0.14
316 0.17
457 0.26
76 0.08
31 0.02
3 0.00
0 0.00
0 0.00
0 0.00
0 0.00
0 0.00
0 0.00
0 0.00
0 0.00
0 0.00
13 0.01
132 0.06
268 0.11
401 0.20
694 0.40
789 0.48
667 0.43
590 0.40
418 0.27
440 0.25
159 0.10
161 0.09
106 0.06
40 0.03
4 0.01
0 0.00
0 0.00
0 0.00
0 0.00
0 0.00
0 0.00
0 0.00
0 0.00
0 0.00
12 0.01
54 0.04
94 0.06
338 0.15
562 0.28
440 0.23
364 0.19
187 0.10
155 0.08
106 0.06
64 0.04
48 0.03
14 0.01
11 0.01
1 0.01
0 0.00
0 0.00
0 0.00
0 0.00
0 0.00
0 0.00
0 0.00
0 0.00
0 0.00
20 0.01
169 0.07
349 0.16
506 0.27
517 0.29
459 0.25
520 0.30
670 0.41
588 0.36
516 0.31
450 0.27
408 0.23
219 0.09
86 0.05
5 0.00
0 0.00
0 0.00
0 0.00
0 0.00
0 0.00
0 0.00
0 0.00
0 0.00
0 0.00
35 0.02
191 0.08
350 0.16
526 0.29
685 0.41
796 0.50
733 0.47
919 0.61
824 0.55
656 0.44
395 0.28
263 0.18
66 0.09
72 0.06
13 0.06
0 0.04
0 0.03
0 0.03
0 0.02
0 0.02
0 0.01
0 0.01
0 0.01
0 0.00
32 0.02
181 0.07
373 0.14
469 0.20
628 0.30
796 0.40
883 0.47
922 0.51
921 0.53
862 0.51
706 0.43
511 0.31
318 0.20
110 0.10
7 0.03
0 0.00
0 0.00
0 0.00
0 0.00
0 0.00
0 0.00
0 0.00
0 0.00
0 0.00
14 0.01
107 0.04
347 0.14
555 0.27
708 0.40
816 0.49
890 0.56
906 0.58
896 0.59
767 0.52
564 0.38
317 0.17
190 0.09
113 0.05
7 0.01
0 0.00
0 0.00
0 0.00
0 0.00
0 0.00
0 0.00
0 0.00
0 0.00
0 0.00
35 0.02
166 0.07
348 0.16
542 0.30
713 0.43
831 0.54
884 0.58
859 0.57
893 0.63
786 0.56
658 0.43
503 0.36
299 0.25
77 0.08
9 0.01
0 0.00
0 0.00
0 0.00
0 0.00
0 0.00
0 0.00
0 0.00
0 0.00
0 0.00
18 0.01
163 0.08
305 0.15
470 0.29
404 0.22
304 0.19
292 0.21
360 0.25
326 0.22
152 0.16
124 0.09
111 0.07
54 0.05
35 0.03
3 0.02
0 0.01
0 0.03
0 0.03
0 0.03
0 0.03
0 0.02
0 0.02
0 0.02
0 0.02
8 0.02
87 0.06
283 0.14
306 0.16
303 0.18
330 0.20
301 0.19
454 0.27
863 0.54
788 0.52
491 0.34
294 0.23
137 0.16
90 0.11
6 0.02
0 0.00
0 0.01
0 0.02
0 0.02
0 0.00
0 0.00
0 0.00
0 0.00
0 0.00
15 0.01
84 0.05
209 0.10
279 0.14
540 0.30
420 0.24
342 0.20
394 0.22
694 0.45
469 0.30
420 0.24
520 0.32
109 0.07
62 0.04
11 0.01
0 0.00
0 0.00
0 0.00
0 0.00
0 0.00
0 0.00
0 0.00
0 0.00
0 0.00
38 0.03
137 0.08
361 0.19
503 0.30
688 0.44
800 0.54
838 0.58
787 0.57
654 0.49
597 0.45
494 0.37
332 0.22
245 0.16
114 0.08
7 0.01
0 0.00
0 0.00
0 0.00
0 0.00
0 0.00
0 0.00
0 0.01
0 0.00
0 0.00
20 0.03
152 0.10
337 0.21
417 0.28
568 0.38
590 0.41
385 0.25
212 0.16
341 0.22
383 0.24
545 0.38
500 0.35
149 0.12
68 0.08
11 0.02
0 0.02
0 0.01
0 0.01
0 0.02
0 0.01
0 0.01
0 0.02
0 0.02
0 0.02
29 0.03
175 0.10
337 0.18
413 0.24
616 0.39
594 0.40
390 0.26
342 0.26
384 0.27
596 0.42
537 0.41
260 0.24
152 0.18
99 0.13
6 0.06
0 0.01
0 0.00
0 0.00
0 0.00
0 0.00
0 0.00
0 0.00
0 0.00
0 0.00
10 0.01
99 0.06
344 0.18
539 0.32
448 0.27
344 0.22
464 0.29
843 0.54
727 0.48
574 0.39
550 0.38
206 0.16
211 0.16
75 0.08
11 0.01
0 0.00
0 0.00
0 0.00
0 0.00
0 0.00
0 0.00
0 0.00
0 0.00
0 0.00
43 0.02
171 0.08
347 0.16
478 0.24
609 0.33
604 0.32
728 0.41
775 0.45
775 0.46
844 0.52
691 0.44
528 0.31
332 0.21
127 0.12
10 0.03
0 0.00
0 0.00
0 0.00
0 0.00
0 0.00
0 0.01
0 0.01
0 0.01
1 0.02
45 0.04
184 0.10
263 0.13
192 0.12
256 0.14
393 0.19
572 0.31
418 0.24
302 0.21
232 0.18
119 0.13
86 0.09
41 0.03
36 0.06
26 0.06
0 0.04
0 0.05
0 0.04
0 0.03
0 0.03
0 0.00
0 0.00
0 0.00
0 0.00
11 0.01
90 0.05
175 0.10
374 0.20
319 0.18
446 0.26
335 0.20
169 0.12
245 0.14
400 0.21
503 0.32
246 0.20
62 0.08
62 0.04
4 0.01
0 0.00
0 0.00
0 0.00
0 0.00
0 0.00
0 0.00
0 0.01
0 0.01
0 0.01
4 0.01
34 0.02
88 0.05
110 0.06
103 0.06
176 0.08
148 0.08
258 0.12
220 0.11
201 0.11
294 0.13
123 0.07
62 0.04
28 0.02
4 0.00
0 0.00
0 0.00
0 0.01
0 0.01
0 0.00
0 0.00
0 0.01
0 0.00
0 0.00
14 0.01
105 0.06
383 0.16
542 0.26
634 0.32
494 0.26
567 0.31
572 0.32
461 0.26
197 0.14
168 0.12
92 0.08
93 0.05
110 0.06
12 0.01
0 0.00
0 0.00
0 0.00
0 0.00
0 0.00
0 0.00
0 0.00
0 0.00
1 0.00
29 0.01
147 0.06
395 0.16
577 0.28
635 0.33
805 0.44
815 0.46
704 0.40
867 0.52
777 0.48
640 0.41
538 0.35
284 0.18
143 0.09
13 0.01
0 0.00
0 0.00
0 0.00
0 0.00
0 0.00
0 0.00
0 0.00
0 0.00
0 0.00
42 0.02
215 0.09
406 0.18
584 0.30
716 0.40
706 0.40
806 0.49
533 0.31
372 0.21
309 0.17
156 0.09
161 0.09
93 0.06
46 0.03
10 0.01
0 0.00
0 0.00
0 0.00
0 0.00
0 0.00
0 0.00
0 0.00
0 0.00
1 0.00
58 0.03
212 0.09
402 0.18
580 0.31
738 0.42
856 0.50
948 0.57
967 0.59
935 0.59
847 0.55
701 0.46
550 0.37
342 0.23
125 0.15
14 0.05
0 0.00
0 0.00
0 0.00
0 0.00
0 0.00
0 0.01
0 0.02
0 0.00
0 0.02
21 0.02
87 0.10
95 0.13
146 0.15
210 0.16
145 0.14
140 0.11
121 0.08
211 0.11
104 0.06
144 0.07
46 0.04
52 0.04
16 0.02
3 0.01
0 0.01
0 0.01
0 0.01
0 0.01
0 0.01
0 0.01
0 0.00
0 0.00
0 0.00
6 0.00
31 0.02
80 0.04
143 0.07
174 0.09
121 0.07
213 0.12
168 0.10
143 0.09
106 0.07
70 0.05
71 0.05
47 0.03
30 0.02
3 0.00
0 0.00
0 0.00
0 0.00
0 0.00
0 0.00
0 0.00
0 0.00
0 0.00
0 0.00
13 0.01
58 0.04
224 0.11
169 0.10
356 0.19
780 0.44
726 0.44
414 0.25
336 0.19
614 0.38
544 0.35
304 0.20
136 0.09
135 0.08
21 0.02
0 0.00
0 0.00
0 0.00
0 0.00
0 0.00
0 0.00
0 0.00
0 0.00
0 0.00
25 0.02
173 0.09
200 0.11
167 0.10
98 0.07
74 0.05
262 0.14
159 0.09
51 0.04
149 0.08
103 0.06
72 0.04
118 0.06
85 0.05
10 0.01
0 0.00
0 0.00
0 0.00
0 0.00
0 0.00
0 0.00
0 0.00
0 0.00
0 0.00
37 0.02
137 0.07
194 0.10
281 0.14
230 0.13
697 0.36
689 0.38
760 0.43
750 0.44
581 0.35
568 0.34
478 0.29
307 0.19
130 0.11
17 0.02
0 0.00
0 0.00