0.775 4.77
0.791 4.51
0.798 5.32
0.796 4.50
0.787 4.50
0.784 5.60
0.784 5.60
0.778 5.60
0.779 5.90
0.781 5.60
0.788 4.75
0.795 4.75
0.794 4.75
0.791 5.02
0.793 4.75
0.790 4.75
0.792 5.02
0.790 5.29
0.788 5.29
0.790 5.58
0.788 5.87
0.793 5.58
0.797 5.87
0.789 5.87
0.791 5.87
0.798 5.86
0.803 5.86
0.804 5.57
0.799 5.56
0.807 5.56
0.807 5.56
0.802 5.56
0.800 5.85
0.807 4.72
0.810 4.72
0.806 4.72
0.790 4.98
0.799 5.26
0.802 5.26
0.798 5.54
0.795 5.54
0.793 5.54
0.793 5.25
0.792 5.25
0.791 5.25
0.790 5.53
0.787 4.97
0.785 4.97
0.784 4.96
0.787 4.96
0.786 5.53
0.787 4.96
0.787 4.96
0.786 5.82
0.787 5.52
0.775 5.81
0.757 5.81
0.756 5.23
0.767 5.23
0.772 5.22
0.767 5.80
0.763 5.22
0.763 5.51
0.772 6.10
0.766 6.41
0.765 6.41
0.753 6.41
0.757 6.72
0.759 6.40
0.758 6.09
0.758 6.09
0.757 6.09
0.755 5.78
0.756 5.78
0.756 5.49
0.754 4.92
0.752 4.92
0.754 4.92
0.752 4.65
0.752 4.65
0.753 4.91
0.754 4.91
0.756 4.91
0.759 4.91
0.757 4.91
0.760 4.64
0.756 4.90
0.754 5.18
0.752 5.18
0.746 5.18
0.739 5.17
0.744 5.17
0.740 6.05
0.729 5.75
0.710 5.74
0.692 5.74
0.691 5.74
0.697 5.74
0.716 5.74
0.711 5.73
0.711 5.44
0.731 5.73
0.740 5.44
0.745 5.44
0.746 5.73
0.746 4.87
0.735 4.87
0.715 4.87
0.695 4.60
0.682 4.87
0.699 5.14
0.719 4.86
0.724 4.86
0.705 4.86
0.704 5.71
0.710 5.71
0.712 5.71
0.714 5.70
0.723 5.70
0.722 5.70
0.725 5.70
0.723 5.41
0.723 5.40
0.723 5.40
0.721 5.40
0.705 5.40
0.701 5.40
0.721 5.40
0.730 5.68
0.730 4.84
0.729 4.57
0.736 4.83
0.738 5.10
0.739 4.83
0.736 5.10
0.729 5.38
0.725 5.10
0.724 5.67
0.725 5.09
0.707 5.09
0.716 5.37
0.723 5.09
0.721 4.81
0.720 5.96
0.717 5.96
0.699 5.65
0.679 5.65
0.659 5.65
0.639 5.65
0.645 5.65
0.665 5.65
0.685 5.35
0.705 5.64
0.713 5.07
0.711 4.80
0.716 5.07
0.720 5.07
0.716 5.34
0.705 4.52
0.706 5.63
0.692 5.63
0.688 5.63
0.695 5.63
0.697 5.33
0.697 5.33
0.698 5.33
0.695 5.33
0.691 5.33
0.683 5.33
0.696 5.04
0.719 5.32
0.726 5.04
0.728 5.61
0.751 5.61
0.771 5.90
0.790 5.60
0.793 5.31
0.796 5.90
0.807 5.89
0.797 5.60
0.800 5.59
0.772 5.89
0.777 5.59
0.765 5.89
0.748 6.50
0.736 6.50
0.736 5.88
0.739 5.88
0.748 5.01
0.747 5.01
0.769 5.01
0.789 5.29
0.800 5.01
0.807 4.73
0.821 5.28
0.804 4.73
0.822 4.21
0.844 4.21
0.864 3.96
0.878 3.96
0.877 4.21
0.873 3.96
0.869 3.96
0.862 4.20
0.846 3.96
0.827 4.72
0.815 4.45
0.829 5.26
0.825 4.98
0.822 5.26
0.821 4.98
0.829 5.25
0.827 4.44
0.827 3.48
0.826 4.44
0.822 3.94
0.821 3.94
0.820 3.70
0.820 4.18
0.820 5.10
0.816 5.29
0.817 5.94
0.817 6.04
0.809 6.58
0.809 7.07
0.808 6.42
0.798 6.73
0.791 6.10
0.791 6.10
0.790 5.80
0.801 5.79
0.802 5.79
0.798 5.79
0.794 6.09
0.801 5.79
0.800 5.79
0.799 5.49
0.797 5.20
0.797 4.92
0.796 5.38
0.796 6.19
0.797 6.38
0.792 7.03
0.791 7.36
0.793 6.38
0.790 6.06
0.784 6.06
0.769 6.06
0.765 5.76
0.785 5.18
0.798 5.46
0.794 4.90
0.794 4.90
0.811 4.90
0.825 4.89
0.831 5.17
0.869 4.62
0.905 4.36
0.912 4.89
0.912 5.45
0.912 5.44
0.910 5.71
0.896 5.15
0.894 5.43
0.895 5.72
0.894 4.87
0.894 5.14
0.894 4.87
0.901 4.60
0.902 4.86
0.906 5.42
0.881 5.97
0.881 5.10
0.882 5.10
0.880 5.10
0.878 4.83
0.869 5.10
0.878 4.83
0.878 4.83
0.878 4.83
0.873 4.83
0.879 4.56
0.878 4.83
0.875 4.56
0.875 4.56
0.885 4.56
0.886 4.56
0.888 4.56
0.889 4.83
0.897 5.10
0.910 5.38
0.930 5.38
0.938 5.67
0.952 5.38
0.974 5.67
0.988 5.38
0.988 5.67
0.988 5.67
0.988 5.38
0.988 4.83
0.988 5.10
0.987 4.83
0.988 4.30
0.981 4.56
0.981 4.56
0.979 4.56
0.979 4.83
0.998 4.56
1.011 4.30
1.018 4.56
1.019 4.56
1.017 5.38
1.018 5.10
1.027 5.38
1.031 5.38
1.029 5.38
1.024 5.38
1.025 5.38
1.026 4.83
1.023 4.83
1.016 4.83
1.023 4.83
1.022 4.83
1.020 4.06
1.030 4.30
1.028 4.06
1.025 4.56
1.024 4.30
1.025 4.30
1.024 4.06
1.016 4.06
1.015 4.06
1.016 4.30
1.017 4.83
1.018 4.30
1.014 4.56
1.001 4.56
1.003 4.56
1.010 4.56
1.007 4.83
1.003 4.56
1.016 4.56
1.063 4.56
1.083 4.56
1.100 4.83
1.125 4.56
1.136 4.83
1.155 4.56
1.152 4.56
1.160 4.56
1.165 4.56
1.166 4.30
1.165 5.10
1.161 4.56
1.164 5.38
1.164 5.38
1.157 2.54
1.152 4.83
1.166 5.67
1.206 5.97
1.206 5.97
1.211 5.67
1.239 5.67
1.251 5.67
1.284 5.38
1.291 5.67
1.283 5.67
1.285 5.67
1.306 5.67
1.328 4.83
1.335 4.56
1.333 4.30
1.330 4.56
1.328 4.06
1.327 4.30
1.318 4.06
1.313 4.30
1.306 4.30
1.315 4.30
1.311 5.10
1.304 4.56
1.305 4.56
1.301 4.56
1.300 4.56
1.301 4.56
1.294 4.56
1.260 3.58
1.261 4.56
1.263 4.06
1.261 4.83
1.256 5.38
1.247 5.10
1.245 5.97
1.253 5.67
1.254 5.67
1.253 5.67
1.257 5.67
1.256 5.67
1.259 5.67
1.260 5.38
1.271 5.38
1.271 5.38
1.281 5.10
1.294 5.10
1.314 5.38
1.312 5.10
1.325 5.67
1.329 5.38
1.334 5.67
1.335 5.67
1.336 4.30
1.336 4.30
1.336 4.06
1.302 4.56
1.294 4.83
1.282 4.83
1.280 4.83
1.281 4.83
1.276 5.10
1.275 4.83
1.272 4.83
1.269 4.83
1.268 4.30
1.264 4.30
1.259 4.06
1.258 4.06
1.252 4.56
1.249 4.30
1.238 4.56
1.244 4.56
1.237 5.10
1.236 5.67
1.231 5.67
1.224 5.38
1.213 5.38
1.191 5.67
1.168 5.67
1.181 5.67
1.183 5.67
1.181 5.67
1.189 5.97
1.268 5.67
1.280 5.38
1.280 5.67
1.280 5.67
1.255 4.83
1.267 4.56
1.284 4.56
1.302 4.83
1.313 4.83
1.334 4.83
1.335 5.10
1.355 4.30
1.366 4.06
1.367 4.83
1.374 4.56
1.372 4.56
1.378 4.06
1.369 4.83
1.349 5.97
1.329 4.83
1.316 4.83
1.313 4.83
1.307 4.83
1.311 5.10
1.329 4.83
1.324 4.83
1.316 5.38
1.309 4.83
1.319 4.83
1.319 4.56
1.316 4.83
1.314 4.83
1.313 5.38
1.311 5.38
1.307 5.38
1.307 4.30
1.299 5.67
1.303 5.67
1.309 5.38
1.300 5.38
1.309 5.67
1.310 5.38
1.294 5.38
1.283 5.38
1.267 5.97
1.247 5.97
1.226 6.28
1.216 5.97
1.230 5.10
1.228 4.83
1.223 4.83
1.218 4.83
1.216 5.10
1.212 4.56
1.216 4.56
1.209 4.56
1.205 4.56
1.215 4.30
1.227 4.30
1.225 4.56
1.223 4.30
1.223 4.83
1.216 4.56
1.212 4.56
1.197 4.56
1.203 4.56
1.197 4.83
1.177 5.67
1.157 5.38
1.143 5.38
1.132 5.10
1.120 4.83
1.119 4.56
1.122 5.10
1.142 4.30
1.161 4.83
1.166 5.10
1.165 5.67
1.164 5.67
1.163 5.67
1.160 5.67
1.159 5.38
1.157 5.67
1.157 5.38
1.155 5.38
1.154 5.67
1.145 5.67
1.127 5.67
1.124 5.38
1.137 5.38
1.140 5.38
1.121 5.97
1.101 5.97
1.085 6.60
1.092 5.67
1.096 5.67
1.091 5.67
1.088 5.38
1.072 5.38
1.052 5.38
1.055 5.38
1.075 5.10
1.084 5.10
1.079 4.83
1.076 5.10
1.075 4.83
1.081 4.83
1.082 4.83
1.082 4.83
1.084 4.83
1.077 5.67
1.065 5.67
1.073 5.67
1.083 5.97
1.082 5.97
1.069 4.83
1.062 5.38
1.061 5.10
1.058 4.83
1.055 5.10
1.061 5.38
1.048 5.10
1.039 5.10
1.044 5.10
1.052 5.38
1.055 5.67
1.057 5.67
1.053 5.38
1.047 5.38
1.052 5.38
1.052 5.38
1.054 5.67
1.051 5.38
1.050 5.38
1.046 5.38
1.042 5.38
1.040 5.10
1.035 5.38
1.038 5.10
1.039 5.10
1.038 4.83
1.038 5.10
1.031 5.10
1.034 4.83
1.044 4.83
1.043 4.56
1.044 4.56
1.044 4.83
1.043 4.56
1.041 4.30
1.041 4.06
1.041 3.36
1.039 6.60
1.029 6.92
1.031 5.38
1.026 5.38
1.019 6.28
1.017 6.60
1.013 6.92
1.007 7.25
1.004 6.92
1.010 6.28
1.019 5.97
1.026 5.97
1.014 5.10
1.013 4.83
1.016 4.30
1.020 4.06
1.021 4.83
1.018 3.81
1.011 4.30
1.019 5.67
1.019 6.28
1.019 6.92
1.015 10.7
1.016 5.38
1.012 7.60
1.007 5.38
1.010 4.83
1.017 5.10
1.029 5.67
1.022 5.97
1.019 5.97
1.014 6.60
1.006 6.60
1.011 6.28
1.011 5.97
1.012 5.97
1.004 5.67
1.008 5.67
1.002 5.38
1.008 5.38
1.008 4.83
1.005 4.56
0.996 4.30
1.004 4.56
1.005 5.10
1.002 6.92
0.998 8.68
0.988 6.92
0.993 7.95
0.995 5.97
0.975 4.83
0.962 5.10
0.974 6.28
0.973 6.60
0.962 6.92
0.970 6.60
0.951 5.97
0.947 5.67
0.940 5.67
0.959 5.38
0.962 5.38
0.970 5.10
0.978 5.38
0.978 5.10
0.976 4.83
0.977 4.83
0.977 4.56
0.966 4.30
0.965 4.06
0.968 4.06
0.972 4.83
0.960 5.10
0.965 4.30
0.964 4.83
0.970 5.97
0.970 5.97
0.961 6.60
0.952 6.92
0.939 6.28
0.927 6.28
0.922 6.60
0.924 6.28
0.922 5.97
0.918 6.60
0.901 6.28
0.881 6.28
0.861 6.28
0.841 6.28
0.823 6.28
0.828 6.28
0.838 6.28
0.857 6.28
0.877 5.97
0.889 5.97
0.883 5.38
0.871 5.38
0.857 5.10
0.859 5.10
0.875 5.67
0.894 5.10
0.911 5.67
0.910 5.67
0.912 5.67
0.900 5.67
0.906 5.67
0.923 5.67
0.926 5.67
0.926 5.38
0.926 5.67
0.926 5.38
0.935 5.38
0.961 5.67
0.982 5.38
0.982 5.67
0.982 6.28
0.977 6.28
0.966 5.97
0.984 5.97
0.991 5.97
0.994 5.97
0.997 5.97
0.976 5.97
0.939 5.38
0.958 5.97
1.050 5.38
1.043 5.67
1.074 5.10
1.080 4.56
1.083 5.10
1.078 4.83
1.081 4.83
1.082 4.83
1.082 5.10
1.087 5.97
1.113 5.67
1.112 5.67
1.112 5.67
1.113 5.67
1.115 5.67
1.120 5.67
1.117 5.38
1.118 5.97
1.128 5.67
1.119 5.67
1.085 5.67
1.020 5.97
0.988 5.10
0.957 5.10
0.924 5.38
0.926 5.10
0.925 5.10
0.916 5.10
0.914 5.10
0.927 5.10
0.924 5.10
0.904 4.83
0.884 4.83
0.864 5.67
0.846 5.67
0.845 5.67
0.847 5.67
0.855 5.67
0.854 5.67
0.858 5.67
0.876 5.67
0.896 5.67
0.912 5.10
0.912 5.10
0.886 5.10
0.859 5.10
0.870 5.38
0.890 5.97
0.904 6.60
0.891 6.28
0.871 6.28
0.861 6.60
0.861 6.28
0.909 5.67
0.927 5.10
0.959 5.10
0.977 5.38
0.994 5.10
1.010 4.83
1.027 5.10
1.030 4.83
1.030 4.83
1.027 4.83
1.026 4.83
1.031 4.83
1.037 4.83
1.037 4.56
1.039 4.83
1.005 4.83
0.986 4.83
0.949 5.10
0.911 5.10
0.895 5.10
0.876 5.10
0.862 5.38
0.867 5.67
0.875 5.67
0.875 5.67
0.937 5.67
0.983 5.67
1.002 5.67
1.019 5.67
1.023 5.38
1.023 5.38
1.020 5.38
1.016 5.38
1.015 5.38
1.015 5.38
1.017 5.38
1.019 5.38
1.018 5.38
1.012 5.38
1.005 5.38
1.010 4.56
0.997 4.56
0.978 5.10
0.958 5.10
0.937 5.38
0.917 5.10
0.905 5.10
0.903 5.38
0.910 5.10
0.929 5.10
0.949 5.10
0.969 4.56
0.986 4.83
0.989 4.56
0.987 4.83
0.987 5.10
0.985 4.83
0.986 7.25
0.986 6.60
0.986 6.92
0.985 8.31
0.984 14.3
0.983 20.3
0.972 6.60
0.953 5.67
0.951 5.38
0.951 6.28
0.933 7.25
0.913 7.60
0.896 7.25
0.903 6.92
0.912 6.92
0.924 6.28
0.923 5.97
0.923 5.97
0.914 5.10
0.933 5.38
0.953 5.10
0.968 4.83
0.971 4.30
0.972 3.81
0.972 4.30
0.971 4.83
0.969 5.67
0.969 6.92
0.965 9.83
0.947 7.60
0.941 5.97
0.931 5.10
0.918 5.38
0.935 6.28
0.951 8.31
0.946 7.95
0.928 8.31
0.927 8.31
0.917 7.25
0.906 6.92
0.905 6.92
0.903 6.60
0.900 6.60
0.900 6.28
0.905 6.28
0.925 5.97
0.933 5.97
0.932 5.67
0.933 5.38
0.932 5.10
0.933 5.67
0.932 6.92
0.924 4.83
0.908 5.38
0.915 4.56
0.928 4.30
0.917 5.67
0.897 6.92
0.886 8.31
0.868 7.60
0.859 7.60
0.877 6.92
0.873 6.60
0.872 5.97
0.880 5.97
0.862 5.67
0.863 5.67
0.858 5.67
0.855 5.38
0.861 5.67
0.869 5.38
0.863 5.67
0.881 5.38
0.901 5.38
0.917 5.97
0.919 5.97
0.903 5.97
0.884 5.38
0.866 4.83
0.858 5.38
0.862 6.60
0.844 6.28
0.824 6.28
0.804 6.28
0.786 6.28
0.797 6.60
0.801 6.28
0.811 6.28
0.828 6.92
0.834 6.60
0.841 6.60
0.860 6.60
0.880 6.60
0.896 6.60
0.898 6.28
0.896 6.28
0.896 6.28
0.895 6.28
0.894 6.28
0.895 5.38
0.889 4.83
0.870 4.06
0.851 4.06
0.831 4.06
0.813 5.97
0.809 8.68
0.790 9.05
0.793 8.31
0.813 7.25
0.821 6.60
0.819 6.28
0.827 6.28
0.833 6.28
0.820 5.97
0.802 5.97
0.803 6.60
0.823 5.97
0.843 5.67
0.863 5.67
0.877 5.67
0.880 5.67
0.879 5.67
0.899 5.97
0.929 5.38
0.931 5.67
0.935 5.67
0.928 5.38
0.930 5.67
0.926 6.28
0.909 6.60
0.891 6.92
0.898 6.92
0.901 6.92
0.920 6.60
0.927 6.28
0.926 6.28
0.925 6.28
0.923 6.28
0.931 6.28
0.922 6.28
0.907 6.28
0.918 5.97
0.933 5.97
0.940 5.97
0.946 5.67
0.944 5.97
0.939 5.10
0.942 5.10
0.938 5.10
0.929 5.10
0.934 5.10
0.933 5.38
0.932 5.38
0.932 5.67
0.933 5.67
0.932 5.67
0.923 5.67
0.927 5.67
0.923 5.38
0.914 5.38
0.916 5.67
0.916 5.10
0.911 5.10
0.905 5.10
0.908 5.10
0.914 4.83
0.934 4.83
0.933 4.83
0.932 4.83
0.932 5.10
0.932 5.67
0.928 5.67
0.928 5.97
0.929 5.97
0.921 5.67
0.886 5.97
0.862 6.60
0.842 6.60
0.823 6.60
0.803 6.60
0.782 6.60
0.762 6.28
0.757 6.28
0.760 5.97
0.776 5.38
0.796 5.38
0.816 5.10
0.836 5.10
0.856 5.10
0.875 5.10
0.892 5.38
0.891 5.10
0.885 4.83
0.866 4.30
0.846 4.06
0.832 4.06
0.829 4.56
0.820 5.10
0.833 5.10
0.833 5.38
0.813 5.67
0.793 5.67
0.773 5.38
0.754 5.10
0.759 5.38
0.777 4.83
0.773 5.67
0.755 6.28
0.757 6.28
0.773 6.28
0.776 6.28
0.760 5.97
0.741 5.97
0.721 5.97
0.701 5.97
0.686 5.97
0.681 5.97
0.691 5.97
0.711 5.97
0.732 5.97
0.752 5.97
0.751 5.97
0.749 5.97
0.738 5.97
0.733 5.10
0.745 5.38
0.768 5.38
0.799 5.67
0.832 5.38
0.848 5.38
0.885 5.38
0.917 5.38
0.945 5.10
0.960 5.10
0.961 5.38
0.967 5.38
0.968 4.56
0.972 4.83
0.976 4.30
0.975 4.30
0.974 4.56
0.973 4.30
0.974 4.30
0.973 4.56
0.970 4.56
0.968 5.38
0.958 5.38
0.947 4.83
0.934 5.97
0.916 6.92
0.907 6.92
0.891 6.92
0.888 6.60
0.906 6.60
0.924 5.97
0.944 5.10
0.952 5.97
0.952 5.97
0.949 5.38
0.948 4.56
0.945 6.28
0.945 7.60
0.945 9.44
0.943 12.9
0.943 15.3
0.942 17.4
0.942 18.5
0.942 19.7
0.940 26.0
0.942 31.0
0.940 6.60
0.938 6.28
0.925 6.28
0.905 6.28
0.884 6.60
0.865 6.92
0.844 7.25
0.826 6.92
0.822 6.60
0.809 6.28
0.796 5.97
0.810 5.38
0.830 5.10
0.850 5.10
0.886 5.10
0.944 4.56
0.955 5.10
0.956 4.83
0.956 5.67
0.963 5.67
0.968 5.38
0.967 5.97
0.965 5.97
0.960 6.28
0.959 6.28
0.955 6.28
0.938 6.28
0.918 6.60
0.899 6.60
0.878 6.28
0.857 6.28
0.837 6.28
0.833 5.97
0.825 5.97
0.829 5.38
0.846 5.10
0.866 5.10
0.886 5.10
0.905 5.38
0.911 4.83
0.911 5.10
0.922 5.10
0.938 4.83
0.955 4.83
0.958 5.10
0.963 5.10
0.980 5.10
0.980 5.10
0.968 5.10
0.962 5.10
0.916 5.10
0.930 5.67
0.920 5.97
0.899 5.97
0.879 5.67
0.859 6.28
0.841 5.97
0.854 5.97
0.863 5.97
0.846 5.97
0.828 5.97
0.839 5.97
0.859 5.97
0.859 5.97
0.885 5.97
0.896 5.38
0.919 5.38
0.901 5.38
0.910 5.10
0.929 5.10
0.929 5.38
0.883 5.10
0.851 5.97
0.865 5.97
0.858 5.97
0.865 5.67
0.873 5.38
0.891 5.67
0.888 5.67
0.874 5.67
0.874 5.38
0.872 5.38
0.870 5.38
0.868 5.38
0.855 5.67
0.851 5.38
0.849 5.10
0.852 5.10
0.853 5.10
0.852 5.10
0.851 5.10
0.848 5.10
0.847 5.38
0.847 5.97
0.846 5.97
0.843 5.97
0.856 5.67
0.866 5.97
0.859 5.97
0.875 6.28
0.876 6.92
0.856 7.60
0.835 7.60
0.826 7.60
0.807 7.95
0.790 7.95
0.791 7.60
0.791 7.95
0.789 6.92
0.780 6.60
0.761 6.28
0.757 6.60
0.770 6.28
0.754 5.97
0.734 5.97
0.713 5.97
0.697 5.97
0.702 5.97
0.714 5.67
0.726 6.28
0.747 5.97
0.767 6.28
0.787 6.92
0.806 7.95
0.797 9.05
0.777 10.2
0.757 10.7
0.764 11.1
0.777 11.5
0.783 10.7
0.786 10.2
0.766 9.44
0.746 9.44
0.727 9.05
0.735 8.68
0.735 8.31
0.745 8.31
0.758 7.95
0.748 7.95
0.731 7.60
0.712 7.60
0.695 7.60
0.691 7.25
0.700 6.92
0.720 6.60
0.722 6.92
0.741 7.95
0.746 8.31
0.755 9.44
0.768 10.7
0.750 10.7
0.745 11.5
0.737 11.5
0.739 11.5
0.720 11.1
0.700 10.2
0.691 9.83
0.708 9.44
0.698 9.44
0.678 9.05
0.658 9.05
0.660 8.68
0.673 8.31
0.666 7.95
0.682 8.31
0.689 8.68
0.681 8.31
0.662 8.31
0.666 8.31
0.681 8.31
0.701 8.31
0.720 8.68
0.711 8.68
0.691 9.05
0.674 9.83
0.669 10.7
0.668 10.7
0.678 10.7
0.697 10.7
0.694 9.83
0.677 9.83
0.684 9.83
0.697 9.83
0.697 9.44
0.704 9.44
0.685 9.44
0.665 9.05
0.646 9.05
0.626 9.05
0.611 8.68
0.620 8.68
0.631 8.68
0.647 8.68
0.660 8.68
0.666 9.05
0.685 9.44
0.704 9.83
0.718 10.2
0.712 10.7
0.702 10.7
0.695 11.1
0.697 10.7
0.688 10.2
0.680 10.2
0.706 10.2
0.716 10.7
0.732 9.83
0.705 9.83
0.722 9.05
0.738 8.68
0.733 8.31
0.718 7.95
0.719 8.31
0.713 8.68
0.710 8.68
0.744 9.05
0.763 9.05
0.780 9.05
0.800 9.44
0.804 9.44
0.800 10.2
0.816 10.2
0.813 10.2
0.800 10.2
0.782 9.83
0.782 9.83
0.771 9.83
0.751 9.44
0.751 9.05
0.751 9.05
0.751 9.05
0.751 9.05
0.751 9.05
0.718 8.68
0.705 8.68
0.709 8.68
0.711 8.31
0.715 8.68
0.720 8.31
0.725 8.31
0.743 8.68
0.734 8.31
0.728 7.95
0.711 8.31
0.691 7.95
0.671 8.68
0.674 8.68
0.682 8.68
0.686 8.31
0.691 7.95
0.675 7.95
0.655 7.95
0.651 7.95
0.671 7.95
0.690 7.60
0.710 7.25
0.730 7.25
0.750 7.25
0.765 7.95
0.767 7.95
0.767 7.95
0.769 7.95
0.756 7.95
0.737 7.95
0.720 7.95
0.712 7.95
0.710 7.95
0.707 7.25
0.710 7.25
0.711 7.25
0.705 7.60
0.710 7.60
0.698 7.95
0.682 7.95
0.664 7.95
0.660 7.95