-3.7 1.104
-3.9 1.101
-4.2 1.106
-4.0 1.100
-4.0 1.097
-4.7 1.096
-5.4 1.098
-4.7 1.098
-4.9 1.098
-4.9 1.096
-4.7 1.097
-4.3 1.096
-3.6 1.097
-3.0 1.095
-2.9 1.093
-3.1 1.093
-3.8 1.092
-4.0 1.093
-4.0 1.092
-4.0 1.092
-4.3 1.091
-4.8 1.090
-5.0 1.090
-4.6 1.089
-3.6 1.089
-3.3 1.089
-3.2 1.088
-3.4 1.088
-1.1 1.087
-0.2 1.087
-0.2 1.086
0.1 1.085
0.3 1.099
1.0 1.118
1.8 1.115
1.7 1.100
1.9 1.083
2.1 1.072
2.4 1.071
2.3 1.068
2.0 1.068
1.7 1.066
1.7 1.064
1.8 1.066
1.9 1.064
1.9 1.066
2.1 1.065
2.2 1.065
2.1 1.061
1.7 1.060
1.3 1.056
1.0 1.051
0.6 1.047
0.3 1.051
-0.8 1.054
-0.6 1.053
0.3 1.051
1.3 1.048
2.8 1.050
3.6 1.049
4.4 1.048
4.5 1.048
5.7 1.048
6.4 1.047
6.5 1.045
5.1 1.045
3.4 1.045
2.9 1.044
2.6 1.045
3.1 1.044
2.7 1.044
2.7 1.043
3.7 1.043
3.1 1.043
2.8 1.044
2.5 1.042
1.9 1.043
1.3 1.042
2.0 1.042
1.8 1.042
2.3 1.042
3.2 1.040
4.8 1.039
4.5 1.040
4.2 1.040
4.3 1.039
4.3 1.039
4.4 1.039
4.4 1.038
3.6 1.038
2.1 1.038
0.7 1.037
0.1 1.037
0.8 1.037
1.2 1.037
0.5 1.037
-0.0 1.037
0.1 1.037
-0.1 1.036
-0.6 1.036
-1.2 1.036
-1.4 1.035
-1.9 1.037
-2.5 1.036
-3.0 1.036
-2.5 1.035
-2.5 1.035
-2.4 1.035
-1.9 1.034
-1.5 1.031
-1.0 1.028
0.2 1.027
0.6 1.024
-0.1 1.022
-1.0 1.024
-1.3 1.023
-1.4 1.021
-1.6 1.023
-1.9 1.021
-1.9 1.019
-2.1 1.019
-2.2 1.015
-2.8 1.009
-2.9 1.009
-3.1 1.010
-3.5 1.010
-3.9 1.013
-4.2 1.011
-4.0 1.012
-3.2 1.008
-1.9 1.005
-0.2 1.007
1.2 1.009
2.3 1.010
2.9 1.009
3.7 1.009
3.6 1.005
2.6 1.007
0.9 1.006
-0.0 1.006
0.3 1.006
0.1 1.005
-0.7 1.003
-1.0 1.003
-1.1 1.005
-1.4 1.005
-1.5 1.005
-1.6 1.000
-1.7 1.002
-1.7 1.002
-2.3 0.996
-2.5 0.994
-2.3 0.993
-1.7 0.993
-1.8 0.994
0.1 0.992
0.5 0.994
1.8 0.996
3.6 0.996
3.7 0.997
3.2 0.994
1.1 0.992
0.1 0.991
-0.3 0.988
-0.8 0.985
-1.1 0.983
-2.2 0.985
-5.6 0.992
-8.3 1.002
-9.5 1.029
-10.4 1.070 
-11.2 1.114 
-11.9 1.152 
-12.2 1.173 
-12.2 1.204 
-12.4 1.212 
-12.4 1.219 
-11.9 1.249 
-11.0 1.253 
-10.1 1.272 
-7.4 1.256
-7.2 1.257
-7.6 1.256
-7.3 1.249
-7.4 1.243
-7.5 1.235
-8.0 1.231
-9.2 1.236
-11.2 1.236 
-12.2 1.238 
-12.6 1.249 
-12.8 1.280 
-12.9 1.301 
-12.9 1.305 
-13.0 1.305 
-13.4 1.317 
-14.0 1.341 
-15.1 1.346 
-15.8 1.346 
-16.7 1.342 
-17.0 1.337 
-16.0 1.330 
-13.4 1.325 
-11.4 1.320 
-9.7 1.316
-9.0 1.310
-9.0 1.303
-8.6 1.296
-8.6 1.290
-9.0 1.282
-11.0 1.278 
-14.0 1.280 
-14.5 1.277 
-14.2 1.272 
-12.8 1.268 
-13.5 1.267 
-13.8 1.264 
-14.2 1.262 
-14.0 1.261 
-13.7 1.259 
-14.3 1.257 
-15.3 1.257 
-14.2 1.256 
-13.9 1.253 
-13.8 1.251 
-11.7 1.248 
-9.9 1.247
-8.5 1.245
-8.2 1.242
-8.0 1.239
-7.6 1.235
-7.2 1.232
-7.1 1.229
-7.9 1.224
-9.0 1.223
-9.6 1.221
-10.0 1.219 
-10.0 1.217 
-10.5 1.215 
-10.1 1.213 
-10.0 1.212 
-10.6 1.210 
-11.2 1.207 
-11.0 1.206 
-10.9 1.204 
-10.6 1.202 
-10.8 1.200 
-11.4 1.199 
-11.6 1.198 
-11.3 1.196 
-10.1 1.196 
-9.1 1.195
-8.7 1.193
-7.4 1.191
-8.1 1.190
-9.6 1.188
-10.1 1.185 
-10.2 1.183 
-10.6 1.195 
-11.0 1.234 
-11.2 1.253 
-11.3 1.273 
-12.9 1.292 
-16.1 1.303 
-17.0 1.310 
-17.4 1.309 
-17.8 1.306 
-18.3 1.306 
-18.6 1.305 
-19.0 1.305 
-19.7 1.306 
-20.9 1.306 
-22.0 1.305 
-22.2 1.303 
-21.6 1.300 
-20.1 1.298 
-19.0 1.294 
-18.3 1.290 
-18.3 1.292 
-19.0 1.290 
-19.4 1.292 
-19.8 1.290 
-20.7 1.288 
-21.2 1.285 
-21.6 1.284 
-21.5 1.284 
-21.3 1.282 
-21.6 1.285 
-21.9 1.287 
-22.6 1.284 
-23.2 1.282 
-22.8 1.281 
-21.4 1.279 
-21.0 1.278 
-21.4 1.275 
-21.0 1.274 
-20.5 1.273 
-18.1 1.271 
-14.8 1.265 
-11.7 1.264 
-12.0 1.264 
-11.1 1.267 
-10.9 1.265 
-9.9 1.264
-10.2 1.263 
-10.5 1.260 
-9.8 1.256
-9.6 1.255
-9.2 1.255
-8.4 1.255
-6.9 1.257
-6.1 1.257
-5.7 1.257
-5.8 1.255
-6.2 1.256
-5.7 1.257
-5.4 1.257
-5.5 1.257
-5.8 1.259
-5.9 1.266
-5.9 1.265
-5.8 1.263
-5.7 1.272
-5.5 1.295
-5.3 1.299
-5.2 1.298
-5.0 1.297
-6.0 1.308
-6.4 1.336
-6.7 1.360
-7.2 1.359
-7.7 1.358
-8.0 1.354
-8.1 1.352
-8.3 1.351
-8.5 1.346
-8.5 1.344
-8.5 1.349
-8.8 1.348
-9.0 1.347
-9.1 1.362
-9.2 1.377
-9.5 1.376
-9.8 1.379
-9.3 1.379
-8.0 1.384
-7.6 1.397
-7.4 1.418
-7.8 1.438
-8.6 1.445
-8.8 1.445
-9.1 1.454
-9.8 1.454
-10.8 1.455 
-11.5 1.451 
-12.1 1.449 
-12.4 1.445 
-12.7 1.444 
-13.4 1.453 
-14.4 1.453 
-14.8 1.450 
-15.2 1.445 
-15.6 1.449 
-16.0 1.447 
-16.9 1.445 
-16.6 1.444 
-15.6 1.442 
-14.7 1.439 
-14.6 1.437 
-13.4 1.433 
-12.1 1.429 
-10.4 1.423 
-8.0 1.419
-5.7 1.415
-6.4 1.414
-8.6 1.417
-9.4 1.431
-9.1 1.451
-8.7 1.469
-8.1 1.479
-7.8 1.482
-7.9 1.483
-8.0 1.481
-8.0 1.488
-7.7 1.482
-7.7 1.481
-7.7 1.490
-7.5 1.490
-7.5 1.489
-7.6 1.487
-7.7 1.487
-7.5 1.494
-7.4 1.503
-7.3 1.511
-7.2 1.511
-7.0 1.513
-7.1 1.531
-7.6 1.555
-7.2 1.577
-6.8 1.573
-7.1 1.570
-8.0 1.572
-8.4 1.592
-8.8 1.609
-9.1 1.612
-9.2 1.611
-9.3 1.618
-10.0 1.631 
-10.2 1.637 
-10.3 1.636 
-10.5 1.630 
-10.8 1.657 
-11.1 1.657 
-11.5 1.652 
-12.0 1.648 
-11.7 1.644 
-11.4 1.644 
-10.3 1.644 
-9.2 1.647
-8.1 1.641
-7.9 1.638
-7.9 1.635
-8.6 1.628
-9.0 1.625
-9.8 1.626
-10.5 1.624 
-11.0 1.623 
-11.0 1.624 
-11.0 1.625 
-10.9 1.627 
-11.2 1.626 
-11.5 1.625 
-12.0 1.631 
-12.5 1.636 
-12.8 1.644 
-12.8 1.650 
-12.8 1.660 
-12.9 1.659 
-13.0 1.669 
-13.1 1.675 
-12.9 1.668 
-11.9 1.674 
-10.0 1.675 
-9.1 1.673
-6.9 1.664
-6.6 1.662
-7.1 1.658
-6.7 1.652
-7.5 1.650
-8.6 1.647
-9.5 1.644
-10.0 1.641 
-10.2 1.637 
-10.2 1.631 
-10.7 1.629 
-11.1 1.626 
-11.4 1.624 
-10.9 1.621 
-10.1 1.617 
-9.8 1.614
-9.9 1.612
-9.2 1.609
-8.7 1.606
-8.4 1.604
-8.3 1.600
-7.2 1.594
-5.0 1.590
-5.5 1.588
-5.9 1.587
-4.2 1.581
-5.1 1.576
-5.3 1.579
-6.2 1.586
-6.9 1.597
-7.2 1.617
-7.3 1.633
-7.5 1.638
-7.6 1.640
-7.9 1.639
-8.0 1.638
-8.0 1.641
-8.1 1.644
-8.4 1.643
-8.6 1.651
-8.8 1.651
-9.1 1.657
-9.3 1.663
-9.4 1.666
-9.4 1.671
-8.6 1.684
-7.7 1.692
-7.3 1.688
-6.3 1.683
-6.4 1.680
-6.3 1.675
-6.5 1.673
-6.8 1.669
-7.3 1.669
-8.1 1.669
-8.8 1.669
-9.2 1.660
-9.6 1.656
-9.8 1.655
-10.1 1.654 
-9.4 1.649
-9.8 1.649
-9.9 1.647
-10.5 1.646 
-10.7 1.646 
-11.1 1.645 
-11.6 1.644 
-11.4 1.643 
-10.9 1.640 
-9.3 1.636
-7.7 1.634
-4.0 1.625
-2.4 1.629
-3.6 1.634
-4.6 1.629
-4.6 1.623
-4.4 1.616
-4.2 1.611
-6.1 1.611
-7.9 1.612
-8.8 1.616
-9.1 1.618
-8.8 1.617
-9.4 1.615
-9.6 1.614
-9.4 1.612
-8.8 1.611
-8.8 1.608
-9.1 1.606
-9.2 1.604
-9.7 1.603
-9.5 1.601
-8.6 1.600
-7.1 1.596
-5.5 1.592
-4.4 1.591
-3.6 1.589
-2.3 1.586
-1.0 1.583
0.1 1.572
0.3 1.564
-0.7 1.558
-2.9 1.569
-3.5 1.574
-3.8 1.566
-3.8 1.569
-3.5 1.568
-3.7 1.565
-3.7 1.562
-3.9 1.556
-3.8 1.550
-4.2 1.548
-4.3 1.550
-3.9 1.555
-3.6 1.557
-3.5 1.556
-4.0 1.558
-4.4 1.556
-3.5 1.553
-0.5 1.551
0.4 1.552
0.5 1.548
0.6 1.544
-1.1 1.544
-1.3 1.543
-1.0 1.542
-2.1 1.541
-2.5 1.540
-2.8 1.538
-3.3 1.537
-3.4 1.537
-3.8 1.535
-3.7 1.534
-3.5 1.534
-3.4 1.535
-3.8 1.534
-3.8 1.533
-3.2 1.531
-3.1 1.530
-3.1 1.530
-3.3 1.529
-2.4 1.527
-0.8 1.525
0.3 1.524
1.4 1.524
1.8 1.520
1.2 1.519
0.4 1.517
1.3 1.516
0.5 1.516
-1.3 1.515
-2.4 1.514
-5.2 1.513
-7.5 1.514
-8.8 1.512
-10.1 1.511 
-10.9 1.510 
-10.7 1.510 
-11.5 1.508 
-12.4 1.507 
-12.6 1.506 
-13.1 1.505 
-13.6 1.504 
-14.2 1.502 
-13.4 1.503 
-12.5 1.498 
-11.1 1.488 
-9.1 1.491
-8.9 1.501
-8.0 1.500
-6.8 1.500
-6.0 1.497
-6.6 1.499
-7.0 1.497
-8.4 1.496
-10.4 1.496 
-10.8 1.495 
-11.8 1.494 
-12.1 1.494 
-11.9 1.495 
-12.0 1.493 
-12.6 1.494 
-12.8 1.495 
-12.2 1.495 
-12.1 1.493 
-13.3 1.493 
-12.6 1.491 
-11.7 1.492 
-10.5 1.489 
-7.1 1.485
-4.4 1.483
-2.4 1.483
-0.7 1.484
0.9 1.483
1.2 1.484
1.3 1.484
0.8 1.483
-0.0 1.48
-1.9 
-3.7 1.482
-4.1 1.482
-4.3 1.482
-4.7 1.480
-5.1 1.479
-4.9 1.479
-5.0 1.479
-5.4 1.478
-6.0 1.478
-6.2 1.478
-6.1 1.475
-6.3 1.473
-6.6 1.476
-4.5 1.472
-2.1 1.469
-0.2 1.468
0.0 1.471
1.2 1.472
2.9 1.470
3.5 1.468
3.5 1.468
3.8 1.469
2.8 1.468
0.6 1.467
-2.3 1.467
-2.6 1.466
-2.8 1.466
-3.3 1.465
-3.7 1.465
-3.7 1.463
-4.0 1.463
-4.5 1.461
-4.8 1.461
-5.1 1.460
-5.0 1.458
-5.0 1.458
-4.8 1.456
-3.9 1.455
-1.7 1.456
0.4 1.455
1.6 1.457
2.9 1.453
3.5 1.455
3.6 1.454
2.2 1.456
2.2 1.454
3.4 1.449
2.8 1.446
1.0 1.449
0.4 1.448
0.4 1.446
0.8 1.445
0.6 1.449
0.3 1.448
0.3 1.447
-0.8 1.448
-0.8 1.443
-0.3 1.442
-0.1 1.440
-2.4 1.443
-1.6 1.443
-1.5 1.442
1.0 1.438
3.2 1.439
4.0 1.440
4.9 1.438
5.4 1.438
5.4 1.440
5.2 1.440
5.0 1.439
4.7 1.438
2.8 1.438
0.6 1.440
-0.6 1.438
-0.6 1.436
-0.3 1.434
-0.2 1.436
-1.0 1.437
-1.7 1.436
-2.1 1.435
-2.5 1.436
-3.3 1.435
-3.3 1.430
-4.1 1.432
-4.1 1.430
-3.6 1.431
-3.0 1.431
-0.1 1.428
0.2 1.430
1.2 1.428
0.1 1.424
-0.0 1.417
0.9 1.414
-1.9 1.418
-4.3 1.420
-6.1 1.423
-6.5 1.424
-6.9 1.445
-7.5 1.449
-7.6 1.447
-7.5 1.445
-7.5 1.449
-7.6 1.458
-7.6 1.463
-7.7 1.469
-7.9 1.473
-8.0 1.478
-8.2 1.477
-8.4 1.481
-8.8 1.481
-8.3 1.484
-8.3 1.502
-7.8 1.505
-7.5 1.505
-7.5 1.515
-7.1 1.521
-7.3 1.526
-8.0 1.529
-8.5 1.527
-9.0 1.521
-9.5 1.516
-9.8 1.515
-10.0 1.513 
-10.1 1.511 
-9.7 1.513
-9.4 1.517
-9.3 1.524
-9.3 1.532
-9.5 1.536
-9.7 1.537
-10.0 1.539 
-10.2 1.539 
-10.2 1.538 
-9.9 1.545
-9.1 1.549
-8.0 1.554
-5.4 1.551
-5.1 1.549
-3.8 1.550
-3.7 1.542
-4.0 1.542
-3.5 1.537
-3.2 1.535
-5.6 1.538
-6.8 1.537
-7.0 1.536
-6.8 1.537
-6.5 1.541
-6.8 1.548
-6.4 1.550
-5.9 1.552
-4.8 1.552
-4.5 1.561
-4.4 1.571
-4.6 1.576
-4.9 1.574
-4.7 1.572
-3.7 1.569
-1.6 1.565
-1.3 1.564
-0.9 1.563
-0.2 1.553
-0.8 1.540
-3.2 1.540
-4.5 1.557
-3.3 1.558
-4.3 1.556
-5.8 1.558
-7.4 1.557
-7.5 1.555
-8.3 1.555
-9.7 1.561
-9.9 1.558
-10.8 1.558 
-11.4 1.561 
-11.6 1.559 
-11.6 1.557 
-11.7 1.556 
-11.7 1.555 
-11.8 1.555 
-11.7 1.552 
-11.3 1.552 
-10.1 1.550 
-9.3 1.551
-8.4 1.552
-8.1 1.551
-7.8 1.548
-7.1 1.545
-6.7 1.545
-7.6 1.547
-8.5 1.549
-9.1 1.546
-9.7 1.546
-9.9 1.543
-10.0 1.548 
-10.6 1.548 
-11.2 1.548 
-11.2 1.547 
-11.1 1.546 
-11.2 1.544 
-11.8 1.542 
-11.8 1.532 
-12.3 1.522 
-13.0 1.524 
-13.1 1.518 
-12.2 1.532 
-11.4 1.538 
-10.5 1.540 
-9.6 1.539
-8.2 1.539
-7.0 1.536
-5.9 1.537
-5.2 1.536
-4.7 1.534
-4.5 1.531
-5.5 1.531
-7.6 1.530
-8.8 1.530
-9.7 1.530
-9.3 1.527
-9.4 1.528
-9.9 1.526
-10.4 1.527 
-10.7 1.524 
-11.3 1.522 
-10.8 1.522 
-10.1 1.523 
-10.3 1.524 
-9.3 1.521
-6.8 1.517
-4.3 1.515
-3.1 1.514
-1.5 1.518
-0.1 1.517
0.9 1.516
1.5 1.516
2.2 1.513
2.5 1.510
2.1 1.506
0.6 1.506
-1.6 1.506
-2.0 1.506
-2.4 1.506
-2.2 1.505
-2.8 1.505
-3.5 1.504
-3.7 1.504
-4.1 1.504
-4.2 1.503
-4.5 1.503
-5.1 1.503
-5.2 1.503
-5.0 1.503
-4.4 1.500
-2.4 1.500
-0.2 1.500
1.2 1.498
2.5 1.493
3.8 1.492
3.7 1.489
3.7 1.489
3.6 1.487
2.8 1.486
1.4 1.484
-0.8 1.483
-1.6 1.483
-1.9 1.483
-2.0 1.482
-2.5 1.482
-3.1 1.481
-3.3 1.480
-3.8 1.479
-4.1 1.478
-4.2 1.479
-4.4 1.479
-4.7 1.479
-5.1 1.478
-4.0 1.476
-2.0 1.476
-0.4 1.475
0.8 1.474
1.7 1.474
2.3 1.474
1.6 1.473
1.5 1.473
0.5 1.473
0.2 1.471
-0.7 1.471
-1.9 1.471
-2.2 1.471
-2.6 1.470
-3.0 1.470
-3.3 1.469
-3.6 1.469
-4.3 1.469
-4.9 1.468
-5.1 1.468
-5.2 1.467
-5.4 1.468
-5.7 1.466
-5.8 1.466
-5.6 1.464
-4.2 1.464
-1.5 1.465
-0.1 1.464
0.5 1.463
1.4 1.462
1.9 1.460
2.4 1.457
2.5 1.457
2.2 1.456
0.7 1.456
-1.6 1.456
-2.3 1.455
-3.0 1.455
-3.5 1.455
-3.8 1.453
-4.7 1.454
-5.2 1.454
-5.8 1.454
-6.1 1.453
-6.4 1.453
-6.2 1.452
-6.1 1.451
-6.4 1.449
-5.3 1.449
-2.7 1.448
-1.3 1.448
-1.6 1.449
-0.4 1.449
1.4 1.448
0.6 1.447
0.3 1.447
0.6 1.446
0.2 1.446
-1.3 1.447
-2.0 1.448
-2.4 1.446
-3.4 1.446
-4.1 1.445
-4.2 1.443
-5.0 1.445
-5.9 1.445
-6.1 1.443
-5.9 1.443
-6.8 1.444
-6.7 1.443
-7.7 1.448
-8.5 1.462
-8.6 1.482
-10.1 1.502 
-11.3 1.519 
-10.7 1.535 
-9.8 1.552
-10.0 1.543 
-10.3 1.547 
-10.2 1.553 
-10.2 1.562 
-10.7 1.565 
-11.6 1.563 
-12.2 1.563 
-12.8 1.561 
-12.7 1.557 
-12.7 1.570 
-12.5 1.583 
-12.2 1.586 
-12.3 1.583 
-12.4 1.581 
-12.7 1.590 
-12.9 1.597 
-12.8 1.597 
-13.0 1.628 
-13.0 1.645 
-12.6 1.663 
-11.2 1.663 
-10.2 1.666 
-9.1 1.664
-9.4 1.665
-9.5 1.664
-9.3 1.661
-9.0 1.657
-9.5 1.664
-10.7 1.669 
-11.2 1.666 
-11.8 1.664 
-12.0 1.658 
-12.1 1.649 
-12.2 1.649 
-12.1 1.651 
-12.3 1.647 
-12.4 1.642 
-12.7 1.641 
-13.3 1.637 
-13.0 1.642 
-13.0 1.639 
-13.1 1.636 
-13.1 1.634 
-12.3 1.633 
-11.0 1.629 
-9.5 1.628
-7.9 1.641
-6.9 1.641
-5.9 1.636
-5.8 1.631
-4.8 1.628
-4.7 1.639
-3.9 1.638
-4.4 1.632
-5.4 1.629
-5.8 1.627
-5.8 1.625
-5.5 1.622
-5.0 1.618
-4.6 1.617
-4.2 1.616
-3.8 1.615
-3.8 1.614
-4.1 1.614
-4.0 1.613
-3.8 1.611
-4.1 1.609
-3.5 1.607
-1.5 1.604
0.2 1.602
0.8 1.600
2.1 1.597
1.6 1.596
0.5 1.595
1.2 1.600
0.8 1.603
0.3 1.603
-0.3 1.602
-1.2 1.600
-1.7 1.599
-2.0 1.597
-1.6 1.596
-1.7 1.595
-1.6 1.593
-1.3 1.592
-1.3 1.591
-1.7 1.590
-2.1 1.589
-3.1 1.588
-4.0 1.587
-4.2 1.585
-4.0 1.584
-3.2 1.583
-2.7 1.581
-2.4 1.589
-1.9 1.590
-6.6 1.603
-7.8 1.621
-7.9 1.623
-8.2 1.630
-9.1 1.647
-10.0 1.644 
-10.5 1.637 
-10.9 1.637 
-11.3 1.639 
-11.6 1.669 
-11.9 1.691 
-12.4 1.694 
-12.9 1.692 
-13.4 1.692 
-14.1 1.692 
-14.8 1.739 
-14.9 1.749 
-15.1 1.751 
-15.0 1.741 
-14.2 1.745 
-11.8 1.738 
-11.0 1.727 
-9.7 1.721
-10.6 1.726 
-11.1 1.730 
-11.8 1.723 
-12.2 1.719 
-12.1 1.714 
-12.4 1.707 
-13.4 1.701 
-14.8 1.700 
-14.6 1.696 
-15.1 1.690 
-15.4 1.691 
-15.4 1.689 
-15.0 1.688 
-15.7 1.685 
-15.3 1.683 
-16.2 1.681 
-15.8 1.681 
-15.3 1.679 
-15.1 1.677 
-15.5 1.677 
-13.7 1.672 
-11.2 1.669 
-8.9 1.667
-7.7 1.664
-7.2 1.660
-6.6 1.657
-5.8 1.657
-4.7 1.656
-5.0 1.663
-5.7 1.663
-6.0 1.673
-7.1 1.679
-7.3 1.677
-8.0 1.684
-8.3 1.696
-9.2 1.690
-10.0 1.688 
-10.6 1.686 
-11.7 1.685 
-12.3 1.682 
-12.6 1.680 
-13.0 1.679 
-13.2 1.677 
-13.1 1.676 
-12.4 1.674 
-11.2 1.682 
-9.7 1.693
-8.1 1.688
-6.3 1.683
-5.0 1.681
-4.5 1.679
-3.3 1.677
-3.6 1.675
-4.9 1.674
-6.0 1.674
-7.1 1.672
-7.9 1.670
-8.9 1.669
-8.0 1.668
-7.6 1.667
-7.2 1.666
-7.6 1.665
-7.6 1.668
-7.3 1.671
-7.4 1.684
-7.2 1.689
-6.9 1.698
-6.7 1.698
-6.4 1.709
-6.1 1.723
-5.8 1.728
-5.1 1.727
-4.2 1.732
-4.3 1.732
-4.0 1.729
-4.4 1.724
-4.0 1.722
-4.1 1.730
-4.1 1.755
-5.3 1.772
-5.4 1.769
-5.8 1.768
-7.1 1.767
-7.6 1.763
-7.8 1.761
-8.1 1.759
-8.1 1.757
-8.8 1.756
-8.9 1.756
-9.2 1.751
-9.5 1.747
-9.6 1.747
-9.1 1.744
-7.4 1.743
-6.6 1.743
-5.8 1.741
-4.9 1.743
-3.5 1.740
-1.4 1.737
-0.6 1.735
-0.4 1.734
-1.4 1.733
-2.8 1.731
-3.1 1.731
-3.1 1.729
-3.0 1.728
-3.3 1.726
-3.6 1.726
-3.9 1.724
-4.9 1.723
-4.9 1.723
-4.9 1.722
-4.9 1.721
-4.6 1.720
-4.3 1.719
-4.1 1.718
-3.9 1.717
-3.4 1.716
-2.4 1.714
-0.3 1.712
0.4 1.710
1.6 1.708
3.0 1.702
3.9 1.696
3.5 1.690
2.4 1.688
1.3 1.686
0.9 1.682
0.6 1.680
-0.0 1.678
-1.0 1.677
-1.5 1.676
-1.9 1.675
-2.1 1.674
-2.8 1.674
-3.3 1.672
-3.0 1.671
-3.0 1.672
-2.9 1.670
-2.8 1.669
-1.6 1.667
-0.3 1.664
1.4 1.661
3.2 1.660
4.1 1.663
4.2 1.662
5.6 1.655
5.7 1.649
6.1 1.644
6.0 1.642
5.1 
2.8 
1.9 1.642
1.7 1.638
1.1 1.634
0.9 1.641
0.7 1.636
-0.0 1.634
-0.5 1.631
-0.4 1.628
-1.5 1.636
-1.5 1.634
-0.1 1.628
1.3 1.623
3.9 1.609
5.6 1.608
6.7 1.613
7.4 
8.2 
8.1 
8.9 
9.3 
9.6 
9.3 
8.3 
5.6 
3.9 
4.2 
2.4 
2.8 
2.5 
2.4 
1.9 
1.6 
1.6 
1.5 
1.4 
1.5 
4.3 
6.2 
7.5 
8.2 
8.6 
8.4 
8.8 
8.3 
8.3 
8.4 
6.5 
5.1 
4.2 
3.7 
3.8 
3.0 
2.9 
2.5 
2.7 
2.8 1.552
2.7 1.551
2.7 1.550
2.4 1.550
2.1 1.550
3.0 1.549
4.6 1.548
5.2 1.548
4.9 1.547
5.7 1.546
5.0 1.544
3.5 1.544
3.8 1.541
4.0 1.539
3.4 1.539
1.9 1.539
-0.5 1.540
-2.1 1.539
-2.2 1.554
-2.4 1.588
-2.6 1.610
-2.8 1.630
-3.0 1.634
-3.2 1.647
-3.3 1.655
-3.6 1.664
-3.8 1.674
-3.8 1.674
-3.8 1.671
-2.8 1.667
-2.4 1.662
-1.4 1.654
-1.9 1.644
-1.1 1.632
-0.1 1.619
-0.4 1.607
-0.9 1.606
-0.9 1.605
-0.5 1.604
-1.6 1.604
-2.4 1.603
-3.1 1.603
-4.3 1.616
-4.0 1.616
-4.1 1.615
-4.6 1.614
-4.8 1.614
-5.0 1.615
-5.7 1.617
-5.9 1.617
-6.3 1.617
-6.6 1.618
-6.3 1.617
-5.8 1.615
-5.3 1.613
-4.8 1.612
-3.7 1.610
-1.8 1.606
-0.7 1.603
-0.6 1.601
-1.0 1.600
-2.2 1.599
-2.7 1.598
-4.1 1.598
-5.1 1.598
-5.9 1.597
-6.2 1.597
-6.4 1.596
-7.1 1.596
-6.8 1.595
-6.5 1.595
-6.3 1.594
-5.8 1.594
-5.6 1.594
-5.5 1.594
-5.3 1.593
-5.1 1.592
-4.1 1.590
-2.0 1.589
-1.0 1.589
-0.5 1.588
-0.5 1.588
0.3 1.587
0.8 1.587
0.4 1.586
0.1 1.585
-1.2 1.582
-1.8 1.580
-1.7 1.578
-3.5 1.577
-3.8 1.580
-3.5 1.580	