0.2 21.3
0.2 21.2
0.2 21.2
0.2 21.2
0.2 21.2
0.2 21.2
0.2 21.2
0.2 21.1
0.2 21.1
0.2 21.1
0.2 21.1
0.2 21.1
0.2 21.1
0.2 21.2
0.2 21.2
0.2 21.1
0.2 21.1
0.2 21.1
0.2 21.1
0.2 21.1
0.2 21.1
0.2 21.1
0.2 21.0
0.2 21.0
0.2 21.0
0.2 21.0
0.2 21.0
0.2 21.0
0.2 21.0
0.2 21.0
0.2 21.0
0.2 21.0
0.2 20.9
0.2 20.9
0.2 20.9
0.2 20.9
0.2 20.9
0.2 20.9
0.2 20.9
0.2 20.9
0.2 20.9
0.2 20.9
0.3 20.9
0.2 20.9
0.2 20.9
0.2 20.9
0.2 20.9
0.2 20.9
0.2 20.9
0.2 20.9
0.3 20.9
0.2 20.9
0.2 20.9
0.2 20.9
0.2 20.8
0.2 20.8
0.2 20.8
0.2 20.8
0.2 20.8
0.2 20.8
0.3 20.8
0.2 20.8
0.2 20.8
0.2 20.9
0.2 20.9
0.2 20.9
0.2 21.0
0.2 22.8
0.2 24.0
0.2 24.5
0.2 24.6
0.2 24.7
0.2 24.6
0.2 24.6
0.2 24.4
0.2 24.3
0.2 24.2
0.2 24.0
0.2 23.9
0.2 23.8
0.2 23.7
0.2 23.6
0.2 23.5
0.2 23.4
0.2 23.3
0.2 23.3
0.2 23.2
0.2 23.1
0.2 23.6
0.2 25.4
0.2 26.3
0.2 26.4
0.2 26.3
0.2 26.1
0.2 26.0
0.2 25.7
0.2 25.4
0.2 25.2
0.2 25.0
0.3 24.8
0.2 24.6
0.2 24.4
0.2 24.3
0.2 24.2
0.2 24.1
0.2 24.0
0.2 23.9
0.2 23.8
0.2 23.8
0.2 23.7
0.2 23.6
0.2 23.6
0.2 23.5
0.2 23.5
0.2 25.6
0.2 26.3
0.2 26.3
0.2 26.1
0.2 26.0
0.2 25.7
0.2 25.4
0.2 25.2
0.2 25.0
0.2 24.8
0.2 24.6
0.2 24.5
0.2 24.4
0.2 24.3
0.2 24.2
0.2 24.1
0.2 24.0
0.2 23.9
0.2 23.8
0.2 23.8
0.2 23.7
0.2 23.6
0.2 23.6
0.2 23.5
0.2 23.5
0.2 23.4
0.2 23.3
0.2 23.3
0.2 23.3
0.2 23.6
0.2 23.8
0.2 24.0
0.2 24.1
0.2 24.1
0.2 24.1
0.2 24.1
0.2 24.1
0.2 24.0
0.2 24.0
0.2 24.0
0.2 24.0
0.2 23.9
0.2 23.8
0.2 23.8
0.2 23.7
0.2 23.7
0.2 23.6
0.2 23.6
0.2 23.5
0.3 23.4
0.2 23.4
0.2 23.3
0.3 23.3
0.2 23.3
0.2 23.2
0.2 23.2
0.2 23.1
0.2 23.1
0.2 23.1
0.2 23.1
0.2 23.0
0.2 23.0
0.2 23.0
0.2 23.1
0.2 23.1
0.2 23.1
0.2 23.1
0.2 23.1
0.2 23.1
0.2 23.2
0.2 25.4
0.2 26.5
0.2 26.7
0.2 26.7
0.2 26.5
0.2 26.4
0.2 26.1
0.2 25.9
0.2 25.7
0.2 25.4
0.2 25.2
0.2 25.1
0.2 24.9
0.2 24.8
0.2 24.7
0.2 24.6
0.2 24.5
0.2 24.4
0.2 24.3
0.2 24.2
0.2 24.2
0.2 24.0
0.2 24.0
0.2 25.2
0.2 28.0
0.2 28.1
0.2 27.8
0.2 27.6
0.2 27.4
0.2 27.1
0.2 26.7
0.2 26.4
0.2 26.1
0.2 25.9
0.2 25.7
0.2 25.5
0.2 25.3
0.2 25.2
0.2 25.0
0.2 24.9
0.2 24.8
0.2 24.7
0.2 24.6
0.2 24.5
0.2 24.4
0.2 24.4
0.2 26.9
0.2 29.2
0.2 29.5
0.2 29.2
0.2 29.0
0.2 28.8
0.2 28.4
0.2 27.9
0.2 27.3
0.2 26.9
0.2 26.6
0.2 26.3
0.2 26.1
0.2 25.9
0.2 25.7
0.2 25.5
0.2 25.4
0.2 25.2
0.2 25.1
0.2 25.0
0.2 24.9
0.2 24.8
0.2 24.7
0.2 24.6
0.2 25.2
0.2 29.0
0.2 29.1
0.2 29.0
0.2 29.0
0.2 28.7
0.2 28.1
0.2 27.6
0.2 27.2
0.2 26.9
0.2 26.7
0.2 26.4
0.2 26.2
0.2 26.0
0.2 25.8
0.2 25.6
0.2 25.5
0.2 25.4
0.2 25.2
0.2 25.1
0.2 25.0
0.2 25.0
0.2 24.8
0.2 24.8
0.2 32.4
0.2 32.7
0.2 32.0
0.1 32.1
0.2 31.4
0.2 30.8
0.1 29.7
0.2 28.8
0.2 28.2
0.2 27.7
0.2 27.5
0.2 27.1
0.2 26.9
0.2 26.7
0.2 26.4
0.2 26.3
0.2 26.1
0.2 26.0
0.2 25.8
0.2 25.7
0.2 25.6
0.2 25.5
0.2 25.4
0.2 25.3
0.2 25.2
0.2 25.2
0.2 25.0
0.2 29.9
0.1 30.6
0.2 30.3
0.2 29.9
0.2 29.2
0.2 28.6
0.2 28.1
0.2 27.7
0.2 27.5
0.2 27.2
0.2 26.9
0.1 26.7
0.2 26.6
0.2 26.4
0.2 26.3
0.2 26.1
0.2 26.0
0.2 25.8
0.2 25.7
0.2 25.6
0.2 25.5
0.2 25.4
0.2 25.4
0.2 25.2
0.2 25.3
0.2 26.0
0.2 26.3
0.2 26.4
0.2 26.4
0.2 26.4
0.2 26.3
0.2 26.1
0.2 26.1
0.2 26.0
0.2 25.9
0.2 25.8
0.2 25.7
0.2 25.6
0.2 25.5
0.2 25.4
0.2 25.4
0.2 25.3
0.2 25.2
0.2 25.1
0.2 25.1
0.2 25.0
0.2 25.0
0.2 24.9
0.2 24.8
0.2 24.8
0.2 24.7
0.2 24.7
0.2 24.6
0.2 24.6
0.2 24.5
0.2 24.5
0.2 24.4
0.2 24.4
0.2 24.4
0.2 24.3
0.2 24.3
0.2 24.2
0.2 24.2
0.2 24.2
0.2 24.1
0.2 24.1
0.2 24.0
0.2 24.0
0.2 24.0
0.2 24.0
0.2 23.9
0.2 23.9
0.2 23.8
0.2 23.8
0.2 23.8
0.2 23.8
0.2 23.7
0.2 23.7
0.2 23.7
0.2 23.6
0.2 23.6
0.2 23.6
0.2 23.6
0.2 23.6
0.2 23.5
0.2 23.5
0.2 23.4
0.2 23.4
0.2 23.4
0.2 23.3
0.2 23.3
0.2 23.4
0.2 23.3
0.2 23.3
0.2 23.3
0.2 23.2
0.2 23.2
0.2 23.2
0.2 23.1
0.2 23.1
0.2 23.1
0.2 23.1
0.2 23.1
0.2 23.1
0.2 23.1
0.2 23.1
0.2 23.0
0.2 23.0
0.2 23.0
0.2 23.0
0.2 23.2
0.2 23.4
0.2 23.6
0.2 23.8
0.2 24.0
0.2 24.0
0.2 24.2
0.2 24.2
0.2 24.2
0.2 24.3
0.2 24.3
0.2 24.3
0.2 24.3
0.2 24.3
0.2 24.3
0.2 24.3
0.2 24.3
0.2 24.3
0.2 24.3
0.2 24.3
0.2 24.2
0.2 24.2
0.2 24.2
0.2 24.2
0.2 24.2
0.2 24.2
0.2 24.2
0.2 24.2
0.2 24.1
0.2 24.1
0.2 24.1
0.2 24.1
0.2 24.0
0.2 24.0
0.2 24.0
0.2 24.0
0.2 24.0
0.2 24.0
0.2 24.0
0.2 24.0
0.2 23.9
0.2 23.9
0.2 23.9
0.2 23.9
0.2 23.8
0.2 23.8
0.2 23.8
0.2 23.8
0.2 23.8
0.2 23.8
0.2 23.8
0.2 23.8
0.2 23.7
0.2 23.7
0.2 23.7
0.2 23.7
0.2 23.6
0.2 23.6
0.2 23.6
0.2 23.6
0.2 23.6
0.2 23.6
0.2 23.6
0.2 23.6
0.2 23.5
0.2 23.5
0.2 23.5
0.2 23.5
0.2 23.4
0.2 23.4
0.2 23.4
0.2 23.4
0.2 23.4
0.2 23.3
0.2 23.3
0.2 23.3
0.2 23.3
0.2 23.3
0.2 23.3
0.2 23.3
0.2 23.3
0.2 23.3
0.2 23.2
0.2 23.2
0.2 23.2
0.2 23.2
0.2 23.5
0.2 25.6
0.2 26.7
0.2 27.0
0.2 27.0
0.2 26.9
0.2 26.9
0.2 26.7
0.2 26.6
0.2 26.4
0.2 26.3
0.2 26.1
0.2 26.1
0.2 26.0
0.2 25.9
0.2 25.8
0.2 25.7
0.2 25.6
0.2 28.9
0.2 29.4
0.2 29.4
0.2 29.4
0.2 29.4
0.2 29.3
0.2 29.1
0.2 28.7
0.2 28.2
0.2 28.0
0.2 27.7
0.2 27.5
0.2 27.2
0.2 27.0
0.2 26.9
0.2 26.7
0.2 26.5
0.2 26.4
0.2 26.3
0.2 26.1
0.2 26.1
0.2 26.0
0.2 25.9
0.2 30.4
0.2 30.9
0.2 30.9
0.2 30.9
0.2 30.8
0.2 30.7
0.1 30.5
0.2 30.0
0.2 29.3
0.2 28.7
0.2 28.3
0.2 28.0
0.2 27.7
0.2 27.5
0.2 27.3
0.1 27.1
0.2 26.9
0.2 26.7
0.2 26.7
0.2 26.5
0.2 26.4
0.2 26.3
0.2 26.1
0.2 27.5
0.2 31.7
0.2 31.6
0.2 31.7
0.1 31.7
0.1 31.6
0.1 31.2
0.1 30.6
0.2 30.0
0.1 29.4
0.1 29.0
0.2 28.6
0.2 28.2
0.2 28.0
0.2 27.7
0.2 27.5
0.2 27.3
0.2 27.2
0.2 27.0
0.2 26.9
0.2 26.7
0.2 26.7
0.2 26.5
0.2 27.1
0.2 31.2
0.2 31.8
0.1 31.7
0.2 31.6
0.2 31.5
0.2 31.6
0.2 31.5
0.1 31.0
0.2 30.2
0.2 29.5
0.2 29.1
0.2 28.8
0.2 28.4
0.2 28.2
0.2 28.0
0.1 27.8
0.2 27.6
0.2 27.5
0.2 27.2
0.2 27.1
0.2 26.9
0.2 26.9
0.2 26.7
0.2 26.6
0.2 27.3
0.1 32.0
0.2 31.7
0.2 32.5
0.2 32.2
0.1 31.7
0.2 31.5
0.1 30.7
0.1 30.0
0.1 29.4
0.2 28.9
0.1 28.5
0.1 28.2
0.1 27.9
0.2 27.7
0.2 27.5
0.1 27.2
0.2 27.1
0.1 26.9
0.2 26.7
0.2 26.7
0.2 26.5
0.2 26.4
0.2 29.3
0.2 33.3
0.1 34.0
0.1 33.6
0.1 33.7
0.1 33.2
0.2 32.7
0.2 31.9
0.1 31.6
0.1 30.8
0.1 29.8
0.1 29.2
0.1 28.6
0.1 28.2
0.1 27.9
0.2 27.7
0.2 27.5
0.2 27.2
0.1 27.0
0.2 26.9
0.2 26.7
0.2 26.6
0.2 26.4
0.1 27.5
0.2 32.7
0.1 33.3
0.2 33.2
0.1 32.5
0.1 32.7
0.1 32.1
0.2 31.6
0.2 30.8
0.1 29.9
0.2 29.6
0.1 31.2
0.2 30.4
0.1 29.8
0.1 29.4
0.1 29.4
0.2 29.1
0.1 28.7
0.2 28.3
0.2 28.0
0.2 27.8
0.2 27.5
0.2 27.4
0.2 27.2
0.1 27.1
0.1 32.7
0.1 34.0
0.2 34.0
0.1 34.2
0.2 33.9
0.1 33.5
0.2 32.2
0.1 31.7
0.2 30.6
0.1 29.7
0.1 29.0
0.2 28.5
0.1 28.1
0.2 27.8
0.1 27.5
0.2 27.3
0.1 27.1
0.2 26.9
0.1 26.7
0.2 26.6
0.1 26.4
0.1 26.3
0.2 26.1
0.2 30.5
0.1 32.7
0.2 33.2
0.2 33.0
0.1 31.5
0.1 31.5
0.1 30.7
0.1 30.2
0.1 30.1
0.1 29.6
0.2 29.0
0.2 28.5
0.2 28.1
0.1 27.8
0.2 27.5
0.2 27.3
0.1 27.1
0.1 26.9
0.1 26.7
0.2 26.5
0.1 26.4
0.2 26.3
0.2 26.1
0.2 26.1
0.2 30.0
0.2 32.1
0.2 32.5
0.2 32.7
0.1 32.2
0.2 31.7
0.1 31.7
0.1 30.6
0.1 30.2
0.1 29.9
0.1 29.2
0.1 28.7
0.1 28.2