13.0 23
13.0 23
13.0 23
13.0 23
13.0 24
12.9 24
12.8 24
12.8 24
12.7 24
12.7 24
12.6 24
12.5 24
12.4 25
12.3 25
12.2 25
12.1 25
12.0 25
12.0 25
12.0 25
11.9 25
11.8 25
11.8 25
11.7 26
11.7 26
11.6 26
11.6 26
11.6 26
11.5 26
11.5 26
11.5 26
11.6 26
11.8 25
11.7 26
11.9 25
12.0 25
12.0 25
12.3 24
12.4 24
12.3 24
12.2 25
12.2 25
12.4 24
12.3 24
12.3 24
12.4 24
12.4 24
12.4 24
12.4 24
12.5 24
12.6 24
12.6 24
12.6 24
12.7 24
12.8 24
12.8 23
12.9 23
12.9 23
13.0 23
13.0 23
13.1 23
13.2 23
13.3 22
13.4 22
13.5 22
13.6 21
13.6 21
13.7 21
13.7 21
13.7 21
13.7 21
13.7 21
13.7 21
13.7 20
13.7 20
13.7 20
13.7 20
13.7 20
13.7 20
13.8 20
13.6 18
13.7 19
13.7 19
13.6 19
13.6 18
13.6 18
13.6 18
13.6 18
13.6 18
13.7 18
13.8 18
13.7 18
13.8 18
13.8 19
13.8 19
13.9 18
13.9 18
14.0 18
14.0 18
14.0 18
14.0 17
14.0 18
14.0 19
14.0 19
13.9 19
13.9 19
13.9 19
13.9 19
13.9 19
13.7 19
13.6 20
13.4 20
13.4 20
13.4 20
13.4 20
13.5 20
13.4 21
13.7 20
13.9 20
14.0 20
14.1 20
14.0 21
14.2 21
14.1 21
14.0 22
13.9 23
13.9 23
13.8 23
13.7 23
13.6 23
13.6 23
13.6 23
13.6 23
13.5 24
13.5 24
13.4 24
13.4 24
13.3 24
13.3 24
13.2 24
13.2 24
13.1 24
13.1 24
13.0 24
13.0 24
13.0 25
13.0 25
13.0 25
12.8 25
12.7 25
12.6 25
12.6 25
12.6 25
12.6 25
12.7 25
12.7 25
12.7 25
12.7 25
12.8 25
12.9 25
13.0 25
13.0 25
12.8 25
12.9 25
13.0 25
13.2 24
13.1 25
13.1 25
13.1 25
13.3 24
13.4 24
13.5 24
13.5 24
13.6 24
13.7 24
13.6 24
13.6 24
13.6 24
13.7 24
13.8 24
13.9 23
13.9 23
13.9 23
14.0 23
14.1 23
14.2 23
14.2 23
14.3 23
14.5 22
14.6 22
14.7 22
14.8 22
14.9 22
15.0 22
15.0 21
15.1 21
15.2 21
15.3 21
15.3 21
15.2 21
15.2 21
15.2 21
15.2 21
15.2 21
15.2 21
15.3 21
15.3 21
15.5 20
15.6 20
15.5 20
15.7 20
15.8 19
15.8 19
15.7 20
15.4 20
15.4 21
15.4 21
15.3 21
15.3 21
15.3 21
15.4 20
15.4 20
15.5 20
15.5 20
15.4 20
15.3 21
14.9 21
14.6 22
14.4 22
14.1 22
13.9 23
13.7 23
13.9 23
13.9 23
13.9 23
14.1 22
14.3 22
14.5 22
14.6 22
14.4 22
14.4 22
14.3 22
14.2 22
14.0 22
13.9 22
13.8 23
13.7 23
13.6 23
13.5 23
13.4 23
13.4 23
13.4 24
13.3 24
13.3 24
13.3 24
13.2 24
13.2 24
13.2 24
13.2 24
13.2 24
13.2 24
13.2 24
13.1 24
13.0 24
13.0 25
13.0 25
12.9 25
12.9 25
12.9 25
12.8 25
12.8 25
12.7 25
12.7 25
12.7 25
12.6 25
12.6 25
12.6 25
12.6 25
12.6 25
12.5 25
12.5 26
12.5 26
12.6 25
12.7 25
12.8 25
12.8 25
12.8 25
12.9 25
12.9 25
13.0 25
13.0 25
13.0 25
13.0 24
13.0 25
13.0 24
13.0 24
13.1 24
13.1 24
13.1 24
13.2 24
13.2 24
13.1 24
13.2 24
13.3 24
13.3 24
13.3 24
13.4 24
13.4 24
13.6 23
13.6 23
13.6 23
13.6 23
13.7 23
13.7 23
13.8 22
13.9 22
13.9 22
14.0 22
14.1 22
14.1 22
14.2 21
14.2 21
14.2 21
14.2 21
14.2 21
14.3 20
14.3 21
14.3 21
14.4 20
14.4 21
14.3 21
14.3 21
14.3 21
14.3 21
14.3 21
14.3 21
14.6 17
14.4 21
14.4 21
14.4 20
14.5 20
14.5 20
14.5 20
14.6 20
14.6 20
14.6 20
14.5 21
14.5 20
14.4 21
14.4 21
14.4 21
14.5 21
14.5 20
14.6 20
14.6 20
14.5 21
14.4 21
14.1 21
13.8 22
13.7 22
13.6 22
13.4 23
13.6 22
13.9 22
13.7 22
13.8 22
14.0 22
14.2 21
14.5 21
14.6 21
14.7 21
14.9 21
14.7 21
14.7 22
14.8 22
14.8 22
14.8 22
14.8 23
14.9 23
14.9 23
14.9 23
14.9 23
14.9 23
14.9 23
14.9 23
14.8 23
14.8 23
14.8 23
14.8 23
14.6 23
14.6 23
14.6 23
14.5 23
14.4 24
14.3 24
14.3 24
14.2 24
14.2 24
14.2 24
14.2 24
14.2 24
14.2 24
14.2 24
14.1 24
13.9 25
13.9 25
13.9 25
13.9 25
14.1 24
14.4 24
14.4 24
14.4 24
14.3 24
14.4 24
14.5 24
14.5 24
14.5 24
14.7 24
14.6 24
14.8 23
14.8 23
14.8 23
14.8 23
14.8 23
14.9 23
14.9 23
15.0 23
15.0 23
15.0 23
15.1 23
15.1 23
15.1 23
15.2 23
15.3 23
15.3 22
15.4 22
15.5 22
15.6 22
15.7 22
15.8 22
15.9 21
16.0 21
16.1 21
16.1 21
16.2 21
16.2 21
16.2 21
16.3 21
16.3 21
17.0 19
17.3 19
17.5 18
17.4 18
17.0 19
17.3 18
16.9 19
16.8 20
16.8 20
16.9 19
16.8 19
16.6 20
16.5 20
16.6 20
16.3 20
16.3 20
16.3 20
16.3 20
16.3 20
16.4 20
16.4 20
16.4 20
16.5 20
16.5 20
16.4 20
16.3 20
16.0 21
15.9 21
15.6 22
15.0 23
14.7 23
14.6 23
14.8 23
14.7 23
14.8 23
14.9 23
15.0 23
14.9 23
14.8 23
14.8 23
15.0 23
15.0 23
15.3 23
15.4 22
15.1 23
15.2 23
15.2 23
15.1 23
15.1 23
15.0 23
15.0 23
14.8 23
14.8 23
14.8 23
14.7 23
14.6 24
14.6 24
14.5 24
14.5 24
14.4 24
14.4 24
14.3 24
14.2 24
14.2 24
14.1 25
14.1 25
14.0 25
14.0 25
14.0 25
13.9 25
13.9 25
13.9 25
13.8 25
13.8 25
13.7 25
13.7 25
13.7 25
13.6 25
13.6 25
13.6 25
13.6 25
13.6 25
13.6 25
13.7 25
13.8 25
13.8 25
14.0 25
14.0 25
13.9 25
13.8 25
13.8 25
14.1 25
14.3 24
14.4 24
14.3 24
14.3 24
14.3 24
14.3 24
14.3 24
14.3 24
14.3 24
14.4 24
14.4 24
14.4 24
14.4 24
14.4 24
14.5 24
14.5 24
14.5 24
14.6 24
14.7 23
14.8 23
14.9 23
15.0 23
15.0 23
15.1 22
15.1 22
15.2 22
15.2 22
15.2 22
15.3 22
15.4 22
15.5 21
15.5 21
15.6 21
15.6 21
15.6 21
15.7 20
15.7 21
15.7 21
15.8 21
15.7 21
15.8 21
16.0 19
16.0 20
15.9 20
15.9 20
16.0 20
16.0 20
16.0 20
16.2 19
16.1 20
16.0 20
16.3 19
16.1 20
16.1 20
16.1 20
16.1 20
16.2 20
16.1 20
16.1 20
16.1 20
16.1 20
16.2 20
16.0 21
15.7 21
15.4 22
15.2 22
14.9 23
14.9 22
14.6 23
14.8 23
14.8 23
14.9 23
15.1 22
15.3 22
15.4 22
16.0 21
16.4 21
16.5 21
16.4 21
16.8 21
16.9 21
17.0 21
16.8 22
16.7 22
17.1 22
17.0 22
17.0 23
16.9 23
16.9 23
16.9 23
16.8 23
16.8 23
16.8 23
16.8 23
16.8 23
16.7 23
16.7 23
16.6 23
16.5 23
16.5 23
16.4 23
16.4 23
16.4 23
16.4 23
16.3 24
16.3 24
16.2 24
16.2 24
16.1 24
16.1 24
16.0 24
16.0 24
16.1 24
16.2 24
16.2 24
16.0 24
15.9 24
15.8 24
16.0 24
16.0 24
15.9 24
16.2 24
16.3 24
16.4 23
16.5 23
16.5 23
16.5 23
16.7 23
16.6 23
16.6 23
16.8 23
17.0 23
17.0 23
17.0 23
16.9 23
16.9 23
17.0 23
17.0 23
17.1 22
17.2 22
17.2 22
17.1 22
17.2 22
17.2 22
17.2 22
17.2 22
17.3 22
17.3 22
17.3 22
17.4 22
17.4 22
18.1 20
18.0 20
18.4 19
18.2 20
17.7 21
17.7 21
18.1 20
18.5 17
18.7 17
18.7 17
17.9 20
17.8 20
17.8 20
18.3 19
18.1 20
18.2 19
18.0 20
18.0 20
18.0 20
18.0 20
18.0 20
18.0 20
18.0 20
18.2 19
18.0 20
18.1 19
17.9 20
17.9 20
17.9 20
17.9 20
17.9 20
17.9 20
17.9 20
17.9 20
17.9 20
17.7 20
17.2 21
16.5 22
16.0 23
15.8 24
15.5 24
15.6 24
15.8 24
15.5 24
15.6 24
15.7 24
16.0 23
16.1 23
16.1 23
15.9 24
16.4 22
16.1 23
16.0 23
16.3 23
16.5 22
16.6 22
16.5 22
16.6 22
16.3 23
16.6 22
16.5 22
16.6 22
16.6 22
16.5 22
16.4 22
16.3 22
16.2 23
16.0 23
15.9 23
15.9 23
15.9 23
15.8 23
15.9 23
15.9 23
15.8 24
15.6 24
15.5 24
15.5 24
15.5 24
15.4 24
15.4 24
15.4 24
15.3 24
15.3 24
15.2 25
15.2 25
15.2 25
15.2 25
15.2 25
15.2 25
15.1 25
15.1 25
15.1 25
15.4 24
15.4 24
15.4 24
15.5 24
15.5 24
15.6 24
15.7 24
16.0 23
16.2 23
16.1 23
16.3 23
16.1 23
16.1 23
16.0 23
16.0 23
16.0 23
16.0 23
16.0 23
16.0 23
16.1 23
16.2 23
16.2 23
16.1 23
16.2 23
16.3 22
16.3 22
16.3 22
16.4 22
16.4 22
16.6 22
16.6 22
16.6 22
16.7 22
16.7 21
16.7 21
16.7 21
16.8 21
16.8 21
16.9 21
17.0 21
17.0 21
17.1 21
17.1 21
17.2 20
17.2 20
17.3 20
17.3 20
17.3 20
17.5 19
17.5 19
17.5 19
17.6 19
17.6 19
17.6 19
17.6 19
17.6 19
17.5 19
17.4 20
17.4 20
17.4 20
17.5 20
17.5 20
17.5 20
17.6 20
17.6 20
17.6 20
17.5 20
17.5 20
17.3 20
16.8 21
16.5 22
16.2 22
16.1 22
15.7 23
15.6 23
15.5 24
15.7 23
16.0 23
16.1 22
16.1 22
16.1 23
16.2 23
16.5 22
16.8 21
17.2 21
17.4 20
17.1 21
17.1 21
17.1 21
17.0 21
17.2 21
17.2 21
17.4 21
17.4 21
17.5 21
17.4 21
17.3 21
17.3 21
17.3 21
17.2 22
17.1 22
16.9 22
16.7 23
16.7 23
16.6 23
16.6 23
16.5 23
16.5 23
16.4 23
16.4 23
16.4 23
16.3 24
16.2 24
16.2 24
16.2 24
16.1 24
16.1 24
16.0 24
16.0 24
16.0 24
16.0 24
16.0 24
16.0 24
16.0 24
15.9 24
15.9 24
16.0 24
15.9 24
15.8 24
16.1 24
16.2 24
16.3 23
16.5 23
16.8 23
16.7 23
16.6 23
16.8 22
16.8 22
16.9 22
16.8 22
16.8 22
16.7 23
16.8 22
16.8 22
16.8 22
16.8 22
16.9 22
16.9 22
16.8 22
16.9 22
16.9 22
16.9 22
16.9 22
17.0 22
17.0 21
17.1 21
17.1 21
17.2 21
17.2 21
17.3 21
17.3 21
17.3 21
17.4 20
17.4 20
17.4 20
17.7 19
17.7 18
17.6 20
17.7 19
17.6 19
17.6 20
17.6 20
17.7 19
17.7 19
17.7 19
17.7 19
17.7 19
17.7 19
17.6 19
17.6 19
17.6 19
17.6 19
17.6 19
17.6 19
17.7 19
17.7 19
17.6 19
17.6 19
17.6 19
17.6 19
17.6 19
17.5 19
17.4 20
16.6 22
16.0 23
15.9 23
15.5 24
15.6 23
15.6 23
15.5 24
15.4 24
15.4 24
15.4 24
15.5 24
15.7 24
15.8 23
15.8 23
15.9 23
15.9 23
15.9 23
15.8 23
15.9 23
16.1 22
16.1 22
16.0 22
16.0 22
16.0 22
15.8 23
15.8 23
15.8 22
15.9 22
15.8 22
15.8 23
15.8 23
15.7 23
15.8 23
15.8 23
15.8 22
15.7 23
15.7 23
15.7 23
15.7 23
15.6 23
15.5 23
15.5 23
15.5 23
15.4 24
15.4 24
15.4 24
15.4 24
15.4 24
15.3 24
15.3 24
15.3 24
15.3 24
15.3 24
15.3 24
15.3 24
15.2 24
15.2 24
15.4 24
15.4 24
15.4 24
15.2 24
15.2 24
15.4 24
15.5 23
15.4 24
15.5 23
15.5 23
15.5 23
15.5 23
15.5 23
15.6 23
15.6 23
15.5 23
15.6 23
15.7 23
15.7 23
15.7 23
15.7 23
15.7 23
15.8 23
15.8 23
15.8 22
15.9 22
16.0 22
15.9 22
16.0 22
16.0 22
16.2 21
16.2 21
16.2 21
16.2 21
16.2 21
16.3 21
16.3 21
16.4 21
16.4 21
16.5 20
16.6 20
16.6 20
16.6 20
16.6 20
16.6 20
16.7 19
16.9 18
17.0 16
17.1 15
17.0 16
16.9 19
16.8 19
17.1 17
17.0 19
17.2 14
16.9 19
16.9 19
16.8 19
16.9 19
16.9 19
17.0 18
16.9 19
17.0 19
16.9 19
16.9 19
16.8 19
16.7 19
16.7 20
16.5 20
16.0 21
15.5 23
15.3 23
15.4 23
15.1 23
15.0 24
15.0 24
15.0 24
15.2 23
15.2 23
15.2 23
15.2 23
15.3 23
15.5 22
15.5 22
15.4 23
15.2 23
15.3 23
15.4 22
15.4 22
15.4 22
15.5 22
15.6 21
15.5 22
15.4 22
15.5 22
15.4 22
15.4 22
15.4 22
15.5 22
15.5 21
15.5 21
15.5 21
15.4 22
15.5 22
15.4 22
15.4 22
15.5 22
15.5 22
15.4 22
15.4 22
15.4 22
15.4 22
15.4 22
15.4 22
15.4 22
15.3 22
15.3 22
15.3 22
15.3 23
15.3 23
15.2 23
15.2 23
15.2 23
15.2 23
15.3 23
15.4 22
15.3 22
15.1 23
15.1 23
15.1 23
15.3 23
15.3 22
15.3 22
15.3 22
15.3 22
15.3 22
15.3 22
15.3 22
15.3 22
15.3 22
15.3 22
15.4 22
15.4 22
15.4 22
15.4 22
15.4 22
15.5 22
15.5 22
15.5 22
15.5 22
15.5 22
15.6 21
15.6 21
15.6 21
15.6 21
15.6 21
15.7 21
15.7 21
15.7 21
15.8 21
16.0 19
16.0 19
15.9 19
16.0 19
16.0 17
16.2 16
16.2 17
16.1 18
16.2 15
16.1 18
16.1 14
16.1 13
16.2 16
16.2 15
16.2 16
16.2 17
16.1 15
16.2 14
16.2 13
16.2 14
16.2 15
16.2 15
16.1 11
16.1 11
16.1 12
16.1 12
16.0 11
15.9 8.5
16.1 12
16.1 14
16.1 13
16.1 14
16.1 15
16.1 15
16.2 15
16.0 16
15.9 17
15.7 19
15.4 20
15.2 20
15.1 21
15.1 21
15.1 21
15.1 21
15.0 21
15.0 21
14.9 21
14.9 21
14.9 22
14.9 22
14.9 22
15.0 21
15.0 21
15.0 21
15.0 21
15.0 21
15.1 20
15.1 20
15.1 20
15.1 20
15.1 20
15.0 20
15.0 20
15.0 20
15.0 20
15.0 20
15.0 20
15.0 20
14.9 21
14.9 21
14.9 21
14.9 21
14.9 21
14.9 21
14.9 21
14.9 21
14.9 21
14.8 21
14.9 21
14.9 21
14.9 21
14.9 21
14.9 21
14.9 21
14.9 21
14.9 21
14.9 21
14.8 21
14.8 21
14.8 21
14.9 21
14.9 20
15.0 20
15.0 20
15.0 20
15.0 20
15.0 20
15.1 19
15.0 20
15.1 19
15.1 19
15.1 19
15.2 18
15.2 19
15.2 19
15.2 19
15.2 19
15.2 17
15.3 17
15.2 19
15.3 11
15.3 17
15.3 18
15.3 17
15.3 18
15.3 15
15.2 9.2
15.3 7.7
15.3 12
15.3 11
15.3 10
15.4 11
15.3 13
15.3 7.7
15.4 7.5
15.4 6.1
15.4 6.9
15.3 7.1
15.3 7.8
15.3 6.8
15.3 7.0
15.3 5.4
15.3 4.9
15.3 5.1
15.3 4.8
15.4 4.0
15.3 3.7
15.3 4.2
15.4 3.5
15.4 3.4
15.4 3.2
15.4 3.0
15.4 2.2
15.4 1.7
15.4 1.3
15.4 1.2
15.4 1.1
15.4 1.0
15.5 0.9
15.5 0.7
15.5 0.8
15.5 0.8
15.5 0.8
15.5 0.9
15.5 0.7
15.5 0.7
15.6 0.8
15.6 0.7
15.6 0.6
15.6 0.6
15.6 0.7
15.6 0.7
15.6 0.8
15.6 0.6
15.0 11
14.9 13
14.9 13
14.7 15
14.7 16
15.1 12
15.2 11
15.2 13
15.0 14
15.1 13
15.0 12
15.2 12
15.1 13
15.1 14
15.2 13
15.1 14
15.3 12
15.2 14
15.2 13
15.3 13
15.4 11
15.4 11
15.5 12
15.4 13
15.2 14
15.3 14
15.2 14
15.2 14
15.2 15
15.0 17
15.0 17
14.9 18
14.8 18
14.8 18
14.8 19
14.8 19
14.6 19
14.5 20
14.4 21
14.4 21
14.5 21
14.4 21
14.3 22
14.2 22
14.2 22
14.2 22
14.2 22
14.1 22
14.1 22
14.1 22
14.1 22
14.1 23
14.1 23
14.0 23
14.1 22
14.1 23
14.1 22
14.3 22
14.4 21
14.3 22
14.4 21
14.1 23
14.3 22
14.4 21
15.1 16
15.2 15
15.2 14
15.2 14
14.6 21
15.0 15
15.1 15
15.3 11
15.3 9.8
15.3 8.7
15.3 9.5
15.2 11
15.1 13
15.2 11
15.4 5.0
15.4 5.0
15.3 7.0
15.3 7.1
15.3 8.4
15.3 7.0
15.4 5.4
15.4 5.2
15.4 5.1
15.4 5.1
15.4 4.9
15.4 4.6
15.4 3.8
15.4 3.5
15.4 3.6
15.4 3.5
15.4 3.3
15.4 3.2
15.5 2.4
15.5 1.5
15.5 1.1
15.5 1.1
15.5 1.1
15.5 1.1
15.5 1.1
15.5 1.0
15.4 1.0
15.4 0.9
15.4 0.8
15.4 0.8
15.4 0.7
15.4 0.7
15.4 0.7
15.4 0.7
15.4 0.6
15.3 0.6
15.4 0.5
15.4 0.5
15.3 0.5
15.3 0.6
15.3 0.6
15.3 0.6
15.3 0.5
15.3 0.5
15.3 0.5
15.3 0.5
14.8 8.9
14.8 9.8
14.7 10
14.7 11
14.7 11
14.8 10
14.9 10
14.9 10
14.8 11
14.8 11
14.8 11
14.8 10
14.8 11
14.8 12
14.8 12
14.8 12
14.8 12
14.8 12
14.9 12
14.9 12
15.0 11
15.0 11
14.8 13
14.8 13
14.5 16
14.5 14
14.4 17
14.4 17
14.2 18
14.1 19
14.1 19
14.0 20
14.0 20
14.0 20
14.0 20
14.0 20
14.0 21
13.9 21
13.9 21
13.8 22
13.8 22
13.8 22
13.7 22
13.7 22
13.6 22
13.6 22
13.6 22
13.6 22
13.6 22
13.6 23
13.6 23
13.6 23
13.6 23
13.6 23
13.6 23
13.6 23
13.7 22
13.7 22
13.7 22
13.6 22
13.6 22
13.6 22
13.7 22
13.7 22
13.9 21
14.2 18
14.3 18
14.5 16
14.3 18
14.7 14
14.5 16
14.4 17
14.5 15
14.6 15
14.4 17
15.2 7.0
14.8 13
14.5 15
15.6 4.3
15.2 7.7
14.7 13
15.1 11
15.3 7.5
14.9 11
14.8 12
15.7 5.0
15.7 6.8
15.4 5.8
15.4 7.0
15.4 6.8
15.4 7.4
15.8 6.3
15.8 4.9
16.1 3.9
16.1 4.1
16.1 4.2
16.5 3.0
16.2 4.1
16.3 3.3
16.3 3.3
16.3 3.5
16.4 3.0
16.6 2.5
16.6 2.6
16.7 2.2
16.8 2.2
16.8 2.2
17.0 2.1
17.0 1.7
17.1 1.6
17.3 1.5
17.2 1.4
17.3 1.1
17.3 1.2
17.4 1.2
17.4 1.0
17.6 1.1
17.6 1.1
17.5 1.1
17.4 1.2
17.4 1.8
17.3 1.9
17.2 2.1
17.2 2.4
15.3 14
15.2 15
14.8 15
14.5 17
14.6 17
14.3 18
14.3 18
14.8 16
15.1 13
15.4 14
15.1 16
14.8 17
14.8 17
14.5 18
14.3 19
14.6 18
14.6 19
14.6 19
14.8 19
14.8 19
14.9 19
15.0 19
14.8 20
14.5 21
14.4 21
14.5 21
14.7 21
14.7 21
14.7 21
14.8 21
14.8 21
14.8 21
14.6 21
14.7 21
14.6 22
14.6 22
14.6 22
14.6 22
14.6 22
14.5 22
14.5 22
14.5 22
14.5 22
14.5 22
14.5 22
14.5 23
14.5 23
14.4 23
14.4 23
14.4 23
14.4 23
14.4 23
14.4 23
14.4 23
14.4 23
14.4 23
14.4 23
14.5 22
14.5 22
14.5 22
14.5 22
14.5 22
14.5 22
14.5 22
14.6 22
14.6 22
14.6 22
15.0 21
15.1 20
14.8 20
15.3 18
15.8 16
15.3 18
15.0 20
15.8 14
15.8 15
15.4 18
16.4 7.8
16.4 9.9
16.2 12
15.8 14
15.5 17
16.6 6.0
16.4 8.0
16.3 8.8
16.3 8.4
16.5 7.0
16.4 7.6
16.3 8.3
16.3 8.5
16.4 6.8
16.4 6.2
16.4 5.6
16.4 6.1
16.4 5.8
16.4 4.7
16.4 4.9
16.4 3.6
16.4 4.0
16.4 4.4
16.4 4.0
16.4 5.3
16.4 4.8
16.4 4.0
16.4 3.7
16.3 3.8
16.3 3.7
16.3 3.6
16.3 3.2
16.2 3.3
16.3 3.2
16.3 3.1
16.2 3.0
16.2 2.8
16.2 2.8
16.2 2.5
16.2 2.5
16.2 2.2
16.2 2.2
16.2 2.2
16.2 2.2
16.2 2.4
16.2 4.5
15.4 13
15.1 15
15.0 15
15.0 15
15.0 15
15.0 15
15.2 14
15.1 15
15.1 15
15.0 15
15.1 15
15.1 15
14.9 16
14.7 18
14.6 19
14.5 19
14.6 19
14.9 14
15.0 16
14.9 16
15.0 18
14.9 16
14.7 18
14.9 16
14.7 18
14.7 17
14.5 19
14.5 19
14.4 19
14.2 21
14.2 21
14.2 21
14.1 21
14.1 21
14.2 21
14.2 20
14.1 21
14.1 21
14.0 22
14.0 22
13.9 22
13.9 22
13.9 22
13.8 22
13.8 22
13.7 22
13.7 23
13.6 23
13.6 23
13.6 23
13.6 23
13.5 23
13.5 23
13.5 23
13.5 23
13.4 23
13.5 23
13.5 23
13.7 23
13.7 22
13.7 22
13.8 22
13.8 22
13.9 22
14.0 22
14.0 22
14.0 21
14.0 22
 17
15.0 17
15.2 15
15.1 16
14.9 17
15.8 11
15.6 11
15.2 15
16.4 6.2
15.7 11
15.7 11
16.4 5.6
16.5 5.7
16.9 3.5
16.6 5.6
16.1 8.6
17.0 3.1
16.5 6.9
15.9 10
17.1 3.9
17.4 3.3
16.9 5.1
17.1 3.8
16.8 5.1
17.1 4.2
17.4 4.3
17.0 4.8
17.7 3.3
16.4 7.8
17.8 2.6
17.4 3.8
18.4 2.2
17.7 3.5
17.7 3.9
18.0 3.2
18.7 2.4
17.9 2.9
17.9 2.9
17.6 4.0
17.3 4.8
16.9 6.4
16.8 6.8
16.6 7.7
14.8 18
14.2 20
14.5 19
14.1 20
14.0 20
14.3 19
14.3 19
14.3 19
14.3 20
14.2 20
14.0 21
14.2 20
14.1 21
14.4 19
14.7 20
14.7 20
15.3 19
14.9 17
14.5 21
14.1 22
14.4 21
15.0 19
15.1 20
15.7 19
15.2 19
15.4 19
15.2 20
14.9 20
15.1 20
15.2 20
14.8 21
14.7 22
14.7 22
14.8 22
15.0 21
15.1 22
15.2 21
15.3 21
15.3 21
15.2 22
15.2 22
15.2 22
15.2 22
15.2 22
15.2 22
15.2 22
15.1 22
15.0 22
15.0 23
15.0 23
14.9 23
14.9 23
14.9 23
14.9 23
14.9 23
14.9 23
14.9 23
14.9 23
14.8 23
14.8 23
14.8 23
15.2 23
15.1 23
15.0 22
15.2 22
15.2 22
15.2 22
15.2 22
15.2 22
15.3 22
15.6 21
15.6 21
15.5 21
15.5 21
15.6 20
15.5 21
16.8 15
15.9 19
15.7 20
16.0 18
15.9 19
15.9 19
15.8 19
16.6 13
17.4 7.9
16.4 16
16.4 16
16.1 17
16.2 17
17.3 6.6
17.4 5.2
17.3 7.2
17.0 7.9
17.0 9.2
17.0 7.3
17.0 8.6
17.0 8.8
16.9 8.0
17.3 4.7
17.1 6.2
17.1 5.3
17.0 6.6
17.2 4.7
17.0 7.6
17.0 6.6
17.0 5.5
17.0 5.6
17.0 4.1
16.9 5.3
16.9 5.2
16.9 5.4
16.9 5.4
16.9 5.6
17.0 4.1
16.8 5.7
16.8 4.8
16.8 5.1
16.8 5.7
16.8 5.1
16.8 4.2
16.8 4.3
16.8 4.1
16.8 4.2
16.8 4.4
16.7 6.6
16.7 8.0
16.5 9.4
16.5 11
15.5 16
15.5 16
15.3 17
15.3 17
15.3 17
15.3 17
15.4 17
15.3 18
15.0 19
14.8 20
14.8 20
14.8 20
15.0 19
15.2 17
15.3 18
14.9 20
15.2 19
15.1 18
15.0 19
15.0 18
15.0 19
15.1 18
15.0 18
15.0 18
15.0 18
15.0 18
14.9 19
14.8 19
14.8 19
14.7 20
14.8 19
14.7 20
14.6 20
14.5 21
14.5 21
14.5 21
14.5 21
14.5 21
14.5 21
14.5 21
14.5 21
14.4 22
14.4 22
14.4 22
14.4 22
14.3 22
14.4 22
14.4 22
14.4 22
14.4 22
14.4 22
14.4 23
14.4 23
14.4 23
14.4 23
14.4 23
14.5 23
14.4 22
14.6 21
14.8 20
14.5 22
14.4 22
14.5 23
14.5 23
14.6 21
14.5 22
14.5 21
14.6 21
14.6 21
14.8 20
14.8 20
14.9 19
15.0 18
14.9 19
15.0 18
14.9 19
14.8 19
15.2 17
15.2 17
15.2 17
15.3 16
15.2 17
15.1 18
15.1 18
15.8 9.2
15.9 10
16.0 10
15.6 14
15.5 15
16.0 8.0
16.1 6.4
16.0 8.6
16.0 8.0
15.9 10
15.7 13
15.7 13
15.9 6.6
16.1 5.1
16.1 5.0
16.1 4.7
16.0 9.4
16.1 4.5
16.1 5.1
16.0 5.6
16.0 5.8
16.0 7.8
16.0 5.0
16.0 4.8
16.0 5.0
16.0 4.9
16.0 4.6
15.9 8.9
15.8 9.4
15.8 10
15.7 11
15.5 14
15.2 17
15.0 19
15.0 18
15.0 18
15.0 19
15.0 18
15.0 19
15.0 19
15.0 18
15.0 19
15.0 19
14.9 20
14.8 21
14.8 21
14.9 20
14.9 19
15.0 19
15.0 18
15.1 18
15.2 16
15.2 17
15.0 18
15.2 16
15.1 17
15.1 18
15.2 16
15.2 16
15.2 15
15.1 17
15.1 17
15.1 17
15.1 17
15.1 17
15.1 16
15.1 17
15.1 17
15.0 18
15.0 18
15.0 18
15.0 18
14.9 19
14.9 19
14.9 20
14.9 20
14.8 20
14.8 20
14.8 21
14.8 21
14.8 21
14.8 21
14.8 21
14.8 21
14.8 21
14.8 21
14.8 22
14.8 22
14.8 22
14.8 22
14.8 22
14.8 22
14.8 22
14.8 21
14.8 22
14.8 22
14.9 21
14.9 19
14.9 20
15.0 18
15.1 18
15.0 18
15.1 18
15.1 18
15.1 18
15.0 18
15.0 18
15.1 17
15.2 16
15.1 17
15.1 17
15.2 16
15.1 17
15.2 15
15.3 13
15.4 13
15.2 15
15.2 14
15.3 14
15.2 15
15.4 12
15.4 7.3
15.5 7.2
15.5 7.4
15.5 8.2
15.5 7.5
15.4 8.8
15.4 9.4
15.4 8.7
15.5 5.8
15.5 5.8
15.5 6.6
15.4 7.0
15.4 6.8
15.4 5.7
15.4 5.8
15.4 5.9
15.4 5.2
15.4 4.7
15.3 4.2
15.4 5.1
15.3 5.0
15.3 5.0
15.3 4.8
15.3 4.5
15.3 4.3
15.3 4.2
15.2 4.2
15.2 3.8
15.2 3.6
15.2 3.5
15.2 3.5
15.2 3.4
15.2 3.4
15.1 3.3
15.1 3.3
15.1 3.1
15.1 2.9
15.1 2.7
15.1 2.5
15.0 2.2
15.1 2.1
15.1 2.3
15.0 2.1
15.0 2.2
15.0 2.3
15.0 2.2
15.0 6.3
15.0 8.4
15.0 9.7
15.0 11
15.0 11
15.0 12
14.9 12
14.9 13
14.9 15
14.9 15
14.9 16
14.9 15
14.8 14
14.8 13
14.8 13
14.8 13
14.8 13
14.8 13
14.8 15
14.7 16
14.8 16
14.7 17
14.7 19
14.7 19
14.7 19
14.6 19
14.6 19
14.6 19
14.6 19
14.6 19
14.6 19
14.6 20
14.6 20
14.6 20
14.5 21
14.5 21
14.5 21
14.5 21
14.5 21
14.5 21
14.5 21
14.5 21
14.5 21
14.5 21
14.5 22
14.5 22
14.5 22
14.5 22
14.5 22
14.5 21
14.5 21
14.6 21
14.5 21
14.5 21
14.5 22
14.6 20
14.6 20
14.7 18
14.7 18
14.8 15
14.8 15
14.9 14
14.8 15
15.0 14
14.9 14
14.9 15
14.9 15
15.2 10
15.3 8.9
15.5 7.2
15.8 4.5
15.9 5.5
15.6 5.9
15.6 5.6
15.8 7.1
15.9 5.0
15.6 6.4
15.7 7.1
15.8 6.4
15.8 4.9
15.8 5.9
16.0 5.4
15.9 4.8
16.0 4.8
16.0 4.5
16.2 3.6
16.3 3.4
16.2 3.6
16.3 3.5
16.3 3.6
16.3 3.3
16.3 3.3
16.4 3.4
16.4 3.3
16.5 3.0
16.6 2.8
16.8 2.1
16.8 2.0
16.9 1.9
17.0 1.8
17.0 1.8
17.1 1.5
17.2 1.3
17.2 1.3
17.2 1.3
17.2 1.3
17.2 1.3
17.2 1.3
17.3 1.3
17.2 1.3
17.3 1.3
17.3 1.3
17.4 1.2
17.4 1.5
17.6 1.5
17.5 1.4
17.3 1.4
16.6 13
15.0 17
15.2 17
15.2 18
15.3 18
15.5 18
15.7 17
15.0 20
15.5 19
15.4 19
15.1 20
15.3 20
15.2 20
15.4 19
15.7 18
15.6 19
15.6 19
15.8 19
15.6 19
15.6 20
15.3 21
15.4 21
15.4 21
15.3 21
15.2 21
15.2 21
15.2 21
15.2 21
15.2 21
15.2 21
15.2 21
15.2 21
15.2 21
15.2 21
15.1 21
15.0 21
15.0 21
14.9 22
14.8 22
14.7 22
14.7 22
14.6 22
14.5 22
14.5 22
14.4 22
14.3 23
14.3 23
14.2 23
14.2 23
14.1 23
14.1 23
14.1 23
14.0 23
14.0 23
14.0 23
14.0 23
14.0 23
14.2 23
14.4 22
14.5 22
14.4 22
14.5 22
14.6 22
14.6 22
14.9 21
15.1 21
15.1 21
15.2 21
15.0 21
15.1 21
15.2 21
15.2 21
15.3 20
15.5 19
15.8 17
15.8 17
15.7 18
16.0 16
15.7 18
15.8 17
16.1 8.0
16.0 13
16.2 11
16.0 10
16.1 8.8
16.1 8.6
16.1 6.2
16.1 7.4
16.1 8.7
16.0 8.9
16.0 6.0
16.0 7.3
16.0 6.2
16.0 6.0
15.9 6.3
15.9 5.9
15.9 6.0
15.8 4.4
15.9 5.9
15.8 5.5
15.8 4.8
15.8 5.2
15.8 4.7
15.7 4.7
15.7 4.8
15.7 4.6
15.7 4.6
15.7 4.6
15.6 4.5
15.6 4.5
15.6 4.3
15.6 4.1
15.6 3.9
15.5 3.8
15.5 3.7
15.4 3.4
15.5 3.3
15.4 3.1
15.4 3.0
15.4 2.6
15.3 2.5
15.3 2.3
15.3 2.1
15.3 2.3
15.2 1.9
15.3 2.9
15.3 3.5
15.2 6.9
15.0 9.2
15.0 9.9
14.9 12
14.9 11
14.9 11
14.8 11
14.8 11
14.8 12
14.6 14
14.6 14
14.5 15
14.5 16
14.5 15
14.5 15
14.5 15
14.5 14
14.4 15
14.4 15
14.4 15
14.5 15
14.4 15
14.3 16
14.3 16
14.3 16
14.2 16
14.2 17
14.1 17
14.0 18
14.0 19
14.0 19
13.9 19
13.8 20
13.8 20
13.8 20
13.8 20
13.7 21
13.7 21
13.7 21
13.6 22
13.6 22
13.6 22
13.6 22
13.5 22
13.5 22
13.5 23
13.4 23
13.4 23
13.3 23
13.3 24
13.3 24
13.3 24
13.2 24
13.2 24
13.2 24
13.2 24
13.2 24
13.2 24
13.5 22
13.6 22
13.6 22
13.7 21
13.8 21
13.9 21
14.1 20
14.2 17
14.3 17
14.3 17
14.4 16
14.7 14
14.3 17
14.7 14
14.4 16
14.3 17
14.9 13
15.2 11
16.1 5.2
16.2 5.6
15.9 7.9
16.1 6.8
15.5 9.3
15.5 9.7
16.7 3.4
16.3 5.6
16.5 5.3
16.2 6.3
16.4 5.2
16.1 6.5
17.0 4.2
16.5 5.0
16.4 5.5
16.6 4.7
16.6 4.8
16.8 4.6
16.8 4.5
17.0 4.0
17.1 4.4
16.8 4.5
17.0 4.2
17.0 4.1
17.2 3.6
17.6 3.3
17.1 3.8
17.2 3.7
17.2 3.9
17.2 3.6
17.5 3.3
17.4 3.4
17.4 3.4
17.5 3.2
17.6 3.2
17.3 3.4
17.5 3.3
17.5 3.3
17.6 3.1
17.6 2.9
17.4 3.7
17.4 3.7
16.4 7.6
15.2 18
14.2 22
14.2 22
14.5 21
15.0 19
15.0 20
15.2 20
15.2 20
14.8 21
14.4 23
14.2 23
14.6 22
14.5 22
14.8 21
14.8 21
15.0 21
15.1 21
15.2 20
15.4 19
15.4 20
15.4 19
15.3 20
15.4 19
15.4 20
15.4 19
15.4 19
15.3 19
15.3 20
15.2 20
15.2 20
15.2 20
15.1 20
15.1 20
15.1 20
15.1 21
15.0 21
15.0 21
14.9 21
14.8 21
14.7 22
14.6 22
14.6 22
14.4 23
14.4 23
14.3 23
14.2 23
14.2 24
14.1 24
14.1 24
14.0 24
14.0 24
14.0 24
13.9 24
13.9 24
13.9 25
13.9 25
13.8 25
13.8 25
14.1 24
14.3 23
14.3 23
14.5 23
14.7 22
14.7 22
14.8 21
14.9 21
15.0 21
15.0 21
15.0 21
15.0 21
15.0 21
15.0 21
15.1 20
15.2 20
15.2 20
15.2 20
15.3 19
15.6 18
15.4 18
15.5 18
15.4 19
15.4 18
15.8 12
16.0 9.4
15.7 15
15.7 15
16.1 6.4
16.1 9.0
16.0 5.9
16.0 9.7
16.0 6.5
16.0 8.7
16.0 8.8
16.0 7.7
15.8 5.9
15.9 5.6
15.9 6.8
15.8 6.7
15.8 6.2
15.9 6.8
15.7 5.3
15.8 6.2
15.4 4.2
15.7 6.0
15.7 5.9
15.5 4.7
15.6 6.1
15.6 7.4
15.5 6.0
15.4 5.7
15.3 5.2
15.3 5.4
15.6 6.1
15.4 6.0
15.5 6.2
15.4 5.5
15.4 5.5
15.5 5.5
15.5 5.5
15.5 5.5
15.3 4.3
15.3 4.1
15.3 4.9
15.2 6.3
15.4 8.3
15.3 11
14.9 15
14.9 15
14.6 17
14.6 17
14.6 17
14.4 17
14.4 18
14.4 17
14.4 18
14.4 17
14.4 18
14.3 18
14.3 17
14.3 18
14.3 17
14.2 17
14.2 17
14.2 17
14.1 17
14.1 17
14.1 17
14.1 17
14.1 18
14.1 18
14.0 18
14.0 18
14.1 18
14.1 18
14.1 18
14.0 19
14.0 19
14.0 19
14.0 20
14.0 20
14.0 20
14.0 20
14.0 20
13.9 21
13.9 21
13.9 21
13.9 22
13.8 22
13.8 22
13.8 22
13.8 22
13.8 22
13.8 23
13.8 23
13.7 23
13.7 23
13.7 23
13.7 23
13.7 23
13.7 23
13.7 23
13.7 23
13.7 23
13.7 23
13.7 23
13.7 23
13.8 22
13.8 22
14.0 21
14.2 20
14.2 19
14.3 19
14.4 18
14.3 18
14.3 18
14.3 18
14.3 19
14.2 19
14.4 18
14.5 17
14.4 17
14.4 17
14.5 17
14.7 16
14.7 16
14.7 16
14.8 16
15.0 15
15.7 8.5
16.4 8.7
17.0 5.9
16.1 9.7
15.2 14
15.5 13
17.0 5.5
17.4 5.5
17.2 6.0
16.5 8.4
16.5 8.4
17.6 4.6
17.4 4.8
17.3 5.1
17.8 4.3
17.9 3.7
18.4 2.8
18.2 3.6
17.6 4.3
18.1 3.2
17.6 4.4
17.2 7.0
17.8 4.2
18.0 4.2
18.2 3.7
18.2 3.2
18.0 4.4
17.7 4.4
17.8 4.7
17.5 4.4
17.1 4.9
17.5 4.7
16.5 8.6
16.4 9.0
16.4 10
15.1 16
14.8 18
15.1 17
15.1 18
14.9 18
15.1 17
15.1 18
15.1 18
15.1 18
15.2 18
15.3 17
15.4 17
15.4 17
15.5 17
15.7 17
15.8 18
16.0 17
16.0 17
15.9 18
16.1 18
16.5 16
16.6 16
16.4 17
16.4 17
16.3 17
16.2 17
16.2 17
16.1 17
16.0 18
16.0 18
15.9 19
15.8 19
15.7 20
15.8 20
15.8 20
15.8 20
15.8 20
15.8 20
15.7 20
15.8 21
15.7 21
15.7 21
15.6 21
15.5 21
15.5 21
15.4 22
15.4 22
15.4 22
15.3 22
15.3 22
15.3 22
15.3 22
15.2 22
15.2 22
15.2 22
15.2 22
15.2 22
15.2 22
15.2 22
15.2 23
15.4 22
15.4 22
15.3 22
15.4 22
15.4 22
15.4 22
15.7 21
15.8 20
16.0 20
16.0 19
16.2 18
16.1 19
16.0 19
15.9 19
15.9 19
15.9 19
16.1 18
16.1 17
16.3 16
16.2 18
16.1 18
16.2 17
16.3 17
16.2 17
16.4 16
16.6 14
16.5 13
16.5 12
16.5 8.9
16.6 9.5
16.5 7.0
16.5 6.3
16.5 8.6
16.5 6.5
16.5 6.1
16.4 6.5
16.4 6.8
16.5 7.8
16.4 6.4
16.4 6.5
16.4 6.4
16.3 7.0
16.3 5.9
16.3 5.9
16.3 6.3
16.2 6.0
16.2 6.3
16.1 5.3
16.0 5.2
16.1 6.0
16.2 6.0
16.1 5.9
16.1 6.3
16.0 5.5
16.1 5.9
15.9 5.5
16.0 5.7
16.0 5.7
15.9 5.2
15.9 5.2
16.0 5.6
16.0 5.6
16.0 6.3
16.0 5.9
16.0 6.3
16.2 7.7
16.2 8.2
16.2 9.7
16.0 13
15.9 13
15.8 15
15.8 16
15.8 15
15.9 15
15.8 15
15.8 15
15.8 15
15.8 15
15.8 15
15.8 15
15.7 16
15.7 15
15.8 15
15.8 14
15.8 15
15.8 14
15.8 14
15.8 15
15.9 14
15.8 14
15.9 14
15.9 15
15.9 15
15.9 15
15.9 15
15.9 16
15.9 16
15.8 16
15.8 16
15.8 17
15.8 17
15.8 17
15.8 17
15.8 18
15.8 18
15.8 18
15.8 18
15.8 19
15.7 20
15.7 20
15.7 20
15.7 21
15.6 21
15.6 21
15.6 21
15.6 21
15.6 21
15.6 22
15.6 22
15.6 22
15.6 22
15.6 22
15.6 22
15.6 22
15.6 22
15.6 22
15.6 22
15.6 22
15.6 22
15.6 22
15.7 21
15.7 21
15.8 19
15.8 19
15.9 18
15.9 18
15.9 17
15.9 17
15.9 17
15.9 17
15.9 17
15.9 17
15.9 17
15.9 17
15.9 17
16.0 16
16.0 16
16.0 16
16.2 15
16.1 16
16.2 15
16.1 15
16.2 15
16.4 13
16.4 14
16.4 13
16.7 10
16.8 10
17.2 7.8
16.7 12
16.7 8.8
17.5 5.6
17.5 5.2
17.2 7.8
17.0 9.4
17.2 8.2
17.0 9.2
17.2 7.2
17.3 6.8
17.0 8.4
17.2 4.8
17.4 5.4
17.0 6.1
17.1 6.8
17.0 7.2
17.0 8.0
16.7 11
16.7 11
16.7 11
16.7 11
16.6 11
16.7 11
16.7 11
16.6 11
16.1 17
16.0 18
15.9 19
15.9 19
15.9 19
16.0 18
16.0 19
16.0 19
16.0 19
15.9 20
15.9 21
15.8 21
15.8 21
15.9 21
16.0 20
16.1 20
16.2 19
16.3 18
16.3 18
16.2 19
16.3 18
16.3 18
16.3 18
16.2 18
16.2 18
16.3 18
16.2 18
16.2 18
16.2 18
16.2 18
16.2 18
16.2 18
16.2 18
16.2 18
16.2 18
16.1 18
16.1 18
16.1 19
16.1 19
16.1 19
16.1 19
16.1 19
16.0 19
16.0 19
16.0 20
16.0 20
16.0 20
15.9 20
15.9 21
15.9 21
15.9 21
15.8 21
15.8 22
15.8 22
15.8 22
15.8 22
15.8 22
15.8 22
15.7 22
15.7 22
15.7 22
15.8 21
15.9 21
15.9 21
15.8 21
15.9 21
15.9 21
16.0 20
16.0 20
16.0 20
16.0 19
16.1 19
16.1 19
16.1 19
16.1 19
16.1 19
16.1 19
16.1 18
16.1 18
16.2 18
16.1 18
16.2 18
16.2 18
16.2 17
16.2 16
16.2 17
16.2 17
16.3 16
16.3 17
16.3 14
16.3 14
16.3 11
16.3 12
16.3 12
16.3 14
16.3 14
16.2 8.9
16.3 10
16.1 7.1
16.2 8.6
16.3 11
16.2 8.2
16.2 8.8
16.1 6.9
16.3 10
16.2 7.4
16.1 7.3
16.2 7.7
16.2 7.8
16.1 6.7
16.1 7.1
16.0 6.8
16.1 7.0
16.0 6.6
16.1 6.8
16.1 7.4
16.2 9.6
16.1 7.7
16.1 7.8
16.0 7.0
15.9 5.6
16.0 6.3
16.2 10
16.2 11
16.2 10
16.2 11
16.2 11
16.2 12
16.2 13
16.2 13
16.0 14
15.8 17
15.8 18
15.7 18
15.7 18
15.7 19
15.7 19
15.7 19
15.7 18
15.7 17
15.7 17
15.7 17
15.7 17
15.7 17
15.7 17
15.6 18
15.7 17
15.7 16
15.7 17
15.7 17
15.7 17
15.7 16
15.8 16
15.8 16
15.8 16
15.8 16
15.7 17
15.7 17
15.7 17
15.7 17
15.7 17
15.7 17
15.7 17
15.7 17
15.7 17
15.7 17
15.7 17
15.7 17
15.7 18
15.7 18
15.6 19
15.6 19
15.6 19
15.6 19
15.6 19
15.6 19
15.6 19
15.6 20
15.6 20
15.6 20
15.6 20
15.6 20
15.6 20
15.5 21
15.6 21
15.5 21
15.5 21
15.5 21
15.6 20
15.6 19
15.7 19
15.7 19
15.9 17
15.7 18
15.8 18
15.8 18
15.8 17
15.8 17
15.8 17
15.8 17
15.7 18
15.7 18
15.7 17
15.7 17
15.7 17
15.7 17
15.8 17
15.8 17
15.8 16
15.9 16
15.9 16
16.0 15
16.0 15
16.0 15
16.1 14
16.3 13
16.1 14
16.4 12
16.2 14
16.3 13
16.3 13
16.3 13
16.6 8.7
16.6 8.5
16.6 9.6
16.7 6.9
16.6 8.3
16.6 8.8
16.5 10
16.6 9.1
16.6 8.2
16.7 6.9
16.6 8.8
16.6 7.9
16.6 7.2
16.6 7.3
16.5 8.3
16.5 11
16.4 12
16.3 12
16.3 12
16.3 12
16.3 12
16.3 12
16.4 12
16.2 14
15.8 17
15.7 19
15.7 19
15.6 20
15.6 19
15.6 20
15.6 20
15.6 20
15.6 20
15.6 20
15.5 21
15.6 21
15.5 21
15.6 20
15.6 21
15.7 19
15.8 19
15.8 19
15.8 19
15.9 18
15.9 18
15.9 18
15.9 18
15.9 18
15.9 17
15.9 18
15.9 18
15.9 17
15.9 17
15.9 18
15.9 18
15.9 17
15.9 17
15.9 17
15.8 18
15.8 18
15.8 18
15.8 18
15.8 18
15.8 18
15.8 18
15.8 18
15.8 18
15.8 18
15.8 19
15.8 19
15.7 19
15.8 19
15.7 19
15.7 19
15.7 19
15.7 20
15.6 20
15.6 20
15.6 20
15.6 21
15.6 21
15.6 21
15.6 21
15.5 21
15.5 21
15.5 21
15.7 20
15.7 19
15.7 20
15.7 20
15.7 19
15.7 19
15.7 19
15.8 18
15.8 18
15.8 18
15.8 18
15.8 18
15.8 18
15.8 18
15.8 18
15.8 18
15.8 18
15.8 18
15.9 18
15.9 17
15.9 17
15.9 17
15.9 17
15.9 17
15.9 16
16.1 12
16.1 12
16.0 16
16.0 16
16.0 15
16.0 16
16.0 15
16.0 9.9
16.1 6.6
16.0 8.4
16.0 14
16.1 11
16.1 8.0
16.1 8.2
16.0 6.5
16.1 11
16.1 8.5
16.1 11
16.0 9.7
16.0 6.4
16.0 5.9
16.0 6.5
16.0 6.3
16.0 6.3
16.0 6.6
16.0 8.0
16.0 7.2
16.0 7.9
16.0 8.2
16.0 8.6
16.0 5.8
16.0 10
16.0 10
16.0 9.3
16.0 7.9
16.0 7.6
16.0 6.8
16.0 11
16.0 11
16.0 11
16.0 12
16.0 12
15.8 14
15.6 16
15.6 16
15.5 17
15.6 16
15.5 18
15.5 18
15.4 18
15.4 18
15.4 18
15.5 17
15.5 18
15.6 17
15.6 16
15.7 16
15.6 17
15.6 16
15.6 16
15.7 16
15.7 16
15.7 16
15.8 15
15.8 15
15.8 15
15.9 15
15.9 15
15.8 16
15.7 16
15.7 17
15.7 17
15.6 17
15.7 17
15.6 17
15.6 17
15.6 18
15.6 17
15.6 18
15.6 18
15.5 18
15.5 18
15.5 18
15.5 19
15.5 19
15.5 19
15.5 19
15.4 20
15.4 20
15.4 21
15.3 21
15.3 21
15.2 21
15.2 22
15.2 22
15.2 22
15.2 22
15.1 22
15.1 22
15.1 22
15.1 22
15.1 22
15.1 22
15.3 21
15.4 20
15.4 19
15.5 19
15.5 19
15.5 19
15.6 18
15.7 17
15.7 17
15.7 17
15.7 17
15.7 17
15.7 17
15.7 17
15.6 17
15.7 17
15.8 16
15.7 17
15.8 16
15.7 17
15.8 16
16.0 15
16.0 15
15.9 15
15.9 15
15.9 15
16.1 14
16.0 14
16.0 15
16.8 8.2
16.3 12
16.2 13
16.1 14
16.8 7.5
16.8 7.7
16.6 10
17.0 6.1
17.2 6.9
17.1 5.4
16.9 7.7
16.6 10
16.4 11
16.5 10
16.5 11
16.4 11
16.7 7.7
16.5 11
16.7 8.7
16.3 12
16.3 12
16.3 12
16.3 12
16.3 12
16.3 12
16.3 12
16.3 12
16.0 15
15.5 19
15.4 19
15.4 20
15.2 20
15.2 21
15.3 20
15.3 20
15.3 20
15.3 20
15.2 21
15.2 21
15.1 22
15.2 20
15.3 20
15.3 20
15.6 18
15.7 18
15.6 19
15.5 20
15.5 20
15.6 20
15.7 19
15.7 19
15.8 19
15.7 19
15.6 19
15.7 19
15.7 19
15.7 19
15.6 20
15.6 20
15.6 20
15.6 20
15.6 20
15.5 21
15.4 21
15.4 21
15.4 21
15.4 21
15.4 21
15.5 21
15.5 21
15.5 21
15.5 21
15.5 21
15.4 22
15.4 22
15.4 22
15.3 22
15.3 22
15.3 22
15.3 22
15.2 23
15.2 23
15.2 23
15.1 23
15.1 23
15.1 23
15.1 23
15.1 23
15.1 23
15.1 23
15.3 22
15.2 23
15.3 22
15.4 22
15.4 22
15.5 21
15.7 20
15.7 20
15.6 21
15.7 20
15.7 20
15.8 19
15.7 20
15.7 20
15.8 19
15.8 19
15.9 18
15.6 20
15.7 19
15.7 19
15.7 19
15.8 19
15.8 19
15.9 18
15.9 18
15.9 18
15.9 17
16.0 17
16.1 16
16.0 16
16.3 7.2
16.4 6.5
16.2 14
16.3 13
16.3 10
16.2 13
16.2 14
16.3 13
16.4 6.6
16.4 7.9
16.4 9.2
16.4 5.9
16.4 6.9
16.5 5.7
16.3 9.7
16.3 11
16.3 11
16.3 10
16.4 5.3
16.5 5.0
16.5 5.1
16.5 4.5
16.4 7.2
16.2 11
16.3 9.1
16.3 10
16.3 8.3
16.3 8.3
16.3 9.5
16.2 12
16.4 7.5
16.3 8.3
16.2 12
16.2 12
16.2 12
16.0 15
15.8 16
15.7 18
15.7 18
15.6 18
15.6 18
15.6 18
15.6 19
15.5 20
15.5 19
15.5 19
15.5 20
15.5 20
15.6 19
15.8 17
15.9 17
15.9 17
15.8 17
15.9 17
15.9 17
16.0 17
16.0 16
16.1 16
16.0 17
16.0 17
16.0 17
16.1 17
16.2 17
16.2 17
16.2 17
16.0 18
16.1 18
16.0 18
16.0 18
15.9 19
15.8 19
15.8 20
15.8 20
15.7 20
15.8 20
15.7 21
15.7 21
15.8 21
15.7 21
15.8 21
15.7 21
15.8 21
15.7 21
15.7 21
15.6 21
15.6 22
15.6 22
15.6 22
15.6 22
15.6 22
15.6 22
15.6 22
15.5 22
15.6 22
15.6 22
15.5 22
15.6 22
15.6 22
15.5 22
15.6 22
15.6 22
15.7 21
15.6 22
15.6 21
16.1 19
16.3 18
16.2 18
16.2 18
15.8 20
16.2 17
16.2 18
16.1 19
16.4 17
16.1 17
17.1 14
16.3 17
16.2 17
16.2 17
16.2 17
16.4 16
16.4 16
16.4 16
17.1 11
17.2 14
16.8 14
16.7 15
16.8 14
16.8 14
16.9 14
16.8 14
16.8 14
18.2 6.3
17.5 12
17.4 11
18.2 5.5
17.1 12
17.9 5.7
18.1 5.6
17.2 13
17.0 13
17.4 11
17.2 12
17.1 12
17.8 7.1
17.4 9.9
16.9 13
17.0 13
16.9 13
16.9 14
16.8 14
16.7 15
16.6 15
16.6 16
16.3 18
16.2 19
16.0 20
16.1 19
16.0 20
16.0 20
15.9 21
15.9 21
15.9 21
15.9 21
15.9 21
15.9 21
15.9 21
15.8 22
15.8 22
15.8 22
15.8 22
15.9 21
15.9 22
15.8 22
16.0 21
16.0 21
16.0 21
16.2 21
16.2 21
16.2 21
16.0 22
16.1 21
16.2 21
16.2 21
16.2 21
16.2 21
16.2 21
16.3 21
16.3 21
16.2 21
16.3 21
16.2 22
16.2 21
16.2 22
16.2 22
16.2 22
16.2 22
16.1 22
16.1 22
16.0 22
16.0 22
16.0 22
16.0 22
16.0 22
15.9 22
15.9 23
15.9 23
15.9 22
15.9 23
15.8 23
15.8 23
15.8 23
15.9 22
15.9 22
16.0 22
16.0 22
15.9 23
15.9 22
15.8 23
15.9 22
15.9 22
16.0 22
16.0 22
16.0 22
16.1 22
16.1 22
16.0 22
16.2 22
16.4 20
16.3 21
16.3 21
16.3 21
16.2 21
16.2 21
16.5 19
16.4 20
16.3 21
16.3 21
16.3 21
16.4 20
16.4 20
16.4 20
16.7 18
16.9 16
16.7 17
16.6 19
16.6 19
17.1 13
16.8 17
16.7 18
16.8 15
16.7 17
16.8 17
16.7 17
16.8 16
16.8 16
17.1 9.3
17.0 12
17.2 6.2
17.1 10
17.0 12
16.9 14
17.1 9.6
17.0 12
17.0 12
16.9 13
16.9 9.2
17.1 7.5
17.1 8.6
17.0 11
17.1 7.7
17.0 10
16.8 13
17.0 10
16.8 13
16.8 14
16.9 12
16.9 13
16.9 13
16.9 13
16.8 14
16.8 15
16.7 16
16.4 18
16.3 18
16.2 19
16.2 19
16.2 20
16.2 20
16.2 20
16.2 20
16.2 20
16.2 20
16.2 20
16.3 19
16.3 19
16.5 18
16.6 17
16.5 18
16.5 18
16.5 18
16.6 18
16.5 18
16.6 18
16.6 18
16.7 18
16.6 18
16.7 17
16.7 17
16.7 18
16.6 18
16.7 18
16.7 18
16.6 19
16.6 19
16.5 20
16.5 20
16.4 20
16.3 20
16.3 21
16.3 21
16.3 21
16.3 21
16.3 21
16.3 21
16.3 21
16.2 21
16.2 21
16.2 21
16.2 22
16.2 22
16.2 22
16.2 22
16.2 22
16.2 22
16.1 22
16.1 22
16.1 22
16.1 22
16.1 22
16.1 22
16.1 22
16.1 22
16.1 22
16.1 22
16.3 22
16.2 22
16.2 22
16.2 22
16.2 22
16.4 21
16.6 20
16.6 20
16.6 20
16.6 20
16.7 20
16.7 20
16.9 18
16.7 19
16.7 19
16.8 19
16.8 18
16.8 19
16.7 19
16.9 18
17.2 17
17.2 17
17.1 17
17.0 18
16.9 18
17.2 17
17.1 17
17.1 17
17.4 16
17.3 16
17.3 16
17.3 16
18.2 13
17.6 15
17.4 16
17.4 16
17.3 16
18.7 8.2
18.6 11
17.8 14
17.6 15
17.6 15
17.7 14
17.7 14
17.7 14
17.6 15
17.5 15
17.4 15
17.4 15
17.4 15
17.4 15
17.4 15
17.4 16
17.5 15
17.5 15
17.5 15
17.3 16
17.4 15
17.2 17
16.8 20
16.8 20
16.6 22
16.7 21
16.6 22
16.7 21
16.7 21
16.7 22
16.6 22
16.7 22
16.7 21
16.8 21
16.8 20
16.7 21
16.7 21
16.7 22
16.7 22
16.6 22
16.6 22
16.7 21
16.8 21
17.0 20
16.8 21
16.9 21
16.8 21
16.9 22
17.0 21
17.0 21
16.8 22
16.9 21
16.8 22
16.7 22
16.9 21
16.7 22
16.8 22
16.7 22
16.7 22
16.7 22
16.7 22
16.7 23
16.7 23
16.7 22
16.7 22
16.7 22
16.7 23
16.7 23
16.7 23
16.6 23
16.7 23
16.6 23
16.6 23
16.6 23
16.6 23
16.6 23
16.6 23
16.6 23
16.6 23
16.6 23
16.6 23
16.6 23
16.7 23
16.7 23
16.7 22
16.7 22
16.7 22
16.8 22
16.8 22
16.8 22
16.8 22
16.8 22
17.0 22
17.0 21
16.9 22
16.9 22
17.1 20
17.1 20
17.0 21
16.9 22
17.0 21
17.0 21
16.9 21
17.0 21
17.0 21
17.0 21
17.1 20
17.1 20
17.1 20
17.3 17
17.5 14
17.2 19
17.2 19
17.2 19
17.3 18
17.2 19
17.4 17
17.6 12
17.6 10
17.5 11
17.4 9.0
17.4 16
17.4 13
17.4 15
17.4 16
17.4 16
17.4 16
17.4 9.1
17.3 15
17.5 9.8
17.5 13
17.4 9.1
17.6 11
17.4 14
17.4 15
17.4 15
17.5 7.4
17.6 7.3
17.4 16
17.4 15
17.4 15
17.5 14
17.5 14
17.5 14
17.5 14
17.5 14
17.5 15
17.5 15
17.4 16
17.4 17
17.2 18
16.9 20
16.9 20
16.9 20
16.8 21
16.8 21
16.9 20
17.0 20
17.0 20
16.9 21
16.9 21
16.9 21
16.9 21
16.9 21
17.0 21
17.0 21
17.1 21
17.3 21
17.3 21
17.3 21
17.4 21
17.5 21
17.5 21
17.5 21
17.5 21
17.6 21
17.6 21
17.7 21
17.7 21
17.8 21
17.8 21
17.8 21
17.8 21
17.9 21
17.9 21
17.9 21
17.9 21
17.9 21
17.8 21
17.8 21
17.7 21
17.6 22
17.6 22
17.5 22
17.5 22
17.5 22
17.5 22
17.5 22
17.5 22
17.4 22
17.5 22
17.5 22
17.4 23
17.4 23
17.4 23
17.4 23
17.4 22
17.5 22
17.5 22
17.6 22
17.3 23
17.2 23
17.2 23
17.3 23
17.6 22
17.5 22
17.6 22
17.7 21
17.7 21
17.8 21
17.8 21
17.8 21
17.8 21
17.8 21
17.8 21
17.8 21
17.8 21
17.8 21
17.8 21
17.8 21
17.9 20
17.9 20
18.0 20
17.9 20
17.9 20
17.9 20
18.0 20
18.5 17
18.4 17
18.1 19
18.1 19
18.2 18
18.1 18
18.1 18
18.8 14
18.9 12
18.8 13
18.8 13
18.2 17
18.8 13
18.4 16
18.2 17
18.2 17
18.6 12
18.7 9.9
18.2 16
18.8 10
18.4 15
18.4 16
18.3 15
18.2 16
18.3 14
18.2 17
18.2 17
18.2 17
18.2 17
18.2 17
18.1 17
18.1 17
18.1 18
18.0 18
17.3 20
16.2 23
16.2 23
15.6 24
15.4 24
15.6 24
15.5 24
15.7 24
15.7 24
15.8 24
15.6 24
15.6 24
15.5 24
15.6 24
15.8 24
16.0 23
15.8 24
16.0 23
16.2 23
16.1 23
16.0 23
16.0 23
16.0 23
16.1 23
16.0 23
16.1 23
16.1 23
16.0 23
16.0 23
15.9 23
16.0 23
16.0 23
15.8 23
15.8 23
15.7 24
15.6 24
15.6 24
15.6 24
15.6 24
15.4 24
15.4 24
15.4 24
15.4 24
15.3 24
15.3 24
15.2 25
15.2 24
15.2 24
15.2 24
15.2 25
15.2 24
15.2 25
15.2 25
15.2 25
15.2 25
15.1 25
15.1 25
15.1 25
15.2 25
15.2 24
15.1 25
15.2 25
15.2 25
15.2 24
15.2 25
15.3 24
15.3 24
15.5 24
15.6 24
15.5 24
15.5 24
15.6 24
15.7 23
15.8 23
15.7 23
15.7 23
15.7 23
15.8 23
15.8 23
15.8 23
15.9 23
15.9 23
16.0 23
16.1 23
16.1 22
16.2 22
16.2 22
16.4 21
16.3 22
16.6 20
16.6 20
16.6 20
16.7 20
16.7 20
16.8 18
17.0 17
16.9 16
17.0 16
16.9 17
16.7 14
16.9 16
17.0 15
16.6 9.9
17.0 11
17.0 10
17.1 12
17.0 9.3
17.1 13
17.1 11
17.0 12
17.2 11
17.3 11
17.3 15
17.3 14
17.3 13
17.5 9.9
17.6 11
17.6 11
17.7 12
17.6 11
17.9 11
17.9 11
17.4 14
17.2 16
17.2 16
17.0 18
16.6 19
15.8 22
15.5 23
14.8 24
14.8 24
14.8 24
14.8 24
15.2 24
15.2 24
15.1 24
15.2 24
15.2 24
15.4 23
15.5 23
15.7 23
15.8 23
15.9 23
16.0 23
16.2 23
16.2 23
16.4 23
16.5 23
16.6 22
16.7 22
16.9 22
17.0 22
17.0 22
17.1 22
17.2 21
17.1 21
17.1 22
17.1 21
17.0 22
17.0 22
17.0 22
16.9 22
16.8 22
16.8 22
16.7 22
16.7 22
16.7 22
16.7 22
16.7 23
16.7 23
16.7 23
16.6 23
16.6 23
16.5 23
16.5 23
16.4 23
16.4 24
16.4 23
16.3 24
16.2 24
16.1 24
16.0 24
15.9 24
15.8 24
15.8 24
15.8 24
15.6 24
15.6 24
15.7 24
15.6 24
15.6 25
15.8 24
16.1 24
16.3 23
16.2 24
16.1 24
16.2 24
16.4 23
16.3 24
16.7 23
16.8 23
17.0 22
17.0 22
16.9 22
16.9 22
16.9 22
16.8 22
16.9 22
16.9 22
16.9 22
16.9 22
16.9 22
16.9 22
17.4 20
17.4 20
17.5 20
17.5 20
17.8 19
18.2 15
18.0 17
17.8 19
17.6 19
17.5 20
17.5 19
18.0 15
17.9 15
17.8 15
17.8 16
17.9 15
17.8 16
17.7 18
17.7 16
17.8 13
17.8 13
17.7 13
17.7 14
17.7 15
17.6 15
17.5 14
17.5 14
17.4 14
17.3 15
17.3 16
17.3 15
17.2 13
17.2 14
17.3 15
17.2 16
17.1 19
17.2 18
16.8 20
16.5 21
15.2 24
15.0 24
14.6 25
14.4 25
14.6 25
14.8 24
14.7 25
14.8 25
14.8 24
14.9 24
14.7 25
14.7 25
14.6 25
14.5 25
14.5 25
14.5 25
14.6 25
14.5 24
14.6 24
14.5 24
14.6 24
14.6 24
14.5 24
14.5 24
14.5 24
14.6 23
14.6 23
14.6 23
14.5 24
14.5 24
14.5 24
14.5 23
14.5 23
14.5 23
14.5 23
14.5 23
14.5 23
14.5 23
14.5 23
14.5 23
14.4 23
14.4 24
14.4 24
14.4 24
14.4 24
14.4 24
14.3 24
14.3 24
14.2 24
14.2 24
14.2 24
14.2 24
14.2 24
14.2 24
14.2 24
14.2 24
14.2 24
14.2 24
14.2 24
14.2 24
14.3 24
14.2 24
14.3 24
14.2 24
14.3 24
14.3 24
14.4 24
14.4 23
14.3 24
14.4 24
14.5 23
14.5 23
14.5 23
14.5 23
14.5 23
14.5 23
14.5 23
14.5 23
14.6 23
14.6 23
14.6 22
14.7 23
14.6 23
14.7 23
14.6 22
14.7 22
14.8 20
14.9 19
14.8 22
15.0 20
15.0 20
14.9 21
14.9 22
14.9 22
14.9 21
15.4 18
15.5 18
15.7 17
15.5 18
15.4 16
16.0 15
15.9 16
15.8 17
16.0 16
15.9 16
16.0 16
16.1 16
16.2 16
16.4 16
16.2 16
16.2 16
16.3 16
16.3 16
16.6 15
16.4 16
16.6 15
15.9 18
15.8 18
15.7 19
15.7 19
15.7 19
15.4 20
15.1 21
14.8 22
14.1 24
13.8 25
13.6 25
13.7 25
13.6 25
14.0 25
14.0 25
14.0 25
14.2 24
14.3 24
14.4 24
14.4 24
14.5 24
14.7 24
14.8 24
14.8 24
14.9 24
15.0 24
15.1 24
15.2 24
15.3 24
15.4 24
15.5 24
15.7 23
15.6 24
15.7 24
15.9 23
15.8 23
15.8 23
15.5 24
15.6 24
15.5 24
15.7 24
15.6 24
15.6 24
15.5 24
15.5 24
15.5 24
15.5 24
15.5 24
15.5 24
15.4 24
15.4 24
15.4 24
15.4 24
15.3 24
15.2 24
15.2 24
15.2 24
15.2 24
15.1 24
15.1 25
15.0 25
15.0 25
15.0 25
14.9 25
14.9 25
14.8 25
14.8 25
14.8 25
14.8 25
15.1 24
15.0 25
15.1 25
15.2 24
15.0 25
15.2 24
15.2 24
15.3 24
15.3 24
15.3 24
15.5 24
15.5 24
15.5 24
15.5 24
15.4 24
15.4 24
15.4 24
15.5 24
15.5 24
15.6 24
15.6 24
15.6 24
15.7 24
15.7 23
15.7 23
15.8 23
15.8 23
15.8 23
15.8 23
15.9 23
15.9 23
15.9 23
16.0 23
16.0 23
16.0 23
16.5 20
16.1 23
16.5 21
16.8 20
16.5 21
16.3 22
16.2 22
16.7 20
16.6 21
16.7 21
16.6 21
16.8 20
17.3 18
16.5 21
16.9 20
17.0 19
16.4 21
16.3 22
16.5 21
16.4 21
16.5 21
16.5 21
16.4 21
16.4 21
16.3 21
16.3 22
16.3 22
16.3 22
16.3 22
15.9 22
15.2 24
15.1 24
14.8 24
14.7 24
14.5 25
14.4 25
14.4 25
14.2 25
14.5 25
14.6 25
14.7 25
14.8 24
14.9 24
15.0 24
15.0 23
15.0 23
15.0 23
14.8 24
14.8 24
14.6 24
14.6 24
14.7 23
14.5 24
14.5 24
14.4 24
14.4 24
14.4 24
14.4 24
14.4 24
14.4 24
14.4 24
14.3 24
14.4 24
14.4 24
14.4 24
14.4 24
14.4 24
14.4 24
14.4 24
14.4 24
14.4 24
14.4 24
14.3 24
14.3 24
14.3 24
14.3 24
14.3 24
14.3 24
14.2 24
14.2 24
14.2 25
14.2 25
14.2 25
14.2 25
14.2 25
14.2 24
14.3 24
14.3 24
14.3 24
14.2 24
14.1 25
14.3 24
14.2 24
14.3 24
14.4 24
14.4 24
14.5 24
14.4 24
14.4 24
14.5 24
14.5 24
14.5 24
14.4 24
14.4 24
14.4 24
14.4 24
14.5 24
14.5 24
14.5 24
14.6 24
14.6 24
14.6 24
14.7 23
14.7 23
14.8 23
14.8 23
14.8 23
14.8 23
15.0 23
14.9 23
15.0 23
15.0 23
15.0 23
15.1 22
15.1 22
15.2 22
15.3 19
15.3 20
15.3 21
15.4 20
15.5 21
15.5 21
15.5 22
15.4 21
15.6 19
15.7 19
15.7 19
15.7 19
15.6 20
15.6 19
15.6 21
15.5 22
15.6 22
15.6 22
15.6 21
15.7 21
15.8 21
15.8 21
15.8 21
15.7 21
15.8 21
15.7 21
15.7 21
15.7 21
15.6 21
15.4 22
14.9 23
14.5 24
14.4 24
14.3 25
14.3 24
14.4 24
14.5 24
14.5 24
14.5 24
14.5 24
14.6 23
14.7 23
14.6 22
14.5 22
14.4 22
14.4 22
14.4 22
14.4 22
14.4 22
14.4 22
14.4 22
14.4 22
14.4 23
14.3 23
14.3 23
14.2 23
14.2 23
14.2 23
14.2 23
14.1 23
14.1 23
14.1 23
14.1 23
14.1 23
14.1 23
14.1 23
14.1 23
14.1 23
14.1 23
14.1 23
14.0 23
14.0 24
14.0 24
14.0 24
14.0 24
14.0 24
14.0 24
14.0 24
14.0 24
14.0 24
14.0 24
14.0 24
13.9 24
13.9 24
13.9 24
14.0 24
14.0 24
14.0 24
14.0 24
14.0 23
14.0 24
14.1 23
14.1 23
14.0 23
13.9 24
13.9 24
14.0 24
14.0 24
14.1 23
14.1 23
14.1 23
14.1 23
14.1 23
14.2 23
14.1 23
14.1 23
14.1 23
14.1 23
14.2 23
14.2 23
14.2 23
14.2 23
14.2 23
14.2 23
14.3 23
14.3 23
14.4 22
14.4 22
14.4 22
14.4 22
14.4 22
14.5 22
14.5 21
14.6 19
14.6 21
14.6 21
14.7 18
14.6 20
14.7 21
14.7 21
14.7 21
14.7 20
14.7 21
14.7 21
14.7 21
14.7 19
14.8 19
14.8 20
14.7 20
14.7 18
14.8 19
14.8 21
14.8 21
14.9 21
14.8 20
14.9 21
14.8 21
14.8 21
14.8 21
14.8 21
14.8 20
14.8 21
14.6 21
14.0 24
13.9 24
13.9 24
13.9 24
13.8 24
13.9 24
13.9 24
13.8 24
13.8 24
13.8 24
13.8 24
13.8 23
13.7 23
13.7 23
13.6 23
13.6 23
13.6 24
13.5 23
13.5 23
13.5 24
13.5 24
13.5 23
13.5 23
13.4 23
13.4 23
13.4 23
13.4 23
13.4 23
13.4 23
13.4 23
13.5 22
13.4 22
13.4 22
13.4 22
13.4 23
13.4 23
13.4 23
13.4 23
13.4 23
13.4 23
13.4 23
13.4 23
13.4 23
13.3 23
13.3 23
13.3 23
13.3 23
13.3 24
13.3 24
13.3 24
13.2 24
13.2 24
13.2 24
13.2 24
13.2 24
13.2 24
13.2 24
13.2 24
13.2 24
13.2 24
13.3 23
13.3 23
13.3 23
13.4 23
13.4 23
13.3 23
13.4 23
13.4 23
13.3 23
13.4 23
13.4 23
13.4 23
13.4 23
13.4 23
13.4 23
13.4 23
13.4 23
13.4 23
13.4 23
13.4 23
13.4 23
13.4 22
13.4 22
13.4 22
13.4 22
13.5 22
13.5 22
13.5 22
13.6 22
13.6 20
13.7 19
13.7 19
13.6 21
13.6 22
13.7 21
13.7 22
13.8 20
13.9 18
14.0 18
13.9 19
14.0 20
13.9 19
13.9 20
13.9 20
14.0 17
14.1 17
14.1 17
14.1 19
14.1 15
14.3 17
14.2 17
14.2 18
14.3 19
14.2 19
14.2 19
14.1 20
14.0 20
14.1 20
14.0 20
14.1 20
14.1 19
14.2 20
14.0 20
13.9 21
13.9 21
13.6 23
13.5 24
13.5 24
13.4 25
13.4 25
13.4 25
13.4 24
13.4 24
13.5 24
13.5 23
13.5 23
13.4 24
13.4 24
13.4 24
13.4 24
13.5 23
13.5 23
13.5 23
13.5 23
13.4 23
13.5 23
13.5 23
13.5 23
13.5 23
13.5 23
13.5 23
13.5 23
13.4 23
13.4 23
13.4 23
13.4 23
13.4 23
13.4 23
13.4 23
13.4 23
13.4 23
13.4 23
13.4 23
13.4 23
13.4 23
13.4 23
13.4 23
13.4 23
13.4 24
13.4 24
13.4 24
13.4 24
13.4 24
13.3 24
13.3 24
13.3 24
13.3 25
13.3 24
13.4 24
13.4 23
13.4 23
13.4 23
13.3 25
13.3 25
13.3 25
13.3 25
13.4 24
13.4 24
13.4 23
13.4 23
13.4 23
13.4 23
13.4 23
13.4 23
13.4 23
13.4 23
13.4 23
13.4 23
13.4 23
13.4 23
13.5 23
13.5 23
13.5 23
13.5 23
13.5 22
13.5 22
13.5 22
13.6 22
13.6 22
13.6 22
13.6 22
13.6 22
13.6 22
13.6 22
13.6 21
13.6 21
13.6 21
13.6 20
13.7 20
13.6 18
13.6 16
13.7 16
13.6 15
13.5 15
13.5 15
13.6 16
13.4 14
13.7 17
13.5 13
13.5 13
13.6 15
13.5 13
13.5 14
13.4 13
13.6 15
13.5 14
13.7 17
13.5 14
13.6 15
13.8 18
13.8 17
13.8 18
13.8 18
13.8 18
13.6 15
13.8 18
13.9 19
13.9 19
13.8 18
13.8 18
13.8 18
13.8 18
13.8 19
13.8 19
13.7 20
13.6 21
13.4 22
13.4 22
13.4 22
13.4 22
13.4 22
13.4 22
13.4 22
13.3 21
13.3 21
13.2 21
13.2 20
13.2 20
13.2 20
13.2 20
13.2 20
13.1 20
13.1 20
13.0 20
13.0 20
13.0 20
13.0 20
13.0 20
13.0 20
13.0 21
13.0 21
13.0 22
13.0 22
13.1 22
13.1 22
13.1 22
13.1 22
13.0 22
13.1 22
13.1 22
13.1 22
13.1 23
13.1 23
13.1 23
13.1 23
13.1 23
13.1 24
13.1 24
13.1 24
13.1 24
13.1 24
13.1 24
13.1 24
13.1 24
13.1 24
13.1 24
13.1 24
13.1 24
13.1 24
13.0 23
13.1 23
13.1 24
13.1 23
13.0 23
13.1 23
13.1 23
13.1 22
13.1 22
13.0 21
13.1 21
13.1 22
13.1 22
13.1 22
13.1 22
13.1 22
13.1 22
13.1 22
13.1 22
13.1 22
13.1 22
13.1 21
13.1 21
13.1 21
13.1 21
13.1 20
13.1 20
13.2 20
13.2 20
13.2 20
13.2 20
13.2 19
13.2 19
13.3 19
13.3 19
13.3 16
13.3 16
13.3 13
13.3 15
13.3 9.3
13.2 8.8
13.3 10
13.4 15
13.3 12
13.3 7.7
13.3 9.6
13.4 16
13.3 9.2
13.4 17
13.4 15
13.5 17
13.5 17
13.5 17
13.5 16
13.5 16
13.5 17
13.5 17
13.6 16
13.6 17
13.6 17
13.5 17
13.5 17
13.5 17
13.5 18
13.4 18
13.4 19
13.3 21
13.2 22
13.2 22
13.2 22
13.2 22
13.3 21
13.3 20
13.3 20
13.4 20
13.4 20
13.4 20
13.4 20
13.5 20
13.5 20
13.5 20
13.6 20
13.6 20
13.7 19
13.7 19
13.7 19
13.8 19
13.8 19
13.8 20
13.8 20
13.8 20
13.8 21
13.8 21
13.8 21
13.8 22
13.8 22
13.8 22
13.8 22
13.8 22
13.7 22
13.7 23
13.7 23
13.7 23
13.7 23
13.7 23
13.6 23
13.6 24
13.6 24
13.6 24
13.6 24
13.6 24
13.5 24
13.5 24
13.5 24
13.5 24
13.5 24
13.5 24
13.5 24
13.5 24
13.5 25
13.5 25
13.5 25
13.5 25
13.5 25
13.5 25
13.5 24
13.5 24
13.6 24
13.6 24
13.6 24
13.6 24
13.7 23
13.8 22
13.8 22
13.7 22
13.8 22
13.8 22
13.8 22
13.8 22
13.8 22
13.8 22
13.7 22
13.8 22
13.8 22
13.8 21
13.8 22
13.8 21
13.8 21
13.8 20
13.9 19
13.9 20
13.9 20
13.9 19
13.9 17
13.9 19
13.9 18
13.9 18
13.9 18
13.9 17
13.9 16
13.8 14
13.7 12
13.8 12
13.7 12
13.7 12
13.6 13
13.6 12
13.7 11
13.6 9.8
13.6 10
13.7 11
13.7 13
13.7 10
13.6 9.2
13.6 10
13.6 9.9
13.6 11
13.6 10
13.6 11
13.6 12
13.6 12
13.6 12
13.7 14
13.6 13
13.7 15
13.7 14
13.7 14
13.7 14
13.7 14
13.7 15
13.7 15
13.7 14
13.8 15
13.8 16
13.7 18
13.7 19
13.6 20
13.6 20
13.6 20
13.6 20
13.6 20
13.6 20
13.6 19
13.6 19
13.5 19
13.5 18
13.5 19
13.4 18
13.4 17
13.3 17
13.3 17
13.2 17
13.1 17
13.1 18
13.1 18
13.1 18
13.1 18
13.1 18
13.1 19
13.1 19
13.1 19
13.1 19
13.1 20
13.2 21
13.3 21
13.3 21
13.3 21
13.3 21
13.3 21
13.3 22
13.3 22
13.3 22
13.3 22
13.3 22
13.3 22
13.3 23
13.3 23
13.3 23
13.3 23
13.3 23
13.3 23
13.3 23
13.3 23
13.3 23
13.3 23
13.3 23
13.3 23
13.3 23
13.3 23
13.3 23
13.3 23
13.3 23
13.2 21
13.2 20
13.2 20
13.2 21
13.2 20
13.2 20
13.2 20
13.3 21
13.3 20
13.2 21
13.2 20
13.2 20
13.3 20
13.3 21
13.3 20
13.3 20
13.3 20
13.3 20
13.4 19
13.3 19
13.4 18
13.4 19
13.4 19
13.4 18
13.4 18
13.5 18
13.4 18
13.6 17
13.9 14
13.7 17
13.7 16
14.3 12
14.1 12
14.1 14
14.0 15
14.4 12
14.5 11
14.5 11
14.5 11
14.9 9.3
14.9 9.8
14.6 12
14.7 11
14.9 11
15.1 9.9
15.2 9.0
15.0 10
15.0 9.6
15.1 10
15.1 10
15.1 11
15.0 11
15.2 11
15.2 11
14.9 12
14.7 13
14.7 13
15.1 12
14.7 13
14.5 14
14.6 14
14.4 15
14.1 17
14.0 18
14.0 19
14.1 19
14.1 19
14.1 19
14.2 18
14.4 17
14.5 17
14.5 18
14.7 17
14.6 21
14.9 20
14.8 21
14.8 21
14.8 22
14.9 21
15.3 21
15.3 21
15.3 21
15.2 21
15.2 22
15.2 22
15.1 22
15.1 22
15.0 22
15.0 22
15.0 22
15.0 22
14.9 22
14.9 22
14.8 22
14.8 22
14.8 22
14.7 22
14.7 23
14.7 23
14.6 23
14.6 23
14.6 23
14.5 23
14.4 23
14.4 23
14.4 23
14.3 24
14.3 24
14.3 24
14.3 24
14.2 24
14.2 24
14.2 24
14.2 24
14.2 24
14.2 24
14.2 24
14.1 24
14.1 24
14.1 24
14.3 23
14.5 23
14.4 23
14.4 23
14.6 23
14.6 23
14.6 23
14.6 23
14.6 23
14.6 23
14.6 23
14.5 23
14.4 23
14.5 23
14.6 23
14.6 23
14.7 22
14.6 22
14.6 23
14.7 22
14.7 22
14.8 22
14.8 22
14.9 21
14.9 21
14.9 21
15.0 21
15.0 21
15.0 20
15.1 20
15.1 20
15.1 19
15.1 19
15.0 18
15.0 17
15.0 16
15.0 16
15.0 15
14.9 15
14.9 14
14.9 15
14.9 15
14.9 14
14.8 14
14.8 14
14.7 12
14.6 12
14.7 13
14.6 12
14.6 12
14.6 11
14.6 12
14.6 11
14.4 11
14.5 11
14.6 13
14.7 13
14.6 12
14.7 13
14.8 15
14.6 13
14.3 11
14.8 16
14.8 14
14.8 14
14.6 13
14.7 14
14.6 13
14.7 14
14.6 14
14.8 15
14.9 16
14.9 16
14.9 16
14.6 17
14.6 17
14.6 17
14.6 16
14.6 16
14.6 16
14.5 16
14.5 15
14.4 16
14.3 18
14.2 17
14.1 17
13.9 17
13.8 18
13.7 18
13.7 19
13.6 19
13.5 19
13.6 20
13.6 20
13.6 20
13.6 20
13.6 20
13.6 20
13.6 20
13.7 21
13.7 21
13.7 21
13.7 21
13.7 21
13.7 22
13.7 22
13.8 22
13.8 22
13.7 23
13.7 23
13.7 23
13.7 23
13.7 23
13.7 23
13.7 23
13.7 23
13.6 24
13.6 24
13.6 24
13.6 24
13.6 24
13.6 24
13.6 24
13.6 24
13.6 24
13.6 24
13.6 24
13.7 23
13.7 23
13.7 23
13.8 22
14.0 21
14.0 21
14.0 21
14.0 21
14.0 22
14.0 21
13.9 22
13.9 22
13.9 22
13.9 22
13.8 22
13.9 22
13.8 21
13.8 22
13.8 21
13.9 21
13.9 21
13.9 20
14.0 20
14.0 20
14.0 19
14.0 20
14.1 20
14.1 19
14.2 19
14.2 19
14.4 17
14.9 12
14.6 17
14.7 15
14.7 14
14.8 14
14.8 14
14.8 13
15.0 12
15.1 12
15.1 12
15.1 13
15.2 12
15.0 13
15.2 12
15.0 14
15.3 12
15.3 13
15.4 12
15.4 12
15.2 14
15.4 13
15.4 13
15.3 13
15.6 12
15.3 14
14.9 16
15.0 15
15.2 14
15.3 14
15.1 15
15.0 15
14.9 16
14.7 16
14.6 17
14.3 20
14.3 21
14.2 21
14.3 21
14.3 21
14.4 21
14.5 21
14.6 20
14.6 20
14.7 20
14.7 22
14.7 21
14.8 21
14.8 21
15.0 20
15.1 20
15.1 21
15.1 21
15.1 21
15.0 21
15.0 21
14.9 22
14.9 22
14.9 22
14.9 22
14.8 22
14.8 22
14.8 22
14.8 22
14.8 22
14.7 22
14.7 22
14.7 22
14.6 23
14.6 23
14.6 23
14.5 23
14.4 24
14.4 24
14.4 24
14.4 24
14.4 24
14.4 24
14.3 24
14.3 24
14.3 24
14.3 24
14.3 24
14.3 24
14.2 24
14.2 24
14.2 25
14.2 25
14.2 25
14.2 25
14.2 25
14.2 25
14.3 24
14.4 24
14.4 24
14.5 23
14.5 23
14.5 23
14.5 23
14.5 23
14.6 23
14.6 23
14.5 23
14.5 23
14.5 23
14.5 23
14.6 23
14.6 23
14.6 22
14.6 22
14.6 22
14.7 22
14.8 22
14.8 22
14.8 22
14.8 21
14.8 21
14.9 21
14.9 20
14.9 20
14.9 20
15.0 20
15.0 19
15.0 19
15.0 19
15.0 19
15.0 19
15.0 19
15.0 18
15.0 18
15.0 18
14.9 18
14.9 18
14.9 18
14.9 18
14.9 18
14.8 17
14.7 16
14.7 16
14.7 16
14.6 15
14.6 15
14.5 14
14.6 14
14.5 14
14.6 15
14.6 15
14.6 15
14.6 15
14.4 14
14.5 15
14.5 15
14.6 16
14.6 16
14.5 15
14.5 15
14.5 15
14.5 15
14.5 15
14.3 14
14.3 15
14.6 16
14.5 15
14.5 15
14.7 16
14.7 17
14.6 16
14.6 16
14.5 16
14.5 16
14.5 15
14.5 16
14.5 16
14.5 16
14.4 16
14.3 17
14.2 18
14.1 18
14.0 19
14.0 19
13.9 19
13.9 20
14.0 20
14.0 21
14.0 21
14.0 21
14.0 21
14.0 21
14.0 21
14.1 21
14.1 21
14.1 22
14.1 22
14.2 22
14.2 22
14.2 22
14.2 22
14.2 23
14.2 23
14.2 23
14.1 23
14.1 23
14.1 23
14.1 24
14.0 24
14.0 24
14.0 24
14.0 24
14.0 24
14.0 24
14.0 24
14.0 24
14.0 24
14.0 24
14.0 24
14.1 24
14.2 24
14.1 24
14.2 23
14.2 24
14.3 23
14.5 23
14.2 24
14.5 23
14.6 22
14.5 23
14.4 23
14.4 23
14.4 23
14.4 23
14.4 23
14.4 22
14.4 22
14.3 23
14.3 23
14.3 23
14.4 22
14.4 22
14.4 22
14.4 22
14.4 21
14.5 21
14.5 21
14.7 20
14.7 20
14.7 20
14.8 20
14.9 19
14.9 19
15.0 18
15.1 18
15.1 18
15.2 18
15.2 18
15.2 18
15.3 18
16.4 13
16.2 14
16.4 13
16.4 12
16.6 11
16.6 10
16.2 12
16.4 11
16.2 13
16.3 14
16.1 14
16.1 13
16.2 14
16.1 14
16.2 13
16.1 14
16.1 14
16.2 14
15.7 16
16.0 14
16.0 15
16.3 13
16.4 13
16.3 14
16.1 14
15.9 15
15.8 16
15.6 16
15.5 17
15.6 17
15.5 17
15.6 17
15.7 18
15.8 18
15.9 17
16.1 17
16.2 17
16.3 17
16.4 17
16.5 17
16.4 18
16.5 18
16.6 19
16.6 20
16.6 20
16.5 21
16.4 21
16.4 21
16.3 21
16.2 22
16.2 22
16.2 22
16.1 22
16.0 22
16.0 22
15.9 22
15.8 23
15.8 23
15.7 23
15.7 23
15.7 23
15.6 23
15.6 24
15.5 24
15.5 24
15.4 24
15.4 24
15.4 24
15.4 24
15.4 24
15.4 24
15.4 24
15.4 24
15.3 25
15.3 25
15.3 25
15.2 25
15.2 25
15.2 25
15.2 25
15.2 25
15.3 25
15.3 25
15.3 25
15.3 25
15.3 24
15.5 24
15.5 24
15.6 23
15.6 23
15.5 23
15.6 23
15.6 23
15.6 23
15.6 23
15.6 23
15.5 24
15.6 23
15.6 23
15.6 23
15.6 23
15.7 23
15.7 23
15.7 23
15.7 23
15.8 23
15.8 22
15.9 21
15.9 22
15.9 22
16.0 21
16.0 21
16.0 21
16.1 20
16.1 20
16.1 19
16.1 19
16.1 19
16.1 19
16.1 18
16.1 18
16.1 18
16.1 18
16.1 18
16.1 18
16.1 18
16.0 18
16.0 18
15.9 17
15.7 16
15.7 14
15.8 16
15.7 15
15.6 15
15.6 14
15.3 13
15.4 14
15.5 14
15.6 15
15.4 14
15.2 14
15.5 15
15.2 14
15.4 15
15.3 14
15.3 14
15.3 14
15.5 15
15.6 16
15.5 15
15.4 14
15.3 14
15.2 14
15.3 14
15.6 16
15.5 15
15.4 15
15.6 15
15.5 15
15.6 16
15.6 16
15.5 15
15.5 16
15.5 15
15.5 16
15.5 16
15.5 16
15.4 16
15.3 17
15.3 18
15.2 18
15.2 19
15.2 19
15.3 20
15.3 20
15.4 21
15.4 21
15.4 21
15.4 21
15.4 21
15.5 21
15.5 21
15.5 21
15.5 22
15.5 22
15.5 22
15.5 22
15.5 22
15.4 23
15.4 23
15.4 23
15.4 23
15.3 23
15.2 24
15.2 24
15.2 24
15.2 24
15.2 24
15.2 24
15.1 24
15.1 24
15.1 24
15.1 24
15.1 24
15.1 24
15.1 24
15.1 24
15.1 24
15.2 24
15.2 24
15.2 24
15.3 24
15.3 24
15.4 24
15.5 23
15.4 23
15.6 23
15.6 23
15.6 23
15.7 23
15.7 23
15.7 22
15.7 23
15.7 22
15.7 22
15.7 22
15.7 22
15.7 22
15.7 22
15.8 22
15.8 22
15.8 22
15.9 21
15.9 21
15.9 21
16.0 21
16.1 20
16.1 20
16.2 20
16.2 20
16.2 20
16.3 19
17.0 17
16.8 18
17.2 16
17.6 14
17.4 15
17.6 14
17.8 12
17.8 13
17.7 13
17.8 11
17.9 11
18.1 9.9
18.0 11
18.0 12
17.3 15
17.5 14
18.2 11
17.6 13
17.6 14
17.1 16
17.3 15
17.6 13
17.3 15
17.2 15
17.2 15
17.0 17
17.0 17
17.2 16
17.4 14
17.6 13
17.4 15
17.3 15
17.1 16
16.9 17
16.8 17
16.9 17
16.8 17
16.9 17
16.7 18
16.7 18
16.8 17
16.8 17
17.0 16
17.0 17
17.1 16
17.1 17
17.1 16
17.1 17
17.0 17
16.9 18
16.9 18
16.8 19
16.7 20
16.6 20
16.6 21
16.6 21
16.5 21
16.5 22
16.5 22
16.5 22
16.5 22
16.4 22
16.4 22
16.4 22
16.3 23
16.2 23
16.2 23
16.2 23
16.1 23
16.1 23
16.0 24
16.0 24
16.0 24
16.0 24
16.0 24
16.0 24
15.9 24
15.9 25
15.9 25
15.8 25
15.8 25
15.8 25
15.8 25
15.8 25
15.8 25
15.8 25
15.8 25
15.8 25
15.8 25
15.8 25
15.9 24
15.9 25
15.9 24
15.9 24
16.0 24
16.0 24
16.0 24
16.1 23
16.1 24
16.1 24
16.1 24
16.1 23
16.1 23
16.1 24
16.1 24
16.1 23
16.1 23
16.2 23
16.2 23
16.2 23
16.2 23
16.2 23
16.2 23
16.3 22
16.3 23
16.3 22
16.4 22
16.4 22
16.5 21
16.5 21
16.5 20
16.6 20
16.6 20
16.6 19
16.6 19
16.6 19
16.6 19
16.6 19
16.6 18
16.6 18
16.6 18
16.6 18
16.6 18
16.6 18
16.6 18
16.6 18
16.4 16
16.4 16
16.4 16
16.4 15
16.4 15
16.3 14
16.3 15
16.3 15
16.3 14
16.3 14
16.3 15
16.4 15
16.3 14
16.3 15
16.4 16
16.3 15
16.2 15
16.2 15
16.1 15
16.3 16
16.4 16
16.3 15
16.4 16
16.3 15
16.3 15
16.3 15
16.3 15
16.3 15
16.4 16
16.4 16
16.4 16
16.4 16
16.4 16
16.4 16
16.4 16
16.4 16
16.4 16
16.3 17
16.3 17
16.2 18
16.2 22
16.2 22
16.2 22
16.2 22
16.1 23
16.1 23
16.1 23
16.1 23
16.1 23
16.0 23
16.0 24
16.0 24
16.0 24
16.0 24
16.0 24
16.0 24
16.0 24
16.0 24
16.0 24
16.0 24
15.9 24
15.9 24
15.9 24
15.9 24
16.0 24
16.0 24
16.1 24
16.1 24
16.1 23
16.1 23
16.1 23
16.2 23
16.3 23
16.2 23
16.2 23
16.3 23
16.3 22
16.3 23
16.3 23
16.3 23
16.3 23
16.3 22
16.3 22
16.3 22
16.3 22
16.4 22
16.4 22
16.5 21
16.5 21
16.6 21
16.5 21
16.6 21
16.7 20
16.7 20
16.7 20
16.8 20
16.8 20
16.8 20
16.9 19
17.1 18
17.1 17
17.1 15
17.2 13
17.2 13
17.2 11
17.2 11
17.2 11
17.2 11
17.2 11
17.2 11
17.2 10
17.2 11
17.3 10
17.2 11
17.2 11
17.2 11
17.1 11
17.2 12
17.2 11
17.1 11
17.1 12
17.1 13
17.1 12
17.1 12
17.1 12
17.1 10
17.0 11
16.8 10
17.0 11
17.0 12
17.0 15
17.0 17
16.9 17
16.9 17
16.8 17
16.7 18
16.7 18
16.7 18
16.6 19
16.6 19
16.7 18
16.7 18
16.6 18
16.6 18
16.6 19
16.5 19
16.4 19
16.4 19
16.4 20
16.3 20
16.2 20
16.2 21
16.2 21
16.1 21
16.1 22
16.1 22
16.1 22
16.1 22
16.1 22
16.1 22
16.1 23
16.1 23
16.0 23
16.0 23
16.0 23
16.0 23
16.0 23
16.0 23
16.0 24
16.0 24
15.9 24
15.9 24
15.9 24
15.9 24
15.9 24
15.9 24
15.9 24
15.9 25
15.9 25
15.9 25
15.9 25
15.9 25
15.9 25
15.9 25
15.9 25
15.9 25
15.9 25
15.9 24
15.9 24
15.9 24
15.9 24
15.9 24
16.0 23
16.0 24
16.0 23
16.0 23
16.0 23
16.0 23
16.0 23
16.0 23
16.0 23
16.0 23
16.0 23
16.0 23
16.0 23
16.0 23
16.0 23
16.0 22
16.0 23
16.0 23
16.0 23
16.1 22
16.1 22
16.1 22
16.1 21
16.1 21
16.1 21
16.2 21
16.2 20
16.2 20
16.2 20
16.2 20
16.2 20
16.2 19
16.2 19
16.2 19
16.2 19
16.2 19
16.2 19
16.2 19
16.2 19
16.2 18
16.2 18
16.1 16
16.1 16
16.0 15
16.0 15
16.1 16
16.0 15
16.0 15
16.0 13
16.0 14
16.0 14
16.0 14
16.0 14
16.0 14
15.9 13
16.0 15
15.9 13
16.1 15
16.0 14
16.0 15
16.0 15
16.0 15
16.1 15
16.0 14
16.0 14
16.0 14
16.1 15
16.1 15
16.1 16
16.1 17
16.2 17
16.2 17
16.1 17
16.1 17
16.0 18
16.0 18
16.1 18
16.1 18
16.1 18
16.0 19
16.1 18
16.1 19
16.1 19
16.1 19
16.0 20
16.1 20
16.1 20
16.1 21
16.1 21
16.1 21
16.1 22
16.1 22
16.1 22
16.1 22
16.1 22
16.1 22
16.1 22
16.1 22
16.1 22
16.1 22
16.0 22
16.0 22
16.0 23
16.0 23
16.0 23
16.0 23
15.9 23
15.9 23
15.9 24
15.9 23
15.9 23
15.9 24
15.9 24
15.8 24
15.9 23
15.9 23
15.9 24
15.8 24
15.8 24
15.8 24
15.9 24
15.9 24
15.9 23
15.9 24
15.9 23
16.0 23
16.0 23
16.1 23
16.1 23
16.1 23
16.1 23
16.1 23
16.1 22
16.1 22
16.1 23
16.1 23
16.1 23
16.1 23
16.1 22
16.1 22
16.1 22
16.1 22
16.2 22
16.1 22
16.2 21
16.2 21
16.3 21
16.3 21
16.3 21
16.3 21
16.3 21
16.4 20
16.4 20
16.4 20
16.4 20
16.4 20
16.5 20
16.5 19
16.5 19
16.5 19
16.7 17
16.8 14
16.8 15
16.8 15
16.8 15
16.9 13
16.9 13
17.0 12
17.0 12
17.1 12
16.9 14
17.1 12
16.9 14
16.9 13
17.0 13
17.0 14
17.0 13
17.0 12
16.9 13
16.8 14
16.7 16
16.8 15
16.8 15
16.8 16
16.9 15
16.9 13
16.8 15
16.7 16
16.7 17
16.7 17
16.6 18
16.6 18
16.4 19
16.3 20
16.4 19
16.3 21
16.3 20
16.4 19
16.4 20
16.4 20
16.5 19
16.5 19
16.5 20
16.5 19
16.5 19
16.4 20
16.4 20
16.4 20
16.3 20
16.2 21
16.2 21
16.2 21
16.2 21
16.3 21
16.2 22
16.2 22
16.2 22
16.2 22
16.2 22
16.2 22
16.2 22
16.2 22
16.2 22
16.2 23
16.1 23
16.1 23
16.1 23
16.1 23
16.0 23
16.0 24
16.0 24
16.0 24
15.9 24
15.9 24
15.9 24
15.9 24
15.9 24
15.9 24
15.9 24
15.9 24
15.8 24
15.8 24
15.8 24
15.8 24
15.9 24
15.9 24
15.9 24
16.0 24
16.0 23
16.1 23
16.1 23
16.1 23
16.1 23
16.1 22
16.1 22
16.1 22
16.1 22
16.1 22
16.1 23
16.1 23
16.1 23
16.1 22
16.1 22
16.1 22
16.1 22
16.1 22
16.2 22
16.1 22
16.2 22
16.2 21
16.2 21
16.2 21
16.2 21
16.2 21
16.2 21
16.2 21
16.3 20
16.3 20
16.3 20
16.3 19
16.3 19
16.3 19
16.3 19
16.3 19
16.2 19
16.2 19
15.9 13
15.9 13
16.0 15
16.0 14
16.0 14
16.0 15
16.0 15
16.0 14
15.9 13
15.9 13
16.0 14
16.0 13
15.9 12
15.9 11
16.0 13
16.1 14
16.0 13
16.0 12
16.0 12
16.1 14
16.1 14
16.2 15
16.2 15
16.2 14
16.2 14
16.2 14
16.2 13
16.2 13
16.2 13
16.2 16
16.2 15
16.3 17
16.2 17
16.2 17
16.2 18
16.1 18
16.1 18
16.0 19
16.1 18
16.1 18
16.2 18
16.1 18
16.1 18
16.2 18
16.2 18
16.2 18
16.2 19
16.3 19
16.2 20
16.3 20
16.3 20
16.3 21
16.3 21
16.3 21
16.3 21
16.3 21
16.3 21
16.3 21
16.3 21
16.4 22
16.4 22
16.4 22
16.3 22
16.3 22
16.3 22
16.3 22
16.3 22
16.3 23
16.3 23
16.2 23
16.2 23
16.2 23
16.2 23
16.2 23
16.1 23
16.1 24
16.2 23
16.2 23
16.2 24
16.1 24
16.1 24
16.1 24
16.1 24
16.1 24
16.3 23
16.3 23
16.3 23
16.3 23
16.3 23
16.3 23
16.3 23
16.5 23
16.5 23
16.5 23
16.7 23
16.6 22
16.6 22
16.6 22
16.6 22
16.6 22
16.6 22
16.6 22
16.6 22
16.6 22
16.6 22
16.6 22
16.6 22
16.6 22
16.7 21
16.8 21
16.8 21
16.8 21
16.9 21
16.9 20
16.9 20
16.9 20
16.9 20
17.0 20
17.0 20
17.1 20
17.1 20
17.1 20
17.2 19
17.1 19
17.4 19
18.0 14
18.1 14
18.2 11
18.0 13
18.1 11
18.3 11
18.2 12
17.6 16
17.7 14
17.7 14
17.6 14
17.6 15
17.6 16
17.3 18
17.7 14
17.7 15
17.6 14
17.3 18
17.5 15
17.5 17
17.3 18
17.5 16
17.4 18
17.4 17
17.4 17
17.3 18
17.2 19
17.1 19
17.0 19
16.8 20
16.7 21
16.7 21
16.6 21
16.5 22
16.6 22
16.8 21
17.0 21
17.0 21
17.0 21
17.1 21
17.3 21
17.4 20
17.2 21
17.3 20
17.3 20
17.2 21
17.1 21
17.1 21
17.0 21
16.9 21
16.9 22
16.9 22
16.9 22
16.9 22
16.9 22
16.9 22
16.9 22
16.8 22
16.8 22
16.8 22
16.8 23
16.8 23
16.7 23
16.7 23
16.7 23
16.7 23
16.7 23
16.6 23
16.6 23
16.6 24
16.6 24
16.5 24
16.5 24
16.5 24
16.5 24
16.5 24
16.5 24
16.4 24
16.5 24
16.5 24
16.5 24
16.5 24
16.5 24
16.5 24
16.5 24
16.5 24
16.6 24
16.6 24
16.5 24
16.5 24
16.6 23
16.7 23
16.8 23
16.8 23
16.8 23
16.8 22
16.8 22
16.8 22
16.8 22
16.7 23
16.7 23
16.8 23
16.8 22
16.8 22
16.8 22
16.8 22
16.9 22
16.9 22
16.9 22
16.9 22
16.9 22
16.9 22
17.0 21
17.0 21
16.9 21
17.0 21
17.0 20
17.0 20
17.0 20
17.0 19
17.0 20
17.0 20
17.0 19
16.9 18
17.0 18
17.0 17
16.9 15
17.0 16
17.0 17
16.9 15
16.9 16
17.0 15
16.9 14
16.9 11
16.9 11
16.9 11
16.9 12
17.0 13
17.0 13
17.0 14
17.1 14
17.1 14
17.1 15
17.2 13
17.2 13
17.2 16
17.1 18
17.2 15
17.4 11
17.2 15
17.3 15
17.5 13
17.2 16
17.2 17
17.2 17
17.2 18
17.1 18
17.1 19
17.0 19
17.0 19
17.0 18
17.0 19
17.2 18
17.3 18
17.4 17
17.4 18
17.3 18
17.4 17
17.4 18
17.2 20
17.3 20
17.4 19
17.4 20
17.4 21
17.4 21
17.5 21
17.6 21
17.6 21
17.6 22
17.6 22
17.6 22
17.6 22
17.6 22
17.6 22
17.6 22
17.6 22
17.6 22
17.6 22
17.6 22
17.6 22
17.6 22
17.6 22
17.5 22
17.5 22
17.5 22
17.5 22
17.5 22
17.5 22
17.5 22
17.4 22
17.6 22
17.5 22
17.4 22
17.4 22
17.4 23
17.4 23
17.4 22
17.5 22
17.6 22
17.6 22
17.5 22
17.5 22
17.5 22
17.5 22
17.5 22
17.6 22
17.6 22
17.7 22
17.6 22
17.6 22
17.7 22
17.8 22
17.8 21
17.8 21
17.7 22
17.8 21
17.8 21
17.8 21
17.8 21
17.7 21
17.7 21
17.7 21
18.0 19
18.0 19
18.3 15
18.3 15
18.1 16
18.1 13
18.1 12
18.1 12
18.1 11
18.0 12
18.0 13
18.0 14
17.9 12
17.7 9.2
17.8 11
17.8 11
17.8 11
17.8 10
17.8 10
17.8 9.4
17.7 8.4
17.6 8.1
17.7 9.2
17.6 8.2
17.5 8.4
17.5 8.3
17.5 9.1
17.5 11
17.3 9.0
17.5 11
17.5 12
17.4 9.8
17.3 9.2
17.3 9.6
17.0 8.8
16.9 8.8
16.9 8.4
17.0 8.6
17.0 8.8
16.9 9.6
17.1 10
17.2 11
17.3 11
17.3 11
17.4 12
17.5 13
17.5 12
17.2 12
17.1 16
17.2 16
17.2 16
17.2 19
17.1 19	