8590 14.0
8590 13.4
8610 14.7
8610 13.5
8610 12.6
8610 13.6
8590 14.8
8630 12.2
8610 11.7
8610 12.0
8610 13.5
8610 14.9
8610 13.4
8630 13.3
8630 13.9
8650 12.8
8650 13.8
8680 13.7
8700 14.8
8700 12.7
8700 11.9
8720 14.6
8720 14.0
8740 13.2
8740 13.4
8790 13.2
8790 13.0
8810 11.8
8840 13.1
8880 13.8
8880 11.7
8860 12.2
8880 12.4
8910 15.4
8930 11.6
8930 14.8
8950 13.2
8980 13.0
9000 12.4
9070 12.4
9050 15.7
9090 11.8
9090 12.5
9090 13.4
9120 12.9
9120 12.5
9120 15.4
9090 12.3
9090 14.0
9140 13.1
9120 12.3
9120 11.7
9120 12.3
9090 10.4
9070 12.1
9070 14.0
9090 10.9
9090 12.6
9090 12.3
9070 12.0
9050 11.7
9070 12.0
9050 12.8
9050 10.4
9050 13.0
9050 11.4
9000 11.8
9000 12.4
8980 10.5
8950 10.6
8930 12.4
8880 12.5
8880 11.9
8860 11.2
8840 11.1
8810 11.7
8840 10.6
8810 11.4
8790 12.7
8790 12.1
8770 11.2
8770 11.5
8720 11.9
8720 9.7
8700 10.6
8680 11.0
8680 12.0
8650 11.3
8630 10.6
8610 10.5
8610 10.1
8610 10.6
8590 11.2
8590 11.7
8560 11.3
8540 11.7
8540 11.8
8520 12.0
8520 11.9
8470 12.4
8490 11.8
8470 11.8
8450 11.0
8450 11.8
8450 12.7
8430 12.3
8430 11.6
8410 12.5
8410 15.4
8410 12.6
8380 11.5
8380 10.8
8360 13.6
8340 10.9
8340 12.1
8320 11.6
8320 11.4
8320 13.5
8290 13.4
8290 11.0
8290 13.0
8270 13.2
8270 12.3
8270 11.5
8270 11.2
8250 10.5
8250 12.3
8250 12.0
8230 11.8
8230 12.4
8230 11.1
8230 11.2
8210 12.4
8210 11.9
8210 11.4
8210 11.5
8230 10.3
8230 11.0
8230 12.9
8230 11.6
8250 13.8
8250 11.6
8250 11.0
8230 13.8
8230 11.0
8230 13.0
8230 12.9
8230 12.1
8210 11.9
8210 12.4
8180 11.4
8180 11.7
8180 12.6
8180 13.6
8160 12.2
8160 11.6
8160 12.0
8160 11.6
8180 10.9
8180 11.7
8210 12.3
8230 13.2
8250 10.8
8250 13.2
8270 11.0
8270 12.1
8290 11.8
8320 12.1
8340 12.4
8340 12.4
8340 12.2
8340 12.8
8360 12.7
8380 17.1
8380 13.4
8380 14.4
8410 14.2
8410 13.9
8430 11.7
8450 12.4
8470 14.4
8470 13.9
8470 14.4
8490 10.6
8520 14.8
8540 16.2
8560 13.5
8590 12.8
8590 15.1
8610 12.7
8630 14.7
8680 18.9
8720 28.3
8740 18.9
8770 15.6
8810 17.9
8860 18.6
8910 22.7
8930 28.7
9000 30.0
9070 32.4
9120 25.1
9210 30.1
9280 28.5
9380 37.8
9480 45.9
9600 56.8
9690 61.5
9820 62.0
9920 65.7
10000 57.7
10200 69.8
10300 67.1
10400 60.6
10600 55.6
10700 55.9
10900 50.3
11100 46.5
11200 45.3
11400 53.8
11600 59.6
11800 53.0
12000 49.5
12200 53.6
12400 73.0
12600 53.6
12800 58.0
13000 62.2
13200 61.6
13400 72.8
13600 78.9
13700 71.6
13900 84.1
14100 77.8
14300 68.6
14500 65.3
14700 63.2
14900 60.1
15100 65.5
15300 66.6
15600 60.1
15800 60.4
16000 63.9
16200 56.6
16400 49.5
16600 63.7
16800 60.0
17000 59.6
17300 66.7
17500 58.7
17600 66.3
17800 61.6
17900 62.8
18100 75.3
18200 66.7
18300 68.1
18400 66.5
18500 66.9
18600 60.2
18600 71.5
18700 79.8
18700 78.4
18800 76.8
18800 65.4
18800 75.5
18800 68.2
18800 73.0
18800 67.7
18800 69.8
18800 75.0
18800 82.7
18800 78.6
18800 82.4
18800 78.4
18700 92.9
18700 93.9
18600 93.5
18600 83.2
18600 95.8
18500 96.1
18500 87.9
18400 97.7
18400 92.4
18300 85.8
18300 92.0
18300 82.4
18200 76.2
18100 82.2
18000 70.5
18000 76.5
18000 76.6
17900 79.6
17900 76.4
17900 66.8
17800 73.7
17800 66.4
17700 69.2
17700 71.9
17600 71.6
17500 72.6
17500 73.3
17400 80.7
17400 78.0
17300 87.2
17300 72.2
17200 84.6
17200 90.8
17200 85.4
17200 89.5
17100 80.9
17100 87.4
17000 85.0
17000 86.9
16900 86.3
16900 90.0
16900 85.6
16900 83.2
16900 85.5
17000 86.7
17000 83.5
17000 86.1
17000 84.6
17000 80.3
17000 81.2
16900 79.9
17000 80.3
17000 77.8
16900 75.6
17000 75.8
16900 70.8
16900 81.3
16900 75.2
16900 74.8
16900 72.4
16900 68.6
16800 64.2
16800 70.5
16800 64.1
16800 63.3
16700 62.7
16700 65.7
16700 64.5
16600 58.5
16600 63.5
16600 59.9
16600 55.4
16500 55.4
16500 53.5
16400 52.6
16400 46.3
16400 43.3
16400 50.6
16400 52.9
16400 44.1
16300 47.0
16300 47.4
16300 48.3
16300 48.3
16300 44.2
16300 49.3
16200 49.8
16200 50.8
16200 51.2
16200 51.7
16200 41.8
16200 48.0
16100 46.0
16100
16100 54.0
16100 45.9
16100 47.4
16100 47.4
16000 47.8
16000 47.4
16000 47.9
16000 45.2
16000 44.6
15900 52.8
15900 47.7
15900 52.8
15900 45.9
15900 41.1
15900 42.9
15900 41.2
15800 42.7
15800 37.8
15800 43.1
15800 42.0
15800 45.5
15800 48.3
15800 45.9
15800 38.8
15800 39.8
15800 40.0
15700 41.6
15700 40.1
15700 42.1
15700 43.4
15700 41.0
15700 38.9
15600 41.8
15600 43.7
15600 38.8
15600 39.0
15600 43.1
15600 44.0
15600 41.7
15500 42.7
15500 38.8
15500 40.2
15500 44.5
15500 39.2
15500 34.8
15500 34.2
15400 34.0
15400 33.0
15400 33.2
15400 33.5
15300 31.0
15300 36.7
15300 33.2
15300 35.6
15300 30.9
15300 33.6
15300 31.0
15300 34.1
15200 30.7
15200 33.8
15200 32.9
15200 35.7
15200 30.4
15200 30.2
15100 29.7
15100 30.9
15200 33.5
15200 32.3
15100 32.3
15200 32.6
15200 35.3
15200 32.4
15200 31.7
15200 34.9
15200 35.0
15200 34.2
15200 29.2
15300 30.9
15300 31.5
15300 41.2
15300 42.3
15400 34.0
15400 39.3
15400 41.5
15500 41.6
15500 39.8
15600 41.2
15600 39.7
15600 38.4
15700 38.7
15800 41.1
15800 35.0
15900 37.4
16000 44.7
16000 31.6
16100 32.0
16100 30.9
16100 36.2
16200 31.9
16200 33.8
16300 27.5
16300 26.8
16400 30.3
16500 24.7
16500 26.8
16500 26.2
16600 26.8
16700
16700 28.1
16700 28.4
16800 25.7
16800 29.1
16800 25.3
16800 30.1
16800 27.5
16800 31.3
16900 28.9
16900 27.1
16900 31.3
16900 28.1
16900 28.9
16900 28.7
17000 28.9
16900 31.2
16900 33.0
17000 27.6
17000 32.3
17000 30.0
16900 27.7
16900 27.5
16900 28.1
16900 24.3
16900 24.0
16900 26.9
16900 25.5
16800 26.0
16800 24.9
16800 28.0
16800 25.0
16800 25.9
16700 27.8
16700 25.3
16700 24.0
16700 27.3
16700 23.2
16600 28.4
16600 26.8
16600 23.6
16500 26.3
16500 25.6
16500 25.3
16400 24.9
16400 24.7
16400 26.8
16400 24.9
16300 25.6
16300 26.9
16300 25.0
16200 27.2
16200 28.0
16200 26.7
16200 26.8
16100 24.6
16100 26.6
16100 25.8
16100 26.1
16000 23.7
16000 24.6
16000 24.4
16000 25.5
16000 25.4
15900
15900 27.1
15900 26.0
15800 28.5
15800 24.7
15800 25.0
15800 24.8
15700 23.0
15700 25.8
15700 25.5
15600 23.4
15600 27.4
15600 24.6
15600 23.9
15500 22.5
15500 24.2
15500 23.3
15500 24.7
15400 25.2
15400 22.8
15400 25.0
15400 26.4
15400 24.6
15300 24.3
15300 24.8
15300 25.7
15300 23.6
15200 22.8
15200 26.4
15100 23.6
15100 25.5
15100 24.2
15100 24.0
15100 24.7
15100 26.2
15000 25.7
15000 26.9
15000 25.4
14900 25.4
14900 27.3
14900 26.0
14900 23.4
14800 21.1
14800 23.9
14800 22.3
14800 25.3
14700 22.1
14700 22.1
14600 22.0
14600 23.1
14600 23.6
14600 22.5
14500 23.1
14500 24.1
14500 21.8
14400 22.1
14400 24.2
14400 21.8
14400 23.4
14300 24.9
14300 22.0
14300 24.0
14200 24.1
14200 23.3
14200 22.5
14100 20.7
14100 23.4
14100 24.2
14100 23.2
14000 24.4
14000 23.6
14000 24.9
14000 21.4
13900 22.4
13900 22.8
13900 27.0
13800 22.9
13800 23.0
13800 21.9
13800 25.9
13800 24.5
13700 23.1
13700 23.5
13700 24.2
13600 23.0
13600 23.0
13600 23.2
13600 22.5
13600 21.4
13500 23.9
13500 22.3
13500 23.5
13500 23.8
13400 21.6
13400 22.9
13400 22.4
13400 25.6
13300 22.6
13300 27.9
13300 22.1
13300 22.6
13200 22.0
13200 23.1
13100 24.1
13100 22.1
13000 23.4
13000 22.5
12900 22.6
12900 22.8
12800 23.9
12800 24.9
12700 22.0
12700 23.1
12600 21.7
12600 23.8
12500 22.3
12500 22.6
12400 22.1
12400 21.8
12300 23.0
12300 22.0
12200 22.8
12200 23.0
12100 23.0
12100 21.5
12000 22.3
12000 23.0
11900 22.0
11800 22.3
11800 22.4
11800 21.5
11700 23.3
11700 23.7
11600 22.1
11600 22.6
11500 22.7
11500 21.4
11500 22.5
11400 22.6
11400 21.9
11400 23.3
11300 23.2
11300 22.6
11300 30.4
11300 24.4
11300 25.2
11200 24.3
11200 24.0
11100 24.9
11100 24.0
11000 23.8
11000 21.5
10900 23.2
10900 23.1
10900 18.4
10900 19.1
10800 19.8
10800 15.4
10800 15.6
10800 15.0
10700 15.6
10700 15.3
10700 15.3
10600 17.3
10600 13.7
10600 15.8
10600 17.7
10600 18.6
10600 16.3
10600 16.5
10500 15.8
10500 19.4
10400 17.6
10400 16.4
10400 18.6
10400 17.9
10300 15.9
10300 19.1
10300 17.8
10300 16.8
10300 16.3
10200 16.8
10200 17.2
10200 16.9
10200 15.5
10200 19.6
10100 19.6
10100 18.7
10100 20.2
10100 21.8
10000 23.4
10100 19.0
10000 20.3
9990 17.0
9920 16.8
9890 19.9
9920 15.3
9870 16.1
9820 16.1
9820 14.6
9820 19.4
9740 17.6
9770 16.0
9690 13.6
9690 13.1
9670 16.1
9650 15.1
9650 13.7
9620 53.4
9570 12.0
9570 25.1
9550 12.2
9520 46.1
9480 13.9
9480 13.5
9450 39.9
9430 16.4
9400 11.6
9400 30.4
9380 53.2
9380 19.0
9350 36.9
9330 38.3
9310 22.7
9310 21.6
9260 16.5
9240 17.4
9210 28.5
9210 12.7
9190 12.4
9160 15.6
9140 39.9
9120 41.6
9120 14.0
9090 10.6
9070 23.1
9070 14.0
9020 16.5
9000 10.9
8980 13.6
8980 9.9
8930 13.0
8910 11.5
8880 11.9
8860 11.1
8840 13.8
8810 11.0
8790 16.7
8770 11.0
8770 13.8
8720 12.2
8720 16.4
8700 12.6
8680 10.6
8680 12.3
8650 20.2
8630 10.4
8610 10.9
8610 10.2
8590 13.4
8590 11.7
8540 14.8
8540 15.7
8520 11.2
8470 22.6
8450 12.3
8430 24.2
8430 12.4
8380 10.4
8380 13.5
8290 21.9
8290 15.4
8290 12.4
8210 10.9
8210 14.4
8160 15.6
8120 14.2
8070 14.0
8050 21.2
7990 12.2
7940 10.1
7920 10.2
7860 17.9
7840 13.6
7790 10.7
7750 12.6
7690 11.6
7690 12.9
7650 14.5
7580 12.8
7560 13.0
7520 18.8
7460 15.7
7460 17.7
7420 13.9
7400 20.9
7360 13.4
7340 11.8
7300 9.8
7270 12.2
7230 11.2
7210 19.5
7190 13.4
7150 19.5
7130 11.2
7110 11.9
7090 11.0
7070 8.6
7030 10.1
7030 11.3
6990 13.3
6970 12.6
6950 10.3
6930 10.2
6910 12.2
6900 9.4
6880 15.4
6860 15.3
6840 13.7
6840 11.1
6820 9.2
6800 11.5
6780 15.6
6760 16.6
6760 8.7
6740 12.8
6720 10.8
6700 15.9
6680 15.0
6680 10.8
6660 8.9
6640 13.5
6620 9.5
6620 9.1
6610 10.7
6590 11.7
6570 14.2
6570 10.8
6550 10.5
6530 14.9
6510 13.4
6490 17.8
6490 13.7
6470 9.6
6450 10.9
6430 11.2
6420 10.9
6420 10.1
6400 10.0
6380 15.9
6360 14.4
6340 13.0
6320 11.4
6300 12.1
6300 10.8
6290 12.2
6270 9.5
6250 10.8
6230 10.2
6230 10.7
6210 9.1
6190 8.7
6180 8.9
6180 8.6
6140 9.8
6140 9.5
6120 10.6
6100 14.6
6100 11.8
6090 15.1
6070 18.2
6070 16.6
6050 22.0
6050 19.4
6030 16.2
6010 13.1
6000 13.8
6000 12.4
5980 17.4
5980 13.7
5960 18.0
5940 15.8
5940 12.4
5920 14.8
5920 14.9
5910 12.4
5910 10.3
5910 10.0
5870 10.1
5850 9.1
5840 13.0
5800 10.2
5770 11.9
5770 10.1
5710 10.1
5680 9.1
5660 11.2
5630 9.4
5590 8.9
5560 16.2
5540 7.5
5530 11.7
5510 10.1
5500 10.0
5470 8.7
5470 19.1
5470 8.2
5460 9.5
5460 8.0
5460 10.8
5470 12.7
5470 13.7
5470 7.6
5490 9.3
5490 7.1
5500 9.3
5510 12.2
5530 11.2
5530 11.4
5540 10.2
5540 9.2
5540 10.1
5560 11.7
5560 7.7
5560 7.4
5580 8.5
5560 13.2
5540 9.5
5530 14.2
5530 7.9
5510 7.1
5500 8.6
5490 11.4
5470 9.5
5460 7.8
5430 13.3
5420 11.3
5410 11.8
5380 10.1
5380 7.0
5350 6.8
5340 9.9
5330 6.6
5310 7.2
5300 7.5
5290 8.2
5260 8.0
5250 7.6
5250 10.1
5220 7.8
5220 7.0
5210 9.4
5200 7.6
5200 7.5
5180 7.2
5170 7.3
5170 7.1
5160 7.2
5160 8.0
5160 7.8
5150 7.2
5150 9.7
5150 7.2
5130 7.6
5130 7.1
5130 7.4
5120 7.5
5120 8.2
5120 7.9
5120 8.7
5120 8.5
5120 6.6
5120 9.8
5110 8.3
5120 7.1
5110 8.5
5120 7.4
5110 7.0
5120 7.8
5110 7.4
5120 7.2
5110 9.2
5120 7.2
5110 7.0
5110 7.2
5110 7.2
5120 6.3
5120 7.3
5120 7.4
5120 7.5
5120 10.0
5110 7.9
5120 7.4
5110 7.8
5120 8.2
5120 8.4
5120 8.2
5120 8.8
5120 8.6
5130 8.1
5150 6.9
5150 7.4
5160 7.2
5170 7.5
5180 6.5
5200 9.2
5210 7.2
5220 10.7
5250 7.2
5260 8.5
5290 6.4
5300 7.5
5310 7.9
5340 7.1
5350 5.9
5370 6.5
5380 9.0
5390 7.1
5410 18.1
5410 6.6
5410 7.0
5410 6.8
5410 6.9
5410 6.8
5390 5.9
5390 7.8
5380 7.0
5370 6.4
5350 10.4
5340 5.7
5330 7.3
5300 6.6
5290 8.8
5270 7.8
5260 6.7
5250 10.6
5240 5.7
5220 5.6
5210 6.9
5200 6.8
5200 5.6
5180 6.4
5180 5.6
5180 5.4
5170 15.6
5170 5.9
5170 5.4
5170 6.1
5170 6.8
5170 6.2
5170 6.2
5170 5.5
5170 7.3
5170 6.1
5180 6.3
5200 6.1
5200 7.4
5210 6.2
5210 6.6
5210 6.1
5220 5.6
5220 6.9
5240 6.1
5250 7.4
5250 5.9
5260 6.2
5270 6.2
5290 6.5
5300 6.2
5310 6.6
5330 7.1
5340 6.5
5370 6.1
5380 9.9
5390 6.7
5410 7.1
5430 7.0
5450 6.8
5470 7.0
5500 8.5
5510 6.9
5540 6.9
5560 6.6
5610 6.8
5630 8.9
5680 7.3
5710 8.2
5750 6.3
5780 6.5
5820 5.9
5870 6.7
5890 6.0
5940 5.7
5980 8.0
6010 5.6
6050 6.3
6090 10.0
6140 6.9
6160 8.6
6210 6.7
6250 11.3
6290 7.1
6320 5.8
6360 5.8
6400 6.4
6430 6.4
6450 12.1
6490 6.2
6510 6.2
6550 5.6
6570 6.8
6590 6.7
6610 7.4
6620 7.1
6640 7.6
6660 7.0
6660 6.6
6660 7.6
6680 7.5
6680 8.8
6680 7.8
6660 6.2
6660 7.1
6640 5.9
6640 6.3
6620 7.0
6620 6.0
6610 6.6
6590 7.9
6590 5.5
6570 8.1
6570 6.5
6550 6.2
6530 7.4
6510 7.1
6490 7.4
6490 8.0
6470 7.0
6450 7.2
6430 7.7
6430 7.8
6420 6.6
6400 6.7
6400 6.8
6380 7.2
6380 6.6
6360 9.1
6360 7.2
6340 6.7
6320 15.1
6320 7.2
6300 7.8
6300 6.8
6300 5.9
6290 7.0
6270 6.4
6250 6.8
6250 8.5
6230 6.0
6230 6.3
6230 6.0
6230 5.9
6210 6.3
6210 5.9
6210 5.3
6180 6.1
6180 6.0
6160 5.5
6140 6.4
6160 9.0
6140 6.6
6140 5.5
6100 6.0
6100 6.2
6100 5.3
6070 6.1
6070 5.4
6030 5.2
6010 6.1
6000 5.6
6000 6.2
5940 5.9
5910 5.8
5870 6.8
5840 6.2
5820 5.0
5800 5.8
5770 5.9
5750 4.9
5730 5.1
5710 6.2
5680 5.2
5680 5.0
5660 5.8
5640 6.4
5640 5.2
5630 5.8
5630 5.1
5630 5.4
5630 4.9
5630 5.7
5630 5.2
5630 4.7
5630 5.5
5630 5.3
5630 5.3
5640 5.4
5640 5.4
5640 5.5
5640 4.6
5630 4.8
5610 6.6
5610 5.1
5610 6.0
5590 5.0
5580 5.2
5560 5.8
5540 6.0
5530 5.2
5510 5.4
5500 5.7
5470 6.1
5460 13.4
5450 5.1
5430 5.8
5410 6.9
5410 6.4
5390 5.9
5380 5.9
5370 5.1
5340 7.3
5340 7.8
5330 5.8
5310 5.7
5300 4.4
5300 5.0
5290 4.5
5290 4.8
5270 5.5
5270 4.7
5270 5.1
5260 4.6
5260 9.9
5260 4.6
5270 4.3
5270 4.8
5270 5.5
5290 6.2
5300 7.0
5310 5.5
5330 5.0
5340 9.7
5350 4.4
5370 4.9
5380 5.9
5390 7.0
5410 4.7
5430 5.0
5430 4.5
5450 4.0
5460 4.0
5470 4.1
5470 4.1
5470 4.2
5470 4.2
5470 4.3
5470 4.2
5460 3.8
5450 4.4
5430 4.2
5420 4.2
5390 6.6
5380 4.2
5350 4.3
5340 4.3
5310 3.9
5290 4.4
5270 4.2
5250 4.0
5220 3.6
5200 4.1
5180 4.1
5160 5.1
5130 5.4
5120 4.2
5090 6.3
5080 4.2
5070 4.6
5060 4.8
5030 4.3
5020 4.4
5020 4.0
5010 4.2
5010 4.4
4990 4.5
4990 5.1
4990 4.2
4990 5.0
4990 4.4
4990 4.7
4990 4.8
4990 4.5
4990 4.4
4990 6.6
5010 4.8
5010 6.3
5020 5.0
5010 4.6
5010 7.6
5010 5.1
5010 5.2
5010 5.4
4990 5.3
4990 5.7
4980 5.7
4970 5.6
4970 9.0
4960 5.3
4940 6.8
4930 6.8
4930 5.6
4920 5.6
4920 6.4
4910 6.6
4890 6.2
4880 5.0
4880 5.0
4870 6.4
4860 5.8
4860 6.0
4860 5.1
4850 5.2
4860 7.5
4850 4.9
4830 5.2
4830 5.4
4820 5.8
4820 5.0
4820 6.0
4820 6.0
4820 5.4
4830 5.6
4810 5.1
4810 6.1
4830 10.4
4810 6.2
4810 6.4
4800 7.3
4770 6.0
4770 6.6
4810 6.1
4770 8.0
4720
4740 10.1
4740 13.8
4740 6.2
4720 6.6
4710 5.5
4720 10.8
4760 6.0
4740
4700 7.5
4700 8.1
4700 7.5
4700 5.7
4700 6.4
4700 4.8
4700 4.9
4700 5.8
4690 6.0
4690 5.3
4690 5.8
4680 4.5
4660 5.2
4690 6.2
4660 5.1
4660 5.5
4660 5.1
4680 4.6
4660 4.9
4640 5.9
4660 5.0
4660 6.0
4660 8.0
4660 7.2
4660 5.4
4660 5.7
4680 8.3
4690 6.6
4700 6.8
4700 5.2
4700 5.0
4720 7.0
4710 6.3
4750 6.8
4760 7.2
4770 6.0
4770 9.5
4800 6.6
4810 7.3
4820 7.4
4830 7.1
4830 7.1
4830 6.4
4860 5.1
4860 8.8
4850 10.6
4850 6.4
4850 6.2
4830 6.2
4830 7.8
4810 6.6
4780 7.1
4770 7.9
4750 6.2
4720 6.6
4710 9.3
4700 5.7
4680 6.2
4650 6.7
4630 6.6
4600 7.6
4600 6.5
4580 7.2
4570 6.4
4530 10.3
4510 6.9
4500 9.9
4460 7.7
4450 13.4
4440 7.4
4430 7.0
4390 9.6
4390 6.4
4370 9.0
4340 10.7
4320 10.3
4310 9.6
4290 11.2
4260 10.8
4270 8.9
4270 8.8
4270 10.3
4260 10.4
4280 9.6
4270 13.4
4270 12.6
4250 16.9
4280 18.0
4260 15.2
4280 12.7
4270 12.1
4280 13.8
4280 10.2
4290 13.3
4310 11.7
4340 12.3
4340 9.7
4310 11.0
4320 8.6
4350 11.9
4340 10.9
4340 11.4
4340 10.4
4370 9.3
4350 9.1
4350 13.7
4340 8.2
4350 8.0
4320 14.1
4300 7.5
4310 9.0
4300 7.7
4280 8.8
4270 7.7
4260 7.9
4250 7.9
4250 7.4
4230 8.0
4250 9.8
4220 8.1
4250 7.9
4250 7.1
4250 7.8
4260 7.5
4270 8.3
4280 9.8
4280 8.7
4300 7.9
4310 6.2
4340 8.6
4360 6.3
4390 7.2
4410 6.8
4430 7.7
4450 6.4
4470 9.5
4500 7.4
4510 7.4
4520 11.2
4540 8.2
4540 7.0
4540 6.8
4560 6.8
4570 7.0
4570 5.6
4560 7.2
4570 6.2
4560 7.0
4540 7.7
4540 7.4
4530 6.6
4510 6.5
4500 6.4
4490 6.0
4460 5.1
4460 6.5
4440 5.6
4430 4.9
4430 5.2
4410 5.3
4390 4.6
4380 4.6
4370 5.1
4360 4.2
4340 5.2
4320 4.6
4310 5.3
4300 4.5
4280 4.6
4270 4.5
4270 4.0
4270 5.9
4260 6.1
4230 4.0
4220 4.3
4210 4.4
4210 4.3
4200 4.2
4210 4.3
4200 4.4
4200 4.1
4170 5.3
4180 4.9
4160 3.9
4180 4.4
4180 4.3
4180 4.0
4180 5.5
4180 4.1
4170 4.1
4180 4.8
4180 4.6
4190 4.3
4180 4.6
4190 5.7
4200 6.0
4190 5.2
4190 5.0
4180 4.5
4210 5.1
4200 4.5
4190 7.0
4200 4.5
4220 4.4
4200 3.9
4200 4.7
4200 4.2
4210 4.6
4210 5.0
4210 4.6
4210 4.9
4210 4.1
4210 4.6
4220 9.1
4220 4.6
4230 5.0
4250 7.5
4250 5.3
4260 5.9
4280 7.9
4280 10.5
4300 11.4
4300 5.2
4320 8.1
4350 5.7
4370 5.5
4380 6.9
4390 5.9
4420 5.6
4430 5.2
4450 5.7
4460 5.4
4470 5.6
4490 9.3
4500 9.5
4510 7.5
4520 10.0
4520 6.2
4520 6.1
4510 6.8
4510 5.8
4500 5.8
4500 5.8
4470 6.4
4470 5.7
4450 6.0
4440
4420 7.3
4410 5.0
4380 4.9
4370 6.0
4350 6.3
4340 6.3
4310 4.7
4290 4.2
4280 4.0
4260 5.4
4250 4.4
4220 4.1
4210 4.0
4190 3.6
4180 4.2
4170 4.6
4150 4.0
4130 4.0
4120 4.4
4100 3.7
4090 3.8
4080 3.7
4070 4.3
4060 4.4
4050 4.8
4040 3.7
4040 4.1
4040 3.5
4020 4.2
4040 4.2
4050 3.1
4040 3.7
4050 3.3
4060 4.4
4060 4.7
4070 5.0
4080 5.5
4090 3.9
4100 4.2
4110 4.9
4110 4.3
4130 5.1
4130 4.6
4160 3.7
4160
4160 4.5
4160 3.5
4160 4.4
4160 4.8
4160 3.9
4160 4.7
4150 4.3
4150 4.2
4130 7.4
4120 3.3
4110 3.4
4100 4.0
4090 3.2
4080 3.1
4060 3.7
4050 4.0
4040 3.8
4010 4.1
4000 5.7
3980 4.6
3970 4.8
3950 4.0
3940 4.8
3930 4.0
3920 3.9
3900 4.8
3880 5.1
3870 4.4
3860 7.9
3860 4.5
3850 4.7
3850 5.5
3840 5.9
3840 5.0
3840 4.7
3830 4.5
3830 4.6
3820 6.1
3810 6.7
3810 5.4
3800 6.2
3790 5.5
3770
3760 6.0
3740 6.0
3720 5.8
3700 8.5
3680
3650 4.9
3630 4.6
3600 4.6
3570 4.6
3530 5.0
3520 5.8
3490 4.9
3460 4.7
3430 5.1
3400 5.6
3370 4.2
3340 4.0
3320 3.7
3290 3.8
3260 3.4
3230 3.4
3220 3.5
3190 4.2
3160 6.8
3140 3.7
3110 4.0
3100 3.8
3080 3.8
3060 3.8
3040 3.7
3010 4.2
3010 4.9
2990 4.6
2980 4.2
2980 9.6
2970 9.6
2960 6.8
2960 5.9
2950 6.8
2950 5.3
2950 4.2
2950 4.4
2950 5.2
2950 4.3
2960 6.2
2960 3.5
2970 4.5
2970 4.8
2980 3.9
2990 3.7
2990 3.6
3000 3.8
3010 3.6
3010 3.2
3010 3.3
3010 4.0
3020 3.0
3030 3.3
3040 5.9
3050 3.2
3050 3.1
3050 3.5
3060 4.3
3060 3.5
3070 3.6
3080 4.0
3090 23.6
3090 12.5
3100 13.9
3110 7.4
3120 6.8
3120 6.2
3130 7.2
3140 6.1
3160 6.6
3170 7.8
3180 6.9
3180 7.3
3210 6.4
3220 6.2
3240 5.9
3260 10.4
3270 7.8
3300 7.9
3310 7.7
3340 8.1
3360 7.5
3400 6.8
3410 14.3
3440 7.6
3460 7.7
3490 8.2
3510 7.7
3530 7.9
3550 7.8
3590 7.9
3590 11.7
3620 10.9
3640 8.6
3660 8.5
3670 10.6
3680 9.8
3710 8.8
3730 8.6
3750 9.4
3770 9.8
3780 8.9
3780 9.6
3810 8.1
3830 8.6
3840 8.5
3850 8.3
3870 10.6
3880 8.3
3910 9.5
3920 9.6
3940 8.9
3960 10.0
3970 7.6
3980 9.2
3990 6.8
4000 6.4
4020 6.6
4020 6.3
4020 5.9
4050 8.7
4070 5.4
4070 5.8
4080 5.8
4100 6.5
4100 6.9
4120 6.2
4130 5.9
4160 6.2
4160 5.4
4180 4.5
4190 5.6
4200 5.8
4210 5.2
4210 5.8
4230 5.7
4250 5.4
4250 4.8
4250 6.5
4280 4.9
4280 4.4
4260 4.5
4280 5.6
4280 4.5
4280 4.2
4290 4.8
4300 4.3
4300 5.7
4300 5.3
4300 5.1
4310 4.9
4310 4.7
4310 5.4
4310 5.0
4320 4.6
4320 4.6
4340 4.5
4340 4.4
4340 9.4
4340 4.3
4340 4.9
4350 5.2
4350
4360 10.1
4360 5.2
4370 6.5
4370 6.1
4380 7.1
4380 8.1
4390 6.0
4390 5.5
4390 6.8
4410 7.6
4410 5.5
4420 5.4
4410 6.4
4420 6.0
4420 9.6
4420 6.7
4420 5.8
4420 7.8
4420 7.2
4420 6.0
4420 7.9
4420 10.1
4420 6.9
4420 8.0
4420 11.0
4420 10.1
4420 6.6
4420 7.0
4420 8.0
4420 7.8
4420 6.8
4420 7.2
4430 7.1
4430 7.9
4430 8.9
4430 7.2
4440 7.1
4440 6.9
4440 7.2
4450 7.0
4450 6.2
4450 6.6
4460 6.1
4460 6.8
4470 5.9
4470
4490 7.7
4490 6.4
4500 6.7
4500 6.7
4500 6.3
4510 6.0
4510 5.9
4510 5.3
4510 5.6
4520 4.9
4520 5.1
4520 5.0
4530 4.4
4530 4.6
4530 4.8
4530 4.5
4530 5.0
4530 5.9
4530 5.6
4530 6.4
4530 5.1
4520 6.1
4520 7.6
4520 6.0
4510 5.2
4510 6.7
4510 5.2
4500 5.7
4500 15.9
4500 5.7
4500 7.5
4500 6.0
4500 5.8
4490 5.9
4490 6.0
4490 4.7
4470 6.0
4470 5.6
4470 6.1
4470 4.7
4460 5.1
4450 5.1
4450 6.4
4440 5.0
4430 5.0
4420 4.8
4420 5.6
4410 5.3
4410 5.6
4390 6.9
4390 6.2
4380 6.6
4380 5.9
4370 8.4
4380 8.0
4370 5.7
4370 6.7
4360 6.4
4370 10.5
4360 6.3
4350 8.5
4350 10.0
4350 7.4
4340 6.3
4340 7.1
4340 7.0
4340 9.6
4340 6.8
4340 6.9
4320 8.5
4320 6.9
4320 6.5
4320 7.3
4320 6.5
4310 5.8
4310 6.4
4310 8.8
4310 6.4
4300 12.2
4300 9.9
4300 15.2
4290 8.2
4290 16.6
4290 7.1
4280 8.5
4280 6.6
4270 6.7
4270 7.9
4270 7.6
4270 6.7
4260 13.4
4260 6.7
4260 6.4
4260 4.6
4250 5.1
4250 4.0
4250 4.5
4250 4.0
4250 4.4
4230 5.3
4230 4.0
4250 4.8
4250 4.2
4250 4.3
4250 4.2
4230 3.8
4250 3.7
4250 4.4
4250 4.2
4250 4.1
4250 3.7
4250 4.3
4260 4.8
4250 3.8
4250 3.8
4260 3.6
4270 4.0
4270 3.7
4270 4.3
4270 3.4
4280 5.4
4280 3.8
4300 3.7
4290 4.0
4290 4.0
4290 3.7
4300 4.1
4310 3.8
4300 3.4
4300 4.5
4300 3.7
4300 4.3
4300 3.6
4310 4.0
4310 3.7
4310 3.7
4310 3.9
4310 3.9
4320 3.8
4320 4.1
4320 3.7
4310 5.9
4310 4.4
4310 4.5
4300 4.3
4300 4.6
4300 7.0
4300 4.6
4310 6.4
4310 4.8
4300 4.8
4300 4.8
4300 4.8
4300 4.9
4300 11.7
4300 4.7
4300 7.9
4300 6.8
4300 7.1
4300 4.0
4290 5.4
4300 5.6
4300 7.4
4300 5.2
4300 5.9
4300 4.8
4300 6.3
4300 6.5
4300 6.0
4300 6.6
4300 5.8
4300 5.9
4300 6.8
4300 7.9
4300 7.6
4310 8.4
4310 9.5
4310 7.0
4310 5.8
4310 6.6
4310 6.7
4310 9.6
4310 7.2
4310 5.2
4300 6.5
4300 5.1
4300 5.4
4290 4.4
4290 4.8
4290 6.5
4280 6.2
4280 4.8
4270 5.0
4260 5.0
4260 5.7
4250 5.2
4230 4.3
4220 4.1
4220 4.2
4210 4.2
4200 4.0
4190 3.8
4190 3.9
4170 4.2
4160 4.4
4160 4.0
4150 4.3
4130 4.0
4120 4.9
4110 4.2
4120 4.5
4120 3.9
4110 3.2
4110 3.4
4100 4.9
4090 4.1
4080 4.1
4080 3.8
4100 4.2
4070 3.8
4080 3.6
4080 3.6
4100 7.4
4090 4.2
4100 3.9
4090 6.9
4100 4.1
4090 3.8
4090 4.0
4090 3.9
4100 3.8
4100 4.1
4100 4.9
4100 4.2
4100 3.7
4100 4.2
4100 3.4
4100 3.7
4100 3.9
4100 3.4
4100 4.5
4100 5.6
4100 4.8
4110 4.0
4110 5.0
4110
4110 4.3
4110 5.0
4110 4.4
4110 4.8
4110 5.5
4110 4.7
4100 5.3
4100 5.4
4100 5.8
4100 7.9
4100 6.2
4100 5.8
4100 6.0
4100 5.5
4090 7.0
4090 6.7
4090 5.9
4090 6.0
4090 6.2
4080 6.2
4080 6.5
4070 5.9
4070 5.8
4070 6.8
4060 5.1
4050 7.7
4040 7.6
4020 5.2
4020 6.5
4010 5.0
4000 5.6
4000 6.1
3980 4.8
3980 5.8
3970 4.9
3960 5.2
3950 5.8
3940 4.8
3930 5.4
3920 4.4
3910 5.3
3910 4.9
3880 6.4
3880 4.5
3870 4.5
3860 5.2
3850 5.0
3850 5.8
3840 4.7
3830 4.1
3820 3.8
3810 4.0
3800 3.6
3800 4.2
3790 3.4
3780 4.0
3780 3.4
3770 3.4
3770 3.3
3760 3.9
3760 3.3
3760 3.3
3750 3.9
3750 3.9
3750 3.4
3740 3.2
3740 3.4
3740 3.5
3740 3.5
3740 3.3
3740 3.9
3740 3.9
3740 3.7
3740 3.3
3730 3.2
3730 4.0
3730 3.4
3730 3.2
3730 3.3
3730 4.2
3730 3.7
3720 4.0
3720 3.4
3720 3.7
3720 4.5
3730 4.1
3730 3.5
3720 3.8
3720 3.8
3720 3.9
3720 3.6
3720 4.1
3720 7.9
3720 4.0
3710 4.1
3710 5.1
3710 3.8
3710 4.8
3710 7.3
3710 3.9
3700 7.1
3700 3.9
3690 5.8
3700 6.5
3690 3.8
3690
3690 4.0
3680 3.8
3680 4.3
3680 4.6
3680 6.0
3680 8.6
3670 6.2
3670 5.1
3670 4.6
3670 4.1
3660 5.4
3660 4.6
3660 4.7
3650 4.2
3650 5.2
3640 5.2
3630 4.9
3630 5.4
3620 5.0
3620 4.6
3610 5.8
3600 5.2
3590 7.2
3570 4.9
3560 5.0
3550 4.6
3540 4.6
3530 5.1
3520 4.4
3520 4.7
3510 5.3
3500 5.6
3490 7.2
3480 4.2
3470 4.1
3460 6.7
3450
3440 4.4
3430 3.6
3420 3.4
3410 3.8
3400 4.1
3390 4.5
3390 3.4
3380 3.4
3370 3.4
3370 4.0
3360 3.0
3360 3.3
3360 3.3
3350 3.1
3350 3.3
3350 3.0
3350 3.3
3350 3.3
3350 3.4
3350 4.0
3350 3.2
3350 3.2
3360 3.4
3350 3.0
3360 3.6
3360 3.2
3360 3.3
3360 3.2
3370 3.6
3370 3.3
3370 3.5
3380 3.2
3380 3.4
3380 4.2
3390 4.1
3390 3.6
3390 4.2
3380
3390 3.5
3390 3.5
3380 3.5
3390 3.5
3390 4.7
3380 4.2
3390 4.1
3390 5.0
3390 5.8
3380 5.0
3390 4.2
3380 5.1
3390 4.0
3390 5.5
3390 4.0
3400
3400 4.9
3400 4.7
3410 5.1
3410 4.4
3420 6.1
3430 5.1
3440 4.8
3450 5.0
3460 4.5
3470 9.3
3480 6.2
3490 8.4
3500 7.2
3500 5.8
3500 4.8
3510 5.4
3510 4.8
3510 5.6
3500 5.2
3500 4.2
3500 5.5
3490 5.0
3480 4.8
3470 6.1
3460 5.0
3450 5.2
3430 5.3
3430 5.8
3420 9.0
3410
3390 9.4
3380 8.2
3380 11.6
3370 8.4
3350 7.0
3340 6.0
3340 5.3
3330 5.8
3320 12.2
3310 6.6
3310 10.2
3310 10.5
3310 7.0
3320 5.3
3320 9.5
3320 13.0
3320 11.7
3320 7.5
3320 7.1
3330 5.1
3330 5.1
3340 5.5
3340 7.8
3340 5.8
3350 8.7
3350 6.4
3360 7.7
3370 6.3
3380 5.7
3390 7.1
3400 8.4
3410 6.1
3420 6.0
3430 7.6
3480 8.2
3460 26.5
3490 45.9
3510 11.2
3520 9.9
3520 14.1
3530 8.5
3540 9.0
3540 8.8
3540 7.9
3590 7.9
3600 7.6
3610 6.5
3630 6.5
3660 7.0
3670 6.5
3700 5.8
3730 5.7
3750 6.8
3800 5.8
3820 5.3
3850 8.4
3900 5.9
3930 7.7
3990 6.7
4040 6.4
4080 5.9
4130 5.9
4190 7.6
4260 6.4
4300 7.5
4360 6.7
4440 6.2
4500 6.1
4560 5.9
4600 10.3
4650 6.4
4710 5.7
4780 6.2
4860 6.3
4920 7.1
4980 7.8
5030 6.4
5080 6.4
5130 9.1
5180 7.0
5220 6.3
5270 7.3
5300 10.8
5350 6.6
5390 12.1
5430 7.6
5450 8.8
5470 7.6
5510 7.6
5530 8.2
5560 7.4
5590 11.8
5610 11.7
5630 6.2
5640 7.5
5660 7.4
5660 6.0
5680 5.9
5700 8.1
5710 6.7
5730 6.5
5750 6.4
5750 6.7
5770 7.8
5780 6.5
5780 5.0
5800 5.6
5780 4.9
5780 5.8
5840 5.3
5840 5.7
5840 6.1
5840 5.4
5870 5.4
5850 5.4
5890 6.0
5920 4.8
5920 6.1
5920 5.2
5920 5.1
5980 6.0
6000 6.2
6000 5.1
6010 6.3
6010 7.1
6010 5.2
6050 5.5
6090 5.6
6100 5.4
6140 5.8
6140 5.3
6160 7.6
6180 6.6
6180 6.4
6190 6.0
6160 7.4
6160 6.0
6180 5.2
6190 5.9
6210 7.4
6210 6.0
6230 9.5
6210 8.0
6230 5.1
6250 6.2
6230 6.2
6230 6.0
6230 5.8
6250 5.9
6250 4.9
6270 6.1
6250 8.8
6250 5.9
6250 5.8
6250 8.6
6270 5.6
6250 6.9
6250 6.2
6250 5.9
6230 6.0
6210 8.3
6210 6.4
6190 6.2
6190 6.0
6180 6.1
6160 6.2
6160 6.6
6140 8.9
6140 6.3
6120 6.6
6100 8.2
6100 6.6
6090 9.2
6070 16.0
6050 6.2
6050 8.6
6030 7.0
6030 8.1
6010 8.0
6000 7.0
5980 10.7
5960 9.2
5960 8.6
5940 7.6
5920 6.9
5910 10.8
5910 8.6
5890 7.1
5870 7.6
5870 7.3
5850 7.7
5850 7.7
5840 7.6
5820 7.3
5820 6.6
5800 9.2
5780 6.8
5780 6.2
5770 7.8
5750 5.7
5750 6.6
5730 9.2
5730 8.2
5710 6.1
5700 7.2
5680 5.2
5660 5.5
5640 6.7
5630 5.4
5630 5.6
5610 6.0
5590 15.4
5580 5.4
5580 6.4
5540 6.1
5530 5.0
5530 5.8
5510 6.3
5500 10.3
5490 5.4
5460 5.7
5460 5.4
5430 4.9
5420 4.9
5420 4.6
5390 4.4
5380 5.5
5350 4.6
5330 5.3
5310 4.2
5290 4.8
5260 4.2
5240 4.3
5220 5.0
5200 5.6
5160 5.6
5150 9.6
5120 4.8
5110 5.1
5080 4.9
5070 4.5
5040 5.4
5030 4.8
5020 4.6
5010 4.5
4990 4.9
4980 5.4
4970 6.7
4960 5.8
4940 8.0
4940 4.5
4930 4.6
4920 14.9
4920 5.4
4920 7.8
4920 6.2
4910 5.7
4910 5.5
4920 5.4
4910 9.1
4910 5.5
4920 6.3
4920 5.4
4920 6.6
4920 5.1
4920 5.1
4920 6.1
4920 6.0
4920 6.2
4920 7.1
4910 8.8
4910 6.5
4890 6.0
4880 7.3
4870 5.8
4870 5.0
4850 5.4
4830 7.5
4820 5.2
4800 13.2
4780 6.3
4770 5.7
4750 5.8
4740 5.5
4710 5.1
4700 5.6
4690 5.2
4660 6.8
4650 6.2
4630 10.2
4620 6.5
4600 4.4
4590 4.7
4570 5.1
4560 4.8
4540 5.1
4520 5.7
4510 4.2
4500 5.1
4490 4.9
4470 4.3
4460 4.0
4450 4.2
4440 4.8
4430 4.4
4430 4.5
4420 4.8
4410 4.3
4390 4.1
4380 4.5
4380 4.7
4370 4.7
4370 4.1
4360 4.4
4360 4.2
4360 5.5
4360 5.2
4350 3.8
4340 4.0
4320 4.2
4320 4.5
4340 4.0
4320 3.9
4320 4.5
4320 4.4
4300 4.6
4300 4.4
4290 4.2
4280 4.4
4280 4.6
4290 4.0
4280 4.4
4270 4.2
4270 5.9
4260 4.6
4250 4.0
4230 3.9
4260 4.1
4250 4.0
4230 5.0
4230 4.5
4230 4.3
4230 4.4
4260 4.5
4290 5.8
4300 7.8
4340 8.1
4360 9.2
4380 5.6
4410 7.9
4430 7.9
4450 6.4
4470 5.6
4510 5.8
4530 7.3
4570 5.6
4600 6.3
4650 6.0
4690 8.1
4740 9.0
4830 8.9
4880 21.4
4940 12.0
4980
5030 9.9
5070 12.2
5120 16.3
5170 27.6
5170
5220 14.7
5250 16.5
5270 13.8
5300 11.6
5310 14.3
5330 12.3
5350 14.0
5370 17.9
5390 13.8
5420 15.5
5430 15.7
5470 17.5
5510 15.9
5560 14.1
5630 13.3
5680 13.8
5750 16.5
5820 15.8
5890 13.2
5960 12.1
6030 12.4
6100 11.2
6180 13.7
6250 15.4
6300 10.8
6380 12.1
6430 11.2
6490
6550 13.9
6570 10.4
6620 10.8
6660 9.4
6740 13.2
6720 10.4
6760 10.6
6800 11.9
6840 12.6
6880 14.0
6910 16.7
6970 10.8
7010 11.8
7070 13.4
7130 14.9
7210 12.8
7230 13.3
7380 15.2
7400 17.1
7460 15.2
7540 16.5
7600 16.2
7690 16.4
7790 19.0
7820 19.6
7880 19.0
7990 17.8
8010 17.2
8070 18.3
8120 27.0
8180 14.6
8230 17.1
8270 14.8
8290 16.7
8320 19.9
8340 15.0
8360 15.8
8380 15.0
8410 17.4
8410 11.4
8410 14.3
8410 13.5
8410 11.2
8410 15.7
8410 12.1
8380 13.2
8380 16.8
8380 9.0
8360 9.9
8360 12.5
8340 13.2
8320 17.0
8290 12.3
8250 16.8
8250 10.8
8230 8.9
8180 11.2
8160 8.7
8140 9.1
8120 12.6
8070 9.5