18.5 5.66
18.0 5.69
17.2 5.71
16.8 5.72
16.4 5.72
16.3 5.72
16.1 5.72
16.5 5.70
17.4 5.67
18.3 5.66
18.3 5.65
18.8 5.65
18.8 5.66
21.2 5.66
23.6 5.70
23.7 5.73
23.7 5.75
25.1 5.75
24.8 5.75
23.9 5.74
21.7 5.70
19.7 5.68
16.6 5.66
16.0 5.66
15.7 5.70
15.3 5.72
15.2 5.74
15.1 5.76
14.9 5.78
14.2 5.78
13.8 5.78
13.6 5.75
15.0 5.73
17.3 5.73
20.7 5.77
22.7 5.78
19.2 5.80
18.3 5.83
19.6 5.85
18.1 5.88
18.8 5.88
21.6 5.88
22.4 5.86
22.7 5.80
19.7 5.80
18.6 5.80
15.7 5.80
15.4 5.80
15.4 5.80
14.6 5.80
14.2 5.80
13.9 5.80
13.5 5.79
13.1 5.76
12.7 5.75
12.6 5.75
13.1 5.75
14.4 5.76
16.7 5.76
18.1 5.78
19.0 5.78
19.2 5.80
19.3 5.81
18.5 5.82
17.2 5.83
17.8 5.83
18.8 5.83
18.4 5.83
17.4 5.83
12.8 5.74
12.7 5.71
12.4 5.70
12.1 5.70
12.1 5.68
11.4 5.66
10.3 5.65
10.3 5.64
10.0 5.59
9.6 5.54
9.3 5.51
10.8 5.47
13.4 5.45
15.2 5.41
16.4 5.38
17.1 5.35
17.9 5.33
18.5 5.32
19.0 5.31
18.6 5.30
19.0 5.30
18.1 5.30
18.5 5.30
15.9 5.30
12.8 5.31
11.6 5.31
10.9 5.31
10.2 5.30
9.0 5.26
8.4 5.23
7.7 5.20
7.3 5.20
6.9 5.20
7.2 5.20
6.6 5.20
8.9 5.20
12.2 5.24
14.1 5.26
16.5 5.27
17.0 5.27
17.3 5.28
17.6 5.28
18.0 5.29
18.4 5.29
19.2 5.28
18.6 5.28
17.9 5.28
16.1 5.32
12.8 5.34
11.3 5.35
10.4 5.35
9.6 5.34
9.1 5.30
8.8 5.27
9.5 5.26
10.1 5.26
9.7 5.26
9.9 5.26
9.6 5.26
11.2 5.27
14.6 5.29
18.6 5.31
20.4 5.33
20.5 5.34
21.7 5.34
22.3 5.34
23.0 5.36
24.9 5.38
24.6 5.40
23.4 5.41
23.2 5.41
19.8 5.41
16.5 5.41
14.4 5.39
13.6 5.39
13.4 5.39
12.9 5.39
11.9 5.40
11.9 5.40
11.6 5.42
11.9 5.43
12.2 5.43
12.8 5.43
13.0 5.43
13.5 5.46
14.3 5.49
15.2 5.51
16.5 5.51
15.6 5.51
15.6 5.51
16.7 5.51
17.6 5.51
17.5 5.51
16.8 5.52
16.1 5.54
15.9 5.59
15.6 5.60
15.6 5.61
15.6 5.61
15.5 5.59
15.5 5.54
15.5 5.50
15.4 5.46
15.4 5.46
15.5 5.46
15.4 5.50
15.3 5.55
15.9 5.60
18.1 5.62
21.1 5.62
22.6 5.61
24.6 5.57
26.0 5.56
27.1 5.56
27.7 5.56
27.8 5.56
27.8 5.56
27.5 5.56
27.1 5.56
24.2 5.56
21.0 5.56
19.9 5.58
19.4 5.60
18.6 5.62
18.3 5.63
17.3 5.63
15.5 5.63
15.1 5.59
14.1 5.59
13.8 5.59
13.2 5.59
14.4 5.59
17.8 5.61
19.4 5.65
22.2 5.68
24.2 5.69
25.3 5.69
25.6 5.68
26.2 5.64
27.4 5.58
27.8 5.57
27.5 5.57
25.5 5.57
24.0 5.57
21.5 5.58
20.1 5.60
19.8 5.61
18.5 5.61
17.7 5.61
17.1 5.61
16.3 5.61
15.7 5.61
15.6 5.61
15.8 5.61
15.7 5.63
15.9 5.66
15.6 5.68
15.8 5.69
15.6 5.72
14.0 5.74
14.8 5.74
14.7 5.70
14.9 5.67
14.7 5.65
13.2 5.64
12.7 5.65
12.8 5.65
12.7 5.65
12.7 5.69
12.8 5.73
13.1 5.78
13.5 5.79
13.5 5.79
13.6 5.76
13.9 5.72
14.5 5.72
14.5 5.72
14.6 5.73
14.6 5.74
15.1 5.74
15.3 5.76
16.4 5.80
17.1 5.85
17.4 5.86
18.6 5.84
19.2 5.80
19.3 5.77
18.7 5.77
18.5 5.76
17.4 5.73
17.1 5.72
16.9 5.72
16.6 5.72
16.5 5.72
16.5 5.72
16.4 5.72
16.2 5.72
16.4 5.71
16.6 5.68
16.8 5.66
16.8 5.64
17.0 5.64
17.3 5.64
17.5 5.64
17.4 5.65
17.8 5.70
18.6 5.72
18.9 5.74
19.1 5.74
18.4 5.68
19.4 5.61
21.1 5.56
23.0 5.53
24.2 5.51
22.1 5.46
20.8 5.42
19.4 5.39
16.8 5.32
17.0 5.26
17.1 5.13
17.2 4.93
17.3 4.76
17.4 4.60
17.4 4.48
17.1 4.41
15.9 4.37
15.6 4.33
16.1 4.33
17.3 4.34
18.7 4.34
21.3 4.38
22.0 4.40
21.8 4.40
20.4 4.40
22.0 4.39
22.6 4.39
20.5 4.38
21.6 4.37
20.3 4.33
19.4 4.33
18.7 4.33
18.1 4.38
17.0 4.38
16.9 4.38
16.7 4.40
16.6 4.40
16.4 4.31
16.4 4.17
16.2 4.00
15.8 3.87
15.8 3.80
16.5 3.79
17.8 3.78
21.0 3.78
20.7 3.81
23.3 3.83
24.5 3.83
25.4 3.83
25.9 3.83
25.0 3.83
26.3 3.83
26.4 3.83
25.1 3.83
23.0 3.83
20.9 3.88
19.4 3.94
18.6 3.99
18.2 4.01
17.7 4.05
17.7 4.06
17.2 4.06
16.6 4.06
16.3 4.08
16.0 4.08
16.2 4.08
17.5 4.08
20.1 4.11
23.1 4.16
23.5 4.20
24.4 4.24
24.4 4.27
25.3 4.29
26.6 4.29
27.0 4.29
27.9 4.29
28.3 4.29
26.5 4.29
23.9 4.29
22.1 4.29
21.3 4.31
20.3 4.33
19.6 4.33
19.7 4.38
19.1 4.39
18.7 4.39
18.3 4.40
18.1 4.40
18.4 4.40
19.7 4.40
21.4 4.40
24.3 4.40
26.5 4.43
26.3 4.47
26.7 4.53
27.7 4.59
28.9 4.62
29.8 4.63
29.3 4.63
28.8 4.60
27.8 4.57
26.5 4.53
24.5 4.52
22.7 4.52
22.2 4.52
21.6 4.52
21.1 4.52
20.7 4.52
20.3 4.52
21.3 4.52
23.2 4.52
23.0 4.52
22.8 4.52
20.5 4.54
18.7 4.54
18.9 4.56
20.8 4.61
22.8 4.65
25.5 4.70
26.3 4.72
26.7 4.73
27.9 4.75
29.9 4.77
29.3 4.79
29.2 4.80
27.3 4.81
26.0 4.81
23.4 4.82
22.1 4.83
20.0 4.85
18.3 4.86
17.4 4.88
16.8 4.90
16.2 4.92
15.8 4.93
15.8 4.93
16.0 4.94
16.8 4.96
19.4 4.95
22.3 4.92
23.1 4.92
23.9 4.92
26.9 4.92
27.4 4.92
27.5 4.92
28.2 4.93
28.4 4.93
26.9 4.93
27.7 4.93
28.4 4.93
25.1 4.92
22.0 4.92
20.1 4.92
18.9 4.92
18.3 4.92
18.3 4.92
18.0 4.92
17.5 4.92
17.4 4.95
17.5 4.99
17.4 5.01
17.4 5.04
17.7 5.06
18.1 5.06
19.6 5.06
21.0 5.06
23.7 5.06
25.6 5.06
27.0 5.06
24.6 5.08
26.3 5.11
28.0 5.13
28.5 5.13
28.4 5.13
24.5 5.13
22.2 5.13
21.5 5.13
20.4 5.13
19.9 5.13
19.6 5.13
19.7 5.11
20.1 5.12
19.9 5.12
19.4 5.12
19.0 5.12
18.9 5.12
20.5 5.12
23.4 5.13
25.3 5.15
26.4 5.15
27.3 5.15
28.2 5.15
29.3 5.18
29.8 5.20
30.2 5.20
30.0 5.22
30.6 5.24
30.0 5.26
26.5 5.26
23.9 5.26
23.2 5.26
22.7 5.26
22.5 5.25
21.1 5.20
20.3 5.17
20.0 5.17
19.4 5.17
19.0 5.17
18.4 5.17
18.1 5.17
18.6 5.17
21.0 5.19
22.8 5.19
24.1 5.19
24.6 5.19
26.1 5.18
26.4 5.18
27.0 5.18
26.5 5.21
26.7 5.24
26.2 5.26
25.5 5.30
23.9 5.31
22.5 5.31
19.4 5.31
17.5 5.30
16.8 5.29
15.3 5.27
14.5 5.25
15.3 5.25
15.6 5.24
17.5 5.24
17.7 5.29
15.5 5.32
19.5 5.32
19.9 5.32
20.5 5.32
21.2 5.32
22.6 5.30
23.9 5.28
25.1 5.26
25.2 5.26
25.6 5.26
25.6 5.29
25.6 5.33
25.2 5.37
23.7 5.40
21.1 5.40
18.6 5.40
17.9 5.39
18.0 5.36
17.9 5.33
18.1 5.31
16.1 5.30
15.8 5.30
13.6 5.30
12.2 5.31
11.9 5.33
16.2 5.37
17.7 5.41
18.6 5.42
19.8 5.44
21.2 5.44
22.7 5.43
23.2 5.41
23.9 5.40
24.1 5.40
24.4 5.40
23.6 5.40
23.2 5.42
21.3 5.45
17.8 5.48
15.8 5.51
14.8 5.51
14.2 5.51
12.9 5.48
11.9 5.44
11.6 5.41
10.7 5.41
10.8 5.41
11.6 5.41
11.9 5.43
13.2 5.45
16.1 5.48
17.0 5.51
17.4 5.52
18.4 5.52
20.2 5.52
20.6 5.51
21.3 5.46
22.1 5.44
21.9 5.43
21.5 5.44
20.5 5.47
19.4 5.51
18.7 5.54
17.5 5.54
17.3 5.55
17.0 5.55
16.8 5.55
16.2 5.55
16.1 5.55
16.1 5.55
16.1 5.55
16.1 5.55
16.2 5.55
16.4 5.55
16.9 5.55
17.7 5.57
19.3 5.57
19.6 5.57
19.9 5.57
20.0 5.57
20.3 5.56
21.1 5.54
22.2 5.54
21.5 5.53
21.1 5.52
20.2 5.53
18.8 5.54
18.5 5.58
18.3 5.62
18.1 5.62
17.9 5.61
17.8 5.61
17.7 5.60
17.7 5.59
17.8 5.57
17.7 5.55
17.7 5.55
17.9 5.56
18.4 5.57
19.8 5.59
21.5 5.60
23.8 5.61
24.6 5.61
26.1 5.59
26.5 5.55
27.7 5.52
27.8 5.51
26.4 5.51
23.7 5.51
22.6 5.51
19.9 5.54
17.9 5.57
17.2 5.60
16.3 5.60
15.7 5.60
15.5 5.59
15.1 5.55
14.9 5.52
15.0 5.49
14.8 5.47
14.7 5.47
14.7 5.47
15.0 5.50
15.0 5.53
15.2 5.56
15.4 5.59
15.8 5.60
15.9 5.60
16.1 5.60
16.0 5.58
15.6 5.55
15.3 5.51
15.0 5.47
14.6 5.46
14.5 5.46
14.3 5.47
14.2 5.50
14.1 5.51
14.0 5.51
13.8 5.51
13.7 5.51
13.7 5.50
13.7 5.49
13.7 5.48
13.8 5.47
14.1 5.47
14.7 5.47
16.4 5.47
17.2 5.47
18.7 5.49
20.4 5.49
21.1 5.49
22.7 5.49
23.5 5.47
25.3 5.45
25.1 5.41
23.9 5.38
22.6 5.36
20.4 5.36
19.6 5.36
19.4 5.37
19.6 5.38
18.9 5.40
18.1 5.41
17.8 5.41
17.6 5.41
17.6 5.40
16.9 5.38
16.9 5.36
17.4 5.36
19.1 5.36
20.5 5.36
22.7 5.39
22.7 5.43
20.8 5.45
20.2 5.47
21.2 5.47
22.1 5.47
21.6 5.47
20.9 5.43
20.8 5.39
20.5 5.36
19.6 5.34
18.6 5.34
17.7 5.34
16.9 5.36
16.2 5.37
15.6 5.39
15.5 5.41
15.1 5.41
14.8 5.41
14.3 5.40
14.6 5.38
15.3 5.37
16.3 5.37
18.8 5.37
20.6 5.37
21.5 5.37
20.3 5.38
22.0 5.38
24.4 5.39
23.9 5.41
23.3 5.41
22.5 5.41
21.2 5.41
18.7 5.41
17.5 5.40
15.7 5.38
14.1 5.37
15.4 5.37
15.2 5.37
15.1 5.37
14.7 5.37
13.8 5.38
14.6 5.38
14.3 5.38
13.2 5.36
15.6 5.35
17.4 5.34
18.8 5.34
20.4 5.34
22.3 5.35
23.5 5.40
24.0 5.42
24.6 5.42
24.8 5.42
25.0 5.42
24.5 5.42
24.5 5.42
22.8 5.42
21.0 5.42
19.1 5.41
16.3 5.40