0.00 1989
0.00 1990
0.00 1990
0.00 1990
0.00 1990
0.00 1990
0.00 1990
0.00 1990
0.00 1990
0.00 1990
0.00 1990
0.00 1990
0.00 1990
0.00 1990
0.00 1990
0.00 1990
0.00 1990
0.00 1990
0.00 1990
0.00 1990
0.00 1990
0.00 1990
0.00 1990
0.00 1990
0.00 1991
0.00 1990
0.00 1990
0.00 1990
0.00 1990
0.00 1990
0.01 1990
0.00 1990
0.01 1990
0.00 1990
0.00 1990
0.00 1990
0.00 1991
0.00 1990
0.03 1991
0.04 1991
0.00 1991
0.00 1991
0.00 1991
0.00 1991
0.00 1991
0.00 1991
0.00 1991
0.00 1991
0.00 1991
0.00 1991
0.00 1991
0.00 1991
0.00 1991
0.00 1991
0.00 1991
0.00 1991
0.00 1991
0.00 1991
0.00 1991
0.00 1991
0.00 1991
0.00 1991
0.00 1991
0.00 1991
0.00 1991
0.00 1991
0.00 1991
0.00 1990
0.00 1990
0.00 1990
0.00 1990
0.00 1989
0.00 1989
0.00 1989
0.00 1989
0.00 1989
0.00 1989
0.00 1989
0.00 1988
0.00 1988
0.00 1988
0.00 1988
0.00 1988
0.00 1988
0.00 1988
0.00 1988
0.00 1988
0.00 1988
0.00 1988
0.00 1988
0.00 1988
0.00 1988
0.00 1988
0.00 1988
0.00 1988
0.00 1988
0.00 1988
0.00 1987
0.00 1988
0.00 1988
0.00 1988
0.00 1988
0.00 1988
0.00 1988
0.00 1988
0.00 1988
0.00 1988
0.00 1988
0.00 1988
0.00 1988
0.00 1988
0.00 1988
0.00 1988
0.00 1988
0.00 1988
0.00 1988
0.00 1988
0.00 1988
0.00 1988
0.00 1988
0.00 1988
0.00 1988
0.00 1988
0.00 1988
0.00 1988
0.00 1988
0.00 1988
0.00 1988
0.00 1988
0.00 1988
0.00 1988
0.00 1988
0.00 1988
0.00 1988
0.00 1988
0.00 1988
0.00 1988
0.00 1988
0.00 1988
0.00 1988
0.00 1988
0.00 1988
0.00 1988
0.00 1988
0.01 1988
0.00 1988
0.00 1988
0.10 1988
0.02 1988
0.16 1987
0.07 1989
0.00 1988
0.00 1989
0.00 1989
0.00 1989
0.00 1989
0.00 1988
0.00 1989
0.00 1989
0.00 1989
0.00 1989
0.00 1989
0.00 1989
0.00 1989
0.00 1989
0.00 1988
0.00 1988
0.00 1988
0.00 1987
0.00 1987
0.00 1987
0.00 1987
0.00 1987
0.00 1986
0.00 1986
0.00 1986
0.00 1986
0.00 1986
0.00 1986
0.00 1986
0.00 1986
0.00 1986
0.00 1986
0.01 1985
0.05 1986
0.01 1985
0.11 1986
0.00 
0.00 1986
0.00 1985
0.01 1985
0.00 1986
0.00 1985
0.00 1986
0.00 1986
0.00 1986
0.00 1986
0.00 1986
0.00 1986
0.00 1986
0.00 1986
0.00 1986
0.00 1986
0.00 1986
0.00 1986
0.00 1986
0.00 1986
0.00 1986
0.00 1986
0.00 1986
0.00 1986
0.00 1986
0.00 1987
0.00 1987
0.00 1987
0.00 1987
0.00 1986
0.00 1986
0.00 1987
0.00 1987
0.00 1987
0.00 1987
0.00 1987
0.00 1987
0.00 1987
0.00 1987
0.00 1987
0.00 1987
0.00 1988
0.00 1988
0.00 1988
0.00 1988
0.00 1988
0.00 1988
0.00 1988
0.00 1988
0.00 1988
0.00 1988
0.00 1988
0.00 1988
0.00 1988
0.00 1988
0.00 1988
0.00 1988
0.00 1988
0.00 1988
0.00 1987
0.00 1987
0.01 1987
0.00 1987
0.01 1987
0.00 1988
0.00 1988
0.00 1987
0.00 1987
0.00 1987
0.00 1987
0.00 1987
0.00 1987
0.00 1987
0.00 1987
0.00 1986
0.00 1986
0.00 1986
0.00 1986
0.00 1986
0.00 1986
0.00 1986
0.00 1986
0.00 1986
0.00 1986
0.00 1986
0.00 1986
0.00 1986
0.14 1986
0.06 1986
0.02 1987
0.03 1987
0.04 1986
0.05 1986
0.08 1987
0.04 1987
0.02 1987
0.00 1986
0.01 1987
0.00 1987
0.00 1987
0.00 1988
0.00 1987
0.00 1987
0.00 1988
0.00 1987
0.00 1987
0.00 1987
0.00 1987
0.00 1987
0.00 1987
0.00 1987
0.00 1987
0.00 1987
0.00 1988
0.00 1988
0.00 1988
0.00 1988
0.00 1988
0.00 1988
0.00 1988
0.00 1987
0.00 1987
0.00 1988
0.00 1988
0.00 1988
0.00 1988
0.00 1988
0.00 1988
0.00 1988
0.00 1988
0.00 1988
0.00 1988
0.00 1988
0.00 1988
0.00 1988
0.00 1988
0.00 1988
0.00 1988
0.00 1988
0.00 1989
0.00 1989
0.00 1989
0.00 1989
0.00 1989
0.00 1989
0.00 1989
0.00 1989
0.00 1989
0.00 1989
0.00 1989
0.00 1989
0.00 1989
0.00 1989
0.00 1989
0.00 1989
0.00 1989
0.00 1989
0.00 1989
0.00 1989
0.00 1989
0.00 1989
0.00 1989
0.00 1989
0.00 1989
0.00 1988
0.00 1988
0.00 1988
0.00 1988
0.00 1988
0.00 1988
0.00 1988
0.00 1988
0.00 1988
0.00 1988
0.00 1988
0.00 1988
0.00 1988
0.00 1988
0.00 1988
0.00 1988
0.00 1988
0.00 1987
0.00 1987
0.00 1987
0.00 1987
0.00 1987
0.00 1987
0.00 1987
0.00 1987
0.00 1987
0.00 1987
0.00 1987
0.00 1986
0.00 1987
0.00 1987
0.00 1987
0.00 1986
0.00 1987
0.00 1987
0.00 1987
0.00 1987
0.00 1987
0.00 1987
0.00 1987
0.00 1987
0.00 1987
0.00 1987
0.00 1987
0.00 1987
0.00 1987
0.00 1987
0.00 1987
0.00 1987
0.00 1987
0.00 1987
0.00 1987
0.00 1987
0.00 1987
0.00 1987
0.00 1987
0.00 1987
0.00 1987
0.00 1988
0.00 1987
0.00 1987
0.00 1987
0.00 1988
0.00 1988
0.00 1988
0.00 1987
0.00 1988
0.00 1988
0.00 1988
0.00 1988
0.00 1988
0.00 1988
0.00 1988
0.00 1988
0.00 1988
0.00 1988
0.00 1988
0.00 1988
0.00 1988
0.00 1988
0.00 1988
0.00 1988
0.00 1988
0.00 1988
0.00 1988
0.00 1988
0.00 1988
0.00 1988
0.00 1988
0.00 1988
0.00 1988
0.00 1988
0.00 1988
0.00 1988
0.00 1988
0.00 1988
0.00 1988
0.00 1988
0.00 1988
0.00 1988
0.00 1988
0.00 1988
0.00 1988
0.00 1988
0.00 1988
0.00 1988
0.00 1987
0.00 1987
0.00 1987
0.00 1987
0.00 1987
0.00 1986
0.00 1986
0.00 1986
0.00 1986
0.00 1986
0.00 1986
0.00 1986
0.00 1986
0.00 1985
0.00 1985
0.00 1985
0.00 1985
0.00 1985
0.00 1985
0.00 1985
0.00 1985
0.00 1985
0.00 1985
0.00 1985
0.00 1984
0.00 1984
0.00 1984
0.00 1984
0.00 1985
0.00 1985
0.00 1985
0.00 1984
0.00 1984
0.00 1985
0.00 1984
0.00 1984
0.00 1984
0.00 1984
0.00 1984
0.00 1984
0.00 1984
0.00 1984
0.00 1984
0.00 1984
0.00 1984
0.00 1984
0.00 1984
0.00 1984
0.00 1985
0.00 1984
0.00 1985
0.00 1985
0.00 1985
0.00 1985
0.00 1985
0.00 1985
0.00 1985
0.00 1985
0.00 1985
0.00 1985
0.00 1985
0.00 1985
0.00 1985
0.00 1985
0.00 1985
0.00 1985
0.00 1985
0.00 1985
0.00 1985
0.00 1985
0.00 1985
0.00 1985
0.00 1985
0.00 1985
0.00 1985
0.00 1985
0.00 1985
0.00 1985
0.00 1985
0.00 1985
0.00 1984
0.00 1984
0.00 1984
0.00 1984
0.00 1984
0.00 1984
0.00 1984
0.00 1984
0.00 1984
0.00 1984
0.00 1983
0.00 1983
0.00 1984
0.00 1983
0.00 1983
0.00 1983
0.00 1983
0.00 1982
0.00 1982
0.00 1982
0.00 1982
0.00 1982
0.00 1981
0.00 1981
0.00 1982
0.00 1982
0.00 1982
0.00 1982
0.00 1981
0.00 1981
0.00 1981
0.00 1981
0.00 1980
0.00 1980
0.00 1980
0.00 1980
0.00 1981
0.00 1981
0.00 1981
0.00 1981
0.00 1980
0.00 1981
0.00 1981
0.00 1981
0.00 1981
0.00 1981
0.00 1980
0.00 1980
0.00 1980
0.00 1981
0.00 1981
0.00 1981
0.00 1981
0.00 1981
0.00 1981
0.00 1981
0.00 1981
0.00 1981
0.00 1981
0.00 1981
0.00 1981
0.00 1981
0.00 1981
0.00 1981
0.00 1980
0.00 1980
0.00 1980
0.00 1980
0.00 1980
0.01 1980
0.00 1980
0.00 1980
0.01 1981
0.00 1980
0.01 1981
0.00 1981
0.01 1981
0.01 1981
0.01 1981
0.00 1981
0.00 1982
0.00 1982
0.00 1982
0.00 1982
0.00 1982
0.00 1982
0.00 1982
0.00 1982
0.00 1982
0.01 1982
0.01 1982
0.00 1982
0.00 1982
0.01 1982
0.00 1982
0.00 1981
0.00 1982
0.00 1982
0.00 1982
0.00 1982
0.00 1982
0.00 1982
0.00 1982
0.00 1982
0.00 1981
0.00 1981
0.00 1982
0.00 1981
0.00 1981
0.00 1981
0.00 1981
0.00 1980
0.00 1980
0.00 1980
0.00 1981
0.00 1980
0.00 1981
0.00 1980
0.00 1980
0.00 1980
0.00 1980
0.00 1980
0.00 1980
0.00 1980
0.00 1980
0.00 1979
0.00 1980
0.00 1980
0.00 1980
0.00 1979
0.00 1979
0.00 1980
0.00 1980
0.00 1979
0.00 1979
0.00 1980
0.00 1980
0.00 1980
0.00 1979
0.03 1979
0.01 1979
0.00 1979
0.00 1980
0.00 1979
0.00 1979
0.00 1979
0.00 1979
0.00 1980
0.00 1979
0.00 1979
0.00 1979
0.00 1980
0.00 1980
0.00 1980
0.00 1980
0.00 1979
0.00 1980
0.00 1979
0.00 1979
0.00 1979
0.00 1979
0.00 1979
0.00 1979
0.00 1979
0.00 1979
0.00 1979
0.00 1979
0.00 1979
0.00 1980
0.00 1980
0.00 1980
0.00 1979
0.00 1979
0.00 1980
0.00 1980
0.00 1979
0.00 1980
0.00 1979
0.00 1980
0.00 1980
0.00 1980
0.00 1980
0.00 1980
0.00 1980
0.00 1980
0.00 1980
0.00 1980
0.00 1980
0.00 1980
0.00 1980
0.00 1980
0.00 1980
0.00 1980
0.00 1980
0.00 1980
0.00 1980
0.00 1980
0.00 1980
0.00 1980
0.00 1980
0.00 1980
0.00 1980
0.00 1980
0.00 1980
0.00 1980
0.00 1980
0.00 1979
0.00 1979
0.00 1979
0.00 1979
0.00 1978
0.00 1978
0.00 1978
0.00 1978
0.00 1978
0.00 1978
0.00 1978
0.00 1977
0.00 1977
0.00 1977
0.00 1978
0.00 1977
0.00 1977
0.00 1977
0.00 1977
0.00 1977
0.00 1977
0.00 1977
0.00 1977
0.00 1977
0.00 1977
0.00 1977
0.00 1977
0.00 1977
0.00 1977
0.00 1977
0.00 1977
0.00 1977
0.00 1977
0.00 1977
0.00 1977
0.00 1977
0.00 1977
0.00 1977
0.00 1977
0.00 1977
0.00 1977
0.00 1977
0.00 1977
0.00 1977
0.00 1977
0.00 1977
0.00 1977
0.00 1977
0.00 1977
0.00 1977
0.00 1978
0.00 1978
0.00 1977
0.00 1978
0.00 1977
0.00 1978
0.00 1978
0.00 1978
0.00 1978
0.00 1978
0.00 1978
0.00 1978
0.00 1978
0.00 1978
0.00 1978
0.00 1978
0.00 1978
0.00 1978
0.00 1978
0.00 1978
0.00 1978
0.00 1978
0.00 1978
0.00 1978
0.00 1978
0.00 1978
0.00 1978
0.00 1978
0.00 1978
0.00 1978
0.00 1978
0.00 1978
0.00 1978
0.00 1978
0.00 1978
0.00 1978
0.00 1978
0.00 1978
0.00 1978
0.00 1978
0.00 1978
0.00 1978
0.00 1978
0.00 1978
0.00 1978
0.00 1977
0.00 1977
0.00 1976
0.00 1976
0.00 1976
0.00 1976
0.00 1976
0.00 1976
0.00 1976
0.00 1975
0.00 1975
0.00 1976
0.00 1976
0.00 1976
0.00 1976
0.00 1976
0.00 1976
0.00 1976
0.00 1976
0.00 1976
0.00 1975
0.00 1976
0.00 1975
0.00 1976
0.00 1976
0.00 1976
0.00 1976
0.00 1976
0.00 1976
0.00 1976
0.00 1976
0.00 1976
0.00 1976
0.00 1976
0.00 1976
0.00 1976
0.00 1976
0.00 1976
0.00 1976
0.00 1976
0.00 1977
0.00 1977
0.00 1976
0.00 1977
0.00 1977
0.00 1977
0.00 1977
0.00 1977
0.00 1977
0.00 1977
0.00 1976
0.00 1977
0.00 1977
0.00 1976
0.00 1976
0.00 1976
0.00 1976
0.00 1977
0.01 1977
0.00 1976
0.01 1977
0.00 1977
0.01 1978
0.00 1978
0.00 1977
0.00 1977
0.00 1978
0.00 1977
0.01 1977
0.00 1977
0.00 1977
0.00 1977
0.00 1977
0.00 1977
0.00 1977
0.01 1978
0.00 1978
0.01 1978
0.01 1977
0.01 1978
0.00 1978
0.00 1978
0.00 1978
0.00 1978
0.00 1978
0.00 1978
0.00 1978
0.00 1978
0.00 1978
0.00 1978
0.00 1979
0.00 1979
0.00 1978
0.00 1978
0.00 1978
0.00 1978
0.00 1978
0.01 1978
0.00 1978
0.02 1978
0.00 1978
0.00 1978
0.00 1978
0.00 1977
0.00 1977
0.00 1978
0.00 1978
0.00 1978
0.00 1978
0.01 1978
0.00 1978
0.00 1979
0.00 1978
0.00 1978
0.00 1978
0.00 1978
0.00 1978
0.00 1978
0.00 1977
0.00 1978
0.00 1977
0.00 1978
0.00 1977
0.00 1977
0.00 1978
0.00 1977
0.00 1977
0.01 1978
0.00 1978
0.00 1978
0.00 1978
0.00 1978
0.00 1978
0.00 1978
0.00 1978
0.00 1978
0.00 1978
0.00 1978
0.00 1978
0.00 1978
0.00 1978
0.00 1978
0.00 1978
0.00 1978
0.00 1978
0.00 1978
0.00 1978
0.00 1978
0.00 1978
0.00 1977
0.00 1978
0.00 1977
0.00 1978
0.00 1978
0.00 1978
0.00 1977
0.00 1978
0.00 1978
0.00 1978
0.00 1978
0.00 1978
0.00 1978
0.00 1978
0.00 1978
0.00 1978
0.00 1978
0.00 1978
0.00 1978
0.00 1978
0.00 1978
0.00 1978
0.00 1978
0.00 1978
0.00 1978
0.00 1978
0.00 1978
0.00 1978
0.00 1978
0.00 1978
0.00 1978
0.00 1978
0.00 1978
0.00 1978
0.00 1978
0.00 1978
0.00 1978
0.00 1978
0.00 1978
0.00 1978
0.00 1978
0.00 1978
0.00 1978
0.00 1978
0.00 1978
0.00 1978
0.00 1978
0.00 1978
0.00 1978
0.00 1979
0.00 1978
0.00 1979
0.00 1978
0.00 1978
0.00 1978
0.01 1978
0.00 1978
0.01 1978
0.01 1978
0.00 1978
0.00 1978
0.00 1978
0.00 1978
0.00 1978
0.00 1978
0.00 1978
0.00 1978
0.01 1979
0.00 1978
0.01 1978
0.00 1978
0.00 1979
0.00 1979
0.00 1979
0.00 1979
0.01 1979
0.01 1979
0.01 1979
0.06 1979
0.04 1979
0.03 1979
0.02 1980
0.01 1979
0.01 1980
0.00 1980
0.00 1980
0.00 1980
0.00 1980
0.00 1980
0.00 1980
0.01 1980
0.01 1980
0.01 1980
0.00 1981
0.00 1980
0.01 1980
0.00 1980
0.00 1981
0.00 1981
0.00 1980
0.01 1980
0.05 1981
0.06 1981
0.05 1982
0.00 1981
0.14 1982
0.06 1982
0.10 1982
0.02 1983
0.01 1982
0.00 1982
0.08 1983
0.30 1983
0.02 1983
0.00 1983
0.00 1984
0.00 1984
0.00 1984
0.00 1984
0.00 1984
0.00 1984
0.00 1984
0.00 1984
0.00 1985
0.00 1985
0.00 1985
0.00 1986
0.00 1986
0.00 1986
0.00 1986
0.00 1986
0.00 1986
0.00 1986
0.00 1986
0.00 1986
0.00 1986
0.00 1986
0.00 1986
0.02 1986
0.00 1986
0.00 1986
0.00 1987
0.00 1987
0.00 1987
0.00 1987
0.00 1987
0.00 1987
0.00 1987
0.00 1987
0.00 1988
0.00 1988
0.00 1988
0.00 1988
0.00 1988
0.00 1989
0.00 1989
0.00 1990
0.00 1989
0.00 1990
0.00 1990
0.00 1989
0.00 1990
0.00 1989
0.00 1989
0.00 1990
0.00 1990
0.00 1991
0.00 1991
0.00 1991
0.00 1991
0.00 1991
0.00 1992
0.00 1992
0.00 1992
0.01 1992
0.00 1992
0.00 1993
0.00 1993
0.00 1993
0.00 1993
0.00 1993
0.00 1993
0.00 1993
0.00 1994
0.00 1994
0.00 1994
0.00 1994
0.00 1995
0.00 1995
0.00 1995
0.00 1995
0.00 1995
0.00 1996
0.00 1996
0.00 1996
0.00 1996
0.00 1996
0.00 1996
0.00 1996
0.00 1997
0.00 1997
0.00 1997
0.00 1997
0.00 1997
0.00 1997
0.00 1997
0.00 1998
0.00 1998
0.00 1998
0.00 1998
0.00 1998
0.00 1998
0.00 1998
0.00 1998
0.00 1999
0.00 1999
0.00 1999
0.00 1999
0.00 1999
0.00 1999
0.00 1999
0.00 1999
0.00 1999
0.00 2000
0.00 2000
0.00 2000
0.00 2000
0.00 2001
0.00 2001
0.00 2001
0.00 2000
0.00 2000
0.00 2000
0.00 2000
0.00 2000
0.00 2000
0.00 2000
0.00 2000
0.00 2000
0.00 2000
0.00 2000
0.00 2000
0.00 2000
0.00 2000
0.00 2000
0.00 2000
0.00 2000
0.00 2000
0.00 2000
0.00 2000
0.00 2000
0.00 2000
0.00 2000
0.00 2001
0.00 2001
0.00 2001
0.00 2000
0.00 2001
0.00 2001
0.00 2001
0.00 2001
0.00 2001
0.02 2001
0.02 2001
0.04 2001
0.29 2002
0.15 2001
0.00 2002
0.00 2002
0.00 2002
0.00 2002
0.00 2002
0.00 2002
0.00 2002
0.00 2002
0.00 2002
0.04 2002
0.00 2002
0.00 2003
0.00 2003
0.00 2003
0.00 2003
0.00 2003
0.00 2003
0.01 2003
0.09 2003
0.00 2003
0.00 2004
0.00 2004
0.00 2004
0.00 2003
0.00 2004
0.00 2004
0.00 2004
0.00 2004
0.00 2004
0.00 2005
0.00 2005
0.00 2005
0.00 2006
0.00 2005
0.00 2006
0.00 2006
0.00 2006
0.00 2006
0.00 2006
0.00 2006
0.00 2006
0.00 2007
0.00 2007
0.00 2008
0.00 2008
0.00 2008
0.00 2008
0.00 2008
0.00 2008
0.00 2008
0.00 2008
0.00 2008
0.00 2009
0.00 2009
0.00 2009
0.00 2009
0.00 2010
0.00 2010
0.00 2010
0.00 2010
0.00 2010
0.00 2010
0.00 2010
0.00 2010
0.00 2010
0.00 2010
0.00 2010
0.00 2010
0.00 2010
0.00 2010
0.00 2010
0.00 2010
0.00 2010
0.00 2010
0.00 2010
0.00 2010
0.00 2010
0.00 2010
0.00 2010
0.00 2011
0.00 2011
0.00 2011
0.00 2011
0.00 2011
0.00 2011
0.00 2011
0.00 2011
0.00 2011
0.00 2011
0.00 2011
0.00 2012
0.00 2011
0.00 2011
0.00 2012
0.00 2012
0.00 2012
0.00 2012
0.00 2012
0.00 2012
0.00 2012
0.00 2012
0.00 2012
0.00 2012
0.00 2012
0.00 2013
0.00 2013
0.00 2013
0.00 2013
0.00 2013
0.00 2013
0.00 2013
0.00 2013
0.00 2013
0.00 2013
0.00 2013
0.00 2013
0.00 2013
0.00 2013
0.00 2013
0.00 2013
0.00 2013
0.00 2013
0.00 2013
0.00 2013
0.00 2013
0.00 2013
0.00 2013
0.00 2013
0.00 2013
0.00 2013
0.00 2013
0.00 2014
0.00 2014
0.00 2014
0.00 2014
0.00 2014
0.00 2014
0.00 2014
0.00 2014
0.00 2014
0.00 2015
0.00 2015
0.00 2015
0.00 2015
0.00 2015
0.00 2015
0.00 2015
0.00 2015
0.00 2015
0.00 2016
0.00 2015
0.00 2016
0.00 2015
0.00 2016
0.00 2016
0.00 2016
0.00 2016
0.00 2016
0.00 2016
0.00 2015
0.00 2016
0.00 2015
0.00 2014
0.00 2014
0.00 2014
0.00 2014
0.00 2014
0.00 2014
0.00 2014
0.00 2014
0.00 2014
0.00 2014
0.00 2013
0.00 2013
0.00 2013
0.00 
0.00 2013
0.00 2013
0.00 2013
0.00 2013
0.00 2014
0.00 2013
0.00 2013
0.00 2013
0.00 2013
0.00 2013
0.00 2013
0.00 2013
0.00 2013
0.00 2014
0.00 2014
0.00 2014
0.00 2014
0.00 2014
0.00 2014
0.00 2014
0.00 2014
0.00 2014
0.00 2014
0.00 2014
0.00 2014
0.00 2014
0.00 2014
0.00 2014
0.00 2014
0.00 2014
0.00 2014
0.00 2014
0.00 2014
0.00 2014
0.00 2014
0.00 2015
0.00 2014
0.00 2014
0.00 2014
0.00 2014
0.00 2015
0.00 2014
0.00 2014
0.00 2014
0.00 2015
0.00 2014
0.00 2015
0.00 2015
0.00 2015
0.00 2015
0.00 2015
0.00 2015
0.00 2015
0.00 2015
0.00 2015
0.00 2015
0.00 2015
0.00 2015
0.00 2015
0.00 2015
0.00 2015
0.00 2015
0.00 2015
0.00 2015
0.00 2015
0.00 2016
0.00 2016
0.00 2015
0.00 2016
0.00 2016
0.00 2016
0.00 2016
0.00 2016
0.00 2016
0.00 2016
0.00 2015
0.00 2016
0.00 2016
0.00 2016
0.00 2015
0.00 2016
0.00 2015
0.00 2015
0.00 2016
0.00 2015
0.00 2015
0.00 2015
0.00 2015
0.00 2015
0.00 2014
0.00 2014
0.00 2014
0.00 2014
0.00 2014
0.00 2014
0.00 2014
0.00 2014
0.00 2015
0.00 2015
0.00 2015
0.00 2015
0.00 2015
0.00 2014
0.00 2014
0.00 2014
0.00 2014
0.00 2014
0.00 2014
0.00 2015
0.00 2015
0.00 2015
0.00 2015
0.00 2015
0.00 2015
0.00 2015
0.00 2015
0.00 2015
0.00 2015
0.00 2015
0.00 2015
0.00 2014
0.00 2015
0.00 2015
0.00 2015
0.00 2015
0.00 2015
0.00 2015
0.00 2015
0.00 2015
0.00 2015
0.00 2015
0.00 2015
0.00 2015
0.00 2016
0.00 2015
0.00 2015
0.00 2015
0.00 2015
0.00 2016
0.00 2016
0.00 2017
0.00 2017
0.01 2017
0.00 2016
0.00 
0.00 
0.00 2016
0.00 2016
0.00 2016
0.00 2016
0.00 2015
0.00 2015
0.00 2015
0.00 2016
0.00 2015
0.00 2016
0.00 2016
0.00 2016
0.00 2016
0.00 2016
0.00 2016
0.00 2016
0.00 2016
0.00 2016
0.00 2016
0.00 2016
0.00 2016
0.00 2016
0.00 2016
0.00 2016
0.00 2016
0.00 2016
0.00 2016
0.00 2017
0.00 2016
0.00 2016
0.00 2016
0.00 2015
0.00 2015
0.00 2015
0.00 2014
0.00 2014
0.00 2014
0.00 2014
0.00 2014
0.00 2014
0.00 2014
0.00 2015
0.00 2015
0.00 2015
0.00 2015
0.00 2014
0.00 2014
0.00 2014
0.00 2014
0.00 2014
0.00 2014
0.00 2014
0.00 2014
0.00 2014
0.00 2014
0.00 2014
0.00 2015
0.00 2015
0.00 2015
0.00 2015
0.00 2015
0.00 2015
0.00 2015
0.00 2015
0.00 2015
0.00 2015
0.00 2015
0.00 2015
0.00 2015
0.00 2015
0.00 2015
0.00 2015
0.00 2015
0.00 2015
0.00 2015
0.00 2015
0.00 2015
0.00 2015
0.00 2016
0.00 2016
0.00 2016
0.00 2016
0.00 2016
0.00 2016
0.00 2016
0.00 2016
0.00 2016
0.00 2016
0.00 2016
0.00 2016
0.00 2016
0.00 2016
0.00 2016
0.00 2016
0.00 2016
0.00 2015
0.00 2015
0.00 2015
0.02 2015
0.01 2016
0.00 2016
0.00 2015
0.00 2016
0.00 2016
0.00 2016
0.00 2017
0.00 2016
0.00 2017
0.00 2016
0.00 2016
0.00 2016
0.00 2016
0.00 2016
0.00 2016
0.00 2016
0.00 2016
0.00 2016
0.00 2016
0.00 2016
0.00 2017
0.00 2016
0.00 2016
0.00 2016
0.00 2016
0.00 2016
0.00 2016
0.00 2016
0.00 2015
0.00 2015
0.00 2015
0.00 2014
0.00 2015
0.00 2015
0.00 2015
0.00 2015
0.00 2015
0.00 2015
0.00 2015
0.00 2015
0.00 2015
0.00 2015
0.00 2015
0.00 2015
0.00 2014
0.00 2014
0.00 2014
0.00 2014
0.00 2014
0.00 2014
0.00 2014
0.00 2014
0.00 2014
0.00 2015
0.00 2015
0.00 2015
0.00 2015
0.00 2015
0.00 2015
0.00 2015
0.00 2015
0.00 2015
0.00 2015
0.00 2015
0.00 2015
0.00 2015
0.00 2015
0.00 2015
0.00 2015
0.00 2015
0.00 2015
0.00 2015
0.00 2015
0.00 2015
0.00 2015
0.00 2015
0.00 2015
0.00 2015
0.00 2015
0.00 2015
0.00 2015
0.00 2015
0.00 2015
0.00 2015
0.00 2015
0.00 2016
0.01 2016
0.01 2016
0.00 2016
0.01 2016
0.00 2015
0.00 2016
0.00 2016
0.00 2016
0.00 2016
0.00 2015
0.00 2016
0.00 2015
0.00 2016
0.00 2016
0.00 2015
0.00 2016
0.00 2016
0.00 2016
0.00 2016
0.00 2016
0.00 2016
0.00 2016
0.00 2016
0.00 2016
0.00 2016
0.00 2016
0.00 2016
0.00 2016
0.00 2016
0.00 2016
0.00 2016
0.00 2016
0.00 2016
0.00 2016
0.00 2016
0.00 2016
0.00 2015
0.00 2015
0.00 2014
0.00 2014
0.00 2014
0.00 2014
0.00 2014
0.00 2014
0.00 2014
0.00 2014
0.00 2014
0.00 2014
0.00 2014
0.00 2013
0.00 2012
0.00 2012
0.00 2013
0.00 2013
0.00 2013
0.00 2013
0.00 2013
0.00 2013
0.00 2013
0.00 2013
0.00 2013
0.00 2013
0.00 2013
0.00 2012
0.00 2012
0.00 2013
0.00 2013
0.00 2013
0.00 2013
0.00 2013
0.00 2013
0.00 2013
0.00 2013
0.00 2013
0.00 2012
0.00 2013
0.00 2012
0.00 2012
0.00 2013
0.00 2013
0.00 2013
0.00 2013
0.00 2013
0.00 2013
0.00 2013
0.00 2012
0.00 2013
0.00 2013
0.00 2014
0.00 2013
0.00 2014
0.00 2014
0.00 2013
0.00 2013
0.00 2013
0.00 2013
0.00 2013
0.00 2013
0.00 2013
0.00 2013
0.00 2013
0.00 2014
0.00 2014
0.00 2014
0.00 2014
0.00 2014
0.00 2013
0.00 2013
0.00 2013
0.00 2013
0.00 2013
0.00 2013
0.00 2013
0.00 2013
0.00 2013
0.00 2013
0.00 2013
0.00 2013
0.00 2014
0.00 2014
0.00 2014
0.00 2014
0.00 2014
0.00 2013
0.00 2013
0.00 2013
0.00 2013
0.00 2013
0.00 2012
0.00 2012
0.00 2012
0.00 2011
0.00 2012
0.00 2012
0.00 2012
0.00 2012
0.00 2012
0.00 2011
0.00 2011
0.00 2011
0.00 2010
0.00 2010
0.00 2010
0.00 2010
0.00 2010
0.00 2010
0.00 2010
0.00 2010
0.00 2010
0.00 2010
0.00 2010
0.00 2010
0.00 2010
0.00 2009
0.00 2009
0.00 2009
0.00 2010
0.00 2009
0.00 2009
0.00 2009
0.00 2009
0.00 2009
0.00 2009
0.34 2008
0.29 2010
0.03 2009
0.01 2011
0.00 2010
0.03 2010
0.06 2010
0.01 2010
0.04 2011
0.00 2010
0.01 2011
0.00 2011
0.00 2011
0.00 2012
0.00 2011
0.00 2012
0.00 2012
0.00 2011
0.00 2011
0.00 2011
0.00 2010
0.00 2011
0.00 2011
0.00 2011
0.00 2011
0.00 2012
0.00 2012
0.00 2012
0.00 2012
0.00 2012
0.00 2012
0.00 2012
0.00 2012
0.00 2012
0.00 2012
0.00 2012
0.00 2011
0.00 2012
0.00 2011
0.00 2011
0.00 2011
0.00 2011
0.00 2010
0.00 2011
0.00 2010
0.00 2011
0.00 2010
0.00 2010
0.00 2010
0.00 2010
0.00 2010
0.00 2010
0.00 2010
0.00 2010
0.00 2010
0.00 2009
0.00 2010
0.00 2009
0.00 2009
0.00 2009
0.00 2009
0.00 2009
0.00 2009
0.00 2009
0.00 2008
0.00 2008
0.00 2008
0.00 2007
0.00 2008
0.00 2007
0.00 2007
0.00 2007
0.00 2007
0.00 2007
0.00 2007
0.00 2007
0.00 2006
0.00 2006
0.00 2006
0.00 2006
0.00 2006
0.00 2006
0.00 2006
0.00 2006
0.00 2006
0.00 2006
0.00 2006
0.00 2006
0.00 2006
0.00 2006
0.00 2006
0.00 2006
0.00 2006
0.00 2006
0.00 2006
0.00 2006
0.00 2006
0.00 2006
0.00 2006
0.00 2006
0.00 2006
0.00 2006
0.00 2006
0.00 2006
0.00 2006
0.00 2006
0.00 2006
0.00 2006
0.00 2006
0.00 2006
0.00 2006
0.00 2006
0.00 2005
0.00 2005
0.00 2005
0.00 2005
0.00 2005
0.00 2005
0.00 2005
0.00 2005
0.00 2005
0.00 2005
0.00 2005
0.00 2005
0.00 2005
0.00 2005
0.00 2005
0.00 2005
0.00 2005
0.00 2005
0.00 2005
0.00 2005
0.00 2005
0.00 2005
0.00 2005
0.00 2005
0.00 2005
0.00 2005
0.00 2005
0.00 2005
0.00 2005
0.00 2005
0.00 2005
0.00 2005
0.00 2004
0.00 2004
0.00 2004
0.00 2004
0.00 2004
0.00 2004
0.00 2004
0.00 2004
0.00 2004
0.00 2004
0.00 2003
0.00 2003
0.00 2003
0.00 2003
0.00 2003
0.00 2003
0.00 2002
0.00 2002
0.00 2002
0.00 2002
0.00 2002
0.00 2002
0.00 2002
0.00 2002
0.00 2002
0.00 2001
0.00 2001
0.00 2001
0.00 2001
0.00 2001
0.00 2001
0.00 2001
0.00 2002
0.00 2001
0.00 2001
0.00 2001
0.00 2001
0.00 2001
0.00 2001
0.00 2001
0.00 2001
0.00 2001
0.00 2001
0.00 2001
0.00 2000
0.00 2001
0.00 2001
0.00 2000
0.00 2000
0.00 2001
0.00 2001
0.00 2001
0.00 2001
0.00 2001
0.00 2001
0.00 2000
0.00 2001
0.00 2001
0.00 2001
0.00 2000
0.00 2000
0.00 2000
0.00 2000
0.00 2000
0.00 2000
0.00 2000
0.00 2001
0.00 2000
0.00 2000
0.00 2000
0.00 2000
0.00 2000
0.00 2000
0.00 2000
0.00 2001
0.00 2000
0.00 2001
0.00 2001
0.00 2000
0.00 2001
0.00 2001
0.00 2000
0.00 2001
0.00 2001
0.00 2001
0.00 2001
0.00 2000
0.00 2000
0.00 2000
0.00 2000
0.00 2000
0.00 2000
0.00 1999
0.00 1999
0.00 1999
0.00 1999
0.00 1999
0.00 1999
0.00 1999
0.00 1999
0.00 1998
0.00 1998
0.00 1998
0.00 1997
0.00 1997
0.00 1997
0.00 1997
0.00 1996
0.00 1996
0.00 1997
0.00 1996
0.00 1996
0.00 1996
0.00 1996
0.00 1995
0.00 1995
0.00 1995
0.00 1995
0.00 1995
0.00 1995
0.00 1995
0.00 1995
0.00 1995
0.00 1995
0.00 1995
0.00 1995
0.00 1995
0.00 1995
0.00 1994
0.00 1995
0.00 1994
0.00 1994
0.00 1994
0.00 1994
0.00 1994
0.00 1994
0.00 1994
0.00 1994
0.00 1994
0.00 1994
0.00 1994
0.00 1995
0.00 1994
0.00 1994
0.00 1994
0.00 1994
0.00 1994
0.00 1994
0.00 1994
0.00 1994
0.00 1994
0.00 1994
0.00 1994
0.00 1995
0.00 1995
0.00 1994
0.00 1995
0.00 1994
0.00 1994
0.00 1994
0.00 1994
0.00 1995
0.00 1995
0.00 1995
0.00 1994
0.00 1994
0.00 1994
0.00 1994
0.00 1995
0.00 1994
0.00 1994
0.00 1994
0.00 1994
0.00 1994
0.00 1994
0.00 1994
0.00 1995
0.00 1994
0.00 1995
0.00 1995
0.00 1995
0.00 1995
0.00 1995
0.00 1995
0.00 1995
0.00 1995
0.00 1995
0.00 1995
0.00 1995
0.00 1995
0.00 1995
0.00 1995
0.00 1994
0.00 1995
0.00 1994
0.00 1995
0.00 1994
0.00 1995
0.00 1995
0.00 1995
0.00 1995
0.00 1995
0.00 1995
0.00 1995
0.00 1995
0.00 1995
0.00 1994
0.00 1994
0.00 1995
0.00 1994
0.00 1994
0.00 1994
0.00 1995
0.00 1995
0.00 1994
0.00 1995
0.00 1995
0.00 1995
0.00 1995
0.00 1995
0.00 1995
0.00 1995
0.00 1995
0.00 1995
0.00 1995
0.00 1995
0.00 1995
0.00 1993
0.00 1993
0.00 1993
0.00 1993
0.00 1993
0.00 1993
0.00 1993
0.00 1993
0.00 1993
0.00 1992
0.00 1993
0.00 1992
0.00 1992
0.00 1992
0.00 1993
0.00 1992
0.00 1993
0.00 1993
0.00 1993
0.00 1993
0.03 1993
0.13 1993
0.01 1992
0.03 1993
0.00 1992
0.01 1992
0.08 1993
0.02 1993
0.16 1993
0.04 1993
0.02 
0.01 1994
0.00 1994
0.00 1994
0.04 1994
0.02 1993
0.03 1995
0.01 1994
0.00 1994
0.00 1993
0.01 1993
0.00 1994
0.00 1994
0.00 1994
0.00 1994
0.00 1994
0.00 1994
0.00 1994
0.00 1994
0.00 1994
0.00 1994
0.00 1994
0.00 1994
0.00 1994
0.00 1994
0.00 1994
0.00 1994
0.00 1994
0.00 1994
0.00 1994
0.00 1994
0.00 1994
0.00 1994
0.00 1995
0.00 1995
0.00 1995
0.00 1995
0.00 1995
0.00 1995
0.00 1994
0.00 1995
0.00 1994
0.00 1994
0.00 1994
0.00 1994
0.00 1994
0.00 1994
0.00 1994
0.00 1994
0.00 1995
0.00 1995
0.00 1995
0.00 1995
0.00 1995
0.00 1995
0.00 1995
0.00 1995
0.00 1995
0.00 1995
0.00 1995
0.00 1995
0.00 1995
0.00 1995
0.01 1995
0.01 1995
0.00 1993
0.00 1993
0.00 1993
0.00 1993
0.00 1993
0.00 1993
0.00 1993
0.00 1993
0.00 1993
0.00 1992
0.00 1993
0.00 1992
0.00 1992
0.00 1992
0.00 1991
0.00 1993
0.00 1993
0.00 1993
0.00 1993
0.00 1992
0.00 1992
0.00 1992
0.00 1992
0.00 1992
0.00 1991
0.00 1992
0.00 1991
0.01 1991
0.02 1992
0.02 1992
0.01 1993
0.01 1992
0.00 1992
0.01 1993
0.01 1993
0.02 1992
0.00 1992
0.00 1992
0.00 1993
0.00 1992
0.00 1993
0.00 1992
0.00 1993
0.00 1993
0.00 1993
0.00 1993
0.00 1993
0.00 1993
0.00 1993
0.00 1993
0.00 1993
0.00 1993
0.00 1993
0.00 1993
0.00 1993
0.00 1993
0.00 1993
0.00 1992
0.00 1993
0.00 1993
0.00 1993
0.00 1993
0.00 1993
0.00 1993
0.00 1993
0.00 1993
0.00 1993
0.00 1993
0.00 1993
0.00 1993
0.00 1993
0.00 1993
0.00 1993
0.00 1993
0.00 1993
0.00 1993
0.00 1993
0.00 1993
0.00 1993
0.00 1993
0.00 1993
0.00 1993
0.00 1993
0.00 1993
0.00 1993
0.00 1993
0.00 1993
0.00 1993
0.00 1993
0.00 1993
0.00 1993
0.00 1993
0.00 1993
0.00 1993
0.00 1993
0.01 1993
0.01 1992
0.00 1992
0.00 1991
0.00 1992
0.00 1993
0.00 1993
0.00 1993
0.00 1993
0.00 1993
0.00 1993
0.00 1993
0.01 1993
0.02 1992
0.02 1992
0.02 1991
0.24 1991
0.31 1991
0.13 1993
0.00 1993
0.01 1993
0.01 1992
0.00 1992
0.00 1992
0.00 1991
0.00 1992
0.00 1992
0.00 1992
0.00 1992
0.00 1991
0.00 1992
0.00 
0.00 
0.00 1992
0.00 1991
0.00 1991
0.00 1991
0.00 1991
0.00 1991
0.00 1992
0.00 1991
0.00 1991
0.00 1991
0.00 1991
0.00 1991
0.00 1991
0.00 1992
0.00 1992
0.00 1991
0.00 1992
0.00 1991
0.00 1991
0.00 1991
0.00 1991
0.00 1991
0.00 1991
0.00 1992
0.00 1992
0.00 1991
0.00 1991
0.00 1991
0.00 1992
0.00 1992
0.00 1991
0.00 1992
0.00 1991
0.00 1992
0.00 1992
0.00 1992
0.00 1992
0.00 1992
0.00 1991
0.00 1991
0.00 1991
0.00 1991
0.00 1991
0.00 1991
0.02 1991
0.02 1991
0.03 1991
0.02 1991
0.03 1991
0.00 1990
0.02 1990
0.01 1990
0.00 1990
0.00 1989
0.01 1990
0.00 1989
0.00 1989
0.00 1989
0.00 1989
0.00 1988
0.00 1989
0.00 1988
0.00 1988
0.00 1989
0.00 1989
0.00 1989
0.00 1989
0.00 1988
0.00 1989
0.00 1989
0.00 1989
0.00 1989
0.00 1988
0.00 1988
0.00 1988
0.00 1988
0.00 1988
0.00 1988
0.00 1988
0.00 1988
0.00 1988
0.00 1988
0.00 1988
0.00 1989
0.00 1988
0.00 1988
0.00 1989
0.00 1989
0.00 1989
0.01 1989
0.06 1989
0.09 1989
0.04 1989
0.00 1989
0.01 1989
0.00 1989
0.01 1988
0.01 1989
0.00 1989
0.00 1989
0.00 1989
0.00 1989
0.00 1989
0.00 1990
0.00 1989
0.00 1990
0.00 1989
0.00 1989
0.00 1989
0.00 1989
0.00 1989
0.00 1989
0.00 1989
0.00 1989
0.00 1989
0.00 1989
0.00 1989
0.00 1989
0.00 1990
0.00 1990
0.00 1990
0.00 1990
0.00 1990
0.00 1990
0.00 1990
0.00 1990
0.00 1990
0.00 1990
0.00 1990
0.00 1990
0.00 1990
0.00 1990
0.00 1990
0.00 1990
0.00 1990
0.00 1990
0.00 1990
0.00 1990
0.00 1991
0.00 1991
0.00 1991
0.00 1991
0.00 1990
0.00 1990
0.00 1990
0.00 1990
0.00 1990
0.00 1990
0.00 1990
0.00 1990
0.00 1990
0.00 1990
0.00 1990
0.00 1990
0.00 1990
0.00 1989
0.00 1989
0.00 1989
0.00 1989
0.00 1990
0.00 1989
0.00 1989
0.00 1989
0.00 1989
0.00 1989
0.00 1990
0.00 1989
0.00 1989
0.00 1989
0.00 1989
0.09 1989
0.00 1990
0.00 1990
0.00 1990
0.00 1990
0.00 1990
0.00 1990
0.00 1990
0.00 1991
0.00 1990
0.00 1990
0.00 1991
0.00 1990
0.01 1990
0.00 1990
0.00 1990
0.00 1991
0.00 1991
0.00 1991
0.00 1991
0.00 1991
0.00 1991
0.00 1991
0.00 1991
0.00 1991
0.00 1991
0.00 1991
0.00 1991
0.00 1991
0.00 1991
0.00 1991
0.00 1991
0.00 1991
0.00 1991
0.00 1991
0.01 1991
0.00 1990
0.01 1991
0.00 1991
0.00 1991
0.01 1991
0.00 1991
0.00 1991
0.00 1991
0.00 1991
0.00 1991
0.00 1991
0.01 1991
0.00 1991
0.00 1991
0.02 1991
0.02 1991
0.02 1991
0.00 1991
0.01 1991
0.00 1991
0.00 1991
0.01 1992
0.00 1992
0.00 1993
0.01 1993
0.00 1993
0.00 1993
0.00 1992
0.00 1993
0.00 1992
0.00 1992
0.01 1992
0.01 1993
0.02 1993
0.00 1992
0.01 1992
0.00 1992
0.03 1992
0.01 1992
0.00 1992
0.00 1992
0.00 1992
0.00 1992
0.00 1992
0.00 1992
0.00 1992
0.00 1992
0.00 1991
0.00 1991
0.00 1992
0.00 1991
0.00 1991
0.00 1991
0.00 1991
0.00 1991
0.00 1991
0.00 1991
0.00 1991
0.00 1991
0.00 1991
0.00 1991
0.00 1991
0.00 1991
0.00 1991
0.00 1991
0.00 1991
0.00 1992
0.00 1991
0.00 1992
0.00 1991
0.00 1992
0.00 1992
0.00 1992
0.00 1992
0.00 1992
0.00 1992
0.00 1992
0.00 1992
0.00 1992
0.00 1992
0.00 1992
0.00 1992
0.00 1992
0.00 1992
0.00 1992
0.00 1992
0.00 1992
0.00 1992
0.00 1992
0.00 1992
0.00 1992
0.00 1992
0.00 1992
0.02 1992
0.00 1992
0.00 1992
0.00 1992
0.00 1992
0.00 1992
0.00 1992
0.00 1992
0.00 1992
0.00 1992
0.00 1993
0.00 1992
0.00 1992
0.00 1992
0.00 1992
0.00 1992
0.00 1992
0.00 1992
0.00 1993
0.00 1992
0.01 1992
0.02 1992
0.00 1993
0.00 1993
0.00 1993
0.00 1993
0.00 1993
0.00 1993
0.00 1993
0.00 1993
0.00 1993
0.00 1993
0.00 1993
0.00 1993
0.00 1994
0.00 1994
0.00 1994
0.00 1994
0.00 1993
0.00 1994
0.00 1994
0.00 1994
0.00 1994
0.00 1993
0.00 1993
0.00 1993
0.00 1993
0.00 1992
0.00 1992
0.00 1992
0.00 1993
0.00 1993
0.00 1993
0.00 1993
0.00 1993
0.00 1993
0.00 1993
0.00 1993
0.00 1992
0.00 1992
0.00 1992
0.00 1992
0.00 1992
0.00 1992
0.00 1992
0.00 1992
0.00 1993
0.00 1993
0.00 1992
0.00 1992
0.00 1992
0.00 1993
0.00 1993
0.00 1992
0.00 1992
0.00 1992
0.00 1992
0.00 1993
0.00 1993
0.00 1992
0.00 1993
0.00 1992
0.00 1993
0.00 1993
0.00 1993
0.00 1993
0.00 1993
0.00 1993
0.00 1993
0.00 1993
0.00 1993
0.00 1993
0.00 1993
0.00 1993
0.00 1993
0.00 1993
0.00 1993
0.00 1992
0.00 1993
0.00 1993
0.00 1993
0.00 1993
0.00 1993
0.00 1993
0.00 1993
0.00 1993
0.00 1993
0.00 1993
0.00 1993
0.00 1993
0.00 1993
0.00 1993
0.00 1993
0.00 1993
0.00 1993
0.00 1993
0.00 1993
0.00 1993
0.00 1993
0.00 1993
0.00 1993
0.00 1993
0.00 1993
0.00 1993
0.00 1993
0.00 1993
0.00 1993
0.00 1993
0.00 1993
0.00 1993
0.00 1993
0.00 1993
0.00 1993
0.00 1993
0.00 1993
0.00 1994
0.00 1994
0.00 1994
0.00 1993
0.00 1993
0.00 1993
0.00 1993
0.00 1994
0.00 1994
0.00 1993
0.00 1993
0.00 1993
0.00 1993
0.00 1994
0.00 1993
0.00 1993
0.00 1993
0.00 1993
0.00 1993
0.00 1993
0.00 1993
0.00 1993
0.00 1993
0.00 1992