0.00 97.6
0.32 98.7
0.00 98.9
0.00 99.2
0.00 98.8
0.70 98.8
8.23 96.7
128 93.6
264 84.6
411 80.8
547 78.9
654 66.1
726 61.0
753 56.1
740 47.4
686 44.3
580 43.9
453 41.4
306 45.3
150 71.9
15.8 78.4
0.00 78.4
0.00 75.2
0.00 54.9
0.00 44.8
0.00 45.8
0.00 60.0
1.51 62.1
0.00 69.2
0.00 74.1
7.08 70.5
112 81.2
251 83.2
410 75.6
543 56.8
644 57.4
712 53.7
747 47.1
740 46.1
806 41.4
272 34.7
238 52.8
43.2 64.5
10.5 72.9
0.00 78.1
0.00 76.5
0.00 80.5
0.00 82.6
0.00 90.2
0.00 96.6
0.00 98.4
0.00 99.7
0.00 100
0.00 100
0.35 100
14.2 100
32.0 100
76.8 100
230 100
416 94.9
88.9 88.3
280 88.3
196 73.8
255 67.2
140 69.0
167 86.0
39.1 88.4
43.2 86.7
41.9 86.8
0.00 88.8
0.00 88.2
0.00 90.1
0.00 86.8
0.00 84.3
0.00 81.3
0.00 83.0
0.00 89.4
0.00 92.6
0.00 95.0
4.71 97.9
43.6 98.2
55.4 97.8
287 95.1
239 89.8
160 75.6
126 76.2
181 74.8
771 71.7
116 64.5
181 58.2
428 58.1
185 65.4
26.8 55.8
0.00 81.2
0.00 85.6
0.00 88.2
0.00 89.3
0.00 90.0
0.00 90.5
0.00 91.4
1.15 93.5
0.00 93.7
5.83 92.8
139 86.7
282 79.8
433 64.6
565 59.6
671 59.0
743 52.8
768 45.2
755 44.2
660 46.2
594 40.3
469 38.6
257 36.8
175 42.9
30.1 64.3
0.00 80.4
0.00 78.0
0.00 79.9
0.00 82.2
0.00 81.4
0.00 86.2
0.00 81.9
0.00 80.0
0.00 74.8
11.0 68.4
144 60.5
295 58.6
425 49.0
575 32.8
677 39.0
744 33.8
696 26.6
773 29.4
650 21.0
448 25.8
353 30.1
189 39.7
193 48.2
18.5 66.2
1.44 74.9
0.00 70.2
0.22 65.5
1.15 71.6
0.00 65.4
0.00 70.6
0.00 74.2
0.00 75.9
0.00 75.5
9.67 70.8
71.0 74.6
49.7 64.3
141 66.2
497 58.2
509 60.5
406 62.6
713 65.8
318 70.0
296 71.4
69.8 73.3
27.8 72.3
22.2 82.0
18.6 81.8
3.24 82.8
0.00 67.1
0.00 79.5
0.00 80.6
0.70 75.9
0.00 80.9
0.00 75.0
0.00 77.1
0.00 80.0
0.00 83.0
2.34 83.6
43.6 85.6
218 84.9
279 72.5
759 59.9
803 51.0
768 45.5
786 51.0
799 49.6
615 50.4
379 52.6
470 52.8
168 55.6
77.5 58.3
27.0 67.8
0.00 75.1
0.00 81.9
0.00 81.6
0.00 85.6
0.06 84.9
0.00 88.9
0.00 89.2
0.00 91.1
0.00 89.5
19.9 88.4
151 86.4
258 77.5
388 66.5
596 58.5
691 55.2
731 49.4
789 46.6
725 46.4
710 46.6
426 45.3
406 43.5
218 41.7
70.5 44.8
14.8 61.7
0.00 71.6
0.00 71.4
0.00 75.2
0.00 76.7
0.00 78.5
0.00 84.8
0.00 79.8
0.67 82.5
0.00 83.4
7.53 84.4
50.5 85.8
197 79.5
233 73.8
287 72.0
341 67.3
520 62.9
372 60.4
596 58.3
275 57.3
89.4 47.8
205 47.2
107 50.0
61.2 61.1
49.1 55.1
0.00 67.9
0.00 76.1
0.00 80.0
0.00 82.1
0.00 80.4
0.00 81.8
0.00 81.5
0.00 87.7
0.00 84.8
11.9 85.8
94.1 86.1
144 78.9
246 74.2
165 67.1
304 65.2
295 69.4
148 79.0
172 89.0
138 91.9
200 81.2
81.3 91.6
77.6 95.0
50.5 95.9
13.2 97.5
0.00 98.2
0.00 98.9
0.00 98.7
0.00 98.9
0.00 98.8
0.00 98.8
0.00 98.7
0.00 98.2
0.00 98.1
10.7 98.2
27.6 98.1
116 94.1
144 90.0
171 89.5
260 88.5
172 78.4
425 70.8
129 72.0
449 76.3
86.0 73.1
149 83.6
92.2 84.6
113 87.0
91.1 90.0
0.64 90.4
0.00 90.4
0.00 90.2
0.00 92.6
0.00 93.5
0.00 93.1
0.00 93.1
0.00 95.5
0.00 96.9
3.20 98.8
9.07 99.1
15.6 99.2
37.4 99.4
50.6 99.1
151 98.1
88.1 97.3
137 96.2
240 90.2
125 88.1
68.8 90.1
38.0 91.3
72.3 91.7
8.10 91.5
13.0 92.3
0.00 95.4
0.00 97.8
0.00 98.0
1.95 99.0
0.00 97.3
0.00 97.8
0.00 99.0
0.00 96.5
0.00 96.7
0.00 97.5
6.02 98.5
56.7 98.8
122 99.2
209 95.7
146 97.7
224 96.7
89.5 99.2
79.6 98.0
168 96.4
166 90.8
152 89.1
182 81.8
32.0 86.2
2.08 91.0
0.00 93.6
0.00 91.6
0.00 95.0
0.00 98.8
0.00 99.1
0.06 99.6
0.00 96.3
0.00 98.1
0.00 98.4
0.64 99.2
51.2 99.2
92.7 98.8
186 93.7
241 83.4
417 77.8
156 77.4
88.2 78.6
181 77.2
87.7 83.9
127 90.1
62.2 94.6
63.7 96.7
24.1 98.0
7.78 97.1
0.00 99.1
0.00 99.7
0.00 99.6
0.00 99.5
0.00 100
0.00 100
0.00 100
0.00 100
0.00 100
3.52 100
31.1 100
89.4 100
140 100
156 99.0
162 98.7
227 99.6
233 94.6
192 91.8
209 87.5
190 88.9
294 86.6
75.0 87.0
29.3 93.4
6.53 95.6
0.00 97.5
0.58 98.1
0.00 98.4
0.00 97.0
0.00 98.1
0.00 98.5
0.00 98.4
0.00 99.1
0.00 99.6
15.3 99.8
66.0 98.5
148 98.2
89.9 98.0
191 98.1
48.1 97.7
93.5 99.1
167 99.7
271 97.5
72.4 96.1
114 98.6
105 98.5
41.8 98.2
15.4 98.4
7.37 99.1
0.00 100
0.00 99.6
0.00 98.0
0.00 99.0
0.00 100
0.00 100
0.00 99.6
0.00 100
0.00 100
2.92 100
2.75 100
25.5 100
46.8 100
240 98.4
173 93.2
169 91.1
269 83.7
1010 75.2
418 67.5
233 65.5
88.5 64.6
502 81.7
85.0 60.7
75.8 73.0
0.03 90.4
0.00 91.9
0.00 93.1
0.00 90.9
0.00 91.1
0.00 93.0
0.00 90.7
0.00 88.6
0.00 89.9
6.69 90.4
16.7 96.5
34.9 97.8
80.3 99.7
113 97.1
173 93.8
97.5 97.5
35.0 98.8
289 86.3
88.4 78.0
51.2 80.7
51.2 89.1
166 90.9
44.9 89.2
4.16 87.8
0.00 94.3
0.00 91.5
0.00 92.4
0.00 90.2
0.00 89.8
0.00 88.7
0.00 91.3
0.00 93.4
0.00 87.2
9.93 87.5
22.5 90.5
69.3 90.0
182 85.4
467 79.5
283 80.2
412 91.0
654 90.9
298 87.4
77.9 89.5
342 90.2
93.2 83.1
56.5 92.8
50.5 94.2
13.1 94.7
0.00 91.3
0.00 90.0
0.00 88.7
0.00 90.6
0.00 87.9
0.00 89.0
0.00 91.7
0.00 91.8
0.00 93.9
13.4 95.2
32.9 94.8
158 92.4
159 89.3
225 83.3
323 79.3
387 75.4
464 71.2
868 70.7
830 65.6
395 64.1
630 63.3
229 63.8
105 69.6
16.0 74.9
0.00 86.4
0.00 92.1
0.00 93.4
0.00 93.9
0.00 94.5
0.00 96.0
0.00 93.6
0.00 93.7
0.00 94.9
0.35 98.7
71.3 99.4
66.6 99.4
485 100
232 91.3
184 90.1
867 85.0
950 79.9
201 67.9
865 63.6
96.0 61.1
128 66.0
51.1 85.0
87.8 85.7
55.6 87.0
0.00 86.7
0.00 90.0
0.00 92.4
0.00 92.6
0.00 94.7
0.00 95.3
0.00 95.3
0.00 94.5
0.00 95.3
14.3 94.7
131 96.8
135 93.7
226 89.8
214 84.8
818 79.9
756 71.8
203 68.8
199 64.6
759 59.2
636 58.2
275 55.9
275 57.6
128 55.8
42.6 65.4
0.00 80.7
0.00 86.0
0.00 88.4
0.00 89.2
0.00 92.0
0.00 93.7
0.00 91.8
0.00 94.2
0.35 95.0
35.4 95.2
132 92.4
271 84.6
454 72.5
579 62.6
688 64.0
754 56.4
776 52.2
763 50.1
707 47.7
612 42.1
486 40.3
344 37.5
191 38.4
56.2 68.1
0.00 77.6
0.00 76.5
0.00 77.6
0.00 80.9
0.00 81.5
0.00 87.0
0.00 84.4
0.00 84.7
0.00 88.5
25.5 89.8
172 79.3
323 75.5
459 66.2
506 67.2
677 66.0
775 63.1
801 62.3
789 59.9
721 58.7
584 58.9
204 58.2
159 67.1
108 68.2
7.37 71.1
0.00 73.1
0.00 72.4
0.00 79.7
0.00 76.6
0.00 79.0
0.00 80.2
0.00 82.3
0.00 85.8
0.00 90.1
0.48 87.7
21.8 95.9
61.7 97.0
126 97.0
133 95.2
189 97.2
376 97.3
186 94.5
131 97.2
389 91.9
254 78.9
188 76.9
298 67.3
163 63.4
22.4 82.1
0.48 88.2
0.00 87.4
0.00 89.1
0.00 90.6
0.00 91.7
0.00 92.0
0.00 93.0
0.00 93.0
0.00 93.9
27.8 94.8
169 88.9
237 78.8
468 74.4
569 63.5
688 59.2
754 56.6
782 52.9
782 50.0
710 49.4
632 47.3
498 46.7
365 48.8
219 51.1
83.7 63.6
2.21 90.2
0.00 85.2
0.00 87.8
0.77 84.5
0.00 77.1
0.00 58.1
0.00 65.0
0.00 45.5
0.00 44.2
45.9 48.0
186 46.9
326 38.8
470 38.2
599 40.3
705 33.5
770 44.5
797 41.8
777 41.8
726 39.9
631 37.5
523 39.9
360 41.8
209 46.9
78.7 52.3
1.73 62.8
0.00 68.5
0.00 70.4
0.00 70.9
0.00 78.8
0.00 82.8
0.00 86.8
0.00 84.8
0.00 88.4
19.8 90.6
22.6 93.1
35.7 95.3
93.3 98.3
126 97.3
113 97.9
264 99.0
93.2 98.4
150 97.9
160 94.9
300 88.6
218 75.2
458 64.7
257 62.8
89.1 79.7
1.47 90.6
0.00 93.9
0.00 95.2
0.00 95.7
0.00 95.4
0.00 95.1
0.00 93.9
0.00 94.9
0.00 94.5
58.1 93.8
187 85.2
335 84.1
475 76.7
610 67.2
708 57.0
775 59.5
803 58.9
788 55.4
737 51.8
644 47.1
262 50.2
246 43.0
93.1 58.3
45.8 70.5
0.51 68.8
0.00 76.5
0.00 77.2
0.00 82.5
0.00 83.8
0.00 85.4
0.00 87.3
0.00 86.1
0.00 88.1
13.2 89.6
80.1 86.6
329 82.5
497 66.3
530 63.6
334 63.6
63.6 94.5
52.7 96.4
174 98.2
98.4 93.8
9.32 98.2
60.9 97.9
74.1 97.3
42.3 94.2
111 92.3
0.00 92.0
0.00 94.9
0.00 94.2
0.00 93.8
0.10 93.8
0.00 94.1
0.00 94.3
0.00 95.6
0.00 95.7
29.8 95.6
186 92.5
341 82.5
488 81.8
281 83.4
800 79.9
225 70.1
928 67.3
584 63.1
757 60.3
790 55.7
572 52.3
382 52.8
236 56.4
93.2 57.8
2.27 66.5
0.00 71.7
0.00 75.8
0.80 79.4
0.00 82.8
0.00 84.2
0.00 84.1
0.00 86.1
0.00 85.5
24.5 84.8
76.3 83.0
176 71.7
293 66.7
473 63.0
696 59.6
779 57.2
811 56.4
796 53.9
749 55.3
667 55.1
554 52.1
376 49.9
208 52.9
88.7 60.0
4.80 66.5
0.00 75.7
0.00 79.7
0.00 80.2
0.00 84.7
0.00 82.0
0.00 85.6
0.00 88.8
0.00 89.0
66.3 88.9
178 81.1
330 66.3
475 64.1
601 55.7
707 58.8
777 55.5
809 50.1
793 50.5
734 43.9
644 43.8
513 45.0
371 39.7
221 39.4
88.6 38.5
0.00 65.2
0.00 65.3
0.00 70.5
0.00 71.8
0.00 71.8
0.00 75.6
0.03 79.3
0.00 82.1
0.00 85.7
5.00 90.9
16.7 93.6
92.3 96.8
108 94.7
120 91.9
695 85.7
224 80.4
224 77.5
487 76.5
367 71.6
239 72.2
196 71.8
149 74.3
88.3 74.7
30.9 76.2
0.00 80.8
0.00 83.1
0.00 84.0
0.00 84.4
0.00 86.2
0.00 87.2
0.00 90.6
0.00 90.1
0.00 92.4
18.5 95.7
80.5 97.5
342 90.2
485 84.8
598 75.2
699 74.8
777 68.6
802 63.8
787 60.5
730 60.6
639 58.6
518 61.6
365 58.4
174 58.8
101 64.8
3.43 74.1
0.00 84.7
0.00 84.9
0.00 86.8
0.00 88.5
0.06 91.0
0.00 92.2
0.45 91.6
0.00 91.8
64.3 91.7
128 89.9
197 85.8
474 68.6
602 61.1
709 53.4
770 54.3
866 55.0
861 53.7
766 51.0
644 48.8
519 47.2
375 49.4
262 50.0
83.8 49.5
0.64 63.7
0.00 73.6
0.00 79.3
0.00 81.8
0.00 82.9
0.00 82.3
0.00 84.5
0.00 85.4
0.00 86.6
19.1 88.1
203 82.4
341 76.5
477 71.4
603 68.7
709 66.5
814 60.2
808 60.2
787 58.4
733 55.7
639 55.8
515 55.4
378 53.3
234 54.2
101 60.2
3.01 79.1
0.00 83.5
0.00 86.7
0.00 89.3
0.00 89.2
0.00 90.6
0.00 92.8
0.00 94.2
0.80 95.0
59.2 94.4
186 89.4
330 86.4
473 63.1
596 62.0
699 59.3
772 54.5
806 55.8
791 50.6
732 46.0
643 46.3
525 42.4
381 42.3
239 42.1
108 46.8
2.21 79.3
0.00 77.0
0.00 78.6
0.00 83.5
0.00 85.5
0.00 84.4
0.00 86.6
0.93 86.6
0.00 86.6
63.1 85.8
192 78.7
338 78.4
478 59.1
606 57.1
710 60.0
783 54.6
816 48.6
805 44.2
749 41.3
654 41.5
531 41.0
391 40.0
245 41.7
102 46.6
4.26 67.2
0.00 69.1
0.00 72.4
0.00 75.4
1.06 73.0
0.00 75.2
0.00 67.0
0.00 68.6
1.92 70.2
62.8 75.4
190 72.2
338 65.1
482 72.2
623 64.6
701 58.9
767 55.1
812 53.7
787 49.2
746 46.1
650 44.8
557 43.7
390 41.5
225 40.5
103 45.4
3.08 63.0
0.00 65.9
0.00 69.5
0.00 71.0
0.00 73.4
0.00 70.8
0.00 69.1
0.00 76.5
1.09 77.5
47.6 85.3
118 82.4
362 72.3
517 73.6
483 74.0
795 70.0
844 66.1
677 65.3
798 62.4
698 61.6
647 60.7
476 61.9
299 63.9
183 62.5
71.2 65.8
0.00 72.6
0.00 73.8
0.00 74.8
0.00 81.0
0.00 81.6
0.00 80.2
0.00 87.6
0.00 86.0
0.00 91.3
16.8 90.2
68.2 88.5
146 88.0
133 86.5
143 83.1
184 81.5
264 73.4
284 74.7
420 66.2
340 67.1
360 61.2
342 60.9
116 66.9
131 64.9
98.0 62.2
5.00 74.0
0.00 77.5
0.00 80.0
0.00 82.1
0.00 86.2
0.00 94.5
0.00 96.2
0.00 96.6
0.00 96.8
8.33 98.5
19.4 97.2
38.7 99.1
38.1 100
67.5 99.2
75.3 99.8
130 99.8
120 99.2
142 99.2
238 96.2
352 84.8
128 80.1
54.9 81.5
22.0 82.7
5.73 86.7
0.00 86.5
0.00 89.6
0.00 89.1
0.00 91.8
0.51 93.8
0.00 93.1
0.00 96.4
0.00 97.7
0.00 97.9
7.88 97.8
41.7 95.5
94.8 96.2
179 94.4
197 89.0
147 85.4
172 79.7
291 73.5
307 74.9
329 69.9
218 64.6
217 67.2
142 65.0
64.9 71.3
106 72.4
8.33 82.1
0.00 86.8
0.00 88.1
0.00 90.4
0.00 90.0
0.00 92.1
0.00 93.4
0.00 96.1
0.42 96.9
8.49 97.6
58.6 96.8
141 94.9
413 88.3
691 79.7
560 72.6
788 65.1
805 61.9
791 57.8
732 55.1
636 54.4
514 54.6
372 55.9
227 55.7
100 61.2
3.88 76.0
0.00 81.3
0.00 87.0
0.00 86.4
0.00 89.3
0.00 89.4
0.00 91.1
0.00 92.0
1.15 90.3
55.1 91.0
188 88.9
340 78.2
399 76.7
312 70.7
627 67.7
634 60.6
617 59.5
589 55.4
854 51.2
450 46.0
515 47.5
156 54.3
232 50.1
97.2 59.8
4.00 67.7
0.00 69.4
0.00 64.1
0.00 71.4
0.00 77.1
0.00 79.3
0.00 82.5
0.00 83.2
0.45 84.6
61.4 86.4
187 85.0
164 75.2
381 71.5
390 63.6
704 44.0
773 48.7
799 45.6
789 42.8
742 37.0
648 37.3
529 44.4
392 48.0
130 54.1
98.9 59.7
3.49 65.1
0.00 72.2
0.00 73.9
0.00 74.8
0.00 72.3
1.44 73.7
0.00 75.7
0.00 80.7
0.00 83.7
6.18 86.6
7.34 90.3
56.8 96.4
44.4 97.2
156 95.4
908 80.3
114 95.0
94.4 95.7
230 96.4
387 87.2
46.2 85.8
179 77.5
145 69.9
55.0 82.0
35.6 87.1
1.25 90.0
0.00 89.4
0.00 89.2
0.00 90.4
0.00 89.6
0.00 89.4
0.00 90.5
0.00 90.6
0.00 91.3
68.2 91.6
200 86.6
335 83.0
428 75.6
360 73.3
383 71.5
339 67.1
1110 65.2
216 63.9
170 64.6
352 59.2
158 60.6
177 60.7
136 60.9
68.0 66.2
0.00 76.7
0.00 76.8
0.00 77.9
0.00 82.9
0.00 87.3
0.00 88.1
0.00 88.5
0.00 89.0
0.00 83.2
3.20 86.8
4.29 91.3
23.6 87.4
153 84.4
73.0 86.6
288 80.6
253 93.2
174 92.8
110 87.2
82.3 87.2
188 92.1
192 91.6
120 90.9
7.11 94.7
15.7 97.3
0.00 98.1
0.00 99.1
0.00 98.8
0.00 99.3
0.00 99.4
0.00 99.2
0.00 97.0
0.13 97.8
0.00 96.9
6.41 96.9
19.6 97.8
40.9 97.9
82.1 99.2
59.4 98.7
99.5 98.5
131 98.4
120 98.0
236 97.3
181 98.8
304 99.4
113 99.8
117 98.7
42.1 100
10.2 100
0.67 100
0.00 100
0.00 100
0.00 100
0.00 100
0.00 100
0.42 100
0.00 100
0.00 100
12.9 100
51.2 100
115 100
163 100
200 99.7
210 98.3
205 96.4
261 94.2
226 89.2
97.1 86.7
150 83.2
100 83.9
84.1 85.9
39.9 89.1
4.29 92.0
0.00 94.1
0.00 96.4
0.00 97.8
0.00 98.0
0.00 98.5
0.00 98.6
0.00 98.5
0.00 98.3
0.00 98.3
14.7 98.0
83.1 96.7
286 91.4
386 83.3
614 73.9
734 70.1
686 66.8
863 61.7
907 60.2
754 59.9
459 57.8
497 54.9
385 56.1
231 58.6
104 65.5
4.84 86.0
0.00 88.7
0.00 92.4
0.00 92.8
0.00 91.5
0.00 89.1
0.00 93.7
0.00 92.8
0.13 94.0
46.1 94.3
219 88.5
223 81.1
449 70.6
596 62.8
695 61.2
625 63.0
562 56.4
580 57.8
604 57.5
330 56.0
206 52.6
156 52.5
97.6 69.1
104 70.1
1.47 77.4
0.29 77.3
0.00 75.6
0.00 81.2
0.00 83.4
0.00 86.4
0.70 91.1
0.00 92.3
0.00 96.3
2.53 97.2
16.1 98.7
29.6 99.5
38.9 98.8
248 96.1
361 85.9
385 76.3
1180 71.1
250 71.4
258 68.7
227 63.6
161 65.1
82.6 66.1
52.0 70.6
10.9 74.4
0.70 77.0
0.00 79.2
0.00 79.9
0.00 82.8
0.16 85.8
0.00 86.1
0.00 88.3
0.00 89.2
0.00 92.1
12.9 93.6
79.7 93.4
53.6 91.7
174 89.5
140 86.7
234 81.4
136 84.2
310 82.1
253 78.4
198 73.3
91.9 79.3
84.2 87.9
34.6 94.9
29.6 99.0
15.4 98.5
0.00 99.0
0.00 99.0
0.00 99.5
0.00 98.9
0.00 98.1
0.00 99.1
0.00 99.2
0.00 98.4
0.00 99.2
9.67 99.6
17.5 99.4
49.9 100
97.8 99.8
129 98.6
245 93.3
195 91.7
197 94.2
165 86.3
134 89.0
56.7 90.0
27.4 90.6
36.2 93.4
29.2 94.3
13.0 94.1
0.00 93.8
0.00 96.0
0.00 96.3
0.00 96.5
0.00 97.1
0.00 98.3
0.00 99.4
0.00 99.5
0.00 100
5.45 100
31.6 100
88.6 100
63.6 99.7
194 99.6
945 95.7
304 89.2
352 83.2
396 78.4
959 68.6
183 65.3
589 63.8
265 65.3
192 62.5
113 68.5
3.62 81.8
0.00 91.0
0.00 92.8
0.00 95.7
0.00 96.4
0.00 96.8
0.00 97.9
0.00 98.4
0.00 98.5
42.8 98.8
187 92.8
330 83.7
472 73.9
600 71.5
702 70.0
771 68.1
804 61.3
790 61.2
741 59.6
646 57.4
528 58.2
388 57.6
246 59.2
107 63.8
7.37 83.3
0.00 90.5
0.00 92.7
0.00 93.9
0.00 95.5
0.00 96.5
0.00 97.0
0.00 97.0
0.00 94.5
32.0 97.3
179 92.2
326 87.8
469 70.6
595 68.0
693 66.8
765 64.1
799 61.6
788 56.1
737 53.9
646 51.7
527 48.2
385 46.8
247 50.3
111 55.0
0.77 76.8
0.00 81.9
0.00 85.0