27.8 7.8
27.8 7.8
27.8 7.8
27.7 7.8
27.7 7.8
27.6 7.8
27.6 7.8
27.5 7.8
27.4 7.8
27.4 7.8
27.4 7.8
27.3 7.8
27.3 7.8
27.2 7.8
27.2 7.8
27.2 7.8
27.1 7.8
27.1 7.8
27.1 7.8
27.0 7.8
27.0 7.8
27.0 7.8
26.9 7.8
26.9 7.8
26.9 7.8
26.9 7.8
26.8 7.8
26.8 7.8
26.8 7.8
26.8 7.8
26.8 7.8
26.8 7.8
26.8 7.8
26.8 7.8
26.8 7.8
26.8 7.8
26.9 7.8
26.9 7.8
26.9 7.8
26.9 7.8
27.0 7.8
27.0 7.8
27.1 7.8
27.1 7.8
27.1 7.8
27.2 7.8
27.2 7.8
27.3 7.8
27.3 7.8
27.4 7.8
27.4 7.8
27.5 7.8
27.5 7.8
27.6 7.8
27.7 7.8
27.8 7.8
27.9 7.8
28.0 7.8
28.0 7.8
28.1 7.8
28.3 7.8
28.3 7.8
28.4 7.8
28.5 7.8
28.6 7.8
28.6 7.8
28.6 7.8
28.7 7.8
28.7 7.8
28.7 7.8
28.8 7.8
28.8 7.8
28.8 7.8
28.8 7.8
28.8 7.8
28.8 7.8
28.7 7.8
28.7 7.8
28.7 7.8
28.7 7.8
28.7 7.8
28.7 7.8
28.7 7.8
28.7 7.8
28.7 7.8
28.7 7.8
28.6 7.8
28.6 7.8
28.6 7.8
28.6 7.8
28.5 7.8
28.5 7.8
28.5 7.8
28.4 7.8
28.4 7.8
28.4 7.8
28.3 7.8
28.3 7.8
28.2 7.8
28.1 7.8
28.1 7.8
28.0 7.8
27.9 7.8
27.9 7.7
27.8 7.7
27.7 7.7
27.7 7.7
27.6 7.7
27.5 7.7
27.5 7.7
27.4 7.7
27.4 7.7
27.4 7.7
27.3 7.7
27.3 7.7
27.2 7.7
27.2 7.7
27.1 7.7
27.1 7.7
27.1 7.7
27.0 7.7
27.0 7.7
27.0 7.7
27.0 7.7
26.9 7.7
26.9 7.7
26.9 7.7
26.9 7.7
26.9 7.7
26.9 7.7
26.9 7.7
26.9 7.7
26.9 7.7
26.9 7.7
26.9 7.7
26.9 7.8
26.9 7.8
26.9 7.8
26.9 7.8
27.0 7.8
27.0 7.8
27.0 7.8
27.0 7.8
27.1 7.8
27.1 7.8
27.2 7.8
27.3 7.8
27.3 7.8
27.4 7.8
27.4 7.8
27.4 7.8
27.5 7.8
27.5 7.8
27.6 7.8
27.6 7.8
27.7 7.8
27.8 7.8
27.8 7.8
27.9 7.8
28.0 7.8
28.1 7.8
28.1 7.8
28.2 7.8
28.2 7.8
28.3 7.8
28.3 7.8
28.4 7.8
28.4 7.8
28.4 7.8
28.4 7.8
28.4 7.8
28.4 7.8
28.3 7.8
28.3 7.8
28.3 7.8
28.2 7.8
28.2 7.8
28.2 7.8
28.1 7.8
28.1 7.8
28.0 7.8
28.0 7.8
27.9 7.8
27.9 7.8
27.8 7.9
27.8 7.9
27.8 7.9
27.7 7.9
27.7 7.9
27.7 7.9
27.6 7.9
27.6 7.9
27.5 7.9
27.4 7.9
27.4 7.9
27.3 7.9
27.3 7.9
27.2 7.9
27.1 7.9
27.0 7.9
27.0 7.9
26.9 7.9
26.8 7.8
26.7 7.8
26.7 7.8
26.6 7.8
26.5 7.8
26.5 7.8
26.4 7.7
26.3 7.7
26.3 7.7
26.2 7.7
26.1 7.6
26.1 7.6
26.0 7.6
25.9 7.6
25.9 7.6
25.8 7.6
25.8 7.6
25.7 7.6
25.7 7.6
25.7 7.6
25.6 7.6
25.6 7.6
25.6 7.6
25.5 7.6
25.5 7.6
25.5 7.6
25.5 7.6
25.5 7.6
25.5 7.6
25.5 7.6
25.5 7.6
25.5 7.6
25.6 7.6
25.6 7.5
25.7 7.5
25.8 7.5
25.9 7.5
26.0 7.5
26.1 7.5
26.3 7.5
26.4 7.5
26.5 7.5
26.7 7.5
26.8 7.5
27.0 7.5
27.1 7.5
27.2 7.5
27.3 7.5
27.4 7.6
27.5 7.6
27.6 7.6
27.7 7.6
27.8 7.6
27.8 7.6
27.9 7.6
27.9 7.6
27.9 7.6
27.9 7.6
27.9 7.6
27.9 7.7
27.8 7.7
27.8 7.7
27.8 7.7
27.7 7.7
27.7 7.7
27.7 7.7
27.7 7.7
27.6 7.7
27.6 7.7
27.6 7.7
27.6 7.7
27.6 7.7
27.6 7.7
27.5 7.7
27.5 7.8
27.5 7.8
27.5 7.8
27.5 7.8
27.4 7.8
27.4 7.8
27.4 7.8
27.3 7.8
27.3 7.8
27.2 7.8
27.1 7.8
27.0 7.8
27.0 7.8
26.9 7.8
26.8 7.8
26.7 7.8
26.6 7.8
26.5 7.8
26.4 7.8
26.3 7.8
26.2 7.8
26.1 7.8
26.0 7.8
25.9 7.8
25.8 7.8
25.7 7.8
25.6 7.8
25.5 7.8
25.4 7.8
25.3 7.8
25.3 7.8
25.2 7.8
25.2 7.8
25.1 7.8
25.1 7.8
25.0 7.8
25.0 7.8
24.9 7.8
24.9 7.8
24.9 7.7
24.8 7.7
24.8 7.7
24.7 7.7
24.7 7.7
24.7 7.7
24.7 7.7
24.7 7.7
24.6 7.7
24.6 7.7
24.6 7.7
24.6 7.7
24.7 7.8
24.7 7.8
24.7 7.8
24.8 7.8
24.8 7.8
24.9 7.8
25.0 7.8
25.1 7.8
25.2 7.8
25.3 7.8
25.4 7.8
25.4 7.8
25.5 7.8
25.6 7.8
25.7 7.8
25.9 7.9
26.0 7.9
26.1 7.9
26.3 7.9
26.4 7.9
26.6 7.9
26.7 7.9
26.8 7.9
26.9 7.9
27.0 7.9
27.1 7.9
27.2 7.9
27.3 7.9
27.4 7.9
27.4 7.9
27.4 7.9
27.4 7.9
27.4 7.9
27.4 7.9
27.4 7.9
27.3 7.9
27.3 7.9
27.3 7.9
27.2 7.9
27.2 7.9
27.2 7.9
27.2 7.9
27.2 7.9
27.1 7.9
27.1 7.9
27.1 7.9
27.1 7.9
27.1 7.9
27.1 7.9
27.1 7.9
27.1 7.9
27.1 7.9
27.1 7.9
27.1 7.9
27.0 7.9
27.0 7.9
26.9 7.9
26.9 7.9
26.8 7.9
26.8 7.9
26.7 7.9
26.7 7.9
26.6 7.9
26.5 7.9
26.5 7.9
26.4 7.9
26.3 7.9
26.2 7.9
26.2 7.9
26.1 7.9
26.0 7.9
26.0 7.9
25.9 7.9
25.8 7.9
25.8 7.9
25.7 7.9
25.7 7.9
25.6 7.9
25.6 7.9
25.6 7.8
25.5 7.8
25.5 7.8
25.5 7.8
25.5 7.8
25.5 7.8
25.4 7.8
25.4 7.8
25.4 7.8
25.4 7.8
25.3 7.8
25.3 7.8
25.3 7.8
25.3 7.8
25.2 7.8
25.2 7.8
25.2 7.8
25.1 7.8
25.1 7.8
25.1 7.8
25.1 7.8
25.1 7.8
25.1 7.8
25.1 7.8
25.2 7.8
25.2 7.8
25.2 7.8
25.2 7.8
25.3 7.8
25.3 7.8
25.3 7.8
25.3 7.8
25.4 7.9
25.4 7.8
25.4 7.8
25.4 7.8
25.5 7.8
25.5 7.8
25.5 7.8
25.5 7.8
25.6 7.8
25.7 7.8
25.7 7.8
25.8 7.8
25.9 7.8
25.9 7.8
26.0 7.8
26.0 7.8
26.1 7.8
26.1 7.8
26.1 7.8
26.1 7.8
26.1 7.8
26.1 7.8
26.1 7.8
26.1 7.8
26.1 7.8
26.1 7.9
26.1 7.9
26.1 7.9
26.1 7.9
26.1 7.9
26.1 7.9
26.1 7.9
26.2 7.9
26.2 7.8
26.2 7.8
26.2 7.8
26.2 7.8
26.2 7.8
26.2 7.8
26.2 7.8
26.2 7.8
26.3 7.8
26.3 7.8
26.3 7.8
26.3 7.8
26.4 7.8
26.4 7.8
26.4 7.8
26.4 7.8
26.4 7.8
26.4 7.8
26.4 7.8
26.3 7.8
26.3 7.8
26.3 7.8
26.3 7.8
26.3 7.8
26.3 7.8
26.3 7.8
26.2 7.8
26.2 7.8
26.2 7.8
26.2 7.8
26.2 7.8
26.2 7.8
26.2 7.8
26.2 7.8
26.2 7.8
26.1 7.8
26.1 7.8
26.1 7.8
26.1 7.8
26.1 7.8
26.1 7.8
26.1 7.8
26.1 7.8
26.1 7.8
26.1 7.8
26.1 7.8
26.1 7.8
26.1 7.8
26.1 7.8
26.1 7.8
26.2 7.8
26.2 7.8
26.2 7.8
26.3 7.8
26.4 7.8
26.4 7.8
26.5 7.8
26.5 7.8
26.6 7.8
26.7 7.8
26.9 7.8
27.0 7.8
27.1 7.8
27.2 7.8
27.3 7.8
27.4 7.8
27.5 7.8
27.6 7.8
27.7 7.8
27.8 7.8
27.9 7.8
28.0 7.8
28.1 7.8
28.2 7.8
28.3 7.8
28.4 7.8
28.4 7.8
28.5 7.8
28.5 7.8
28.5 7.8
28.5 7.8
28.5 7.8
28.5 7.8
28.5 7.8
28.4 7.8
28.4 7.9
28.4 7.9
28.4 7.9
28.3 7.9
28.3 7.9
28.4 7.8
28.4 7.8
28.4 7.8
28.4 7.8
28.4 7.8
28.4 7.8
28.4 7.8
28.4 7.8
28.4 7.8
28.3 7.8
28.3 7.8
28.2 7.8
28.2 7.8
28.1 7.8
28.0 7.8
28.0 7.8
27.9 7.8
27.8 7.8
27.8 7.8
27.7 7.8
27.6 7.8
27.5 7.8
27.4 7.8
27.4 7.8
27.3 7.8
27.2 7.8
27.1 7.8
27.1 7.8
27.0 7.8
26.9 7.8
26.9 7.8
26.8 7.8
26.8 7.8
26.7 7.8
26.7 7.8
26.7 7.8
26.6 7.8
26.6 7.8
26.5 7.8
26.5 7.8
26.5 7.8
26.5 7.8
26.4 7.8
26.4 7.8
26.4 7.8
26.4 7.8
26.4 7.8
26.3 7.8
26.3 7.8
26.3 7.8
26.3 7.8
26.3 7.8
26.3 7.8
26.3 7.8
26.3 7.8
26.3 7.8
26.4 7.8
26.4 7.8
26.5 7.8
26.5 7.8
26.6 7.8
26.7 7.8
26.8 7.8
27.0 7.8
27.1 7.8
27.3 7.8
27.4 7.8
27.6 7.8
27.7 7.8
27.9 7.8
28.1 7.8
28.2 7.8
28.4 7.8
28.5 7.8
28.6 7.8
28.7 7.8
28.8 7.8
28.9 7.8
28.9 7.8
29.0 7.8
29.0 7.8
29.0 7.8
29.0 7.8
29.0 7.8
29.0 7.8
29.0 7.8
29.0 7.8
29.0 7.8
29.0 7.8
29.0 7.8
29.0 7.8
29.0 7.8
29.0 7.9
28.9 7.9
28.9 7.9
28.9 7.9
28.9 7.9
28.9 7.9
28.9 7.9
28.9 7.9
28.8 7.9
28.8 7.9
28.7 7.9
28.7 7.9
28.6 7.9
28.6 7.9
28.5 7.9
28.4 7.9
28.4 7.9
28.3 7.9
28.2 7.9
28.1 7.9
28.1 7.9
28.0 7.9
27.9 7.9
27.8 7.9
27.8 7.9
27.7 7.9
27.6 7.9
27.6 7.9
27.5 7.9
27.4 7.9
27.3 7.9
27.3 7.9
27.2 7.9
27.1 7.8
27.1 7.8
27.0 7.9
26.9 7.8
26.9 7.8
26.8 7.8
26.8 7.9
26.8 7.9
26.7 7.8
26.7 7.9
26.6 7.8
26.6 7.8
26.6 7.8
26.6 7.8
26.5 7.8
26.5 7.8
26.5 7.8
26.5 7.8
26.5 7.8
26.4 7.8
26.4 7.8
26.4 7.8
26.5 7.8
26.5 7.8
26.5 7.8
26.5 7.8
26.5 7.8
26.6 7.8
26.6 7.8
26.7 7.8
26.8 7.8
26.9 7.8
27.0 7.8
27.1 7.8
27.2 7.8
27.3 7.9
27.5 7.9
27.6 7.9
27.7 7.9
27.8 7.9
27.9 7.9
28.0 7.9
28.1 7.9
28.1 7.9
28.2 7.9
28.2 7.9
28.1 7.9
28.1 7.9
28.1 7.9
28.1 7.9
28.0 7.9
28.0 7.9
28.0 7.9
27.9 7.9
27.9 7.9
27.9 7.9
27.8 8.0
27.8 8.0
27.8 8.0
27.8 8.0
27.8 8.0
27.8 8.0
27.8 8.0
27.8 8.0
27.8 8.0
27.8 8.0
27.8 8.0
27.8 8.0
27.8 8.0
27.7 8.0
27.7 8.0
27.7 8.0
27.6 8.0
27.6 8.0
27.6 8.0
27.5 8.0
27.5 8.0
27.4 8.0
27.4 8.0
27.3 8.0
27.3 8.0
27.3 8.0
27.2 7.9
27.2 7.9
27.1 7.9
27.1 7.9
27.0 7.9
26.9 7.9
26.9 7.9
26.8 7.9
26.7 7.9
26.7 7.9
26.6 7.9
26.5 7.9
26.5 7.9
26.4 7.8
26.4 7.8
26.3 7.8
26.3 7.8
26.2 7.8
26.2 7.8
26.1 7.8
26.1 7.8
26.1 7.8
26.0 7.8
26.0 7.8
26.0 7.8
25.9 7.8
25.9 7.8
25.9 7.8
25.9 7.8
25.9 7.8
25.8 7.8
25.8 7.8
25.8 7.8
25.8 7.8
25.8 7.8
25.8 7.8
25.8 7.8
25.8 7.8
25.8 7.8
25.8 7.8
25.8 7.8
25.9 7.8
25.9 7.8
25.9 7.8
26.0 7.8
26.1 7.8
26.2 7.8
26.3 7.8
26.4 7.8
26.6 7.9
26.7 7.9
26.9 7.9
27.1 7.9
27.2 7.9
27.4 7.9
27.5 7.9
27.7 7.9
27.8 7.9
27.9 7.9
27.9 7.9
28.0 7.9
28.1 7.9
28.2 7.9
28.2 7.9
28.3 7.9
28.3 7.9
28.3 7.9
28.3 7.9
28.3 7.9
28.2 8.0
28.2 8.0
28.2 8.0
28.2 8.0
28.1 8.0
28.1 8.0
28.1 8.0
28.1 8.0
28.1 8.0
28.1 8.0
28.1 8.0
28.0 8.0
28.0 8.0
28.0 8.0
28.0 8.0
27.9 8.0
27.9 8.0
27.9 8.0
27.9 8.0
27.8 8.0
27.8 8.0
27.8 8.0
27.7 8.0
27.7 8.0
27.6 8.0
27.5 8.0
27.4 8.0
27.4 8.0
27.3 8.0
27.2 8.0
27.1 8.0
27.0 8.0
26.9 8.0
26.9 8.0
26.8 8.0
26.7 8.0
26.6 8.0
26.5 8.0
26.4 8.0
26.4 8.0
26.3 8.0
26.2 8.0
26.1 8.0
26.0 7.9
26.0 7.9
25.9 7.9
25.9 7.9
25.8 7.9
25.8 7.9
25.7 7.9
25.7 7.9
25.6 7.9
25.6 7.9
25.6 7.9
25.5 7.9
25.5 7.9
25.5 8.0
25.4 8.0
25.4 8.0
25.4 8.0
25.4 8.0
25.4 8.0
25.3 8.0
25.3 8.0
25.4 8.0
25.4 8.0
25.4 8.0
25.4 8.0
25.4 8.0
25.5 8.0
25.5 8.0
25.6 8.0
25.7 8.0
25.8 8.0
25.9 8.0
26.1 8.0
26.2 8.0
26.4 8.0
26.5 8.0
26.7 8.0
26.8 8.0
27.0 8.0
27.2 8.0
27.3 8.0
27.5 8.0
27.6 8.0
27.6 8.0
27.7 8.0
27.7 8.0
27.7 8.1
27.7 8.1
27.6 8.1
27.6 8.1
27.6 8.1
27.6 8.1
27.5 8.1
27.5 8.1
27.5 8.1
27.4 8.1
27.4 8.1
27.4 8.1
27.3 8.1
27.3 8.1
27.2 8.1
27.2 8.1
27.2 8.1
27.1 8.2
27.1 8.2
27.1 8.2
27.1 8.2
27.1 8.2
27.1 8.2
27.1 8.2
27.1 8.2
27.0 8.2
27.0 8.1
27.0 8.1
27.0 8.1
26.9 8.1
26.9 8.1
26.8 8.1
26.8 8.1
26.7 8.1
26.6 8.1
26.6 8.1
26.5 8.1
26.4 8.1
26.4 8.0
26.3 8.0
26.2 8.0
26.1 8.0
26.1 8.0
26.0 8.0
25.9 8.0
25.9 8.0
25.8 8.0
25.7 7.9
25.7 7.9
25.6 7.9
25.6 7.9
25.6 7.9
25.5 7.9
25.5 7.9
25.5 7.9
25.4 7.9
25.4 7.9
25.4 7.9
25.3 7.9
25.3 7.9
25.3 7.9
25.3 7.9
25.2 7.9
25.2 7.9
25.1 7.9
25.1 7.9
25.1 7.9
25.1 7.9
25.1 7.9
25.1 7.9
25.1 7.9
25.1 7.9
25.1 7.9
25.1 7.9
25.1 7.9
25.2 7.9
25.2 7.9
25.3 7.9
25.4 7.9
25.5 7.9
25.7 8.0
25.8 8.0
26.0 8.0
26.1 8.0
26.3 8.0
26.4 8.0
26.6 8.0
26.8 8.0
27.0 8.0
27.2 8.0
27.3 8.0
27.5 8.0
27.6 8.0
27.8 8.0
27.9 8.0
28.0 8.0
28.1 8.0
28.1 8.0
28.2 8.1
28.3 8.1
28.3 8.1
28.3 8.1
28.3 8.1
28.3 8.1
28.2 8.1
28.2 8.1
28.2 8.1
28.1 8.1
28.0 8.1
28.0 8.1
27.9 8.1
27.9 8.1
27.8 8.1
27.8 8.2
27.8 8.2
27.7 8.2
27.7 8.2
27.7 8.2
27.6 8.2
27.6 8.2
27.6 8.2
27.6 8.2
27.6 8.2
27.6 8.2
27.6 8.2
27.5 8.1
27.5 8.1
27.4 8.1
27.4 8.1
27.3 8.1
27.2 8.1
27.1 8.1
26.9 8.1
26.8 8.1
26.7 8.1
26.6 8.1
26.5 8.1
26.3 8.0
26.2 8.0
26.1 8.0
26.0 8.0
25.8 8.0
25.7 8.0
25.6 8.0
25.5 8.0
25.4 8.0
25.4 7.9
25.3 7.9
25.2 7.9
25.1 7.9
25.1 7.9
25.0 7.9
24.9 7.9
24.9 7.9
24.8 7.9
24.8 7.9
24.7 7.9
24.7 7.9
24.6 7.9
24.6 7.9
24.5 7.9
24.5 7.9
24.5 7.9
24.4 7.9
24.4 7.9
24.4 7.9
24.4 7.9
24.4 7.9
24.5 8.0
24.5 8.0
24.5 8.0
24.6 8.0
24.7 8.0
24.7 8.0
24.8 8.0
25.0 8.0
25.1 8.0
25.3 8.0
25.4 8.0
25.6 8.0
25.8 8.0
26.0 8.0
26.2 8.0
26.4 8.0
26.6 8.0
26.9 8.0
27.1 8.0
27.2 8.0
27.4 8.0
27.6 8.1
27.7 8.1
27.9 8.1
28.0 8.1
28.1 8.1
28.2 8.1
28.3 8.1
28.3 8.1
28.3 8.1
28.4 8.1
28.4 8.1
28.3 8.2
28.3 8.2
28.3 8.2
28.3 8.2
28.2 8.2
28.2 8.2
28.2 8.2
28.2 8.1
28.2 8.1
28.2 8.1
28.2 8.1
28.2 8.1
28.2 8.1
28.3 8.1
28.3 8.1
28.3 8.1
28.3 8.1
28.3 8.1
28.2 8.1
28.2 8.1
28.2 8.1
28.1 8.1
28.1 8.1
28.0 8.1
27.9 8.1
27.9 8.1
27.8 8.1
27.7 8.0
27.7 8.0
27.6 8.0
27.5 8.0
27.4 8.0
27.3 8.0
27.3 8.0
27.2 8.0
27.1 8.0
27.0 8.0
26.9 8.0
26.8 8.0
26.7 8.0
26.6 7.9
26.5 7.9
26.4 7.9
26.3 7.9
26.2 7.9
26.2 7.9
26.1 7.9
26.1 7.9
26.0 7.9
26.0 7.9
25.9 7.9
25.9 7.9
25.8 7.9
25.7 7.9
25.7 7.9
25.7 7.9
25.6 7.9
25.6 7.9
25.6 7.9
25.6 7.9
25.6 7.9
25.6 7.9
25.6 7.9
25.6 7.9
25.6 7.9
25.7 7.9
25.7 7.9
25.8 7.9
25.8 7.9
25.9 7.9
26.0 7.9
26.1 7.9
26.2 7.9
26.3 7.9
26.4 8.0
26.6 8.0
26.7 8.0
26.9 8.0
27.1 8.0
27.3 8.0
27.5 8.0
27.7 8.0
27.8 8.0
28.0 8.0
28.2 8.0
28.4 8.0
28.5 8.0
28.7 8.0
28.8 8.0
28.9 8.0
29.0 8.0
29.2 8.0
29.2 8.0
29.3 8.0
29.3 8.0
29.4 8.0
29.4 8.1
29.4 8.1
29.3 8.1
29.3 8.1
29.3 8.1
29.2 8.1
29.2 8.1
29.2 8.1
29.1 8.1
29.1 8.1
29.1 8.1
29.1 8.1
29.0 8.1
29.0 8.2
29.0 8.2
29.0 8.1
29.0 8.2
29.0 8.2
29.0 8.2
29.1 8.2
29.0 8.2
29.0 8.2
29.0 8.2
29.0 8.2
28.9 8.2
28.9 8.1
28.8 8.1
28.8 8.1
28.7 8.1
28.7 8.1
28.6 8.1
28.5 8.1
28.4 8.1
28.4 8.0
28.3 8.0
28.2 8.0
28.1 8.0
28.0 8.0
27.9 8.0
27.8 8.0
27.7 8.0
27.6 7.9
27.5 7.9
27.4 7.9
27.3 7.9
27.3 7.9
27.2 7.9
27.2 7.9
27.1 7.9
27.1 7.9
27.0 7.9
27.0 7.9
27.0 7.9
27.0 7.9
26.9 7.9
26.9 7.9
26.9 7.9
26.9 7.9
26.9 7.9
26.9 7.9
26.9 7.9
26.9 7.9
26.9 7.9
26.9 7.9
26.9 7.9
27.0 7.9
27.0 7.9
27.0 7.9
27.1 7.9
27.2 7.9
27.3 7.9
27.4 7.9
27.5 7.9
27.6 7.9
27.8 8.0
28.0 8.0
28.1 8.0
28.3 8.0
28.5 7.9
28.6 7.9
28.8 7.9
29.0 7.9
29.2 7.9
29.4 7.9
29.6 7.9
29.8 7.9
29.9 7.9
30.1 7.9
30.2 7.9
30.4 7.9
30.5 8.0
30.5 8.0
30.6 8.0
30.7 8.0
30.7 8.0
30.7 8.0
30.7 8.0
30.7 8.0
30.7 8.1
30.6 8.1
30.6 8.1
30.5 8.1
30.5 8.1
30.4 8.1
30.4 8.1
30.3 8.1
30.3 8.2
30.3 8.2
30.3 8.2
30.3 8.2
30.3 8.2
30.3 8.2
30.3 8.2
30.3 8.2
30.3 8.1
30.3 8.1
30.3 8.1
30.3 8.1
30.3 8.1
30.2 8.1
30.2 8.1
30.1 8.1
30.0 8.1
30.0 8.0
29.9 8.0
29.8 8.0
29.7 8.0
29.6 8.0
29.5 8.0
29.4 8.0
29.3 8.0
29.2 8.0
29.1 8.0
29.0 8.0
28.8 8.0
28.7 8.0
28.6 7.9
28.5 7.9
28.4 7.9
28.3 7.9
28.2 7.9
28.2 7.9
28.1 7.9
28.0 7.9
28.0 7.9
27.9 7.9
27.8 7.9
27.8 7.9
27.7 7.9
27.7 7.9
27.6 7.9
27.6 7.9
27.6 7.9
27.5 7.9
27.5 7.9
27.5 7.9
27.5 7.9
27.5 7.9
27.5 7.9
27.5 7.9
27.5 7.9
27.5 7.9
27.6 7.9
27.6 7.9
27.6 7.9
27.7 7.9
27.8 7.9
27.9 7.9
28.0 7.9
28.1 7.9
28.2 7.9
28.3 7.9
28.5 7.9
28.6 8.0
28.7 8.0
28.9 8.0
29.1 8.0
29.3 8.0
29.4 8.0
29.6 8.0
29.8 8.0
29.9 8.0
30.1 8.0
30.2 8.0
30.3 8.0
30.4 8.0
30.5 8.0
30.6 8.0
30.6 8.0
30.6 8.1
30.7 8.1
30.7 8.1
30.7 8.1
30.7 8.1
30.7 8.1
30.6 8.1
30.6 8.1
30.6 8.1
30.5 8.1
30.5 8.1
30.5 8.1
30.4 8.1
30.4 8.2
30.4 8.2
 8.2
30.4 8.2
 8.2
30.4 8.2
30.4 8.2
30.4 8.2
30.4 8.2
30.4 8.1
30.4 8.1
30.4 8.1
30.4 8.1
30.4 8.1
30.3 8.1
30.3 8.1
30.2 8.1
30.2 8.1
30.1 8.1
30.0 8.0
30.0 8.0
29.9 8.0
29.8 8.0
29.7 8.0
29.6 8.0
29.5 8.0
29.4 8.0
29.3 8.0
29.2 8.0
29.1 8.0
29.1 7.9
29.0 7.9
28.9 7.9
28.8 7.9
28.7 7.9
28.7 7.9
28.6 7.9
28.6 7.9
28.5 7.9
28.5 7.9
28.4 7.9
28.4 7.9
28.4 7.9
28.3 7.9
28.3 7.9
28.3 7.9
28.3 7.9
28.3 7.9
28.3 7.9
28.3 7.9
28.3 7.9
28.3 7.9
28.3 7.9
28.3 7.9
28.3 7.9
28.3 7.9
28.4 7.9
28.4 7.9
28.5 7.9
28.6 7.9
28.7 7.9
28.8 7.9
28.9 7.9
29.0 7.9
29.1 7.9
29.2 7.9
29.4 7.9
29.5 7.9
29.7 7.9
29.8 7.9
30.0 7.9
30.2 7.9
30.3 8.0
30.5 8.0
30.6 8.0
30.7 8.0
30.9 8.0
30.9 8.0
31.0 8.0
31.1 8.0
31.2 8.0
31.2 8.0
31.2 8.0
31.2 8.0
31.3 8.0
31.3 8.0
31.3 8.0
31.2 8.0
31.2 8.0
31.2 8.1
31.2 8.1
31.2 8.1
31.1 8.1
31.1 8.1
31.1 8.1
31.1 8.1
31.0 8.1
31.0 8.1
31.0 8.1
31.0 8.1
31.0 8.1
31.0 8.1
31.0 8.1
31.0 8.1
31.0 8.0
31.0 8.0
30.9 8.0
30.9 8.0
30.8 8.0
30.8 8.0
30.7 8.0
30.6 8.0
30.5 8.0
30.4 8.0
30.3 8.0
30.3 8.0
30.2 7.9
30.1 7.9
30.0 7.9
29.9 7.9
29.8 7.9
29.7 7.9
29.6 7.9
29.5 7.9
29.4 7.9
29.4 7.9
29.3 7.9
29.2 7.9
29.2 7.8
29.1 7.8
29.1 7.8
29.0 7.8
29.0 7.8
28.9 7.8
28.9 7.8
28.8 7.8
28.8 7.8
28.8 7.8
28.7 7.8
28.7 7.8
28.7 7.8
28.7 7.8
28.7 7.8
28.7 7.8
28.7 7.8
28.7 7.8
28.7 7.8
28.7 7.8
28.7 7.8
28.7 7.8
28.7 7.8
28.7 7.8
28.8 7.8
28.8 7.8
28.8 7.8
28.8 7.8
28.9 7.8
28.9 7.8
29.0 7.8
29.0 7.8
29.1 7.8
29.1 7.8
29.2 7.9
29.2 7.8
29.3 7.9
29.5 7.9
29.6 7.9
29.8 7.9
29.9 7.9
30.0 7.9
30.2 7.9
30.3 7.9
30.4 7.9
30.5 7.9
30.6 7.9
30.7 7.9
30.8 7.9
30.9 7.9
30.9 7.9
31.0 8.0
31.0 8.0
31.0 8.0
31.1 8.0
31.0 8.0
31.0 8.0
31.0 8.0
31.0 8.0
30.9 8.0
30.9 8.0
30.8 8.0
30.7 8.1
30.7 8.1
30.6 8.1
30.6 8.1
30.5 8.1
30.5 8.1
30.5 8.1
30.4 8.1
30.4 8.1
30.4 8.0
30.4 8.0
30.4 8.0
30.4 8.0
30.4 8.0
30.4 8.0
30.4 8.0
30.4 8.0
30.4 8.0
30.3 8.0
30.2 8.0
30.1 7.9
30.1 7.9
30.0 7.9
29.9 7.9
29.8 7.9
29.7 7.9
29.6 7.9
29.5 7.9
29.4 7.9
29.3 7.9
29.2 7.9
29.1 7.9
29.1 7.9
29.0 7.9
28.9 7.9
28.9 7.9
28.8 7.9
28.8 7.9
28.7 7.9
28.7 7.9
28.7 7.9
28.6 7.9
28.6 7.9
28.5 7.9
28.5 7.9
28.5 7.9
28.5 7.9
28.4 7.9
28.4 7.9
28.4 7.9
28.4 7.9
28.4 7.9
28.4 7.9
28.4 7.9
28.4 7.9
28.4 7.9
28.4 7.9
28.4 7.9
28.5 7.9
28.5 7.9
28.5 7.9
28.6 7.9
28.7 7.9
28.8 7.9
28.9 7.9
29.0 7.9
29.1 8.0
29.2 8.0
29.3 8.0
29.5 8.0
29.7 8.0
29.8 8.0
30.0 8.0
30.1 8.0
30.3 8.0
30.4 8.0
30.5 8.0
30.6 8.0
30.7 8.0
30.7 8.0
30.7 8.0
30.8 8.0
30.8 8.0
30.8 8.0
30.8 8.1
30.8 8.1
30.7 8.1
30.7 8.1
30.7 8.1
30.6 8.1
30.6 8.1
30.5 8.1
30.5 8.1
30.4 8.1
30.3 8.1
30.3 8.2
30.2 8.2
30.2 8.2
30.1 8.2
30.1 8.2
30.0 8.2
30.0 8.2
30.0 8.2
30.0 8.2
30.0 8.2
30.0 8.2
30.0 8.2
30.0 8.2
30.0 8.2
30.0 8.1
29.9 8.1
29.9 8.1
29.8 8.1
29.8 8.1
29.7 8.1
29.6 8.1
29.6 8.1
29.5 8.1
29.4 8.1
29.3 8.1
29.2 8.0
29.1 8.0
29.1 8.0
29.0 8.0
28.9 8.0
28.8 8.0
28.8 8.0
28.7 8.0
28.6 8.0
28.6 8.0
28.5 7.9
28.5 7.9
28.4 7.9
28.4 7.9
28.4 7.9
28.3 7.9
28.3 7.9
28.3 7.9
28.3 7.9
28.2 7.9
28.2 7.9
28.2 7.9
28.2 7.9
28.2 7.9
28.2 7.9
28.2 7.9
28.2 7.9
28.2 7.9
28.2 7.9
28.2 7.9
28.2 7.9
28.2 7.9
28.2 7.9
28.2 7.9
28.3 7.9
28.3 7.9
28.3 7.9
28.3 7.9
28.3 7.9
28.3 7.9
28.3 7.9
28.3 7.9
28.3 7.9
28.4 7.9
28.4 7.9
28.4 7.9
28.4 7.9
28.4 7.9
28.5 7.9
28.5 7.9
28.5 7.9
28.5 7.9
28.6 8.0
28.6 8.0
28.7 8.0
28.7 8.0
28.8 8.0
28.8 8.0
28.9 8.0
28.9 8.0
29.0 8.0
29.1 8.0
29.1 8.0
29.1 8.0
29.1 8.0
29.2 8.0
29.2 8.1
29.2 8.1
29.2 8.1
29.2 8.1
29.2 8.1
29.2 8.1
29.1 8.1
29.1 8.1
29.1 8.1
29.1 8.1
29.1 8.1
29.0 8.1
29.0 8.1
29.0 8.1
29.0 8.1
29.0 8.1
28.9 8.1
28.9 8.1
28.9 8.1
28.9 8.1
28.9 8.1
28.9 8.1
28.9 8.1
28.8 8.1
28.8 8.1
28.8 8.1
28.8 8.1
28.8 8.1
28.8 8.1
28.8 8.0
28.7 8.0
28.7 8.0
28.7 8.0
28.7 8.0
28.6 8.0
28.6 8.0
28.6 8.0
28.5 8.0
28.5 8.0
28.5 7.9
28.4 7.9
28.4 7.9
28.4 7.9
28.4 7.9
28.3 7.9
28.3 7.9
28.3 7.9
28.3 7.9
28.2 7.9
28.2 7.9
28.2 7.9
28.2 7.9
28.2 7.9
28.2 7.9
28.2 7.9
28.2 7.9
28.2 7.9
28.2 7.9
28.2 7.9
28.2 7.9
28.2 7.9
28.2 7.9
28.2 7.9
28.3 7.9
28.3 7.9
28.4 7.9
28.5 7.9
28.5 7.9
28.6 7.9
28.7 7.9
28.8 7.9
28.9 8.0
29.0 8.0
29.1 8.0
29.3 8.0
29.4 8.0
29.6 8.0
29.7 8.0
29.9 8.0
30.0 8.0
30.2 8.0
30.3 8.0
30.5 8.0
30.6 8.0
30.7 8.0
30.8 8.0
30.9 8.1
30.9 8.1
31.0 8.1
31.0 8.1
31.0 8.1
31.1 8.1
31.0 8.1
31.0 8.1
31.0 8.1
31.0 8.1
30.9 8.1
30.9 8.2
30.8 8.2
30.8 8.2
30.7 8.2
30.6 8.2
30.6 8.2
30.5 8.2
30.5 8.2
30.5 8.2
30.4 8.2
30.4 8.2
30.4 8.2
30.4 8.2
30.4 8.2
30.3 8.2
30.3 8.2
30.3 8.2
30.2 8.2
30.2 8.2
30.1 8.2
30.1 8.2
30.0 8.2
29.9 8.2
29.8 8.2
29.8 8.2
29.7 8.1
29.6 8.1
29.5 8.1
29.4 8.1
29.3 8.1
29.2 8.1
29.1 8.1
29.0 8.1
28.9 8.1
28.9 8.0
28.8 8.0
28.7 8.0
28.6 8.0
28.5 8.0
28.4 8.0
28.3 8.0
28.3 8.0
27.5 7.9
27.6 7.9
27.6 7.9
27.6 7.9
27.7 8.0
27.8 8.0
27.9 8.0
28.0 8.0
28.1 8.0
28.2 8.0
28.3 8.0
28.5 8.0
28.6 8.0
28.8 8.0
28.9 8.0
29.1 8.0
29.2 8.0
29.4 8.0
29.6 8.0
29.7 8.0
29.9 8.0
30.0 8.0
30.1 8.0
30.2 8.0
30.3 8.0
30.4 8.0
30.5 8.1
30.5 8.1
30.5 8.1
30.5 8.1
30.6 8.1
30.6 8.1
30.6 8.1
30.6 8.1
30.5 8.1
30.5 8.1
30.5 8.2
30.4 8.2
30.4 8.2
30.4 8.2
30.3 8.2
30.3 8.2
30.3 8.2
30.3 8.2
30.3 8.2
30.3 8.2
30.3 8.2
30.3 8.2
30.3 8.2
30.3 8.2
30.3 8.2
30.3 8.2
30.3 8.2
30.3 8.2
30.3 8.2
30.3 8.2
30.2 8.2
30.2 8.2
30.1 8.2
30.0 8.2
30.0 8.1
29.9 8.1
29.9 8.1
29.8 8.1
29.7 8.1
29.6 8.1
29.6 8.1
29.5 8.1
29.4 8.1
29.3 8.0
29.2 8.0
29.1 8.0
29.1 8.0
29.0 8.0
28.9 8.0
28.8 8.0
28.8 8.0
28.7 8.0
28.7 8.0
28.6 8.0
28.6 8.0
28.5 8.0
28.5 8.0
28.5 8.0
28.4 8.0
28.4 8.0
28.4 8.0
28.3 8.0
28.3 8.0
28.3 8.0
28.3 8.0
28.3 8.0
28.3 8.0
28.3 8.0
28.3 8.0
28.3 8.0
28.3 8.0
28.4 8.0
28.4 8.0
28.5 8.0
28.5 8.0
28.6 8.0
28.7 8.0
28.8 8.0
28.9 8.0
29.1 8.1
29.2 8.1
29.4 8.1
29.5 8.1
29.7 8.1
29.8 8.1
30.0 8.1
30.2 8.1
30.4 8.1
30.7 8.1
30.8 8.1
31.0 8.1
31.2 8.1
31.3 8.1
31.4 8.1
31.6 8.1
31.6 8.1
31.7 8.1
31.8 8.1
31.8 8.1
31.9 8.1
31.8 8.1
31.8 8.1
31.8 8.1
31.8 8.1
31.8 8.1
31.8 8.1
31.7 8.1
31.6 8.1
31.6 8.2
31.5 8.2
31.4 8.2
31.3 8.2
31.2 8.3
31.1 8.3
31.0 8.3
30.9 8.3
30.8 8.4
30.7 8.4
30.6 8.4
30.6 8.4
30.5 8.4
30.5 8.4
30.5 8.4
30.4 8.4
30.4 8.3
30.4 8.3
30.4 8.3
30.4 8.3
30.4 8.2
30.3 8.2
30.3 8.2
30.3 8.2
30.2 8.2
30.2 8.2
30.1 8.2
30.1 8.2
30.0 8.2
30.0 8.2
29.9 8.2
29.8 8.2
29.7 8.2
29.7 8.2
29.6 8.2
29.5 8.2
29.3 8.2
29.2 8.1
29.1 8.1
29.0 8.1
28.8 8.1
28.7 8.1
28.6 8.1
28.6 8.1
28.5 8.0
28.4 8.0
28.3 8.0
28.2 8.0
28.2 8.0
28.1 8.0
28.1 8.0
28.0 8.0
28.0 8.0
28.0 8.0
28.0 8.0
28.0 8.0
28.0 8.0
28.0 8.0
28.0 8.0
28.1 8.0
28.1 8.0
28.2 8.0
28.2 8.0
28.3 8.0
28.4 8.0
28.6 8.0
28.7 8.0
28.8 8.0
29.0 8.0
29.1 8.0
29.3 8.0
29.5 8.0
29.7 8.0
29.9 8.0
30.1 8.1
30.3 8.1
30.3 8.1
30.2 8.0
30.2 7.9
30.3 7.9
30.4 7.9
30.5 7.9
30.6 7.9
30.6 7.9
30.5 8.1
30.5 8.4
30.5 8.5
30.4 8.6
30.4 8.6
30.4 8.6
30.4 8.5
30.4 8.5
30.4 8.4
30.4 8.4
30.4 8.4
30.4 8.4
30.4 8.5
30.3 8.5
30.3 8.6
30.3 8.6
30.3 8.6
30.3 8.6
30.2 8.6
30.2 8.7
30.1 8.7
30.1 8.7
30.1 8.6
30.0 8.6
30.0 8.6
29.9 	
29.9 8.6
29.8 8.6
29.8 8.6
29.8 8.6
29.7 8.5
29.7 8.5
29.6 8.5
29.6 8.5
29.5 8.4
29.5 8.4
29.5 8.4
29.4 8.4
29.4 8.3
29.3 8.3
29.3 8.3
29.3 8.3
29.2 8.2
29.2 8.2
29.2 8.2
29.1 8.2
29.1 8.2
29.1 8.2
29.0 8.1
29.0 8.1
29.0 8.1
28.9 8.1
28.9 8.1
28.9 8.1
28.9 8.0
28.8 8.0
28.8 8.0
28.8 8.0
28.8 8.0
28.8 8.0
28.7 8.0
28.7 8.0
28.7 8.0
28.7 8.0
28.7 8.0
28.7 8.0
28.7 8.0
28.7 8.0
28.7 8.0
28.7 8.0
28.8 8.0
28.8 7.9
28.8 7.9
28.8 7.9
28.9 7.9
29.0 7.9
29.1 7.9
29.1 8.0
29.2 8.0
29.4 8.0
29.5 8.0
29.6 8.0
29.8 8.0
29.9 8.0
30.0 8.0
30.1 8.0
30.3 8.0
30.4 8.0
30.6 8.0
30.7 8.0
30.9 8.0
31.0 8.0
31.1 8.0
31.2 8.0
31.2 8.0
31.4 8.0
31.4 8.0
31.5 8.0
31.5 8.0
31.5 8.0
31.6 8.1
31.6 8.1
31.6 8.1
31.5 8.1
31.5 8.1
31.5 8.1
31.4 8.1
31.4 8.1
31.3 8.1
31.3 8.1
31.2 8.1
31.1 8.2
31.0 8.2
31.0 8.2
30.9 8.2
30.9 8.2
30.9 8.2
30.9 8.2
30.8 8.2
30.8 8.2
30.8 8.2
30.8 8.2
30.8 8.2
30.7 8.2
30.7 8.2
30.7 8.2
30.6 8.2
30.6 8.2
30.5 8.2
30.5 8.1
30.4 8.1
30.3 8.1
30.2 8.1
30.1 8.1
30.0 8.1
29.9 8.1
29.8 8.1
29.7 8.0
29.6 8.0
29.5 8.0
29.4 8.0
29.3 8.0
29.3 8.0
29.2 8.0
29.1 8.0
29.0 8.0
29.0 7.9
28.9 7.9
28.9 7.9
28.8 7.9
28.8 7.9
28.7 7.9
28.7 7.9
28.7 7.9
28.6 7.9
28.6 7.9
28.6 7.9
28.6 7.9
28.6 7.9
28.6 7.9
28.6 7.9
28.6 7.9
28.6 7.9
28.6 7.9
28.6 7.9
28.6 7.9
28.7 7.9
28.7 7.9
28.7 7.9
28.8 7.9
28.8 7.9
28.9 8.0
29.0 8.0
29.0 8.0
29.1 8.0
29.2 8.0
29.4 8.0
29.5 8.0
29.6 8.0
29.7 8.0
29.9 8.0
30.0 8.0
30.2 8.0
30.3 8.0
30.4 8.0
30.6 8.0
30.7 8.0
30.8 8.0
30.9 8.0
31.0 8.0
31.0 8.0
31.1 8.0
31.1 8.0
31.1 8.0
31.1 8.0
31.2 8.0
31.2 8.0
31.2 8.0
31.2 8.1
31.2 8.1
 8.1
31.1 8.1
31.1 8.1
31.0 8.1
30.9 8.1
30.9 8.1
30.8 8.1
30.7 8.2
30.7 8.2
30.6 8.2
30.5 8.2
30.5 8.2
30.5 8.2
30.4 8.3
30.4 8.3
30.3 8.3
30.3 8.3
30.3 8.3
30.3 8.3
30.2 8.3
30.2 8.3
30.3 8.3
30.3 8.3
30.3 8.2
30.3 8.2
30.3 8.2
30.3 8.2
30.2 8.2
30.2 8.2
30.1 8.2
30.1 8.1
30.0 8.1
30.0 8.1
29.9 8.1
29.8 8.1
29.7 8.1
29.6 8.1
29.6 8.1
29.5 8.1
29.4 8.1
29.3 8.0
29.3 8.0
29.2 8.0
29.1 8.0
29.1 8.0
29.0 8.0
29.0 8.0
28.9 8.0
28.9 8.0
28.8 8.0
28.8 8.0
28.8 8.0
28.7 8.0
28.7 8.0
28.7 8.0
28.7 8.0
28.7 8.0
28.7 8.0
28.7 8.0
28.7 8.0
28.7 8.0
28.7 8.0
28.7 8.0
28.7 8.0
28.8 8.0
28.8 8.0
28.9 8.0
29.0 8.0
29.0 8.0
29.1 8.0
29.1 8.0
29.2 8.0
29.2 8.0
29.2 8.0
29.2 8.0
29.3 8.0
29.4 8.0
29.5 8.0
29.6 8.0
29.7 8.0
29.9 8.0
30.0 8.0
30.1 8.0
30.2 8.0
30.3 8.1
30.4 8.1
30.5 8.1
30.6 8.1
30.7 8.1
30.8 8.1
30.8 8.1
30.9 8.1
30.9 8.1
31.0 8.1
31.0 8.1
30.9 8.1
30.9 8.1
30.9 8.2
30.8 8.2
30.8 8.2
30.7 8.2
30.7 8.2
30.6 8.2
30.6 8.3
30.6 8.3
30.5 8.3
30.4 8.3
30.4 8.3
30.3 8.3
30.2 8.3
30.2 8.3
30.1 8.3
30.1 8.3
30.0 8.3
30.0 8.3
29.9 8.3
29.6 8.3
29.5 8.3
29.3 8.3
29.2 8.3
29.0 8.2
29.0 8.2
28.9 8.2
28.9 8.2
28.8 8.2
28.8 8.1
28.7 8.1
28.7 8.1
28.6 8.1
28.5 8.1
28.4 8.0
28.3 8.0
28.2 8.0
28.1 8.0
28.1 8.0
28.0 7.9
28.0 7.9
27.9 7.9
27.8 7.9
27.6 7.9
27.4 7.8
27.4 7.7
27.7 7.7
28.0 7.8
27.7 7.8
27.1 7.7
26.6 7.6
26.1 7.6
25.8 7.6
25.7 7.6
25.5 7.6
25.5 7.6
25.4 7.7
25.3 7.7
25.3 7.7
25.2 7.7
25.2 7.7
25.2 7.7
25.3 7.7
25.3 7.7
25.4 7.7
25.4 7.7
25.5 7.7
25.6 7.7
25.7 7.7
25.8 7.6
25.9 7.6
25.9 7.6
26.0 7.6
26.0 7.6
26.1 7.6
26.1 7.6
26.1 7.7
26.1 7.7
26.0 7.7
25.9 7.7
25.9 7.7
25.9 7.7
25.9 7.7
25.8 7.7
25.8 7.7
25.8 7.7
25.9 7.7
26.0 7.7
26.1 7.7
26.1 7.7
26.2 7.7
26.2 7.7
26.2 7.7
26.2 7.7
26.2 7.7
26.2 7.6
26.2 7.6
26.1 7.6
26.1 7.6
26.1 7.6
26.0 7.6
25.9 7.6
25.9 7.6
25.8 7.6
25.8 7.6
25.7 7.6
 7.6
25.6 7.6
25.6 7.6
25.6 7.6
25.6 7.6
25.6 7.6
25.7 7.6
25.7 7.6
25.7 7.6
25.7 7.6
25.7 7.6
25.7 7.6
25.6 7.6
25.6 7.6
25.6 7.6
25.6 7.6
25.6 7.6
25.5 7.6
25.5 7.6
25.4 7.6
25.3 7.6
25.2 7.6
25.1 7.6
25.1 7.6
25.0 7.6
25.0 7.6
24.9 7.6
24.9 7.6
24.9 7.6
24.9 7.6
24.9 7.6
24.8 7.6
24.8 7.6
24.8 7.6
24.8 7.6
24.8 7.6
24.8 7.6
24.8 7.6
24.8 7.6
24.8 7.6
24.8 7.6
24.9 7.6
24.9 7.6
24.9 7.6
24.9 7.6
24.9 7.6
24.9 7.6
24.9 7.6
24.9 7.6
25.0 7.6
25.0 7.6
25.0 7.6
25.0 7.6
25.1 7.6
25.1 7.6
25.2 7.6
25.2 7.6
25.3 7.6
25.3 7.6
25.4 7.7
25.5 7.7
25.6 7.7
25.7 7.7
25.8 7.7
25.8 7.7
25.9 7.7
25.9 7.7
25.7 7.7
25.6 7.7
25.6 7.7
25.6 7.7
25.7 7.7
25.9 7.7
25.9 7.7
26.0 7.7
26.0 7.7
26.0 7.7
26.0 7.7
26.0 7.7
26.1 7.7
26.1 7.7
26.2 7.7
26.2 7.7
26.2 7.7
26.3 7.7
26.3 7.7
26.3 7.7
26.3 7.7
26.3 7.7
26.3 7.7
26.3 7.7
26.3 7.7
26.3 7.7
26.3 7.7
26.3 7.7
26.3 7.7
26.3 7.7
26.2 7.7
26.2 7.7
26.2 7.7
26.2 7.7
26.2 7.7
26.2 7.7
26.2 7.7
26.2 7.7
26.2 7.7
26.2 7.7
26.3 7.7
26.3 7.7
26.3 7.7
26.2 7.7
26.1 7.7
26.0 7.7
25.9 7.7
25.9 7.7
25.9 7.7
25.8 7.7
25.8 7.7
25.8 7.7
25.8 7.7
25.8 7.7
25.7 7.7
25.7 7.7
25.7 7.7
25.7 7.7
25.7 7.7
25.6 7.7
25.6 7.7
25.6 7.7
25.6 7.7
25.6 7.7
25.6 7.7
25.6 7.6
25.5 7.7
25.4 7.6
25.4 7.6
25.3 7.6
25.3 7.6
25.2 7.6
25.2 7.6
25.2 7.6
25.2 7.6
25.2 7.6
25.1 7.6
25.1 7.6
25.1 7.6
25.1 7.6
25.0 7.6
25.0 7.6
25.0 7.6
25.0 7.6
24.9 7.6
24.9 7.6
24.9 7.6
24.9 7.6
24.9 7.7
24.9 7.7
24.9 7.7
24.9 7.7
24.9 7.7
24.9 7.7
24.9 7.7
25.0 7.7
25.0 7.7
25.0 7.7
25.1 7.7
25.1 7.7
25.1 7.7
25.2 7.7
25.2 7.7
25.3 7.7
25.3 7.7
25.4 7.7
25.4 7.7
25.5 7.7
25.5 7.7
25.6 7.7
25.6 7.7
25.7 7.7
25.7 7.7
25.8 7.7
25.8 7.7
25.9 7.7
25.9 7.7
25.9 7.7
26.0 7.7
26.0 7.7
26.0 7.7
26.0 7.7
26.1 7.7
26.1 7.7
26.1 7.7
26.1 7.7
26.1 7.7
26.1 7.7
26.1 7.7
26.2 7.7
26.2 7.7
26.2 7.7
26.2 7.7
26.2 7.7
26.2 7.7
26.2 7.7
26.3 7.7
26.3 7.7
26.3 7.7
26.3 7.7
26.3 7.7
26.3 7.7
26.3 7.7
26.3 7.7
26.3 7.7
26.3 7.7
26.3 7.7
26.3 7.7
26.3 7.7
26.3 7.7
26.3 7.7
26.3 7.8
26.3 7.8
26.3 7.8
26.3 7.8
26.3 7.8
26.3 7.8
26.3 7.8
26.3 7.8
26.2 7.8
26.2 7.8
26.2 7.8
26.2 7.8
26.2 7.8
26.2 7.8
26.2 7.8
26.1 7.8
26.1 7.8
26.1 7.8
26.1 7.8
26.1 7.8
26.1 7.8
26.1 7.8
26.1 7.8
26.1 7.8
26.1 7.8
26.1 7.8
26.0 7.8
26.0 7.8
26.0 7.8
26.1 7.7
26.0 7.7
26.0 7.7
 7.7
25.2 7.7
25.1 7.7
25.1 7.7
25.1 7.7
25.1 7.7
25.1 7.7
25.0 7.8
25.0 7.8
24.9 7.8
24.9 7.8
24.9 7.8
24.9 7.8
24.9 7.8
24.9 7.8
25.0 7.8
25.0 7.8
25.0 7.8
25.1 7.8
25.1 7.8
25.2 7.7
25.2 7.7
25.3 7.7
25.3 7.7
25.3 7.7
25.4 7.7
25.4 7.7
25.4 7.7
25.5 7.7
25.5 7.7
25.5 7.7
25.6 7.7
25.6 7.7
25.6 7.7
25.7 7.7
25.7 7.7
25.8 7.7
25.8 7.7
25.9 7.7
25.9 7.7
25.9 7.7
25.9 7.7
25.9 7.7
25.9 7.7
25.9 7.7
25.8 7.7
25.8 7.7
25.7 7.7
25.7 7.7
25.6 7.7
25.6 7.7
25.6 7.7
25.5 7.7
25.5 7.7
25.4 7.7
25.4 7.7
25.4 7.7
25.4 7.7
25.4 7.7
25.3 7.7
 7.7
25.3 7.7
25.3 7.7
25.2 7.7
25.2 7.7
25.2 7.7
25.1 7.6
25.0 7.7
25.0 7.7
25.0 7.7
25.0 7.7
24.9 7.7
24.9 7.7
24.9 7.7
24.9 7.7
24.9 7.7
24.9 7.7
24.9 7.7
24.9 7.7
24.9 7.7
24.9 7.7
24.9 7.7
24.9 7.7
24.9 7.7
25.0 7.7
25.0 7.7
25.0 7.7
25.1 7.7
25.1 7.7
25.1 7.7
25.2 7.7
25.2 7.7
25.2 7.7
25.2 7.7
25.3 7.7
25.3 7.7
25.3 7.7
25.3 7.7
25.3 7.7
25.4 7.7
25.4 7.7
25.4 7.7
25.5 7.7
25.5 7.7
25.6 7.7
25.7 7.7
25.7 7.7
25.8 7.7
25.8 7.7
25.9 7.7
25.9 7.7
26.0 7.7
26.0 7.7
26.1 7.7
26.1 7.7
26.1 7.7
26.2 7.7
26.2 7.7
26.3 7.7
26.3 7.7
26.4 7.7
26.4 7.7
26.4 7.7
26.5 7.7
26.5 7.7
26.5 7.7
26.5 7.7
26.5 7.7
26.5 7.7
26.5 7.7
26.5 7.8
26.6 7.7
26.6 7.8
26.6 7.8
26.6 7.7
26.6 7.8
26.6 7.8
26.7 7.8
26.7 7.8
26.7 7.8