3.87 552
3.87 552
3.86 552
3.86 552
3.86 553
3.86 553
3.86 553
3.86 553
3.85 553
3.85 553
3.85 553
3.85 553
3.85 553
3.85 553
3.85 553
3.85 553
3.85 553
3.84 553
3.84 554
3.84 554
3.84 554
3.84 554
3.84 554
3.84 554
3.84 555
3.84 555
3.84 555
3.84 555
3.84 556
3.84 556
3.83 557
3.83 557
3.84 558
3.84 558
3.83 559
3.83 560
3.84 560
3.84 561
3.83 561
3.84 562
3.84 562
3.84 562
3.84 563
3.84 563
3.84 564
3.83 565
3.83 565
3.83 566
3.83 566
3.83 567
3.84 567
3.84 568
3.84 569
3.84 569
3.84 569
3.84 570
3.84 570
3.85 572
3.85 572
3.85 573
3.85 573
3.86 573
3.86 574
3.86 574
3.86 574
3.87 575
3.87 575
3.87 575
3.87 575
3.88 575
3.88 576
3.88 576
3.88 576
3.88 576
3.88 575
3.88 575
3.89 575
3.88 575
3.89 575
3.89 574
3.89 574
3.89 573
3.89 573
3.89 573
3.89 572
3.89 571
3.89 571
3.89 570
3.89 569
3.89 569
3.89 568
3.89 568
3.89 567
3.89 566
3.89 564
3.89 562
3.89 563
3.88 561
3.88 561
3.88 560
3.88 559
3.88 559
3.88 558
3.88 558
3.88 557
3.88 557
3.88 556
3.87 556
3.87 555
3.86 555
3.86 555
3.86 555
3.86 555
3.85 555
3.85 555
3.85 555
3.85 555
3.84 555
3.84 555
3.84 554
3.84 554
3.83 555
3.83 555
3.83 556
3.83 558
3.83 559
3.83 560
3.82 561
3.82 563
3.82 564
3.82 566
3.82 567
3.81 568
3.81 570
3.81 571
3.81 573
3.81 574
3.80 575
3.80 577
3.80 578
3.80 580
3.80 582
3.80 584
3.80 586
3.80 587
3.80 589
3.79 592
3.79 593
3.79 596
3.79 598
3.79 600
3.79 602
3.79 606
3.79 608
3.79 610
3.79 613
3.79 615
3.79 617
3.78 619
3.79 621
3.78 623
3.78 625
3.78 627
3.78 630
3.78 632
3.78 634
3.78 637
3.78 640
3.78 642
3.78 645
3.78 648
3.78 651
3.78 654
3.78 657
3.78 659
3.78 661
3.78 663
3.78 665
3.79 667
3.79 669
3.79 671
3.79 673
3.79 674
3.79 676
3.79 677
3.79 678
3.79 679
3.79 680
3.79 681
3.79 681
3.79 682
3.79 683
3.79 684
3.79 685
3.79 687
3.79 688
3.79 689
3.79 691
3.79 692
3.79 693
3.79 695
3.79 696
3.79 698
3.79 699
3.78 700
3.78 701
3.78 702
3.78 702
3.78 703
3.78 703
3.78 704
3.77 704
3.77 705
3.77 705
3.77 706
3.77 706
3.77 707
3.77 708
3.77 709
3.76 709
3.76 710
3.76 711
3.76 711
3.76 712
3.76 712
3.76 713
3.76 713
3.75 713
3.75 714
3.75 715
3.75 715
3.75 715
3.75 715
3.75 715
3.75 715
3.75 715
3.75 715
3.74 715
3.75 715
3.74 715
3.74 714
3.74 715
3.74 715
3.74 715
3.74 715
3.74 715
3.74 715
3.74 715
3.74 716
3.74 716
3.74 716
3.74 716
3.74 717
3.74 718
3.74 717
3.74 718
3.74 718
3.74 719
3.74 719
3.74 719
3.74 719
3.74 719
3.74 719
3.75 720
3.75 721
3.75 719
3.75 719
3.75 718
3.76 718
3.76 717
3.77 717
3.77 716
3.77 716
3.77 715
3.78 714
3.79 714
3.79 713
3.79 712
3.79 712
3.80 711
3.80 710
3.80 710
3.80 709
3.80 709
3.80 709
3.80 708
3.80 708
3.80 707
3.80 707
3.80 707
3.80 706
3.80 705
3.79 705
3.79 705
3.79 704
3.79 704
3.79 703
3.79 703
3.78 703
3.78 702
3.78 702
3.78 702
3.78 701
3.78 701
3.78 700
3.77 699
3.77 698
3.77 698
3.77 697
3.76 697
3.76 696
3.76 695
3.76 695
3.76 694
3.76 693
3.75 693
3.75 692
3.75 692
3.75 691
3.75 690
3.75 690
3.75 689
3.75 688
3.75 688
3.74 687
3.74 687
3.74 687
3.74 686
3.74 686
3.74 686
3.73 685
3.73 686
3.73 685
3.73 685
3.73 685
3.73 685
3.72 685
3.72 685
3.72 685
3.72 685
3.72 685
3.72 684
3.72 684
3.72 683
3.72 683
3.72 682
3.72 682
3.72 681
3.72 681
3.72 681
3.72 681
3.73 680
3.72 680
3.73 680
3.73 679
3.73 679
3.73 679
3.74 679
3.74 679
3.75 678
3.75 677
3.76 677
3.77 676
3.77 676
3.78 676
3.79 675
3.79 674
3.80 674
3.80 674
3.81 673
3.81 673
3.81 673
3.81 673
3.82 674
3.82 674
3.82 673
3.81 673
3.81 673
3.81 673
3.82 673
3.82 673
3.82 672
3.82 672
3.81 672
3.81 672
3.81 672
3.81 672
3.81 672
3.81 672
3.80 672
3.80 671
3.80 671
3.80 670
3.80 670
3.80 670
3.79 670
3.79 669
3.79 669
3.79 668
3.79 668
3.79 667
3.78 667
3.78 667
3.78 666
3.78 666
3.78 665
3.78 664
3.77 664
3.77 663
3.77 662
3.77 661
3.77 660
3.77 659
3.77 658
3.76 658
3.76 657
3.76 656
3.76 655
3.76 655
3.76 654
3.76 654
3.76 653
3.75 652
3.75 652
3.75 651
3.75 649
3.75 648
3.75 648
3.75 647
3.75 647
3.74 645
3.74 645
3.74 644
3.74 644
3.74 644
3.74 643
3.73 642
3.74 640
3.74 639
3.74 638
3.74 631
3.74 628
3.74 627
3.74 626
3.74 625
3.74 624
3.74 623
3.75 623
3.75 621
3.74 622
3.74 623
3.75 622
3.75 622
3.75 622
3.75 622
3.75 622
3.75 622
3.75 622
3.75 622
3.75 621
3.76 621
3.76 622
3.76 622
3.76 622
3.77 622
3.77 623
3.77 623
3.77 623
3.77 624
3.77 624
3.78 624
3.78 624
3.78 625
3.78 625
3.79 625
3.79 625
3.78 625
3.79 626
3.78 626
3.79 626
3.79 626
3.78 626
3.78 627
3.78 627
3.78 627
3.78 628
3.78 628
3.78 628
3.79 628
3.79 628
3.79 628
3.79 627
3.79 627
3.79 626
3.79 626
3.79 625
3.79 625
3.79 624
3.79 623
3.79 622
3.78 622
3.78 621
3.78 620
3.78 619
3.78 619
3.78 618
3.78 617
3.77 616
3.78 616
3.77 615
3.77 614
3.77 614
3.77 613
3.77 612
3.77 612
3.77 611
3.77 611
3.77 610
3.77 610
3.77 609
3.77 609
3.77 609
3.77 608
3.77 608
3.77 607
3.77 606
3.77 605
3.77 604
3.77 603
3.77 603
3.77 602
3.77 602
3.77 602
3.78 601
3.77 601
3.77 600
3.78 601
3.78 600
3.78 599
3.78 599
3.77 599
3.77 599
3.77 599
3.77 599
3.78 600
3.77 599
3.77 598
3.78 598
3.78 598
3.78 598
3.79 599
3.80 598
3.81 599
3.82 599
3.84 599
3.85 599
3.87 599
3.90 600
3.92 600
3.94 601
3.96 602
3.98 602
4.00 603
4.01 604
4.02 605
4.03 606
4.03 607
4.03 608
4.04 610
4.04 611
4.04 613
4.04 614
4.04 615
4.04 615
4.04 616
4.04 616
4.04 616
4.04 616
4.04 616
4.03 617
4.03 615
4.03 617
4.02 615
4.02 615
4.01 613
4.01 611
4.01 609
4.00 608
4.00 606
3.99 606
3.99 604
3.99 603
3.98 602
3.98 600
3.98 599
3.97 598
3.97 596
3.97 596
3.96 595
3.96 595
3.95 594
3.95 594
3.95 594
3.95 594
3.94 593
3.94 594
3.94 594
3.93 594
3.93 594
3.93 594
3.93 594
3.92 594
3.92 595
3.92 595
3.92 595
3.91 596
3.91 595
3.91 596
3.91 596
3.90 597
3.91 597
3.90 598
3.90 598
3.90 599
3.90 599
3.90 599
3.90 600
3.89 600
3.89 600
3.89 600
3.89 600
3.89 601
3.89 601
3.88 601
3.88 601
3.88 601
3.88 601
3.88 600
3.88 600
3.88 600
3.88 600
3.88 600
3.87 599
3.88 599
3.87 598
3.88 598
3.87 597
3.87 597
3.87 596
3.87 596
3.87 595
3.87 594
3.87 594
3.87 593
3.87 593
3.87 592
3.87 591
3.87 591
3.86 590
3.86 590
3.86 589
3.86 588
3.86 588
3.86 587
3.86 585
3.86 584
3.86 583
3.85 582
3.85 581
3.85 581
3.85 580
3.85 579
3.85 578
3.85 578
3.85 577
3.84 577
3.84 576
3.84 576
3.84 576
3.84 575
3.84 575
3.83 574
3.83 574
3.83 574
3.83 573
3.83 573
3.83 573
3.83 573
3.83 573
3.82 572
3.82 572
3.82 572
3.82 572
3.82 572
3.82 572
3.82 572
3.81 572
3.81 572
3.81 573
3.81 573
3.81 574
3.81 574
3.81 575
3.81 576
3.81 577
3.80 577
3.80 578
3.80 579
3.80 580
3.80 581
3.80 583
3.80 584
3.79 585
3.79 586
3.79 588
3.79 589
3.79 591
3.79 593
3.79 595
3.78 597
3.78 598
3.78 600
3.78 602
3.78 604
3.78 606
3.78 607
3.78 609
3.78 611
3.78 613
3.78 615
3.78 616
3.78 618
3.78 619
3.78 621
3.78 622
3.78 624
3.78 625
3.79 627
3.79 628
3.79 630
3.80 632
3.80 634
3.80 635
3.81 636
3.81 637
3.81 638
3.82 639
3.82 640
3.82 641
3.82 642
3.83 643
3.83 644
3.83 644
3.83 645
3.83 646
3.83 647
3.83 647
3.83 648
3.83 649
3.83 650
3.83 651
3.83 652
3.82 652
3.82 653
3.82 653
3.82 653
3.82 653
3.82 654
3.81 654
3.81 654
3.81 654
3.81 654
3.81 654
3.81 654
3.80 654
3.80 654
3.80 655
3.80 655
3.80 655
3.80 655
3.79 655
3.79 655
3.79 655
3.79 655
3.78 655
3.78 655
3.78 655
3.78 655
3.78 654
3.78 654
3.77 654
3.77 654
3.77 654
3.77 654
3.77 654
3.77 653
3.77 653
3.77 653
3.77 653
3.76 653
3.76 653
3.76 653
3.76 653
3.76 653
3.76 653
3.76 653
3.75 653
3.75 653
3.75 654
3.75 654
3.74 653
3.74 653
3.74 654
3.74 653
3.74 654
3.73 654
3.73 654
3.73 655
3.73 655
3.73 655
3.73 655
3.73 655
3.73 655
3.73 655
3.73 656
3.73 656
3.72 656
3.72 657
3.72 657
3.72 657
3.73 659
3.72 659
3.72 659
3.73 659
3.73 660
3.73 660
3.73 660
3.73 660
3.73 660
3.74 661
3.74 661
3.74 661
3.75 661
3.75 661
3.76 661
3.76 661
3.76 661
3.76 661
3.77 660
3.77 660
3.77 660
3.77 660
3.77 660
3.77 660
3.77 659
3.78 659
3.77 659
3.78 658
3.77 658
3.77 658
3.77 657
3.77 657
3.77 657
3.77 657
3.77 656
3.76 656
3.76 656
3.76 656
3.76 655
3.76 655
3.76 655
3.76 655
3.75 655
3.75 655
3.75 654
3.75 654
3.75 654
3.75 653
3.75 653
3.74 653
3.74 652
3.74 652
3.74 652
3.74 651
3.74 651
3.74 650
3.74 650
3.73 650
3.73 649
3.73 649
3.73 648
3.73 648
3.73 648
3.73 647
3.73 647
3.73 645
3.73 645
3.72 646
3.72 646
3.72 644
3.72 644
3.72 644
3.72 645
3.72 643
3.71 643
3.71 643
3.71 643
3.71 643
3.71 644
3.71 644
3.71 644
3.71 644
3.71 644
3.70 644
3.70 644
3.70 644
3.70 644
3.70 644
3.70 644
3.70 644
3.70 645
3.70 645
3.70 645
3.70 645
3.69 646
3.70 646
3.69 646
3.70 646
3.69 646
3.69 647
3.69 647
3.70 647
3.70 647
3.70 647
3.70 647
3.70 647
3.71 647
3.71 647
3.72 647
3.72 646
3.72 646
3.73 646
3.73 646
3.73 646
3.74 645
3.74 645
3.74 645
3.74 645
3.74 645
3.75 645
3.75 644
3.75 644
3.75 644
3.75 644
3.75 644
3.75 644
3.75 643
3.75 643
3.75 643
3.75 643
3.75 643
3.75 643
3.75 643
3.75 643
3.74 643
3.75 643
3.74 643
3.74 643
3.74 643
3.74 643
3.74 643
3.74 643
3.74 643
3.74 643
3.73 642
3.73 642
3.73 642
3.73 642
3.73 641
3.73 641
3.72 641
3.72 640
3.72 640
3.72 640
3.72 639
3.72 639
3.72 639
3.72 638
3.72 638
3.71 638
3.71 638
3.71 637
3.71 637
3.71 637
3.71 637
3.71 636
3.71 636
3.71 636
3.71 636
3.70 636
3.70 636
3.70 636
3.70 636
3.70 636
3.70 636
3.69 636
3.69 636
3.69 635
3.69 635
3.69 635
3.69 636
3.68 635
3.69 635
3.68 635
3.68 635
3.68 635
3.68 635
3.68 634
3.68 634
3.68 634
3.68 634
3.68 633
3.68 633
3.68 633
3.68 633
3.67 633
3.67 632
3.67 632
3.67 632
3.67 632
3.67 631
3.67 631
3.68 631
3.68 630
3.68 630
3.68 630
3.68 629
3.69 629
3.69 628
3.70 628
3.70 627
3.71 627
3.71 627
3.72 626
3.72 626
3.72 626
3.73 625
3.73 625
3.73 625
3.73 624
3.74 624
3.73 624
3.73 623
3.73 623
3.73 623
3.73 623
3.73 623
3.73 623
3.73 623
3.73 622
3.73 622
3.73 622
3.73 622
3.73 622
3.72 622
3.72 622
3.72 622
3.72 622
3.72 622
3.72 622
3.72 622
3.71 622
3.72 621
3.72 621
3.72 621
3.71 621
3.71 621
3.71 621
3.71 621
3.71 621
3.71 621
3.71 621
3.71 621
3.71 620
3.70 620
3.70 620
3.70 620
3.70 620
3.70 619
3.70 619
3.70 619
3.70 619
3.70 619
3.69 619
3.69 619
3.69 619
3.69 619
3.69 619
3.69 619
3.68 619
3.69 619
3.68 619
3.69 619
3.68 619
3.68 619
3.68 620
3.68 620
3.67 620
3.68 620
3.67 620
3.67 621
3.67 621
3.67 621
3.66 621
3.66 621
3.66 621
3.66 621
3.66 621
3.66 621
3.66 621
3.66 621
3.66 621
3.66 621
3.65 621
3.66 621
3.66 621
3.66 621
3.66 620
3.66 620
3.66 620
3.66 619
3.67 619
3.67 619
3.68 618
3.68 618
3.69 618
3.69 617
3.70 617
3.70 616
3.70 616
3.71 615
3.71 615
3.71 614
3.72 614
3.72 614
3.72 614
3.72 614
3.72 614
3.72 614
3.72 614
3.72 614
3.73 614
3.73 614
3.73 613
3.72 614
3.72 614
3.72 614
3.72 614
3.72 614
3.71 614
3.71 614
3.71 614
3.71 614
3.71 614
3.70 614
3.70 614
3.70 614
3.70 614
3.70 614
3.70 614
3.70 614
3.70 614
3.70 614
3.69 614
3.69 614
3.69 614
3.69 614
3.69 614
3.69 614
3.69 614
3.69 614
3.69 614
3.69 614
3.69 614
3.69 614
3.69 614
3.68 614
3.68 614
3.68 614
3.68 614
3.68 614
3.68 614
3.68 614
3.69 614
3.69 615
3.69 614
3.69 614
3.69 615
3.68 
3.68 
3.68 
3.68 
3.68 
3.66 609
3.64 607
3.64 605
3.63 604
3.63 602
3.63 599
3.63 597
3.63 
3.63 
3.63 
3.63 
3.62 596
3.62 595
3.62 595
3.62 595
3.62 594
3.61 
3.61 594
3.61 594
3.61 593
3.61 592
3.61 591
3.61 591
3.61 591
3.61 590
3.61 590
3.61 590
3.62 589
3.62 589
3.63 589
3.63 589
3.64 588
3.64 588
3.65 588
3.66 588
3.66 588
3.66 587
3.67 587
3.67 587
3.67 586
3.67 586
3.68 586
3.68 585
3.68 585
3.68 586
3.67 586
3.67 586
3.67 586
3.67 586
3.67 586
3.67 586
3.68 583
3.68 
3.69 
3.69 
3.69 583
3.68 
3.68 
3.68 585
3.68 585
3.68 585
3.68 586
3.68 586
3.68 
3.68 587
3.67 589
3.67 588
3.67 592
3.67 595
3.67 596
3.67 596
3.66 598
3.66 599
3.66 600
3.65 602
3.66 602
3.65 603
3.66 604
3.65 606
3.65 607
3.65 608
3.65 608
3.65 608
3.65 608
3.65 608
3.65 609
3.64 609
3.64 
3.64 612
3.64 612
3.64 609
3.64 609
3.64 
3.64 604
3.64 603
3.64 
3.64 
3.64 605
3.64 604
3.64 604
3.63 603
3.64 600
3.64 600
3.63 600
3.64 599
3.63 596
3.63 595
3.63 595
3.63 
3.63 
3.63 590
3.63 590
3.63 589
3.63 588
3.63 587
3.62 587
3.62 586
3.62 586
3.62 588
3.62 588
3.62 588
3.62 584
3.62 584
3.62 585
3.62 584
3.62 584
3.62 584
3.62 583
3.62 
3.62 584
3.62 
3.62 584
3.62 584
3.62 584
3.62 583
3.63 583
3.63 582
3.63 582
3.64 582
3.64 581
3.64 581
3.65 582
3.65 582
3.65 581
3.66 581
3.66 580
3.66 580
3.67 580
3.67 579
3.67 579
3.67 579
3.68 579
3.68 578
3.68 578
3.68 578
3.68 578
3.68 579
3.68 579
3.68 579
3.68 579
3.68 579
3.68 579
3.68 579
3.68 580
3.68 580
3.67 580
3.67 581
3.67 581
3.67 582
3.67 582
3.67 583
3.67 584
3.67 584
3.67 586
3.67 587
3.67 588
3.67 589
3.66 590
3.66 591
3.66 592
3.66 593
3.66 595
3.66 596
3.66 597
3.66 598
3.66 600
3.66 601
3.66 602
3.66 603
3.66 604
3.66 605
3.66 606
3.66 607
3.66 607
3.65 608
3.65 609
3.65 609
3.66 611
3.66 611
3.65 612
3.65 612
3.65 612
3.65 613
3.65 613
3.65 613
3.65 613
3.65 613
3.65 613
3.65 613
3.65 613
3.65 613
3.65 613
3.65 612
3.65 612
3.65 612
3.65 611
3.65 611
3.65 610
3.65 609
3.65 608
3.65 608
3.65 607
3.65 607
3.65 607
3.66 606
3.65 606
3.65 606
3.65 605
3.65 605
3.65 605
3.65 606
3.65 606
3.65 606
3.65 606
3.66 606
3.66 606
3.66 606
3.66 606
3.66 607
3.66 607
3.66 607
3.66 608
3.66 608
3.66 608
3.66 608
3.66 609
3.67 609
3.67 609
3.67 609
3.67 609
3.67 610
3.68 610
3.68 610
3.68 610
3.68 610
3.68 611
3.68 611
3.68 611
3.68 611
3.68 612
3.68 612
3.68 612
3.68 612
3.68 612
3.68 613
3.68 613
3.68 613
3.68 613
3.68 613
3.68 613
3.68 613
3.68 614
3.68 614
3.68 614
3.68 614
3.68 614
3.68 614
3.68 615
3.68 615
3.68 615
3.68 616
3.67 616
3.67 617
3.67 617
3.67 618
3.67 619
3.67 619
3.67 621
3.67 622
3.67 622
3.67 623
3.67 624
3.67 624
3.67 625
3.67 626
3.67 627
3.67 627
3.67 628
3.67 629
3.67 629
3.67 630
3.66 631
3.66 631
3.66 632
3.66 632
3.66 633
3.66 633
3.66 634
3.66 634
3.66 634
3.66 636
3.66 636
3.66 636
3.66 637
3.66 637
3.66 637
3.66 637
3.66 637
3.66 637
3.66 636
3.66 636
3.66 636
3.66 635
3.67 635
3.66 634
3.67 633
3.67 633
3.67 632
3.67 631
3.67 630
3.66 630
3.67 629
3.67 628
3.67 627
3.67 626
3.67 626
3.67 625
3.67 624
3.67 624
3.67 623
3.67 623
3.67 623
3.67 622
3.67 622
3.67 622
3.67 622
3.68 620
3.69 620
3.69 622
3.69 622
3.69 622
3.70 622
3.70 622
3.70 623
3.70 623
3.70 623
3.70 623
3.70 624
3.70 624
3.70 624
3.70 624
3.70 625
3.70 625
3.70 626
3.70 626
3.70 627
3.70 627
3.70 627
3.70 628
3.70 628
3.70 629
3.71 629
3.71 629
3.70 629
3.70 631
3.70 631
3.70 631
3.70 631
3.70 631
3.70 632
3.70 632
3.70 632
3.70 632
3.70 632
3.70 633
3.70 633
3.70 633
3.70 633
3.70 634
3.69 634
3.69 635
3.69 636
3.69 636
3.69 636
3.69 637
3.69 637
3.69 638
3.69 639
3.69 638
3.69 639
3.69 640
3.69 640
3.69 640
3.69 641
3.69 641
3.69 641
3.69 642
3.69 642
3.69 642
3.69 642
3.69 642
3.69 642
3.69 642
3.69 643
3.69 643
3.69 644
3.69 644
3.69 644
3.69 644
3.69 644
3.69 645
3.69 645
3.69 645
3.69 645
3.69 645
3.69 644
3.69 645
3.69 645
3.69 645
3.69 645
3.70 645
3.70 644
3.70 645
3.69 644
3.70 644
3.70 644
3.70 644
3.70 643
3.70 643
3.70 643
3.70 643
3.71 642
3.71 642
3.71 642
3.72 642
3.72 642
3.72 642
3.73 641
3.72 641
3.72 641
3.73 641
3.73 641
3.73 641
3.73 641
3.73 641
3.73 641
3.73 641
3.73 641
3.73 643
3.73 643
3.73 643
3.73 643
3.73 643
3.73 644
3.73 644
3.73 644
3.73 644
3.73 645
3.73 645
3.73 645
3.73 646
3.73 646
3.73 646
3.73 647
3.74 647
3.73 647
3.73 648
3.74 648
3.74 648
3.74 648
3.74 648
3.74 649
3.74 649
3.74 651
3.74 651
3.74 652
3.74 653
3.74 653
3.74 654
3.74 655
3.74 655
3.74 656
3.74 657
3.74 658
3.74 659
3.74 659
3.75 660
3.75 660
3.75 661
3.75 661
3.75 661
3.75 662
3.75 662
3.75 663
3.75 663
3.74 663
3.74 662
3.75 662
3.75 662
3.75 662
3.75 662
3.75 662
3.75 662
3.75 663
3.75 662
3.75 662
3.76 661
3.76 661
3.76 661
3.76 660
3.76 659
3.76 659
3.76 658
3.76 657
3.77 657
3.77 657
3.77 657
3.77 657
3.77 657
3.77 657
3.78 657
3.78 658
3.78 658
3.78 659
3.78 659
3.78 661
3.78 662
3.79 663
3.78 663
3.79 665
3.79 666
3.79 666
3.79 667
3.79 668
3.79 670
3.79 670
3.79 671
3.79 672
3.79 673
3.79 674
3.79 674
3.79 676
3.79 677
3.79 678
3.79 679
3.79 679
3.79 680
3.79 681
3.79 681
3.79 682
3.79 683
3.79 683
3.79 684
3.79 685
3.79 685
3.79 686
3.79 686
3.79 686
3.79 687
3.79 687
3.79 688
3.79 688
3.79 689
3.79 688
3.79 689
3.79 689
3.79 689
3.79 689
3.79 689
3.78 689
3.79 689
3.79 689
3.79 689
3.79 689
3.78 689
3.78 689
3.78 690
3.78 690
3.78 689
3.78 689
3.78 689
3.78 688
3.78 688
3.78 688
3.78 687
3.78 687
3.77 687
3.77 687
3.77 686
3.78 686
3.78 687
3.77 687
3.77 687
3.77 686
3.78 686
3.77 686
3.78 685
3.78 685
3.78 685
3.77 684
3.78 684
3.78 684
3.78 683
3.77 683
3.77 682
3.78 682
3.78 682
3.78 682
3.78 681
3.78 681
3.78 681
3.78 680
3.78 680
3.78 680
3.78 679
3.78 679
3.78 679
3.79 679
3.79 679
3.79 678
3.79 679
3.79 678
3.79 678
3.79 678
3.80 678
3.80 678
3.80 678
3.80 679
3.80 679
3.80 678
3.80 679
3.80 678
3.80 678
3.80 678
3.80 679
3.80 679
3.80 679
3.80 680
3.80 680
3.80 680
3.80 681
3.80 681
3.80 682
3.81 682
3.81 683
3.81 683
3.81 684
3.81 684
3.81 685
3.81 686
3.81 687
3.81 688
3.81 689
3.81 690
3.81 690
3.81 691
3.81 692
3.81 693
3.81 694
3.81 694
3.81 695
3.81 696
3.81 696
3.81 697
3.81 697
3.80 697
3.81 698
3.81 698
3.81 698
3.80 698
3.81 698
3.80 698
3.80 698
3.80 698
3.80 698
3.80 698
3.80 697
3.80 698
3.81 697
3.80 697
3.81 698
3.80 698
3.80 697
3.80 697
3.81 697
3.81 697
3.81 697
3.81 697
3.81 697
3.81 697
3.81 697
3.80 696
3.81 696
3.81 696
3.81 695
3.81 695
3.81 694
3.81 693
3.82 693
3.82 692
3.82 691
3.82 690
3.82 689
3.82 688
3.82 687
3.83 686
3.83 685
3.83 684
3.83 683
3.83 683
3.83 682
3.83 683
3.83 682
3.83 682
3.83 682
3.83 682
3.83 682
3.83 682
3.83 682
3.83 682
3.83 683
3.83 683
3.83 683
3.83 684
3.83 684
3.82 685
3.82 685
3.82 686
3.82 686
3.82 687
3.82 687
3.82 688
3.82 689
3.82 690
3.82 691
3.82 692
3.82 693
3.82 693
3.82 694
3.81 695
3.81 695
3.81 696
3.81 696
3.81 696
3.81 696
3.81 697
3.81 697
3.81 697
3.80 697
3.80 697
3.80 697
3.80 697
3.80 697
3.80 696
3.80 697
3.80 696
3.79 696
3.79 695
3.79 695
3.79 694
3.79 694
3.79 693
3.78 692
3.78 692
3.78 691
3.78 691
3.78 690
3.78 690
3.77 689
3.78 689
3.77 689
3.77 688
3.77 688
3.77 688
3.77 687
3.77 687
3.76 687
3.77 687
3.77 686
3.76 686
3.76 686
3.76 686
3.76 686
3.76 686
3.76 686
3.76 686
3.76 685
3.76 685
3.76 685
3.75 685
3.75 685
3.75 685
3.75 685
3.75 685
3.75 685
3.75 685
3.75 686
3.75 686
3.75 686
3.75 685
3.75 685
3.75 685
3.75 685
3.75 685
3.75 685
3.75 686
3.75 686
3.75 686
3.75 686
3.75 687
3.76 687
3.76 687
3.76 688
3.77 688
3.76 689
3.76 689
3.76 690
3.76 690
3.76 692
3.76 692
3.76 693
3.76 694
3.76 694
3.76 695
3.76 695
3.76 696
3.76 696
3.76 697
3.76 697
3.76 698
3.76 698
3.76 699
3.76 699
3.76 700
3.76 700
3.76 700
3.76 702
3.76 702
3.76 702
3.76 703
3.76 703
3.75 703
3.76 703
3.76 703
3.75 704
3.75 704
3.75 704
3.75 704
3.75 704
3.75 705
3.75 705
3.75 705
3.75 705
3.75 706
3.75 706
3.75 706
3.74 708
3.74 708
3.75 708
3.74 709
3.74 709
3.74 709
3.74 709
3.74 710
3.74 710
3.74 710
3.74 710
3.73 709
3.73 709
3.73 709
3.73 709
3.73 709
3.73 708
3.73 708
3.73 708
3.73 707
3.73 707
3.72 706
3.72 706
3.72 705
3.72 704
3.72 704
3.72 704
3.72 703
3.72 703
3.72 702
3.72 701
3.72 700
3.72 700
3.72 699
3.72 698
3.73 697
3.73 697
3.73 696
3.73 696
3.73 695
3.73 694
3.73 693
3.73 693
3.73 692
3.73 692
3.73 691
3.73 691
3.73 690
3.73 690
3.73 689
3.73 689
3.73 689
3.73 688
3.73 688
3.73 688
3.73 689
3.73 689
3.73 689
3.74 688
3.74 688
3.74 688
3.74 688
3.74 689
3.74 689
3.74 689
3.74 689
3.74 689
3.74 689
3.74 690
3.74 690
3.74 690
3.74 691
3.74 691
3.74 691
3.74 692
3.74 692
3.74 693
3.74 695
3.74 695
3.74 696
3.74 696
3.74 697
3.74 697
3.74 698
3.74 699
3.74 699
3.74 700
3.74 701
3.74 702
3.74 703
3.73 703
3.73 704
3.73 706
3.74 707
3.73 708
3.73 709
3.73 709
3.73 710
3.73 711
3.73 712
3.73 713
3.73 713
3.73 714
3.73 715
3.72 717
3.72 717
3.72 718
3.72 719
3.72 719
3.72 720
3.71 721
3.72 721
3.72 722
3.72 723
3.72 724
3.72 724
3.72 725
3.72 726
3.72 727
3.72 728
3.72 729
3.72 729
3.72 730
3.72 731
3.72 730
3.72 731
3.72 732
3.72 732
3.73 732
3.73 732
3.73 733
3.73 733
3.73 733
3.73 733
3.73 733
3.73 733
3.73 733
3.73 734
3.73 734
3.73 734
3.73 734
3.73 734
3.73 734
3.73 734
3.73 734
3.73 734
3.73 734
3.73 734
3.73 734
3.73 733
3.73 733
3.73 733
3.73 733
3.73 733
3.73 733
3.73 733
3.73 732
3.73 732
3.73 732
3.73 732
3.73 732
3.73 732
3.73 731
3.74 731
3.74 731
3.74 731
3.74 730
3.74 730
3.75 730
3.75 731
3.75 731
3.76 731
3.76 731
3.76 731
3.76 731
3.76 731
3.76 731
3.76 731
3.76 731
3.76 730
3.76 730
3.76 730
3.76 730
3.76 730
3.76 730
3.77 730
3.76 730
3.76 731
3.77 731
3.76 731
3.76 731
3.76 731
3.76 731
3.75 731
3.75 731
3.75 731
3.75 732
3.75 733
3.74 733
3.75 733
3.74 732
3.74 732
3.74 732
3.74 732
3.74 732
3.74 732
3.74 732
3.74 732
3.74 732
3.74 732
3.74 732
3.74 732
3.74 732
3.73 731
3.74 731
3.74 732
3.74 732
3.74 732
3.74 733
3.74 731
3.74 732
3.74 732
3.74 734
3.74 734
3.73 733
3.73 734
3.74 734
3.74 734
3.74 736
3.74 736
3.74 736
3.74 736
3.74 735
3.74 735
3.73 735
3.74 735
3.74 734
3.74 734
3.73 734
3.73 733
3.74 733
3.74 733
3.74 732
3.74 732
3.74 732
3.74 731
3.74 731
3.74 731
3.74 730
3.74 730
3.74 729
3.74 729
3.74 729
3.74 729
3.73 728
3.74 728
3.74 728
3.73 728
3.74 727
3.74 727
3.75 728
3.75 728
3.75 727
3.75 727
3.75 727
3.75 726
3.75 726
3.75 726
3.76 726
3.75 725
3.76 725
3.75 725
3.76 725
3.76 724
3.75 724
3.75 723
3.76 723
3.75 723
3.75 723
3.76 722
3.75 722
3.76 722
3.75 722
3.75 721
3.75 721
3.75 721
3.75 721
3.75 720
3.75 720
3.75 720
3.75 720
3.75 720
3.75 719
3.75 719
3.75 719
3.75 719
3.75 719
3.75 719
3.75 718
3.75 718
3.75 718
3.75 717
3.75 717
3.75 717
3.74 716
3.75 716
3.74 716
3.74 716
3.74 715
3.74 715
3.74 714
3.74 714
3.75 713
3.77 714
3.77 711
3.78 711
3.78 709
3.78 712
3.78 714
3.78 712
3.78 711
3.78 712
3.78 711
3.79 710
3.79 709
3.79 708
3.79 708
3.80 707
3.80 706
3.80 705
3.80 705
3.80 708
3.80 713
3.80 717
3.80 717
3.80 715
3.81 712
3.81 710
3.81 708
3.81 707
3.81 706
3.81 706
3.81 705
3.81 705
3.81 705
3.81 705
3.81 706
3.80 707
3.80 708
3.81 709
3.81 711
3.81 713
3.81 715
3.81 716
3.81 716
3.81 715
3.81 713
3.81 711
3.81 709
3.81 707
3.81 705
3.82 702
3.83 700
3.84 699
3.84 698
3.84 698
3.84 697
3.85 696
3.85 696
3.85 695
3.85 695
3.85 695
3.85 695
3.85 695
3.86 696
3.86 697
3.86 698
3.86 699
3.86 699
3.86 700
3.86 701
3.86 703
3.86 706
3.86 710
3.86 712
3.86 713
3.86 713
3.86 712
3.86 710
3.87 709
3.87 707
3.86 706
3.87 705
3.87 704
3.87 703
3.86 703
3.86 702
3.86 702
3.86 702
3.86 701
3.86 701
3.86 702
3.86 703
3.86 705
3.86 707
3.86 708
3.86 710
3.86 712
3.86 712
3.86 712
3.86 712
3.86 711
3.86 711
3.86 710
3.86 710
3.87 709
3.86 708
3.87 707
3.87 706
3.87 706
3.87 706
3.87 706
3.88 707
3.88 709
3.88 710
3.88 712
3.88 714
3.89 715
3.89 718
3.90 718
3.91 717
3.91 715
3.93 712
3.95 710
3.96 708
3.98 708
4.01 710
4.03 716
4.04 721
4.05 727
4.06 730
4.06 733
4.07 737
4.07 745
4.07 755
4.07 769
4.08 786
4.08 803
4.08 815
4.08 822
4.07 823
4.07 822
4.07 818
4.07 813
4.07 809
4.07 802
4.07 797
4.07 793
4.06 788
4.06 784
4.06 779
4.05 775
4.05 771
4.05 767
4.05 763
4.05 760
4.04 757
4.04 753
4.04 751
4.04 749
4.03 747
4.03 745
4.03 743
4.02 742
4.02 741
4.02 739
4.02 737
4.01 735
4.01 733
4.01 731
4.00 730
4.00 728
4.00 728
4.00 727
3.99 726
3.99 724
3.99 723
3.99 721
3.98 718
3.98 716
3.98 712
3.98 710
3.98 707
3.98 704
3.98 702
3.98 700
3.98 699
3.97 697
3.97 694
3.97 693
3.97 692
3.97 691
3.97 690
3.96 689
3.96 688
3.95 688
3.95 688
3.95 688
3.95 687
3.94 687
3.94 686
3.94 686
3.94 687
3.94 688
3.93 690
3.93 691
3.93 693
3.93 695
3.92 697
3.92 699
3.92 703
3.92 705
3.92 708
3.92 710
3.91 712
3.91 714
3.91 715
3.91 715
3.91 715
3.91 715
3.91 714
3.90 713
3.90 712
3.90 711
3.90 710
3.90 709
3.90 708
3.89 706
3.89 707
3.89 707
3.89 708
3.89 709
3.89 710
3.89 711
3.88 713
3.88 714
3.88 715
3.88 717
3.87 718
3.87 718
3.87 718
3.86 718
3.86 717
3.86 716
3.86 715
3.87 713
3.87 711
3.87 710
3.87 709
3.86 708
3.86 707
3.86 707
3.86 707
3.86 707
3.86 709
3.86 710
3.86 711
3.86 712
3.86 713
3.85 714
3.85 715
3.86 716
3.85 717
3.85 719
3.85 719
3.85 720
3.85 721
3.85 721
3.85 722
3.85 722
3.85 722
3.85 723
3.85 723
3.85 724
3.84 724
3.85 725
3.85 727
3.85 728
3.85 730
3.84 732
3.84 734
3.84 736
3.84 739
3.84 742
3.84 744
3.84 746
3.84 747
3.85 749
3.85 749
3.86 748
3.86 748
3.86 745
3.86 743
3.86 741
3.86 738
3.86 734
3.86 729
3.86 724
3.86 719
3.87 713
3.87 708
3.87 702
3.88 696
3.88 692
3.88 688
3.88 683
3.88 680
3.88 677
3.88 673
3.88 671
3.88 667
3.88 665
3.88 663
3.89 662
3.89 661
3.89 660
3.89 659
3.89 659
3.89 658
3.89 658
3.89 658
3.89 659
3.89 659
3.89 660
3.90 660
3.90 661
3.90 662
3.90 662
3.90 662
3.90 664
3.90 664
3.91 664
3.91 665
3.91 665
3.91 665
3.92 665
3.92 666
3.92 666
3.92 667
3.92 667
3.92 668
3.92 669
3.92 669
3.93 671
3.93 672
3.93 673
3.93 674
3.93 675
3.93 676
3.93 677
3.93 678
3.93 679
3.93 681
3.93 681
3.93 682
3.93 682
3.92 682
3.92 682
3.93 683
3.92 683
3.92 683
3.92 683
3.92 683
3.92 684
3.92 684
3.92 684
3.93 685
3.93 685
3.93 687
3.93 687
3.93 687
3.93 688
3.93 688
3.94 687
3.94 688
3.94 687
3.95 687
3.97 686
3.99 686
4.03 686
4.07 686
4.13 686
4.15 686
4.15 686
4.16 687
4.17 688
4.19 690
4.19 694
4.21 699
4.21 706
4.21 713
4.22 720
4.21 729
4.22 738
4.21 750
4.21 763
4.21 775
4.21 783
4.20 786
4.20 783
4.20 778
4.20 770
4.19 764
4.19 757
4.19 753
4.18 749
4.18 745
4.17 741
4.17 739
4.17 736
4.17 734
4.17 730
4.16 728
4.16 725
4.16 723
4.15 720
4.15 717
4.15 714
4.15 712
4.14 709
4.14 706
4.14 702
4.14 698
4.13 695
4.13 691
4.13 686
4.12 684
4.12 681
4.12 679
4.12 677
4.11 675
4.11 673
4.11 671
4.10 670
4.10 669
4.10 668
4.09 667
4.09 667
4.09 666
4.08 666
4.08 666
4.08 666
4.08 666
4.07 667
4.07 667
4.07 667
4.07 667
4.07 667
4.06 668
4.06 668
4.06 668
4.05 668
4.05 668
4.05 668
4.05 669
4.04 670
4.04 670
4.04 671
4.03 671
4.03 672
4.03 672
4.02 672
4.02 672
4.02 671
4.01 671
4.01 670
4.01 670
4.01 669
4.00 669
4.00 669
4.00 669
4.00 669
4.00 669
3.99 669
3.99 671
3.99 671
3.98 671
3.98 671
3.98 672
3.98 672
3.98 672
3.97 671
3.97 671
3.97 671
3.97 671
3.96 672
3.96 672
3.96 673
3.96 674
3.96 675
3.96 677
3.95 679
3.95 679
3.95 680
3.95 681
3.95 681
3.95 681
3.94 681
3.94 680
3.94 679
3.94 677
3.94 676
3.94 675
3.94 673
3.93 672
3.93 670
3.93 669
3.93 668
3.93 667
3.93 667
3.93 666
3.93 666
3.93 665
3.93 665
3.92 665
3.92 664
3.92 664
3.92 663
3.92 662
3.92 662
3.92 661
3.92 661
3.91 661
3.91 660
3.91 660
3.91 660
3.91 660
3.91 661
3.91 661
3.91 663
3.90 663
3.90 664
3.90 665
3.90 666
3.90 667
3.90 668
3.90 669
3.89 669
3.89 670
3.89 672
3.89 673
3.89 673
3.89 674
3.89 674
3.89 674
3.89 675
3.88 675
3.88 675
3.88 676
3.88 676
3.88 677
3.88 679
3.88 679
3.88 680
3.88 681
3.87 682
3.87 683
3.87 684
3.87 686
3.87 688
3.87 689
3.87 691
3.87 693
3.86 695
3.86 698
3.86 700
3.86 701
3.86 703
3.86 705
3.86 706
3.86 708
3.86 710
3.86 711
3.85 711
3.85 712
3.85 713
3.84 713
3.84 713
3.84 714
3.84 714
3.84 713
3.84 713
3.84 714
3.84 712
3.84 712
3.83 713
3.83 711
3.84 711
3.84 710
3.84 710
3.84 710
3.84 711
3.84 709
3.84 710
3.83 710
3.83 710
3.83 710