1.52 84
1.47 84
1.50 84
1.80 84
1.21 84
1.49 84
1.83 84
1.69 84
1.74 84
1.68 84
1.74 84
2.03 84
2.19 84
2.34 84
2.36 84
2.47 84
2.59 84
2.86 84
2.63 84
2.15 85
2.21 85
2.19 85
1.81 84
1.87 84
2.14 83
2.00 83
2.91 84
1.79 84
1.71 84
2.34 85
2.12 84
2.37 84
1.82 84
2.09 84
2.62 84
1.81 84
1.90 85
1.82 85
1.85 85
1.80 86
1.92 86
1.79 87
1.57 87
1.80 88
2.01 88
1.78 89
1.56 90
1.94 90
1.61 91
1.54 91
1.53 91
1.76 91
1.55 91
1.67 91
1.57 91
2.04 94
2.04 93
1.81 96
1.88 92
1.68 93
1.91 92
1.76 93
2.13 93
2.31 94
1.97 94
2.44 98
2.27 95
2.52 94
2.68 94
2.75 94
2.79 93
2.58 94
2.60 95
3.25 94
2.91 96
2.75 96
1.88 95
2.20 95
2.01 93
2.11 91
2.60 91
2.31 91
2.37 92
2.36 92
2.20 92
2.54 92
1.99 92
2.06 91
2.30 91
2.36 90
1.75 90
1.98 90
2.31 89
2.23 89
1.46 89
2.07 89
1.95 89
2.05 88
2.01 88
1.91 88
1.67 88
1.78 88
2.13 88
2.02 88
2.04 88
2.23 88
2.65 88
2.40 88
2.51 88
2.50 88
2.47 87
3.19 87
3.30 87
2.73 87
3.50 86
4.03 86
3.17 86
3.14 86
3.26 86
3.02 86
2.62 86
3.58 85
2.57 85
2.99 85
2.87 85
3.39 85
2.76 85
3.04 86
2.76 86
2.68 86
3.25 86
2.80 87
2.53 87
2.44 87
2.83 88
2.99 88
2.91 89
3.10 89
2.69 89
2.80 90
2.35 91
2.51 92
2.47 91
2.57 91
2.62 92
2.52 93
2.35 94
2.43 94
2.34 94
2.24 95
2.43 95
2.54 94
2.68 94
2.68 92
2.56 94
2.76 97
2.96 97
2.57 96
2.84 96
2.94 97
2.77 97
2.80 97
2.89 97
3.03 97
3.88 96
3.25 96
3.22 96
3.47 96
3.36 95
3.89 94
3.34 94
3.12 94
2.76 94
3.16 95
2.88 95
3.09 95
3.58 94
3.12 94
3.03 94
2.97 93
3.61 93
2.66 93
3.53 93
2.48 93
3.54 93
2.17 93
2.83 93
2.50 93
2.35 93
4.28 92
2.53 92
2.54 92
2.44 91
2.99 91
2.62 91
2.05 91
2.57 91
2.47 91
2.12 91
2.38 91
2.62 91
2.29 90
2.50 90
2.58 90
2.39 90
2.79 90
2.98 90
2.88 90
2.98 90
2.81 90
3.03 90
3.00 90
3.79 89
3.87 89
3.94 89
4.22 88
4.39 88
4.28 88
4.40 88
3.98 88
2.93 88
2.91 88
5.20 88
4.62 88
3.14 88
3.56 90
3.10 91
3.77 92
3.88 92
3.12 92
3.43 93
3.46 94
3.34 94
3.30 95
3.51 96
3.13 97
3.08 98
3.12 98
3.28 98
3.01 99
2.95 98
3.09 98
3.31 10
3.09 10
3.16 10
3.34 10
3.18 10
3.16 10
3.24 10
3.24 10
3.17 10
3.05 10
3.17 10
3.12 10
3.26 10
3.24 10
3.30 10
3.16 10
3.41 10
3.30 10
3.36 10
3.42 10
4.20 10
3.96 10
4.98 10
3.93 10
4.01 10
3.73 10
3.86 10
3.32 10
4.02 10
4.39 99
3.38 10
3.98 10
4.59 10
2.42 10
3.10 99
3.45 10
3.44 99
2.64 99
2.69 98
3.41 98
2.87 98
3.63 98
2.57 98
2.96 97
2.93 97
4.69 97
3.44 96
2.46 96
2.25 96
2.59 95
3.06 95
3.47 95
2.49 95
2.82 94
2.87 94
2.36 94
2.99 94
2.65 93
2.55 93
2.49 93
2.28 93
2.46 93
2.78 93
2.82 90
2.75 91
2.78 91
3.95 91
3.28 91
3.68 91
3.80 91
4.01 91
4.61 91
4.59 91
4.72 92
4.68 92
4.26 92
4.09 92
4.19 92
3.08 93
4.29 92
3.84 94
4.03 93
4.21 93
4.29 94
4.30 95
4.35 96
3.22 96
3.93 96
3.30 97
3.98 98
3.76 98
3.52 99
3.73 98
4.58 98
3.30 98
3.95 98
3.51 98
3.33 97
3.50 97
3.62 97
3.38 97
3.36 97
3.11 98
2.91 99
3.35 99
3.43 99
3.54 10
3.32 10
3.31 10
3.17 10
2.90 10
3.12 10
3.89 10
3.72 10
3.17 10
3.09 10
3.37 99
3.54 98
3.41 94
3.20 94
3.19 94
3.75 95
3.20 95
3.10 95
3.51 94
3.61 94
3.56 95
3.57 96
3.50 95
3.19 95
3.14 94
2.65 94
2.92 94
3.76 94
2.89 94
2.26 94
2.73 94
2.96 94
2.62 94
2.67 93
2.91 93
3.05 93
2.92 93
3.01 93
2.57 93
2.61 92
2.76 93
3.31 92
2.49 92
2.29 92
2.68 91
2.73 91
2.21 91
2.38 90
2.01 90
2.33 90
2.07 90
2.45 89
2.39 89
2.34 89
2.03 89
2.23 90
2.42 89
2.60 89
2.12 88
2.31 88
2.49 88
2.28 87
2.51 87
2.43 88
3.10 86
3.07 86
3.09 88
3.12 88
3.23 89
3.73 89
2.60 89
3.02 89
2.69 90
3.55 90
3.01 90
2.91 90
3.37 90
3.16 90
2.59 91
2.36 92
2.88 92
2.39 93
2.48 93
2.77 93
2.67 93
3.00 93
3.63 93
2.70 93
2.60 93
3.26 93
3.17 93
3.72 93
3.18 93
2.82 93
2.91 93
2.86 93
2.85 94
2.84 94
2.87 94
3.35 94
2.81 95
3.11 94
2.45 94
2.58 94
2.58 94
2.74 94
2.06 97
2.36 97
2.37 95
2.56 96
2.74 94
2.62 94
2.21 94
2.77 94
2.45 94
2.84 94
2.74 94
3.29 94
3.10 93
2.82 93
2.53 92
2.91 92
2.62 92
2.23 92
1.81 92
2.26 92
2.46 92
1.94 91
2.15 91
2.11 91
2.88 91
1.63 91
2.43 90
1.73 90
1.72 90
1.98 89
1.94 89
2.05 88
2.07 88
1.94 88
1.93 87
1.63 87
1.77 87
1.82 86
1.64 86
1.83 86
1.86 86
1.66 85
1.59 85
1.89 85
1.73 84
1.97 84
2.27 84
1.95 84
1.61 84
2.02 84
1.74 84
2.08 84
1.48 84
1.50 84
1.75 84
1.82 84
2.22 84
1.92 84
2.47 84
2.69 85
2.42 85
2.43 85
2.43 85
2.34 86
1.64 86
2.65 87
2.18 88
2.39 88
2.07 89
1.86 88
2.30 88
2.23 88
2.23 89
1.93 89
2.10 90
2.10 90
2.35 90
2.15 92
2.17 92
2.26 93
1.98 94
2.11 93
1.86 93
2.03 94
1.97 92
1.89 92
2.21 92
2.12 92
1.91 93
1.89 93
1.93 94
2.12 93
2.05 93
2.21 93
2.07 93
1.97 92
2.11 92
1.88 92
2.12 91
2.04 93
2.13 91
2.45 92
2.21 92
2.41 92
2.30 92
2.16 93
2.77 93
2.59 93
2.58 94
2.50 93
2.38 92
2.37 91
2.51 91
3.12 90
1.95 90
1.63 90
2.18 90
2.36 90
1.98 90
2.19 90
1.81 89
2.08 89
2.36 89
1.69 88
2.19 88
1.93 87
1.87 87
2.10 86
1.91 86
1.95 85
1.64 85
1.99 84
1.74 84
1.61 83
1.72 83
1.58 82
1.57 82
1.60 81
1.62 81
1.46 80
1.45 80
1.49 80
1.41 79
1.34 79
1.24 78
1.39 77
1.38 77
1.16 77
1.18 77
1.23 77
1.39 77
1.43 77
1.49 77
1.50 78
1.57 78
1.33 79
1.56 79
1.56 80
1.62 80
1.76 81
1.80 81
1.88 82
2.00 82
1.87 82
2.34 83
1.84 83
1.85 83
1.94 84
1.51 84
2.41 84
2.12 86
1.87 86
2.49 84
2.00 85
1.98 84
1.46 84
1.50 85
2.28 85
1.31 85
1.71 84
1.71 84
1.87 84
1.85 84
1.62 83
1.63 83
1.66 82
1.54 82
1.76 81
1.76 81
1.39 81
1.43 81
1.26 81
1.32 81
1.28 81
1.37 81
1.22 81
1.33 81
1.24 80
1.34 80
1.10 80
1.15 81
1.11 81
1.25 82
1.33 82
1.27 82
1.19 81
1.32 81
1.41 81
1.35 81
1.33 81
1.40 81
1.34 80
1.28 80
1.17 79
1.20 79
1.35 79
1.11 79
1.01 79
1.13 79
1.05 79
1.04 79
1.07 78
1.41 79
1.06 79
0.92 79
0.96 79
0.80 79
1.07 79
0.91 79
0.96 79
1.03 79
0.95 79
0.72 79
0.97 79
1.01 79
1.01 79
0.72 79
0.96 79
0.74 79
0.83 79
0.82 79
0.78 79
0.85 79
0.80 79
0.91 79
0.89 79
0.81 79
0.91 80
0.86 81
0.91 82
0.78 83
0.81 82
0.88 83
1.03 83
1.05 82
0.93 83
0.87 82
0.92 82
0.95 82
1.03 82
1.02 83
0.99 83
0.86 83
0.86 84
0.91 84
0.94 85
0.88 84
0.83 84
0.68 84
0.85 84
0.89 85
0.73 86
0.88 86
0.78 86
0.84 86
0.79 86
0.69 86
0.84 86
0.85 86
0.95 87
0.78 86
0.92 86
0.93 86
0.89 86
0.89 86
1.24 86
0.81 86
0.74 86
0.96 86
0.92 86
0.89 86
0.77 86
0.88 86
0.88 86
0.76 86
0.91 86
0.76 86
0.91 86
0.82 86
0.82 86
0.87 86
1.01 86
0.93 87
0.93 87
0.95 86
0.94 86
1.04 86
0.90 86
1.08 86
0.90 86
0.99 86
0.76 86
0.85 86
0.80 86
0.78 86
0.82 86
0.81 85
0.84 86
0.73 85
0.87 85
0.83 85
0.79 86
0.91 86
0.82 85
1.14 85
0.93 85
0.73 85
0.77 84
0.95 84
0.82 84
0.76 84
1.15 84
0.92 84
0.84 83
0.83 83
0.73 83
0.81 83
0.95 83
0.89 83
0.81 83
1.04 83
0.84 82
1.02 82
0.91 82
0.77 82
0.86 82
0.79 83
0.86 83
0.79 83
0.81 83
0.86 84
0.97 84
0.93 84
0.90 84
0.81 84
1.11 84
0.94 84
0.92 84
0.99 84
0.89 84
0.80 84
0.89 84
0.87 84
1.06 84
1.33 83
0.92 84
0.95 84
0.86 84
1.54 83
0.85 83
1.70 83
0.90 84
1.15 84
0.76 84
0.85 84
1.35 84
0.97 84
1.03 83
0.94 84
0.85 84
1.00 83
0.92 83
0.96 83
0.81 83
1.14 83
0.90 83
0.85 83
1.06 83
1.09 83
0.84 83
0.81 83
0.88 83
0.83 83
0.85 83
0.84 83
0.92 83
0.97 83
0.90 83
0.81 83
0.82 84
0.82 84
0.92 85
1.12 85
0.92 85
1.01 84
0.95 84
0.77 83
0.82 83
1.21 83
0.80 83
0.89 84
0.79 83
0.92 83
0.77 83
0.70 83
0.79 83
0.85 83
0.86 83
1.02 83
1.00 83
1.15 84
0.87 83
0.91 84
0.80 83
0.86 83
0.92 83
0.85 83
0.86 83
0.87 83
0.93 83
1.04 83
0.74 83
0.88 83
0.77 83
0.81 83
0.90 83
0.86 83
0.80 83
0.80 83
0.82 83
0.81 84
0.86 84
0.78 84
0.81 84
0.82 84
0.80 85
0.73 85
0.78 85
0.76 85
0.78 85
0.80 86
0.84 86
0.77 87
0.90 86
0.87 86
0.98 87
0.90 86
0.86 86
0.91 86
0.86 86
0.88 86
0.76 86
0.77 86
0.81 87
0.85 87
0.83 87
0.79 87
0.93 87
0.90 88
0.86 88
0.90 88
0.79 88
0.77 88
0.85 88
0.95 88
0.82 88
0.92 88
0.85 88
0.96 88
0.81 88
0.82 88
0.83 88
0.93 88
0.95 89
0.95 89
0.91 89
0.84 89
0.90 89
0.94 89
0.80 89
0.76 89
1.04 89
0.89 89
0.96 89
0.89 89
1.07 88
1.00 88
0.86 88
0.97 88
0.89 88
0.75 88
0.86 88
0.75 88
0.87 88
0.83 87
0.82 88
1.09 88
1.05 87
0.71 87
0.81 87
0.87 88
0.83 87
0.93 87
0.83 87
0.83 87
1.13 86
0.78 86
1.43 86
0.93 86
0.87 86
0.90 86
1.04 86
0.91 86
0.87 86
0.95 87
0.78 86
0.83 87
0.79 87
1.00 87
0.83 87
0.95 87
0.78 87
0.81 87
1.33 87
0.78 88
0.87 88
0.80 88
0.97 87
0.74 88
0.85 88
0.93 88
0.80 88
0.91 88
0.84 88
0.84 88
0.87 88
0.98 88
0.94 88
0.87 88
0.94 88
0.94 88
0.92 88
1.01 88
0.85 88
0.98 88
0.85 88
1.01 88
1.02 88
0.97 88
0.97 89
0.88 89
1.00 89
0.80 89
0.89 89
0.94 89
0.97 90
1.00 90
1.00 90
1.01 90
0.97 90
1.05 90
1.07 90
1.08 90
0.98 90
1.09 90
1.01 90
0.95 90
0.98 90
1.03 90
0.90 90
1.00 89
1.07 89
0.94 89
1.04 89
0.95 89
0.94 89
0.91 89
0.95 89
0.97 89
0.99 90
0.95 90
0.96 90
0.95 90
1.05 90
1.11 89
1.10 89
0.94 89
0.99 89
0.92 89
0.92 89
0.98 89
0.99 88
0.93 88
1.16 88
0.86 88
0.94 88
0.98 88
0.96 88
0.96 88
0.88 89
1.05 88
1.11 88
0.93 88
0.91 88
0.98 88
1.13 87
0.83 88
0.95 87
0.89 88
1.09 88
1.13 88
0.92 88
0.80 88
0.91 89
0.88 89
0.76 89
0.84 89
0.91 89
1.44 90
0.91 90
0.89 90
0.97 90
0.98 90
0.88 91
0.79 91
0.89 91
0.86 91
0.85 91
0.88 92
0.77 91
0.82 91
0.89 91
0.89 91
0.82 92
0.87 91
0.80 91
0.90 91
0.92 91
0.87 91
0.86 90
0.87 90
0.84 91
0.79 91
0.94 91
0.87 91
1.01 91
0.86 91
0.96 91
1.04 91
0.98 91
0.89 92
0.90 92
0.84 92
1.02 92
0.87 92
0.83 92
0.76 92
0.91 92
1.03 92
1.01 92
0.82 92
0.82 92
0.94 92
0.87 92
0.91 92
0.95 92
0.93 92
0.89 92
0.85 92
0.88 91
0.81 92
0.82 92
0.87 92
0.87 92
1.01 92
0.96 92
1.00 92
0.99 92
1.00 92
1.00 91
0.99 91
0.95 91
1.00 91
0.86 91
0.79 91
0.97 91
0.88 91
0.90 91
1.08 90
0.89 91
0.87 90
1.18 90
0.98 91
0.79 91
0.80 91
0.96 91
1.06 90
0.85 90
0.99 90
0.85 90
0.86 90
0.89 90
0.83 90
0.92 90
0.88 90
0.86 90
1.05 90
0.78 90
0.80 90
1.16 90
0.88 90
0.79 90
0.90 90
0.89 90
0.73 90
0.76 90
0.86 90
0.82 90
0.79 90
0.75 91
0.87 91
0.80 91
0.78 91
0.79 91
0.86 92
0.87 92
0.84 91
0.93 92
0.77 92
0.88 91
0.77 91
0.81 91
0.92 91
0.85 91
0.94 90
0.81 91
0.90 91
0.87 90
0.95 90
0.84 91
0.96 91
0.99 91
0.89 91
0.87 92
0.83 92
0.95 92
0.92 92
0.82 92
0.90 92
0.80 92
0.80 92
1.03 92
0.93 92
0.85 92
0.91 92
0.88 92
0.88 91
1.17 92
0.83 92
0.84 92
0.86 91
0.96 91
0.85 91
0.90 91
0.97 91
0.77 91
0.92 91
0.86 91
0.85 91
1.02 91
0.86 92
0.84 92
0.84 91
0.84 91
0.88 91
0.82 91
0.84 90
0.75 90
0.82 90
0.82 91
0.89 90
1.03 90
1.15 90
0.87 90
0.92 90
1.04 91
0.82 91
1.06 90
0.74 91
0.71 91
0.87 91
0.80 91
1.35 90
0.83 91
0.87 91
0.89 91
0.77 91
0.79 91
0.95 90
0.99 90
1.03 90
0.80 90
0.84 90
0.91 90
0.87 90
1.57 90
1.91 90
1.28 90
0.84 90
1.05 90
1.25 90
1.14 90
1.01 90
1.15 91
0.93 90
1.19 91
2.97 91
1.17 91
1.16 90
0.99 90
1.01 90
0.87 91
1.06 91
0.84 91
1.22 89
1.23 88
1.64 83
1.72 83
1.26 87
1.36 86
1.49 87
0.89 88
0.94 89
0.84 89
0.89 89
1.03 88
1.30 88
0.99 88
0.92 89
0.98 89
0.93 89
0.91 89
0.87 89
0.95 89
0.92 90
0.88 90
0.91 90
0.93 90
0.88 89
0.88 89
0.91 89
0.88 89
0.79 89
0.91 89
0.79 88
0.94 88
0.86 88
0.92 88
1.00 88
0.94 88
0.82 89
0.97 89
0.93 89
1.04 89
1.13 88
0.96 88
1.07 88
1.10 88
1.11 88
1.02 88
0.99 88
0.95 88
0.94 88
0.96 88
0.88 88
0.91 88
0.84 88
0.82 88
0.91 88
0.89 88
0.81 88
0.89 88
0.78 89
0.90 88
0.89 88
0.96 88
0.92 88
0.97 88
0.84 88
0.90 88
0.94 88
0.91 88
0.99 88
0.86 88
1.03 88
0.99 87
1.03 87
1.01 87
0.93 87
0.87 87
1.04 87
1.11 87
1.21 87
1.16 87
1.11 87
0.93 87
1.16 87
1.05 87
1.10 87
1.11 87
0.97 87
0.88 87
1.13 88
0.91 88
1.04 89
1.02 88
0.95 88
1.00 88
1.04 88
1.04 88
1.04 88
1.11 88
1.00 88
0.89 88
0.94 88
0.94 88
1.01 88
0.98 88
0.88 88
1.08 88
0.78 88
0.90 88
0.88 88
1.00 88
0.82 88
0.90 88
1.03 88
0.83 88
0.97 88
0.89 88
1.28 88
0.97 88
0.96 88
0.88 88
0.94 87
0.88 87
0.98 87
0.91 87
0.95 87
0.82 87
0.90 87
1.17 87
1.03 87
0.89 87
0.99 87
0.97 87
0.79 87
1.21 88
0.82 88
0.97 88
0.97 88
0.88 88
0.94 88
0.90 88
1.00 87
0.91 87
0.97 87
0.99 87
1.01 86
1.01 86
0.91 86
0.87 86
1.04 86
0.88 87
0.83 87
0.87 86
0.91 86
0.88 86
0.99 86
0.94 86
1.02 86
0.92 86
0.85 86
0.91 86
0.94 86
0.93 86
0.91 86
0.93 86
0.95 86
0.96 86
0.89 86
0.81 86
0.95 86
0.92 86
0.85 86
0.85 86
0.85 86
1.00 86
0.83 86
0.78 87
0.80 87
0.82 86
0.98 87
0.86 87
0.89 87
1.07 87
0.88 87
0.85 87
0.96 87
0.76 87
0.76 88
0.77 88
0.93 89
0.81 88
0.86 87
0.89 87
0.92 88
0.87 88
0.96 88
0.87 88
0.87 88
0.84 87
0.76 87
0.79 88
0.83 87
0.90 87
0.86 87
0.90 87
0.92 88
0.90 88
0.97 88
0.91 88
0.91 87
0.84 87
1.00 87
1.07 87
0.91 87
0.97 87
0.87 87
0.95 87
0.73 87
0.86 87
0.88 87
0.88 87
0.84 87
0.87 87
0.84 87
0.84 87
0.84 87
0.78 87
0.92 87
0.81 87
0.96 87
0.89 87
0.96 87
0.86 87
1.05 87
0.98 88
0.87 88
0.92 88
1.03 86
1.14 86
1.09 86
1.05 86
0.96 86
1.01 86
0.99 86
0.93 86
0.93 86
0.98 86
1.00 86
0.96 86
0.83 86
0.89 86
0.90 86
0.83 86
1.01 86
0.86 86
0.94 87
0.73 87
0.83 86
0.93 86
0.96 86
0.87 86
0.96 86
0.98 86
0.94 87
0.87 87
0.93 86
0.92 87
0.92 86
0.89 86
0.97 86
0.86 85
0.91 85
0.98 85
0.95 85
0.99 85
0.93 85
0.92 85
0.83 84
1.07 84
1.01 85
0.91 85
0.96 85
0.90 85
0.97 85
0.88 86
0.87 86
1.03 87
0.87 87
0.96 88
0.92 87
1.04 87
0.98 87
1.12 87
1.04 87
0.91 86
0.94 86
0.96 86
0.84 86
1.00 86
0.91 86
0.96 86
0.83 87
0.90 87
0.83 87
0.86 87
0.86 88
0.84 87
0.87 87
0.87 87
0.91 87
0.94 87
0.95 87
0.97 87
0.88 87
0.95 87
0.86 87
0.82 87
0.86 87
0.77 87
0.96 87
0.89 87
0.83 87
0.90 87
0.82 86
0.85 86
0.81 86
0.88 86
0.83 86
0.83 86
0.78 86
0.78 86
0.94 86
0.91 86
0.79 86
0.86 87
0.95 87
0.88 86
0.85 87
0.81 86
0.76 86
0.84 86
0.88 85
0.95 85
0.91 85
0.87 85
0.74 85
0.73 85
0.82 85
0.90 85
0.86 85
0.72 85
0.88 85
0.77 85
0.76 85
0.78 85
0.84 85
0.81 86
0.89 86
0.85 85
0.85 85
0.92 85
0.91 85
0.86 85
0.91 86
0.84 86
0.86 86
0.89 86
0.81 86
0.83 86
0.88 86
0.85 86
0.92 88
0.80 87
0.86 87
0.76 87
0.87 87
0.84 87
0.73 86
0.78 88
0.76 87
0.97 87
0.87 88
0.83 88
0.80 88
0.89 88
0.80 88
0.81 88
0.79 88
0.81 88
0.90 88
0.84 88
0.76 88
0.86 88
0.83 88
0.86 88
0.95 88
0.81 87
0.95 87
0.76 87
0.83 87
0.89 87
0.84 88
0.80 87
0.81 87
0.88 87
0.89 87
0.80 87
0.93 87
0.81 87
0.92 87
0.82 87
0.82 87
0.82 87
0.93 87
0.80 87
0.81 87
0.80 87
0.78 87
0.79 87
0.69 87
0.74 87
0.75 87
0.80 86
0.72 86
0.71 86
0.73 86
0.74 86
0.70 86
0.77 86
0.72 86
0.70 86
0.75 86
0.79 87
0.75 87
0.84 87
0.85 87
0.79 86
0.79 86
0.83 86
0.84 86
0.90 85
0.77 85
0.77 84
0.90 85
0.80 85
0.85 85
0.76 85
0.68 85
0.94 85
0.66 84
0.74 85
0.74 85
0.87 85
0.85 85
0.65 85
0.64 86
0.80 86
0.78 86
0.78 86
0.69 86
0.78 85
0.67 85
0.86 85
0.94 85
0.80 85
0.76 85
0.82 86
0.84 86
0.84 86
0.80 86
0.78 86
0.78 86
0.77 87
0.78 88
0.79 87
0.68 88
1.00 88
0.80 88
0.81 88
0.72 88
0.84 88
0.79 88
0.74 88
0.72 88
0.74 88
0.72 88
0.83 88
0.75 89
0.72 88
0.78 88
0.75 88
0.84 88
0.85 88
0.80 88
0.88 87
0.73 87
0.87 87
0.81 87
0.70 88
0.75 88
0.81 87
0.79 87
0.77 87
0.90 87
0.78 86
0.79 86
0.80 87
0.79 86
0.83 86
1.00 86
0.79 86
0.81 86
0.81 86
0.85 86
0.78 85
0.84 85
0.82 85
0.81 85
0.80 85
0.70 85
0.78 85
0.89 85
0.73 85
0.76 85
0.78 86
0.64 86
0.71 86
0.87 86
0.90 86
0.71 86
0.75 85
0.83 86
0.92 86
0.84 87
0.77 87
0.75 86
0.73 86
0.88 86
0.80 86
0.75 85
0.77 85
0.79 85
0.82 84
0.76 83
0.73 84
0.82 84
0.89 84
0.95 84
0.85 84
0.65 85
0.79 84
0.82 85
0.91 84
0.79 85
0.84 86
0.74 86
0.89 86
0.81 86
0.93 86
0.88 86
0.81 86
0.83 86
0.83 86
0.94 86
0.84 87
0.85 87
0.94 87
0.76 87
0.98 87
0.91 87
0.90 87
0.86 87
0.83 87
0.85 87
0.85 87
0.81 87
0.84 87
0.86 88
0.84 87
0.84 88
0.82 87
0.83 88
0.85 87
0.89 87
1.02 87
0.84 87
0.84 86
0.90 86
1.01 86
0.95 86
0.96 86
0.96 86
0.91 86
0.80 86
0.87 86
0.93 86
0.90 86
0.91 86
1.08 86
0.91 86
0.94 86
1.04 86
0.85 86
0.89 86
0.87 86
0.98 86
0.87 86
0.77 86
1.05 86
0.80 85
0.90 85
0.85 86
1.07 85
0.80 85
0.83 85
0.81 85
0.77 85
0.82 85
0.82 85
0.68 85
0.74 85
0.94 85
0.76 86
0.92 85
0.86 85
0.81 86
0.87 85
0.78 85
0.77 85
0.88 84
0.78 84
0.89 83
0.92 83
0.91 83
0.87 83
0.86 83
0.76 83
0.79 83
0.74 84
0.98 84
0.90 84
0.85 84
0.79 84
1.04 84
0.88 84
0.76 84
0.87 84
0.96 84
0.76 85
1.00 85
0.74 85
0.92 86
0.94 86
0.93 86
0.90 86
0.88 86
0.85 86
0.94 86
1.11 86
0.95 86
0.98 86
1.23 87
0.90 87
1.09 87
0.91 87
0.87 87
0.93 87
0.91 87
1.03 87
0.83 87
1.26 87
0.90 87
0.84 88
0.95 88
0.96 88
0.93 88
0.85 88
0.84 88
0.84 88
1.03 88
0.90 88
0.93 87
0.98 87
0.90 86
1.01 86
0.95 86
0.91 86
0.98 86
0.90 86
1.16 86
1.26 86
0.92 86
0.76 86
0.92 86
0.92 86
1.01 86
0.91 86
0.93 86
0.92 86
0.90 86
0.94 86
0.93 86
0.78 86
0.79 87
0.88 86
0.72 87
0.87 86
0.81 87
0.80 86
0.90 86
0.73 86
0.78 86
1.00 86
0.98 86
0.93 86
0.90 86
0.93 86
0.74 86
0.99 86
0.80 86
0.88 86
0.75 86
0.81 86
0.77 86
0.70 86
0.74 86
0.80 86
0.71 87
0.67 87
0.76 87
0.77 87
0.73 87
0.71 86
0.82 86
0.79 86
0.82 86
0.75 86
0.78 86
0.79 86
0.86 86
0.76 86
0.77 86
0.82 86
0.80 87
0.78 87
0.93 87
0.85 86
0.80 87
0.89 87
0.96 87
1.00 87
0.85 88
0.80 88
0.99 88
0.72 88
0.80 88
0.92 88
0.76 88
0.94 88
0.82 87
0.98 87
0.80 87
0.90 88
0.76 87
0.94 87
1.02 88
0.83 88
0.96 87
0.89 87
0.65 88
0.83 87
0.90 88
1.00 87
0.73 88
0.82 88
0.88 88
0.80 88
0.80 88
0.76 88
0.77 88
0.76 88
0.88 88
0.89 87
0.89 86
0.77 86
0.84 86
0.96 86
0.90 86
0.88 86
0.75 86
0.96 86
0.87 85
0.96 85
0.84 85
0.78 85
1.01 85
0.74 85
0.77 85
0.81 85
0.75 85
0.84 86
0.75 86
0.80 86
0.75 86
0.66 86
0.81 86
0.72 86
0.86 86
0.80 86
0.78 86
0.80 86
0.79 86
0.72 86
0.83 86
0.92 86
0.78 86
0.73 85
0.70 86
0.73 85
0.68 85
0.76 85
0.86 85
0.80 85
0.72 85
0.63 85
0.78 85
0.78 85
0.72 86
0.69 86
0.62 86
0.66 86
0.60 86
0.74 86
0.75 86
0.79 86
0.69 85
0.68 85
0.78 85
0.71 86
0.66 85
0.81 85
0.78 85
0.56 85
0.76 85
0.69 86
0.82 86
0.76 86
0.72 86
0.67 87
0.74 87
0.69 87
0.76 87
0.74 87
0.69 87
0.68 88
0.71 88
0.76 88
0.71 88
0.72 88
0.64 88
0.83 88
0.81 88
0.75 88
0.74 87
0.79 88
0.84 88
0.74 88
0.67 88
0.76 88
0.75 88
0.65 88
0.68 88
0.66 88
0.69 88
0.73 88
0.63 88
0.76 88
0.75 88
0.69 89
0.77 89
0.68 89
0.78 89
0.69 89
0.73 88
0.72 88
0.83 87
0.77 87
0.74 86
0.79 87
0.74 86
0.79 86
0.70 86
0.59 86
0.65 87
0.78 86
0.69 86
0.69 86
1.05 86
0.78 86
0.72 86
0.79 87
0.68 87
0.74 87
0.80 87
0.77 87
0.81 86
0.76 86
0.77 86
0.80 86
0.80 86
0.82 86
0.69 86
0.65 86
0.67 86
0.63 86
0.58 86
0.67 86
0.73 86
0.63 86
0.60 86
0.67 86
0.69 86
0.63 86
0.62 86
0.65 87
0.66 87
0.64 87
0.69 87
0.65 87
0.71 88
0.62 88
0.65 88
0.63 88
0.70 87
0.60 87
0.68 87
0.76 87
0.64 88
0.65 88
0.75 88
0.63 87
0.61 87
0.65 88
0.70 87
0.71 87
0.73 88
0.64 88
0.65 88
0.81 88
0.70 88
0.67 88
0.67 88
0.72 88
0.69 88
0.79 89
0.77 89
0.74 89
0.72 89
0.68 89
0.68 89
0.69 89
0.67 89
0.64 89
0.65 89
0.63 89
0.71 89
0.70 89
0.63 89
0.69 89
0.66 89
0.67 89
0.66 89
0.64 89
0.72 89
0.66 89
0.70 89
0.85 89
0.60 90
0.64 90
0.67 90
0.67 90
0.70 90
0.63 90
0.72 89
0.60 89
0.68 88
0.77 88
0.81 88
0.86 88
1.07 88
0.65 87
1.27 87
0.82 87
0.64 88
0.76 87
0.65 88
0.76 87
0.67 87
0.85 87
0.77 88
0.73 88
0.92 88
0.74 88
0.70 88
0.69 88
0.75 88
0.63 88
0.65 87
0.77 88
0.66 87
0.77 88
0.89 88
0.65 88
0.78 88
0.69 88
0.79 87
0.63 87
0.66 88
0.61 88
0.61 88
0.56 88
0.56 88
0.63 88
0.53 88
0.61 88
0.58 88
0.52 89
0.65 89
0.66 89
0.62 89
0.67 90
0.61 90
0.61 90
0.67 90
0.67 89
0.62 89
0.78 89
0.72 89
0.66 89
0.69 89
0.69 89
0.71 89
0.69 89
0.82 89
0.75 89
0.65 89
0.65 90
0.79 90
0.84 90
0.74 90
0.69 90
0.79 90
0.72 90
0.70 90
0.83 91
0.65 91
0.63 91
0.74 91
0.70 91
0.81 90
0.64 91
0.61 91
0.70 91
0.63 91
0.69 91
0.74 90
0.64 91
0.62 90
0.69 91
0.66 90
0.66 90
0.66 90
0.66 91
0.60 90
0.77 90
0.75 90
0.75 91
0.69 91
0.68 91
0.68 91
0.69 91
0.77 90
0.70 90
0.73 89
0.77 90
0.69 89
0.76 89
0.86 89
0.78 89
0.71 88
0.92 88
0.78 88
0.73 89
0.68 88
0.80 88
0.72 88
0.75 88
0.70 88
0.81 89
0.69 89
0.70 89
0.67 89
0.75 88
0.74 88
0.84 89
0.91 89
0.69 88
0.72 88
0.67 88
0.65 88
0.85 89
0.64 88
0.67 88
0.89 89
0.58 89
0.63 89
1.09 88
0.62 89
0.70 89
0.62 89
0.51 89
0.59 89
0.56 89
0.53 90
0.63 89
0.57 90
0.61 90
0.60 90
0.69 90
0.62 90
0.64 91
0.65 91
0.59 91
0.65 91
0.66 90
0.68 91
0.70 90
0.71 90
0.71 90
0.71 90
0.74 90
0.73 90
0.70 89
0.68 90
0.74 90
0.71 90
0.76 91
0.67 92
0.75 92
0.76 92
0.70 91
0.71 92
0.72 92
0.72 92
0.64 92
0.72 92
0.68 92
0.83 92
0.66 92
0.86 92
0.73 92
0.65 92
0.75 92
0.68 92
0.71 92
0.66 92
0.70 92
0.76 91
0.66 91
0.73 92
0.69 91
0.70 91
0.72 92
0.72 91
1.04 91
0.67 92
0.78 92
0.73 92
0.74 92
0.70 91
0.75 91
0.71 91
0.74 91
0.79 90
0.79 90
0.73 89
0.76 89
0.88 89
1.04 89
0.87 89
0.88 89
0.66 89
0.81 89
0.69 88
0.84 88
0.78 88
0.83 89
0.82 89
0.85 89
0.73 89
0.69 89
0.98 89
1.14 89
0.85 89
0.82 89
0.85 89
0.77 89
0.80 89
0.67 89
0.65 89
0.67 89
0.71 89
0.63 90
1.01 89
0.58 90
0.79 90
0.73 90
0.75 90
0.62 90
0.70 90
0.73 90
0.69 90
0.65 90
0.65 90
0.85 91
0.74 91
0.71 90
0.93 90
0.76 91
0.70 92
0.72 92
0.68 91
0.80 91
0.72 90
0.79 90
0.82 90
0.82 90
0.85 90
0.87 90
0.83 90
0.98 89
0.76 89
0.84 90
0.92 90
0.80 90
0.80 90
0.96 91
0.79 91
0.82 90
0.71 90
0.86 91
0.83 91
0.82 91
0.92 91
0.99 91
0.79 91
0.95 92
0.85 91
0.76 91
0.69 91
0.75 91
0.98 91
0.71 91
0.97 91
0.77 91
0.72 91
0.89 91
0.76 91
0.72 91
0.76 91
0.72 91
0.79 91
0.78 91
0.89 91
0.89 91
0.89 90
0.71 92
0.76 92
0.81 92
0.76 91
0.92 91
0.78 91
0.85 91
0.79 90
1.00 89
0.88 89
0.87 88
0.94 88
0.83 88
0.94 89
0.96 89
0.89 88
0.79 88
0.80 88
0.77 88
0.85 88
0.93 89
0.85 89
0.93 89
0.89 89
0.91 89
0.86 89
0.96 89
0.73 89
0.79 89
0.73 89
0.80 89
1.03 89
0.85 89
0.74 90
0.70 90
0.86 90
0.66 90
0.91 90
0.67 89
0.68 90
0.88 89
0.83 90
0.74 90
0.95 90
0.66 90
0.67 90
0.92 90
0.77 90
0.80 90
0.69 90
0.77 90
0.67 91
0.83 91
0.71 91
0.72 91
0.78 91
0.76 91
0.77 90
0.82 91
0.80 90
0.86 90
0.95 90
0.80 90
0.79 90
1.16 89
0.97 90
1.19 90
0.80 90
1.11 90
0.95 90
1.02 90
0.86 90
0.88 90
0.96 91
0.85 91
0.89 91
0.90 91
0.97 91
0.88 91
0.82 91
0.91 91
0.84 91
0.85 91
0.95 91
0.87 91
0.76 91
0.84 90
0.96 90
0.87 90
0.91 90
0.92 90
0.92 90
0.86 90
0.73 90
1.20 90
0.70 91
0.75 90
0.87 90
0.77 90
0.77 91
0.80 91
0.76 91
0.76 91
0.79 90
1.77 90
0.94 89
0.89 90
0.96 89
0.91 88
0.80 88
0.85 88
0.76 88
0.91 88
0.71 88
0.91 88
1.59 88
1.39 88
0.87 88
0.91 88
1.00 88
0.91 88
0.93 89
1.09 89
0.96 89
0.91 89
0.81 88
0.87 88
0.67 88
0.79 89
0.79 89
0.89 89
0.67 89
0.78 89
0.65 89
1.03 89
0.67 89
0.93 89
0.79 89
0.58 89
0.77 89
0.78 90
0.80 90
0.79 90
0.78 90
0.90 90
0.73 90
0.99 90
0.70 90
0.80 90
0.86 90
0.68 90
0.79 90
0.86 90
0.94 91
0.73 91
0.74 91
0.77 91
0.84 91
0.72 90
0.81 90
0.81 90
0.94 89
0.81 89
0.92 89
0.87 89
0.98 89
0.92 89
0.92 89
0.89 89
0.94 90
1.63 90
0.74 90
0.85 90
0.79 90
0.82 90
0.77 90
0.78 90
0.89 90
1.12 90
0.80 90
0.91 90
0.79 90
1.04 89
0.93 89
1.06 89
0.81 89
0.68 89
0.82 89
0.86 89
0.76 89
0.80 89
0.92 88
0.64 89
0.94 89
0.79 89
0.73 88
0.80 88
0.68 88
0.80 89
0.72 89
0.71 89
0.84 89
0.88 89
0.84 89
0.83 89
0.92 88
1.04 88
0.76 87
0.81 87
1.03 87
1.07 87
0.74 88
1.02 87
0.75 87
0.91 87
0.99 87
1.07 87
0.85 87
0.86 87
0.77 87
0.86 87
0.88 87
0.80 87
0.77 87
0.77 87
0.76 87
1.18 87
0.76 87
0.75 87
0.78 87
0.72 87
0.71 87
0.68 87
0.63 87
0.88 87
0.77 87
0.76 87
0.73 87
0.63 88
0.71 88
0.74 88
0.69 88
0.70 88
0.66 88
0.88 88
0.71 89
0.76 89
0.66 90
0.76 89
0.91 90
0.65 90
0.77 90
0.72 90
0.73 90
0.88 90
0.89 90
0.82 90
0.76 90
0.87 89
0.87 89
0.87 88
1.06 88
1.31 88
1.19 88
1.23 88
0.86 88
0.99 88
0.79 88
0.79 89
0.88 89
0.96 88
0.80 88
0.83 88
0.79 88
0.82 88
1.05 88
0.92 88
0.78 88
0.97 88
0.90 88
1.00 87
0.78 87
0.93 87
0.70 87
0.83 87
1.09 87
0.83 87
0.76 87
1.03 87
0.73 87
0.85 87
0.97 87
0.77 87
0.85 87
0.64 88
0.72 88
0.76 87
0.93 88
0.83 88
0.93 89
0.77 88
0.98 87
0.96 87
0.99 86
0.86 87
1.03 86
1.02 85
0.84 85
1.23 85
0.89 85
0.97 85
0.77 85
0.98 85
0.84 85
1.18 85
1.18 84
1.14 84
1.10 85
0.88 85
1.01 85
0.72 85
0.90 85
0.89 85
0.93 85
1.01 85
0.94 85
1.01 85
0.98 85
0.88 86
0.94 86
0.96 86
0.85 86
0.86 86
0.83 86
1.01 87
0.94 87
0.92 87
0.84 87
0.88 87
0.95 87
1.03 88
0.87 88
0.82 88
0.95 88
0.85 88
1.05 88
0.94 88
0.86 88
0.84 88
0.80 90
0.79 89
0.86 89
0.85 89
1.09 89
0.86 89
0.98 89
0.88 89
1.02 88
0.92 88
1.00 88
0.94 88
1.27 88
1.02 88
0.99 88
0.95 88
0.93 88
0.79 88
1.01 88
0.92 88
0.91 88
1.05 88
0.92 88
1.06 87
1.08 87
0.96 87
1.05 87
0.98 87
0.88 87
0.80 87
0.91 87
0.78 87
0.82 87
0.75 87
0.75 87
0.73 87