26.7 7.9
26.7 7.9
26.7 7.8
26.7 7.8
26.7 7.8
26.7 7.8
26.7 7.8
26.7 7.8
26.7 7.8
26.7 7.8
26.7 7.8
26.7 7.8
26.7 7.8
26.7 7.8
26.7 7.8
26.7 7.8
26.7 7.8
26.7 7.8
26.7 7.8
26.7 7.8
26.8 7.8
26.8 7.8
26.8 7.8
26.8 7.8
26.8 7.8
26.8 7.8
26.8 7.8
26.7 7.8
26.7 7.8
26.7 7.8
26.7 7.8
26.7 7.8
26.7 7.8
26.7 7.8
26.7 7.8
26.7 7.8
26.8 7.8
26.8 7.8
26.8 7.8
26.8 7.8
26.8 7.8
26.8 7.8
26.8 7.8
26.8 7.8
26.8 7.8
26.8 7.7
26.8 7.7
26.8 7.7
26.8 7.7
26.8 7.7
26.8 7.7
26.8 7.7
26.8 7.7
26.8 7.7
26.8 7.7
26.8 7.6
26.8 7.6
26.8 7.6
26.9 7.0
26.9 7.0
26.9 7.0
26.9 6.9
26.9 6.9
26.9 6.9
26.9 6.7
26.9 6.7
26.9 6.5
26.8 6.6
26.8 6.5
26.8 6.4
26.8 7.2
26.8 7.2
26.8 7.1
26.8 7.1
26.8 7.1
26.8 7.1
26.8 7.2
26.8 7.2
26.8 7.2
26.9 7.2
26.9 7.1
26.9 7.1
26.8 7.1
26.8 7.1
26.8 7.0
26.7 6.9
26.7 6.9
26.7 6.8
26.7 6.7
26.8 6.7
26.8 6.7
26.8 6.7
26.8 6.6
26.8 6.6
26.8 6.6
26.8 6.6
26.8 6.6
26.8 6.6
26.8 6.6
26.8 6.6
26.8 6.6
26.8 6.6
26.8 6.6
26.8 6.5
26.8 6.5
26.8 6.5
26.8 6.5
26.9 6.5
26.9 6.5
26.9 6.5
26.9 6.5
26.9 6.5
27.0 6.5
27.0 6.5
27.1 6.5
27.1 6.5
27.1 6.5
27.1 6.4
27.1 6.4
27.1 6.4
27.2 6.4
27.2 6.4
27.2 6.4
27.2 6.3
27.2 6.3
27.2 6.4
27.2 6.3
27.2 6.3
27.2 6.3
27.2 6.3
27.2 6.3
27.2 6.3
27.2 6.3
27.2 6.3
27.2 6.3
27.3 6.3
27.2 6.3
27.2 6.3
27.2 6.3
27.3 6.3
27.4 6.3
27.5 6.3
27.6 6.3
27.7 6.3
28.0 6.3
28.3 6.2
28.4 6.2
28.3 6.2
28.2 6.2
28.1 6.2
28.0 6.2
28.0 6.2
27.9 6.2
27.9 6.2
27.9 6.1
28.1 6.1
28.1 6.0
28.2 6.0
28.2 6.0
28.1 5.8
28.0 5.7
28.0 5.7
28.0 5.6
27.9 5.5
27.9 5.5
27.9 5.4
27.8 5.2
27.8 5.2
27.9 5.2
27.9 4.9
27.7 5.0
27.8 5.0
27.8 4.8
27.8 4.9
27.8 4.9
27.8 4.9
27.7 4.9
27.8 4.9
27.7 5.0
27.7 5.0
27.7 5.0
27.6 5.0
27.6 5.0
27.7 5.0
27.7 5.0
27.7 5.0
27.7 5.0
27.7 5.0
27.7 4.8
27.6 4.9
27.6 4.9
27.6 4.8
27.6 4.8
27.6 4.8
27.6 4.8
27.6 4.8
27.6 4.8
27.6 4.8
27.6 4.7
27.6 4.7
27.5 4.8
27.5 4.7
27.5 4.8
27.5 4.7
27.4 4.8
27.4 4.8
27.4 4.7
27.4 4.7
27.4 4.7
27.4 4.7
27.4 4.7
27.4 4.7
27.3 4.7
27.3 4.7
27.3 4.7
27.3 4.7
27.3 4.6
27.3 4.6
27.3 4.6
27.3 4.6
27.3 4.6
27.3 4.6
27.2 4.6
27.2 4.6
27.2 4.6
27.2 4.6
27.2 4.6
27.2 4.6
27.2 4.6
27.2 4.6
27.2 4.6
27.2 4.6
27.2 4.6
27.2 4.6
27.2 4.6
27.2 4.6
27.2 4.6
27.2 4.6
27.2 4.6
27.1 4.6
27.1 4.6
27.1 4.6
27.1 4.6
27.1 4.7
27.1 4.6
27.1 4.6
27.1 4.6
27.1 4.6
27.1 4.6
27.1 4.6
27.1 4.6
27.1 4.6
27.1 4.6
27.1 4.6
27.1 4.6
27.1 4.6
27.1 4.6
27.1 4.8
27.1 4.7
27.1 4.6
27.1 4.6
27.1 4.6
27.1 4.6
27.1 5.1
27.1 4.9
27.1 5.2
27.1 5.1
27.1 5.0
27.1 5.1
27.1 4.9
27.0 5.0
27.0 5.1
27.0 5.1
27.0 5.0
27.0 5.4
27.0 5.4
27.0 5.6
27.0 5.6
27.0 5.3
27.0 5.2
27.0 5.7
27.0 5.5
27.0 5.4
27.0 5.7
27.0 5.6
27.0 5.6
27.0 5.7
27.1 5.6
27.1 5.6
27.1 5.4
27.1 5.6
27.1 5.6
27.0 5.4
27.0 5.4
27.0 5.4
27.0 5.5
27.0 5.3
27.0 5.3
27.0 5.3
27.1 5.2
27.1 5.2
27.1 5.1
27.1 5.0
27.1 5.0
27.0 5.0
27.0 4.9
27.0 4.8
27.0 4.9
27.0 4.9
27.0 4.8
27.0 4.6
27.0 4.6
27.0 4.4
27.0 4.5
27.0 4.5
27.0 4.5
27.1 4.5
27.0 4.5
27.0 4.5
27.0 4.5
27.0 4.5
27.0 4.5
27.0 4.5
27.0 4.5
27.0 4.5
27.0 4.5
27.0 4.5
27.0 4.5
26.9 4.5
26.9 4.5
26.9 4.5
26.9 4.5
26.9 4.5
26.9 4.5
26.9 4.5
26.9 4.5
26.9 4.5
26.9 4.5
27.0 4.5
27.0 4.5
27.0 4.5
27.0 4.5
27.0 4.5
27.0 4.5
27.0 4.5
27.1 4.5
27.1 4.5
27.1 4.5
27.2 4.5
27.2 4.5
27.3 4.5
27.3 4.5
27.3 4.5
27.3 4.5
27.4 4.5
27.4 4.5
27.4 4.5
27.4 4.5
27.3 4.5
27.3 4.5
27.3 4.4
27.4 4.4
27.4 4.4
27.5 4.4
27.5 4.4
27.6 4.4
27.7 4.4
27.7 4.4
27.7 4.4
27.8 4.4
27.8 4.4
27.9 4.3
27.9 4.3
27.9 4.3
27.9 4.2
28.0 4.1
28.0 4.1
28.0 4.1
28.1 4.1
28.1 4.0
28.1 4.0
28.1 4.0
28.1 4.0
28.1 4.0
28.1 4.0
28.0 3.9
28.0 3.9
28.1 3.9
28.1 3.8
28.1 3.7
28.1 3.7
28.1 3.7
28.1 3.7
28.1 3.6
28.1 3.5
28.2 3.5
28.2 3.5
28.2 3.4
28.2 3.5
28.2 3.4
28.2 3.4
28.2 3.4
28.2 3.4
28.2 3.3
28.2 3.3
28.1 3.3
28.1 3.2
28.1 3.2
28.1 3.2
28.1 3.2
28.0 3.1
28.0 3.1
28.1 3.1
28.0 3.1
28.0 3.0
28.0 3.0
27.9 2.9
27.8 2.8
27.8 2.9
27.8 2.8
27.7 2.8
27.7 2.7
27.7 2.7
27.6 2.7
27.4 2.6
27.5 2.7
27.5 2.7
27.5 2.7
27.4 2.7
27.4 2.7
27.4 2.7
27.4 2.7
27.5 2.7
27.4 2.7
27.4 2.7
27.4 2.7
27.3 2.7
27.3 2.8
27.3 2.9
27.2 2.8
27.2 2.8
27.2 2.8
27.2 2.8
27.2 2.8
27.2 2.7
27.2 2.7
27.2 2.7
27.2 2.7
27.2 2.8
27.2 2.8
27.2 2.8
27.2 2.7
27.2 2.8
27.2 2.7
27.1 2.7
27.1 2.7
27.1 2.7
27.1 2.7
27.1 2.7
27.1 2.7
27.1 2.7
27.0 2.7
27.0 2.7
27.0 2.7
27.0 2.7
27.0 2.7
27.0 2.7
27.0 2.7
27.0 2.7
27.0 2.7
27.0 2.7
26.9 2.7
26.9 2.7
26.9 2.7
27.0 2.7
27.0 2.7
26.9 2.7
26.9 2.7
26.9 2.7
26.9 2.7
26.9 2.7
26.9 2.7
26.9 2.7
26.9 2.7
26.8 2.7
26.8 2.7
26.8 2.7
26.7 2.7
26.7 2.7
26.7 2.7
26.7 2.7
26.6 2.7
26.6 2.7
26.7 2.7
26.7 2.7
26.7 2.7
26.8 2.7
26.8 2.7
26.8 2.7
26.8 2.7
26.8 2.7
26.8 2.7
26.8 2.7
26.8 2.7
26.8 2.7
26.8 2.7
26.8 2.7
26.8 2.7
26.7 2.7
26.7 2.7
26.7 3.4
26.7 2.7
26.7 2.7
26.7 2.7
26.5 2.7
26.5 2.7
26.4 2.7
26.5 2.7
26.5 2.7
26.5 2.7
26.6 2.9
26.6 2.7
26.6 2.8
26.6 3.3
26.6 3.4
26.6 3.0
26.6 3.1
26.6 3.0
26.6 3.2
26.6 3.4
26.6 3.5
26.6 3.5
26.6 3.6
26.6 3.6
26.6 3.6
26.6 3.6
26.6 3.9
26.6 3.9
26.6 3.9
26.6 3.9
26.6 4.0
26.5 4.0
26.5 4.0
26.5 3.9
26.5 3.9
26.5 3.9
26.5 3.8
26.5 3.8
26.5 3.8
26.6 3.8
26.6 3.8
26.6 3.8
26.6 3.8
26.6 3.8
26.6 3.8
26.5 3.8
26.5 3.8
26.5 3.8
26.5 3.8
26.5 3.8
26.5 3.8
26.5 3.8
26.5 3.8
26.5 3.8
26.5 3.8
26.5 3.9
26.5 3.9
26.4 3.9
26.4 3.9
26.4 3.9
26.4 4.2
26.4 4.3
26.5 4.0
26.5 4.1
26.5 4.1
26.5 4.1
26.5 4.1
26.5 4.0
26.6 4.0
26.6 3.9
26.5 3.9
26.5 3.9
26.5 3.8
26.6 3.8
26.6 3.8
26.6 3.8
26.7 3.8
26.7 3.8
26.7 3.8
26.7 3.8
26.6 3.8
26.6 3.8
26.6 3.7
26.7 3.7
26.7 3.7
26.7 3.6
26.7 3.5
26.7 3.5
26.7 3.4
26.7 3.4
26.7 3.3
26.7 3.3
26.8 3.2
26.8 3.2
26.8 3.2
26.8 3.2
26.8 3.1
26.8 3.2
26.8 3.2
26.8 3.2
26.8 3.2
26.8 3.1
26.9 3.1
26.9 3.1
26.9 3.1
26.9 3.0
26.9 3.0
26.9 2.9
26.8 2.9
26.8 2.9
26.8 2.9
26.8 2.9
26.8 2.9
26.9 2.9
26.9 2.9
26.9 2.9
26.8 2.9
26.8 2.9
26.8 2.9
26.8 2.9
26.7 2.9
26.7 2.9
26.7 2.9
26.7 2.9
26.7 2.9
26.7 2.9
26.7 2.9
26.7 2.9
26.7 2.9
26.7 2.9
26.7 2.9
26.6 2.9
26.6 2.9
26.6 2.9
26.6 2.9
26.6 2.9
26.6 2.9
26.6 2.9
26.6 2.9
26.6 2.9
26.6 2.9
26.6 2.9
26.6 2.9
26.6 3.1
26.6 3.1
26.5 3.0
26.5 3.0
26.5 3.0
26.5 3.0
26.5 3.0
26.5 3.0
26.5 3.0
26.5 3.0
26.5 3.0
26.5 3.0
26.5 3.0
26.5 3.0
26.5 3.0
26.4 3.0
26.4 3.0
26.4 3.0
26.4 3.0
26.4 3.0
26.4 3.0
26.4 3.0
26.4 3.0
26.4 3.0
26.4 3.4
26.4 3.3
26.3 3.4
26.3 3.4
26.3 3.3
26.3 3.3
26.3 3.3
26.3 3.3
26.3 3.3
26.3 3.3
26.3 3.3
26.2 3.3
26.2 3.3
26.2 3.3
26.2 3.3
26.2 3.3
26.2 3.3
26.1 3.3
26.1 3.3
26.1 3.3
26.1 3.3
26.1 3.3
26.1 3.3
26.0 3.3
26.0 3.2
26.0 3.2
26.0 3.2
26.0 3.1
26.0 3.0
26.0 3.1
25.9 3.1
25.9 3.3
25.9 3.2
25.9 3.4
25.9 3.3
25.9 3.3
25.9 3.3
25.9 3.1
25.9 3.0
25.8 3.1
25.8 3.3
25.8 3.2
25.8 3.2
25.8 3.2
25.8 3.2
25.9 3.2
25.9 3.2
25.8 3.2
25.7 3.2
25.6 3.2
25.7 3.2
25.6 3.2
25.6 3.2
25.5 3.2
25.5 3.2
25.5 3.2
25.6 3.2
25.7 3.1
25.8 3.1
25.8 3.1
25.8 3.1
25.7 3.1
25.7 3.1
25.7 3.1
25.7 3.0
25.7 3.0
25.6 3.0
25.6 3.0
25.7 3.0
25.7 2.9
25.7 3.2
25.7 3.2
25.7 3.2
25.7 3.2
25.8 3.2
25.8 3.2
25.5 3.2
25.4 3.1
25.5 3.1
25.5 3.2
25.4 3.2
25.5 3.2
25.6 3.2
25.6 3.2
25.6 3.2
25.5 3.2
25.5 3.1
25.5 3.1
25.4 3.2
25.4 3.2
25.4 3.2
25.4 3.2
25.4 3.2
25.4 3.2
25.3 3.2
25.4 3.3
25.4 3.4
25.4 3.4
25.4 3.5
25.4 3.5
25.4 3.5
25.3 3.5
25.3 3.5
25.3 3.5
25.3 3.5
25.3 3.5
25.3 3.5
25.4 3.4
25.4 3.4
25.4 3.4
25.4 3.4
25.4 3.4
25.4 3.4
25.4 3.4
25.4 3.4
25.4 3.3
25.4 3.3
25.4 3.3
25.4 3.4
25.4 3.5
25.4 3.5
25.4 3.5
25.4 3.5
25.4 3.5
25.5 3.5
25.5 3.7
25.5 3.6
25.5 3.6
25.5 3.6
25.5 3.7
25.5 3.7
25.5 3.8
25.5 3.8
25.5 3.8
25.6 3.8
25.6 3.8
25.6 3.5
25.6 3.5
25.6 3.5
25.6 3.5
25.6 3.5
25.6 3.5
25.6 3.5
25.6 3.5
25.7 3.5
25.7 3.5
25.7 3.5
25.8 3.5
25.8 3.5
25.8 3.5
25.8 3.5
25.8 3.5
25.9 3.5
25.9 3.5
25.9 3.5
26.0 3.5
26.0 3.5
25.9 3.5
25.9 3.5
25.9 3.5
26.0 3.8
26.0 3.7
26.1 3.7
26.1 3.7
26.1 3.7
26.2 3.7
26.1 3.7
26.1 3.6
26.1 3.7
26.1 3.7
26.1 3.7
26.1 3.7
26.1 3.6
26.0 3.6
26.0 3.4
26.0 3.4
26.0 3.2
26.0 3.2
26.0 3.1
26.0 3.1
26.0 3.0
26.0 3.0
26.1 3.0
26.2 3.0
26.2 3.0
26.2 3.0
26.2 3.0
26.2 3.0
26.1 3.0
26.1 3.0
26.1 2.9
26.1 2.9
26.0 2.8
26.0 2.8
26.0 2.8
26.0 2.7
25.9 2.7
25.9 2.8
25.9 2.8
26.0 2.8
26.0 2.7
26.0 2.7
26.0 2.7
25.9 2.7
25.9 2.7
25.9 2.5
25.9 2.5
25.9 2.5
25.9 2.5
25.9 2.5
25.9 2.5
25.8 2.5
25.8 2.5
25.8 2.5
25.8 2.5
25.8 2.5
25.8 2.5
25.7 2.5
25.7 2.5
25.7 2.5
25.7 2.4
25.7 2.4
25.7 2.4
25.6 2.4
25.6 2.4
25.6 2.4
25.6 2.4
25.6 2.4
25.6 2.4
25.6 2.4
25.6 2.4
25.6 2.4
25.6 2.4
25.5 2.4
25.5 2.4
25.5 2.4
25.5 2.4
25.5 2.4
25.5 2.4
25.5 2.4
25.5 2.4
25.4 2.4
25.4 2.4
25.4 2.4
25.4 2.4
25.4 2.4
25.4 2.4
25.4 2.4
25.4 2.4
25.4 2.4
25.4 2.4
25.3 2.4
25.3 2.4
25.3 2.4
25.3 2.4
25.3 2.4
25.3 2.4
25.2 2.4
25.2 2.4
25.2 2.4
25.2 2.4
25.2 2.4
25.2 2.4
25.2 2.4
25.2 2.4
25.2 2.4
25.2 2.4
25.1 2.4
25.1 2.4
25.1 2.4
25.1 2.4
25.1 2.4
25.2 2.5
25.2 2.5
25.2 2.5
25.2 2.8
25.2 2.8
25.2 2.8
25.1 2.7
25.1 2.7
25.1 2.7
25.2 2.7
25.1 2.7
25.1 2.7
25.2 2.8
25.1 3.0
25.1 3.0
25.1 3.0
25.1 2.9
25.1 2.9
25.0 2.9
25.0 3.0
25.0 3.0
25.0 3.0
25.0 2.9
25.0 2.9
25.1 2.9
25.1 2.9
25.0 2.9
25.0 2.9
25.0 2.9
25.1 2.8
25.0 2.8
25.0 2.8
25.0 2.8
25.0 2.8
25.0 2.8
25.0 2.8
25.0 2.8
25.0 2.8
25.0 2.8
25.0 2.8
25.0 2.8
24.9 2.8
25.0 2.8
25.0 2.8
25.0 2.8
24.9 2.8
24.9 2.8
24.9 2.8
24.9 2.8
24.9 2.8
25.0 2.8
25.0 2.8
24.9 2.8
24.9 2.8
24.9 2.8
24.9 2.8
24.9 2.8
24.9 2.8
24.9 2.8
24.9 2.9
25.0 2.9
25.0 2.9
25.0 2.9
25.0 2.9
25.0 2.9
25.0 2.9
25.0 2.9
25.0 2.9
25.0 2.9
25.0 3.0
25.0 3.0
25.0 3.0
25.0 3.0
25.0 3.0
25.0 3.0
25.0 3.1
25.0 3.1
25.0 3.1
25.0 3.1
25.0 3.1
25.0 3.1
25.0 3.1
25.0 3.1
25.0 3.1
25.0 3.1
25.0 3.1
25.0 3.1
25.0 3.1
25.0 3.1
25.0 3.1
25.0 3.1
25.0 3.1
25.0 3.1
25.0 3.1
25.0 3.2
25.1 3.2
25.1 3.2
25.1 3.2
25.1 3.2
25.1 3.2
25.1 3.2
25.1 3.2
25.1 3.2
25.1 3.2
25.1 3.2
25.1 3.2
25.1 3.2
25.1 3.2
25.1 3.2
25.1 3.2
25.1 3.3
25.1 3.3
25.1 3.3
25.1 3.3
25.1 3.3
25.1 3.3
25.1 3.3
25.1 3.3
25.1 3.3
25.1 3.3
25.1 3.3
25.1 3.3
25.1 3.3
25.0 3.3
25.0 3.3
25.0 3.3
25.0 3.3
25.1 3.3
25.1 3.3
25.0 3.3
25.0 3.3
25.0 3.3
25.0 3.3
25.0 3.3
25.0 3.3
25.0 3.3
25.0 3.3
25.0 3.3
25.0 3.3
25.0 3.3
25.1 3.3
25.1 3.3
25.1 3.3
25.1 3.3
25.0 3.3
25.0 3.3
25.0 3.3
25.0 3.3
25.0 3.3
25.0 3.3
25.0 3.3
25.0 3.3
25.0 3.3
25.0 3.3
24.9 3.3
24.9 3.3
24.9 3.2
24.9 3.2
24.9 3.2
24.9 3.2
24.9 3.2
24.9 3.2
24.9 3.2
24.9 3.1
24.9 3.1
24.9 3.0
24.9 3.0
24.9 3.0
24.9 3.0
24.9 3.0
24.9 3.0
24.9 2.9
24.9 2.8
24.9 2.8
24.9 2.8
24.9 2.8
24.9 2.8
24.9 2.8
24.9 2.8
24.9 2.8
24.9 2.8
24.9 2.8
24.9 2.8
24.9 2.8
24.8 2.8
24.8 2.8
24.8 2.8
24.8 2.9
24.8 2.9
24.8 2.9
24.8 2.9
24.8 2.9
24.8 2.9
24.8 2.9
24.8 2.9
24.8 2.9
24.8 2.9
24.8 2.9
24.8 2.9
24.8 2.9
24.8 2.9
24.8 2.9
24.8 2.9
24.8 2.9
24.8 2.9
24.8 2.9
24.8 2.9
24.8 2.9
24.8 3.0
24.8 3.0
24.8 3.0
24.7 3.0
24.7 3.0
24.7 3.0
24.7 3.0
24.7 3.0
24.7 3.0
24.7 3.0
24.7 3.0
24.7 3.0
24.7 3.0
24.7 3.0
24.7 3.0
24.7 3.0
24.7 3.0
24.7 3.0
24.7 3.0
24.7 3.0
24.7 3.0
24.7 3.0
24.7 3.0
24.7 3.0
24.7 3.0
24.7 3.0
24.7 3.0
24.7 3.0
24.7 3.0
24.7 3.0
24.7 3.0
24.7 3.0
24.7 3.0
24.7 3.0
24.7 3.0
24.7 3.0
24.7 3.0
24.7 3.0
24.7 3.0
24.7 3.0
24.7 3.0
24.7 3.0
24.7 3.0
24.7 3.0
24.7 3.0
24.7 3.0
24.6 3.0
24.6 3.0
24.6 3.0
24.6 3.0
24.6 3.0
24.6 3.0
24.6 3.0
24.6 3.0
24.6 3.0
24.6 3.0
24.6 3.0
24.6 2.9
24.6 2.9
24.6 2.9
24.6 2.9
24.6 2.9
24.6 2.9
24.6 2.9
24.6 2.9
24.5 2.8
24.5 2.8
24.5 2.8
24.5 2.8
24.5 2.8
24.5 2.8
24.5 2.8
24.5 2.8
24.5 2.8
24.5 2.8
24.5 2.8
24.5 2.8
24.5 2.8
24.5 2.8
24.5 2.8
24.5 2.8
24.5 2.7
24.5 2.7
24.5 2.6
24.5 2.7
24.5 2.7
24.5 2.7
24.5 2.7
24.5 2.7
24.5 2.6
24.5 2.7
24.5 2.6
24.5 2.6
24.5 2.6
24.5 2.6
24.5 2.6
24.5 2.6
24.5 2.6
24.5 2.6
24.5 2.6
24.5 2.6
24.5 2.6
24.5 2.6
24.5 2.6
24.5 2.6
24.5 2.6
24.5 2.6
24.6 2.6
24.6 2.6
24.6 2.6
24.7 2.6
24.7 2.6
24.7 2.6
24.7 2.6
24.6 2.6
24.6 2.6
24.7 2.6
24.7 2.6
24.8 2.5
24.8 2.5
24.8 2.5
24.8 2.5
24.8 2.5
24.8 2.5
24.9 2.5
24.9 2.5
24.9 2.5
24.9 2.5
24.9 2.5
25.0 2.5
25.0 2.5
25.0 2.5
25.0 2.5
25.0 2.5
25.0 2.5
25.0 2.5
25.0 2.4
24.9 2.4
25.0 2.4
25.0 2.4
25.0 2.4
25.0 2.4
25.0 2.4
25.0 2.4
25.1 2.4
25.1 2.4
25.1 2.4
25.0 2.4
25.0 2.3
25.0 2.3
25.0 2.3
25.0 2.3
25.0 2.3
24.9 2.3
24.9 2.3
24.9 2.3
24.9 2.3
24.9 2.3
24.9 2.3
24.9 2.3
24.9 2.3
24.9 2.3
25.0 2.3
25.0 2.3
25.0 2.2
25.0 2.2
25.0 2.2
25.0 2.2
25.0 2.2
25.0 2.2
25.0 2.2
25.0 2.2
25.0 2.2
25.0 2.2
25.0 2.2
25.0 2.2
25.0 2.2
25.1 2.1
25.1 2.1
25.1 2.1
25.1 2.1
25.1 2.1
25.1 2.1
25.1 2.1
25.1 2.1
25.1 2.0
25.0 2.0
25.1 2.0
25.0 2.1
25.0 2.0
24.9 2.0
24.9 2.0
24.8 2.0
24.8 2.0
24.8 2.0
24.8 2.0
24.7 2.0
24.8 2.0
24.8 2.0
24.7 2.0
24.7 2.0
24.7 2.0
24.7 2.0
24.6 2.0
24.6 2.0
24.6 2.0
24.6 2.0
24.6 2.0
24.6 2.0
24.6 2.0
24.6 2.0
24.6 2.0
24.6 2.0
24.6 2.0
24.6 2.0
24.6 2.0
24.6 2.0
24.6 2.0
24.6 2.0
24.5 2.0
24.5 2.0
24.5 2.0
24.5 2.0
24.5 2.0
24.5 2.0
24.5 2.0
24.5 2.0
24.5 2.0
24.5 2.0
24.5 2.0
24.5 2.0
24.5 2.0
24.5 2.0
24.5 2.0
24.5 2.0
24.5 2.0
24.5 2.0
24.5 2.0
24.5 2.0
24.5 2.0
24.5 2.0
24.5 2.0
24.5 2.0
24.5 2.0
24.5 2.0
24.5 2.0
24.5 2.0
24.5 2.0
24.5 2.0
24.5 2.0
24.5 2.0
24.5 2.0
24.5 2.0
24.5 2.0
24.5 2.0
24.5 1.9
24.5 1.9
24.5 1.9
24.5 1.9
24.5 1.9
24.5 1.9
24.5 2.0
24.5 2.0
24.5 2.0
24.5 2.0
24.5 2.0
24.5 2.0
24.5 1.9
24.5 1.9
24.5 1.9
24.5 1.9
24.5 1.9
24.5 1.9
24.5 1.9
24.5 1.9
24.5 1.9
24.5 1.9
24.5 1.9
24.5 1.9
24.5 1.9
24.5 1.9
24.5 1.9
24.4 1.9
24.4 1.9
24.5 1.9
24.5 1.9
24.4 1.9
24.4 1.9
24.4 1.9
24.4 1.9
24.4 1.9
24.4 1.9
24.4 1.9
24.4 1.9
24.4 1.9
24.4 1.9
24.4 1.9
24.4 1.9
24.4 1.9
24.4 1.9
24.3 1.9
24.3 1.8
24.3 1.8
24.3 1.8
24.3 1.8
24.3 1.8
24.3 1.8
24.3 1.9
24.3 1.9
24.3 1.9
24.3 1.9
24.3 1.9
24.3 1.9
24.3 1.9
24.3 1.9
24.3 1.9
24.3 1.9
24.3 1.9
24.3 1.9
24.3 1.9
24.3 1.9
24.3 1.9
24.3 1.9
24.3 1.9
24.3 1.9
24.3 1.9
24.3 1.9
24.3 1.8
24.2 1.8
24.2 1.8
24.2 1.8
24.2 1.8
24.2 1.8
24.1 1.8
24.1 1.8
24.1 1.8
24.1 1.8
24.1 1.8
24.1 1.8
24.1 1.8
24.0 1.8
24.0 1.8
24.0 1.8
24.0 1.8
24.0 1.8
24.0 1.8
24.0 1.8
24.0 1.8
24.0 1.8
24.0 1.8
24.0 1.8
24.0 1.8
24.0 1.8
24.0 1.8
24.0 1.8
24.0 1.8
24.0 1.8
24.0 1.8
24.0 1.8
24.0 1.8
24.0 1.8
24.0 1.8
24.0 1.8
24.0 1.8
24.0 1.8
24.1 1.8
24.1 1.8
24.1 1.8
24.2 1.8
24.2 1.8
24.2 1.8
24.2 1.8
24.1 1.8
24.1 1.8
24.1 1.8
24.2 1.8
24.2 1.8
24.2 1.8
24.2 1.8
24.1 1.8
24.1 1.8
24.1 1.8
24.1 1.8
24.1 1.8
24.1 1.8
24.2 1.8
24.2 1.8
24.2 1.8
24.2 1.8
24.2 1.8
24.3 1.8
24.4 1.8
24.5 1.8
24.5 1.8
24.4 1.8
24.4 1.8
24.5 1.8
24.4 1.8
24.4 1.8
24.4 1.8
24.4 1.8
24.4 1.8
24.4 1.8
24.4 1.8
24.4 1.8
24.4 1.8
24.5 1.8
24.5 1.8
24.5 1.8
24.5 1.8
24.5 1.8
24.5 1.8
24.5 1.8
24.5 1.8
24.5 1.8
24.5 1.8
24.5 1.8
24.5 1.8
24.5 1.8
24.5 1.8
24.5 1.8
24.5 1.8
24.5 1.8
24.5 1.8
24.5 1.8
24.5 1.8
24.5 1.8
24.5 1.8
24.5 1.8
24.5 1.8
24.5 1.8
24.4 1.8
24.4 1.8
24.4 1.7
24.4 1.8
24.3 1.7
24.3 1.7
24.3 1.7
24.3 1.7
24.3 1.7
24.3 1.7
24.3 1.7
24.3 1.7
24.3 1.7
24.3 1.7
24.2 1.7
24.2 1.7
24.2 1.7
24.2 1.7
24.2 1.7
24.2 1.7
24.2 1.7
24.2 1.7
24.2 1.7
24.2 1.7
24.2 1.7
24.2 1.7
24.2 1.7
24.1 1.7
24.1 1.7
24.1 1.7
24.1 1.7
24.1 1.7
24.1 1.7
24.1 1.7
24.0 1.7
24.1 1.7
24.1 1.7
24.0 1.7
24.0 1.7
24.0 1.7
24.0 1.7
24.0 1.7
23.9 1.7
23.9 1.7
24.0 1.6
24.0 1.7
24.0 1.7
24.0 1.7
23.9 1.7
23.9 1.7
23.9 1.7
23.9 1.7
23.9 1.6
23.9 1.6
23.9 1.6
23.9 1.6
23.9 1.6
23.9 1.6
23.9 1.6
23.9 1.6
23.9 1.6
23.9 1.6
23.8 1.6
23.8 1.6
23.8 1.6
23.8 1.6
23.8 1.6
23.8 1.6
23.8 1.6
23.8 1.6
23.8 1.6
23.8 1.6
23.8 1.6
23.8 1.6
23.8 1.6
23.8 1.6
23.8 1.6
23.8 1.5
23.8 1.5
23.8 1.5
23.8 1.5
23.8 1.5
23.8 1.5
23.8 1.5
23.8 1.5
23.8 1.5
23.8 1.5
23.8 1.5
23.8 1.5
 1.5
23.7 1.5
23.7 1.5
23.7 1.5
23.7 1.5
23.7 1.5
23.7 1.5
23.7 1.5
23.7 1.5
23.7 1.5
23.7 1.5
23.7 1.4
23.7 1.4
23.7 1.4
23.7 1.4
23.7 1.4
23.7 1.4
23.7 1.4
23.7 1.4
23.7 1.4
23.7 1.4
23.7 1.4
23.7 1.4
23.7 1.4
23.7 1.4
23.7 1.4
23.7 1.4
23.7 1.4
23.7 1.4
23.7 1.4
23.7 1.4
23.7 1.4
23.7 1.4
23.8 1.4
23.8 1.4
23.8 1.4
23.8 1.4
23.8 1.4
23.8 1.4
23.8 1.4
23.8 1.4
23.8 1.4
23.8 1.4
23.8 1.4
23.8 1.4
23.8 1.4
23.8 1.4
23.8 1.4
23.8 1.4
23.8 1.4
23.8 1.4
23.8 1.4
23.8 1.4
23.8 1.4
23.8 1.4
23.8 1.4
23.8 1.4
23.8 1.4
23.8 1.4
23.8 1.4
23.8 1.4
23.8 1.4
23.8 1.4
23.8 1.4
23.8 1.4
23.8 1.4
23.8 1.4
23.8 1.4
23.8 1.4
23.8 1.4
23.8 1.4
23.8 1.4
23.8 1.4
23.9 1.4
23.9 1.4
23.9 1.4
23.9 1.4
23.9 1.4
23.9 1.4
23.9 1.4
23.9 1.4
23.9 1.4
23.9 1.4
23.9 1.4
23.9 1.4
23.9 1.4
23.9 1.4
23.9 1.4
23.9 1.4
23.9 1.4
23.9 1.4
24.0 1.4
24.0 1.4
24.0 1.4
24.0 1.4
24.0 1.4
24.0 1.4
24.0 1.4
24.0 1.4
24.1 1.4
24.1 1.4
24.0 1.4
24.0 1.4
24.0 1.4
24.1 1.4
24.2 1.4
24.3 1.4
24.3 1.4
24.3 1.4
24.3 1.4
24.3 1.4
24.3 1.4
24.3 1.4
24.3 1.4
24.2 1.4
24.2 1.4
24.2 1.4
24.2 1.4
24.2 1.4
24.2 1.4
24.2 1.4
24.2 1.4
24.2 1.4
24.2 1.4
24.2 1.4
24.2 1.4
24.2 1.4
24.2 1.4
24.2 1.4
24.2 1.4
24.2 1.4
24.2 1.4
24.2 1.4
24.2 1.4
24.2 1.4
24.2 1.4
24.2 1.4
24.1 1.4
24.1 1.4
 1.4
24.1 1.4
24.1 1.4
24.1 1.4
24.1 1.4
24.1 1.4
24.1 1.4
24.1 1.4
24.1 1.4
24.1 1.4
24.1 1.4
24.1 1.4
24.1 1.4
24.1 1.4
24.1 1.4
24.1 1.4
24.1 1.4
24.1 1.4
24.1 1.4
24.1 1.4
24.1 1.4
24.0 1.4
24.0 1.4
24.0 1.3
24.0 1.3
24.0 1.3
24.0 1.3
24.0 1.3
24.0 1.3
24.0 1.3
24.0 1.3
24.0 1.3
24.0 1.3
23.9 1.3
24.0 1.3
24.0 1.3
24.0 1.3
24.0 1.3
23.9 1.3
23.9 1.3
23.9 1.3
23.9 1.3
23.9 1.3
23.9 1.3
23.9 1.3
23.9 1.3
23.9 1.3
23.9 1.3
23.9 1.3
23.9 1.3
23.9 1.2
23.9 1.2
23.9 1.2
23.9 1.2
23.9 1.3
23.8 1.3
23.8 1.3
23.8 1.3
23.8 1.3
23.8 1.3
23.8 1.3
23.8 1.3
23.8 1.3
23.8 1.3
23.8 1.3
23.8 1.3
23.8 1.3
23.8 1.3
23.8 1.3
23.8 1.3
23.8 1.3
23.8 1.3
23.8 1.3
23.8 1.3
23.8 1.3
23.7 1.3
23.7 1.3
23.7 1.3
23.7 1.3
23.7 1.3
23.7 1.3
23.7 1.3
23.7 1.3
23.7 1.3
23.7 1.3
23.7 1.3
23.7 1.3
23.7 1.3
23.7 1.3
23.7 1.3
23.7 1.3
23.7 1.3
23.7 1.3
23.7 1.3
23.7 1.3
23.6 1.3
23.6 1.3
23.6 1.3
23.6 1.3
23.6 1.3
23.6 1.3
23.6 1.3
23.6 1.3
23.6 1.3
23.6 1.3
23.6 1.3
23.6 1.3
23.6 1.3
23.6 1.3
23.6 1.3
23.6 1.3
23.6 1.3
23.6 1.3
23.6 1.3
23.6 1.3
23.6 1.3
23.6 1.3
23.5 1.3
23.5 1.3
23.5 1.3
23.5 1.3
23.5 1.3
23.5 1.3
23.5 1.3
23.5 1.3
23.5 1.3
23.5 1.3
23.5 1.3
23.5 1.3
23.5 1.3
23.5 1.3
23.5 1.3
23.5 1.3
23.5 1.3
23.5 1.3
23.5 1.3
23.5 1.3
23.5 1.3
23.5 1.3
23.5 1.3
23.5 1.3
23.5 1.3
23.5 1.3
23.5 1.3
23.5 1.3
23.5 1.3
23.5 1.3
23.5 1.3
23.5 1.3
23.5 1.3
23.5 1.3
23.5 1.3
23.5 1.3
23.5 1.3
23.5 1.3
23.5 1.3
23.5 1.3
23.5 1.3
23.5 1.3
23.5 1.3
23.5 1.3
23.5 1.3
23.5 1.3
23.5 1.3
23.5 1.3
23.5 1.3
23.5 1.3
23.5 1.3
23.5 1.3
23.5 1.3
23.7 1.3
23.8 1.3
23.8 1.3
23.8 1.3
23.7 1.3
23.7 1.3
23.7 1.3
23.7 1.3
23.6 1.3
23.6 1.3
23.6 1.3
23.6 1.3
23.6 1.3
23.6 1.3
23.7 1.3
23.7 1.3
23.7 1.3
23.7 1.3
23.7 1.3
23.7 1.3
23.7 1.3
23.8 1.3
23.8 1.3
23.8 1.3
23.8 1.3
23.8 1.3
23.9 1.3
23.9 1.3
23.9 1.3
23.9 1.3
23.9 1.3
24.0 1.3
24.0 1.3
24.1 1.3
24.0 1.3
24.0 1.3
24.0 1.2
24.0 1.2
24.0 1.2
24.0 1.2
24.0 1.2
24.0 1.2
24.0 1.2
24.0 1.2
24.0 1.2
24.0 1.2
24.0 1.2
24.0 1.2
23.9 1.2
23.9 1.2
23.9 1.2
23.9 1.2
23.9 1.2
23.9 1.2
23.9 1.2
23.9 1.2
23.9 1.2
23.9 1.2
23.9 1.2
23.9 1.2
23.9 1.2
23.9 1.2
23.8 1.2
23.8 1.2
23.8 1.2
23.8 1.2
23.8 1.2
23.8 1.2
23.8 1.2
23.8 1.2
23.8 1.2
23.8 1.2
23.8 1.2
23.8 1.2
23.8 1.2
23.8 1.2
23.8 1.2
23.7 1.2
23.7 1.2
23.7 1.2
23.7 1.2
23.7 1.2
23.7 1.2
23.7 1.2
23.7 1.2
23.7 1.2
23.7 1.1
23.7 1.1
23.6 1.2
23.6 1.1
23.6 1.1
23.6 1.1
23.6 1.1
23.6 1.1
23.6 1.1
23.6 1.1
23.6 1.1
23.6 1.1
23.6 1.1
23.6 1.1
23.6 1.1
23.6 1.1
23.6 1.1
23.6 1.1
23.5 1.1
23.5 1.1
23.5 1.1
23.5 1.1
23.6 1.1
23.6 1.1
23.6 1.1
23.6 1.1
23.6 1.1
23.5 1.1
23.5 1.1
23.5 1.1
23.5 1.1
23.5 1.1
23.5 1.1
23.5 1.1
23.5 1.1
23.5 1.1
23.5 1.1
23.5 1.1
23.5 1.1
23.5 1.1
23.5 1.1
23.4 1.1
23.4 1.1
23.4 1.1
23.4 1.1
23.4 1.1
23.4 1.1
23.4 1.1
23.4 1.1
23.4 1.1
23.4 1.1
23.3 1.1
23.3 1.1
23.3 1.1
23.3 1.1
23.3 1.1
23.3 1.1
23.3 1.1
23.3 1.1
23.3 1.1
23.3 1.1
23.3 1.1
23.3 1.1
23.3 1.1
23.3 1.1
23.3 1.1
23.3 1.1
23.3 1.1
23.3 1.1
23.3 1.0
23.3 1.1
23.3 1.1
23.3 1.1
23.3 1.1
23.2 1.1
23.2 1.1
23.2 1.0
23.2 1.0
23.2 1.0
23.2 1.0
23.2 1.1
23.2 1.1
23.2 1.1
23.2 1.1
23.2 1.1
23.2 1.1
23.2 1.1
23.2 1.1
23.2 1.1
23.2 1.1
23.2 1.1
23.2 1.1
23.2 1.1
23.2 1.1
23.2 1.1
23.2 1.1
23.2 1.1
23.2 1.1
23.2 1.1
23.2 1.1
23.2 1.1
23.2 1.1
23.2 1.1
23.2 1.1
23.2 1.1
23.2 1.1
23.2 1.1
23.2 1.1
23.2 1.1
23.2 1.1
23.2 1.1
23.2 1.1
23.2 1.1
23.2 1.1
23.2 1.1
23.2 1.1
23.2 1.1
23.2 1.1
23.2 1.1
23.2 1.1
23.2 1.1
23.2 1.1
23.1 1.1
23.1 1.1
23.1 1.1
23.1 1.1
23.1 1.1
23.1 1.1
23.1 1.1
23.1 1.1
23.1 1.1
23.1 1.1
23.1 1.1
23.1 1.1
23.1 1.1
23.1 1.1
23.2 1.1
23.2 1.1
23.2 1.1
23.2 1.1
23.2 1.1
23.2 1.1
23.2 1.1
23.2 1.1
23.2 1.1
23.2 1.1
23.2 1.1
23.2 1.1
23.2 1.1
23.2 1.1
23.2 1.1
23.2 1.1
23.2 1.0
23.3 1.0
23.3 1.0
23.3 1.0
23.3 1.0
23.3 1.0
23.3 1.0
23.3 1.0
23.3 1.0
23.3 1.0
23.3 1.0
23.3 1.0
23.3 1.0
23.3 1.0
23.4 1.0
23.4 1.0
23.5 1.0
23.5 1.0
23.5 1.0
23.4 1.0
23.4 1.0
23.4 1.0
23.4 1.0
23.4 1.0
23.4 1.0
23.4 1.0
23.4 1.0
23.4 1.0
23.4 1.0
23.4 1.0
23.4 1.0
23.4 1.0
23.4 1.0
23.5 1.0
23.5 1.0
23.5 1.0
23.5 1.0
23.5 1.0
23.4 1.0
23.4 1.0
23.4 1.0
23.4 0.9
23.4 0.9
23.4 0.9
23.4 0.9
23.4 0.9
23.4 1.0
23.4 0.9
23.4 0.9
23.4 0.9
23.3 0.9
23.3 0.9
23.3 0.9
23.3 0.9
23.3 0.9
23.3 0.9
23.3 0.9
23.3 0.9
23.3 0.9
23.3 0.9
23.3 0.9
23.3 0.9
23.3 0.9
23.3 1.0
23.3 1.0
23.3 1.0
23.3 1.0
23.3 1.0
23.3 1.0
23.3 1.0
23.3 1.0
23.2 1.0
23.2 1.0
23.2 1.0
23.2 1.0
23.2 1.0
23.2 1.0
23.2 1.0
23.2 0.9
23.2 0.9
23.2 1.0
23.2 0.9
23.2 1.0
23.2 0.9
23.2 0.9
23.2 0.9
23.2 0.9
23.2 0.9
23.2 0.9
23.2 0.9
23.2 0.9
23.2 0.9
23.2 0.9
23.2 0.9
23.2 0.9
23.1 0.9
23.1 0.9
23.1 0.9
23.1 0.9
23.1 0.9
23.1 0.9
23.1 0.9
23.1 0.9
23.1 0.9
23.1 0.9
23.1 0.9
23.1 0.9
23.1 0.9
23.1 0.9
23.1 0.9
23.1 0.9
23.1 0.9
23.1 0.9
23.1 0.9
23.1 0.9
23.1 0.9
23.1 0.9
23.1 0.9
23.1 0.9
23.0 0.9
23.1 0.9
23.1 0.9
23.0 0.9
23.0 0.9
23.0 0.9
23.0 0.9
23.0 0.9
23.0 0.9
23.0 0.9
23.0 0.9
23.0 0.9
23.0 0.9
23.0 0.9
23.0 0.9
23.0 0.9
23.0 0.9
23.0 0.9
23.0 0.9
23.0 0.9
23.0 0.9
22.9 0.9
22.9 0.9
22.9 0.9
22.9 0.9
22.9 0.9
22.9 0.9
22.9 0.9
22.9 0.9
22.9 0.9
22.9 0.9
22.9 0.9
22.9 1.0
22.9 0.9
22.9 1.0
22.9 1.0
22.9 1.0
22.9 1.0
22.9 1.0
22.9 1.0
22.9 1.0
22.9 1.0
22.9 1.0
22.9 1.0
22.9 1.0
22.9 0.9
22.8 0.9
22.9 0.9
22.9 0.9
22.9 0.9
22.9 0.9
22.9 0.9
22.9 0.9
22.9 0.9
22.9 0.9
22.9 0.9
22.9 0.9
22.9 0.9
22.9 0.9
22.9 0.9
22.9 0.9
22.9 0.9
22.9 0.9
22.9 0.9
22.9 0.9
22.9 0.9
22.9 0.9
22.9 0.9
22.9 0.9
22.9 0.9
22.9 0.9
22.9 0.9
22.9 0.9
22.9 0.9
22.9 0.9
22.9 0.9
22.9 0.9
22.9 0.9
22.9 0.9
22.9 0.9
22.9 0.9
22.9 0.9
22.9 0.9
22.9 0.9
22.9 0.9
22.9 0.9
22.9 0.9
22.9 0.9
22.9 0.9
22.9 0.9
22.9 0.9
22.9 0.9
22.9 0.9
22.9 0.9
22.9 0.9
22.9 0.9
22.9 0.9
22.9 0.9
23.0 0.9
23.0 0.9
23.0 0.9
23.1 0.9
23.2 0.9
23.2 0.9
23.3 0.9
23.3 0.9
23.2 0.9
23.2 0.9
23.1 0.9
23.1 0.9
23.1 0.9
23.1 0.9
23.1 0.9
23.2 0.9
23.2 0.9
23.2 0.9
23.2 0.9
23.3 0.9
23.3 0.9
23.3 0.9
23.3 0.9
23.3 0.9
23.3 0.9
23.3 0.9
23.3 0.9
23.3 0.9
23.4 0.9
23.3 0.9
23.3 0.9
23.3 0.9
23.4 0.9
23.5 0.9
23.6 0.9
23.7 0.9
23.6 0.9
23.6 0.9
23.5 0.9
23.5 0.9
23.5 0.9
23.5 0.9
23.5 0.9
23.5 0.9
23.5 0.9
23.6 0.9
23.5 0.9
23.5 0.9
23.5 0.9
23.5 0.9
23.5 0.9
23.5 0.9
23.5 0.9
23.5 0.9
23.5 0.9
23.5 0.9
23.5 0.9
23.5 0.9
23.5 0.9
23.5 0.9
23.5 0.9
23.5 0.9
23.5 0.9
23.5 0.9
23.5 0.9
23.5 0.9
23.5 0.9
23.5 0.9
23.5 0.9
23.4 0.9
23.4 0.9
23.4 0.9
23.4 0.9
23.4 0.9
23.4 0.9
23.4 0.9
23.4 0.9
23.4 0.9
23.4 0.9
23.4 0.9
23.4 0.9
23.4 0.9
23.4 0.9
23.4 0.9
23.4 0.9
23.4 0.9
23.4 0.9
23.4 0.9
23.4 0.9
23.4 0.9
23.4 0.9
23.4 0.9
23.3 0.9
23.3 0.9
23.3 0.9
23.3 0.9
23.3 0.9
23.3 0.9
23.3 0.9
23.3 0.9
23.3 0.9
23.3 0.9
23.3 0.9
23.3 0.9
23.3 0.9
23.3 0.9
23.3 0.9
23.3 0.9
23.3 0.9
23.3 0.9
23.3 0.9
23.3 0.9
23.3 0.9
23.3 0.9
23.3 0.9
23.3 0.9
23.3 0.9
23.3 0.9
23.2 0.9
23.2 0.9
23.2 0.9
23.2 0.9
23.2 0.9
23.2 0.9
23.2 0.9
23.2 0.9
23.2 0.9
23.2 0.9
23.2 0.9
23.2 0.9
23.2 0.9
23.2 0.9
23.2 0.9
23.2 0.9
23.2 0.9
23.2 0.9
23.2 0.9
23.2 0.9
23.2 0.9
23.2 0.9
23.2 0.9
23.2 0.9
23.2 0.9
23.2 0.9
23.2 0.9
23.2 0.9
23.2 0.9
23.2 0.9
23.2 0.9
23.2 0.9
23.2 0.9
23.2 0.9
23.2 0.9
23.2 0.9
23.2 0.9
23.2 0.9
23.1 0.9
23.1 0.9
23.1 0.9
23.1 0.9
23.1 0.9
23.1 0.9
23.1 0.9
23.1 0.9
23.1 0.9
23.1 0.9
23.1 0.9
23.1 0.9
23.1 0.9
23.1 0.9
23.1 0.9
23.1 0.9
23.0 0.9
23.0 0.9
23.0 0.9
23.0 0.9
23.0 0.9
23.0 0.9
23.0 0.9
23.0 0.9
23.0 0.9
23.0 0.9
23.0 0.9
23.0 0.9
23.0 0.9
23.0 0.9
23.0 0.9
23.0 0.9
23.0 0.9
23.1 0.9
23.1 0.9
23.1 0.9
23.1 0.9
23.1 0.9
23.1 0.9
23.1 0.9
23.1 0.9
23.1 0.9
23.1 0.9
23.1 0.9
23.1 0.9
23.1 0.9
23.1 0.9
23.1 0.9
23.1 0.9
23.1 0.9
23.1 0.9
23.1 0.9
23.1 0.9
23.1 0.9
23.1 0.9
23.1 0.9
23.1 0.9
23.1 0.9
23.1 0.9
23.1 0.9
23.1 0.9
23.1 0.9
23.1 0.9
23.1 0.9
23.1 0.9
23.1 0.9
23.1 0.9
23.1 0.9
23.1 0.9
23.1 0.9
23.1 0.9
23.2 0.9
23.2 0.9
23.2 0.9
23.2 0.9
23.2 0.9
23.2 0.9
23.2 0.9
23.2 0.9
23.2 0.9
23.2 0.9
23.2 0.9
23.2 0.9
23.2 0.9
23.3 0.9
23.3 0.9
23.3 0.9
23.3 0.9
23.3 0.9
23.3 0.9
23.3 0.9
23.4 0.9
23.4 0.9
23.4 0.9
23.4 0.9
23.4 0.9
23.4 0.9
23.5 0.9
23.5 0.9
23.5 0.9
23.5 0.9
23.6 0.9
23.6 0.9
23.6 0.9
23.6 0.9
23.6 0.9
23.6 0.9
23.6 0.9
23.6 0.9
23.6 0.9
23.6 0.9
23.6 0.9
23.6 0.9
23.6 0.9
23.6 0.9
23.7 0.9
23.7 0.9
23.7 0.9
23.8 0.9
24.0 0.9
24.1 0.9
24.2 0.9
24.1 0.9
24.1 0.9
24.1 0.9
24.1 0.9
24.0 0.9
24.0 0.9
24.0 0.9
24.0 0.9
24.0 0.9
24.0 0.9
24.0 0.9
23.9 0.9
24.0 0.9
24.0 0.9
23.9 0.9
23.9 0.9
23.9 0.9
23.9 0.9
23.9 0.9
23.9 0.9
23.9 0.9
23.9 0.9
23.9 0.9
23.9 0.9
23.9 0.9
23.9 0.9
23.9 0.9
23.9 0.9
23.9 0.9
23.9 0.9
23.9 0.9
23.9 0.9
23.9 0.9
23.9 0.9
23.9 0.9
23.9 0.9
23.8 0.9
23.8 0.9
23.8 0.9
23.8 0.9
23.8 0.9
23.8 0.9
23.8 0.9
23.8 0.9
23.8 0.9
23.8 0.9
23.8 0.9
23.8 0.9
23.8 0.9
23.8 0.9
23.8 0.9
23.8 0.9
23.8 0.9
23.8 0.9
23.8 0.9
23.8 0.9
23.8 0.9
23.8 0.9
23.8 0.9
23.8 0.9
23.8 0.9
23.8 0.9
23.8 0.9
23.8 0.9
23.8 0.9
23.8 0.9
23.8 0.9
23.8 0.9
23.8 0.9
23.8 0.9
23.8 0.9
23.8 0.9
23.8 0.9
23.7 0.9
23.7 0.9
23.7 0.9
23.7 0.9
23.7 0.9
23.7 0.9
23.7 0.9
23.7 0.9
23.7 0.9
23.7 0.9
23.7 0.9
23.7 0.9
23.7 0.9
23.7 0.9
23.7 0.9
23.7 0.9
23.7 0.9
23.7 0.9
23.7 0.9
23.7 0.9
23.7 0.9
23.7 0.9
23.7 0.9
23.7 0.9
23.7 0.9
23.7 0.9
23.7 0.9
23.7 0.9
23.7 0.9
23.7 0.9
23.7 0.9
23.7 0.9
23.7 0.9
23.7 0.9
23.7 0.9
23.7 0.9
23.7 0.9
23.7 0.9
23.7 0.9
23.7 0.9
23.7 0.9
23.7 0.9
23.7 0.9
23.7 0.9
23.7 0.9
23.7 0.9
23.7 0.9
23.7 0.9
23.6 0.9
23.6 0.9
23.6 0.9
23.6 0.9
23.6 0.9
23.6 0.9
23.6 0.9
23.6 0.9
23.6 0.9
23.6 0.9
23.6 0.9
23.6 0.9
23.6 0.9
23.6 0.9
23.6 0.9
23.6 0.9
23.6 0.9
23.6 0.9
23.6 0.9
23.6 0.9
23.6 0.9
23.6 0.9
23.6 0.9
23.6 0.9
23.7 0.9
23.7 0.9
23.7 0.9
23.7 0.9
23.7 0.9
23.7 0.9
23.7 0.9
23.7 0.9
23.7 0.9
23.7 0.9
23.7 0.9
23.7 0.9
23.7 0.9
23.8 0.9
23.8 0.9
23.8 0.9
23.8 0.9
23.8 0.9
23.8 0.9
23.8 0.9
23.8 0.9
23.8 0.9
23.9 0.9
23.9 0.9
23.8 0.9
23.9 0.9
23.9 0.9
23.9 0.9
23.9 0.9
23.9 0.9
24.0 0.9
24.0 0.9
24.1 0.9
24.1 0.9
24.2 0.9
24.3 0.9
24.3 0.9
24.3 0.9
24.3 0.9
24.3 0.9
24.3 0.9
24.4 0.9
24.4 0.9
24.5 0.9
24.4 0.9
24.2 0.9
24.2 0.9
24.3 0.9
24.6 0.9
24.6 0.9
24.6 0.9
24.6 0.9
24.5 0.9
24.6 0.9
24.6 0.9
24.5 0.9
24.5 0.9
24.6 0.9
24.5 0.9
24.5 0.9
24.7 0.9
24.7 0.9
24.8 0.9
24.8 0.9
24.7 0.9
24.6 0.9
24.7 0.9
24.7 0.9
24.7 0.9
24.7 0.9
24.6 0.9
24.6 0.9
24.7 0.9
24.6 0.9
24.6 0.9
24.6 0.9
24.6 0.9
24.6 0.9
24.6 0.9
24.6 0.9
24.6 0.9
24.6 0.9
24.6 0.9
24.6 0.9
24.6 0.9
24.6 0.9
24.6 0.9
24.6 0.9
24.6 0.9
24.6 0.9
24.6 1.0
24.6 0.9
24.6 0.9
24.6 0.9
24.6 0.9
24.6 0.9
24.6 0.9
24.6 0.9
24.6 0.9
24.6 0.9
24.6 0.9
24.6 0.9
24.6 0.9
24.6 0.9
24.6 0.9
24.6 0.9
24.6 1.0
24.6 0.9
24.6 0.9
24.6 0.9
24.6 0.9
24.6 0.9
24.6 0.9
24.6 0.9
24.6 0.9
24.5 0.9
24.5 0.9
24.5 0.9
24.5 0.9
24.5 0.9
24.5 0.9
24.5 1.0
24.5 1.0
24.5 1.0
24.5 1.0
24.5 1.0
24.5 1.0
24.5 1.0
24.5 1.0
24.5 1.0
24.5 1.0
24.5 1.0
24.5 1.0
24.5 1.0
24.5 1.0
24.5 1.0
24.5 1.0
24.5 1.0
24.5 1.0
24.5 1.0
24.5 1.0
24.5 1.0
24.5 1.0
24.5 1.0
24.5 1.0
24.5 1.0
24.5 1.0
24.4 1.0
24.4 1.0
24.4 1.0
24.4 1.0
24.4 1.0
24.4 1.0
24.4 1.0
24.4 1.0
24.4 1.0
24.4 1.0
24.4 1.0
24.4 1.0
24.4 1.0
24.4 1.0
24.4 1.0
24.4 1.0
24.4 1.0
24.4 1.0
24.4 1.0
24.4 1.0
24.4 1.0
24.4 1.0
24.3 1.0
24.3 1.0
24.3 1.0
24.3 1.0
24.3 1.0
24.3 1.0
24.3 1.0
24.3 1.0
24.3 1.0
24.3 1.0
24.3 1.0
24.3 1.0
24.3 1.0
24.3 1.0
24.3 1.0
24.3 1.0
24.3 1.0
24.3 1.0
24.3 1.0
24.3 1.0
24.3 1.0
24.3 1.0
24.3 1.0
24.3 1.0
24.3 1.0
24.3 1.0
24.3 1.0
24.3 1.0
24.3 1.0
24.3 1.0
24.3 1.0
24.3 1.0
24.3 1.0
24.3 1.0
24.3 1.0
24.3 1.0
24.3 1.0
24.3 1.0
24.3 1.0
24.3 1.0
24.3 1.0
24.3 1.0
24.3 1.0
24.3 1.0
24.3 1.0
24.3 1.0
24.3 1.0
24.3 1.0
24.3 1.0
24.3 1.0
24.3 1.0
24.2 1.0
24.3 1.0
24.2 1.0
24.2 1.0
24.2 1.0
24.2 1.0
24.2 1.0
24.2 1.0
24.3 1.0
24.3 1.0
24.3 1.0
24.3 1.0
24.3 1.0
24.3 1.0
24.3 1.0
24.3 1.0
24.3 1.0
24.3 1.0
24.3 1.0
24.3 1.0
24.3 1.0
24.3 1.0
24.3 1.0
24.3 1.0
24.3 1.0
24.3 1.0
24.3 1.0
24.3 1.0
24.3 1.0
24.3 1.0
24.4 1.0
24.4 1.0
24.4 1.0
24.4 1.0
24.4 1.0
24.4 1.0
24.4 1.0
24.4 1.0
24.4 1.0
24.5 1.0
24.5 1.0
24.5 1.0
24.5 1.0
24.5 1.0
24.5 1.0
24.6 1.0
24.6 1.0
24.6 1.0
24.6 1.0
24.6 1.0
24.6 1.0
24.7 1.0
24.7 1.0
24.7 1.0
24.7 1.0
24.7 1.0
24.8 1.0
24.8 1.0
24.8 1.0
24.8 1.0
24.8 1.0
24.8 1.0
24.9 1.0
24.8 1.0
24.9 1.1
24.9 1.1
24.9 1.1
24.9 1.1
25.0 1.1
25.0 1.1
25.0 1.1
25.0 1.1
25.0 1.1
25.0 1.1
25.0 1.1
25.0 1.1
25.0 1.1
25.1 1.1
25.1 1.1
25.1 1.1
25.1 1.1
25.1 1.1
25.1 1.1
25.2 1.1
25.2 1.1
25.1 1.1
25.1 1.0
25.1 1.1
25.1 1.1
25.1 1.1
25.2 1.1
25.2 1.0
25.2 1.1
25.2 1.1
25.2 1.1
25.2 1.1
25.2 1.1
25.2 1.1
25.2 1.1
25.2 1.1
25.2 1.1
25.2 1.1
25.2 1.1
25.2 1.1
25.2 1.1
25.2 1.1
25.2 1.1
25.2 1.1
25.2 1.1
25.2 1.2
25.2 1.2
25.2 1.2
25.2 1.2
25.2 1.2
25.2 1.2
25.2 1.2
25.2 1.2
25.2 1.2
25.2 1.2
25.2 1.2
25.2 1.2
25.2 1.2
25.2 1.2
25.2 1.1
25.2 1.2
25.2 1.2
25.2 1.2
25.2 1.1
25.2 1.2
25.2 1.2
25.1 1.2
25.1 1.2
25.1 1.2
25.1 1.2
25.1 1.2
25.1 1.2
25.1 1.2
25.1 1.2
25.1 1.2
25.1 1.2
25.1 1.2
25.1 1.2
25.1 1.2
25.1 1.2
25.1 1.2
25.1 1.2
25.1 1.2
25.1 1.2
25.1 1.2
25.1 1.2
25.1 1.2
25.1 1.2
25.1 1.2
25.1 1.2
25.1 1.2
25.1 1.2
25.1 1.2
25.1 1.2
25.1 1.2
25.1 1.2
25.1 1.2
25.1 1.2
25.1 1.2
25.1 1.3
25.1 1.3
25.1 1.3
25.1 1.3
25.1 1.2
25.1 1.3
25.1 1.3
25.1 1.2
25.1 1.3
25.1 1.3
25.1 1.3
25.1 1.3
25.1 1.3
25.1 1.3
25.1 1.3
25.1 1.3
25.1 1.3
25.1 1.3
25.1 1.3
25.1 1.3
25.1 1.3
25.1 1.3
25.1 1.3
25.1 1.2
25.1 1.3
25.1 1.3
25.1 1.3
25.1 1.3
25.1 1.3
25.1 1.3
25.1 1.3
25.1 1.3
25.1 1.3
25.1 1.3
25.1 1.3
25.1 1.2
25.1 1.2
25.1 1.2
25.1 1.2
25.1 1.2
25.1 1.2
25.1 1.2
25.1 1.2
25.1 1.2
25.1 1.2
25.1 1.2
25.1 1.2
25.1 1.2
25.1 1.2
25.0 1.2
25.0 1.2
25.0 1.2
25.0 1.2
25.0 1.2
25.0 1.3
25.0 1.3
25.0 1.3
25.0 1.3
25.1 1.3
25.1 1.3
25.1 1.3
25.0 1.3
25.0 1.3
25.0 1.3
25.1 1.3
25.0 1.3
25.0 1.3
25.0 1.3
25.0 1.3
25.0 1.3
25.0 1.3
25.0 1.3
25.0 1.3
25.0 1.3
25.0 1.3
25.0 1.3
25.0 1.3
25.0 1.3
25.0 1.3
25.0 1.3
25.0 1.3
25.1 1.3
25.1 1.3
25.1 1.3
25.1 1.3
25.1 1.3
25.1 1.3
25.1 1.3
25.1 1.3
25.1 1.3
25.1 1.3
25.1 1.3
25.1 1.3
25.1 1.3
25.1 1.3
25.1 1.3
25.1 1.3
25.1 1.3
25.1 1.3
25.1 1.3
25.2 1.3
25.2 1.3
25.2 1.3
25.2 1.3
25.2 1.3
25.2 1.3
25.2 1.3
25.3 1.3
25.3 1.3
25.3 1.3
25.4 1.3
25.4 1.3
25.4 1.3
25.4 1.3
25.3 1.3
25.4 1.3
25.4 1.3
25.4 1.3
25.4 1.3
25.4 1.3
25.5 1.3
25.5 1.3
25.5 1.3
25.5 1.3
25.5 1.3
25.5 1.3
25.5 1.3
25.5 1.3
25.5 1.3
25.5 1.3
25.5 1.3
25.5 1.3
25.6 1.3
25.5 1.3
25.5 1.3
25.6 1.3
25.6 1.3
25.6 1.3
25.7 1.3
25.6 1.3
25.7 1.3
25.7 1.3
25.8 1.3
25.8 1.3
25.8 1.3
25.8 1.3
25.9 1.3
25.9 1.3
26.0 1.3
26.0 1.3
26.0 1.3
26.0 1.3
26.0 1.3
26.0 1.3
25.9 1.3
25.9 1.3
25.9 1.3
25.9 1.3
25.9 1.3
25.9 1.3
25.9 1.3
25.9 1.3
25.9 1.3
25.9 1.3
25.9 1.4
25.9 1.4
25.9 1.4
25.9 1.4
25.9 1.4
25.9 1.4
25.9 1.4
25.9 1.4
25.9 1.4
25.8 1.4
25.9 1.3
25.9 1.3
25.9 1.4
25.9 1.4
25.8 1.3
25.8 1.4
25.8 1.3
25.8 1.3
25.8 1.3
25.8 1.4
25.8 1.4
25.8 1.4
25.8 1.4
25.8 1.4
25.8 1.4
25.8 1.4
25.8 1.4
25.8 1.4
25.8 1.4
25.8 1.4
25.7 1.4
25.7 1.4
25.7 1.4
25.7 1.3
25.7 1.4
25.7 1.4
25.7 1.4
25.7 1.4
25.7 1.4
25.7 1.4
25.7 1.4
25.7 1.4
25.7 1.4
25.7 1.4
25.7 1.4
25.7 1.3
25.7 1.3
25.7 1.3
25.7 1.3
25.7 1.3
25.7 1.4
25.7 1.4
25.7 1.4
25.7 1.4
25.7 1.4
25.7 1.4
25.7 1.4
25.7 1.4
25.7 1.4
25.7 1.4
25.7 1.4
25.7 1.4
25.7 1.4
25.7 1.4
25.7 1.4
25.7 1.4
25.7 1.4
25.7 1.4
25.7 1.4
25.7 1.4
25.7 1.4
25.7 1.4
25.7 1.5
25.7 1.5
25.7 1.4
25.7 1.5
25.7 1.5
25.7 1.5
25.7 1.5
25.7 1.5
25.7 1.5
25.7 1.5
25.7 1.5
25.7 1.5
25.7 1.5
25.7 1.5
25.7 1.5
25.7 1.5
25.7 1.5
25.7 1.5
25.7 1.5
25.7 1.5
25.7 1.5
25.7 1.5
25.7 1.5
25.7 1.5
25.7 1.5
25.7 1.5
25.7 1.5
25.7 1.5
25.7 1.5
25.7 1.5
25.7 1.5
25.7 1.5
25.7 1.5
25.7 1.5
25.7 1.5
25.7 1.5
25.7 1.5
25.7 1.5
25.7 1.5
25.7 1.5
25.7 1.5
25.7 1.5
25.7 1.5
25.7 1.5
25.7 1.5
25.7 1.5
25.7 1.5
25.7 1.5
25.7 1.5
25.7 1.5
25.7 1.5
25.7 1.5
25.7 1.5
25.7 1.5
25.7 1.5
25.7 1.5
25.7 1.5
25.7 1.5
25.7 1.5
25.7 1.5
25.7 1.5
25.7 1.5
25.7 1.5
25.7 1.5
25.7 1.5
25.7 1.5
25.7 1.5
25.7 1.5
25.7 1.5
25.7 1.5
25.7 1.5
25.7 1.5
25.7 1.5
25.7 1.5
25.7 1.5
25.7 1.5
25.7 1.5
25.7 1.5
25.7 1.5
25.7 1.5
25.7 1.5
25.7 1.5
25.7 1.5
25.7 1.5
25.7 1.5
25.7 1.5
25.7 1.5
25.7 1.5
25.7 1.5
25.7 1.5
25.8 1.5
25.7 1.5
25.7 1.5
25.7 1.5
25.8 1.5
25.8 1.5
25.8 1.5
25.8 1.5
25.8 1.5
25.8 1.5
25.9 1.5
25.9 1.5
25.9 1.5
25.9 1.5
25.9 1.5
25.9 1.5
26.0 1.5
26.0 1.5
26.0 1.5
26.0 1.5
26.0 1.5
26.1 1.5
26.2 1.6
26.2 1.6
26.2 1.6
26.2 1.6
26.2 1.6
26.2 1.6
26.3 1.6
26.3 1.6
26.2 1.6
26.3 1.6
26.4 1.6
26.4 1.6
26.3 1.6
26.3 1.6
26.4 1.6
26.3 1.6
26.3 1.6
26.4 1.6
26.4 1.6
26.4 1.6
26.4 1.6
26.4 1.6
26.3 1.6
26.3 1.6
26.2 1.6
26.2 1.6
26.4 1.6
26.4 1.6
26.5 1.6
26.4 1.5
26.4 1.5
26.5 1.5
26.5 1.5
26.4 1.5
26.4 1.5
26.4 1.5
26.5 1.5
26.4 1.5
26.4 1.5
26.4 1.5
26.5 1.5
26.5 1.5
26.4 1.5
26.4 1.5
26.5 1.5
26.5 1.5
26.4 1.5
26.5 1.5
26.5 1.5
26.5 1.5
26.4 1.5
26.4 1.5
26.4 1.5
26.4 1.5
26.5 1.5
26.4 1.6
26.4 1.6
26.4 1.6
26.4 1.6
26.4 1.6
26.4 1.6
26.4 1.6
26.4 1.6
26.5 1.6
26.5 1.6
26.4 1.6
26.4 1.6
26.4 1.7
26.4 1.7
26.4 1.7
26.4 1.7
26.4 1.7
26.4 1.7
26.4 1.7
26.4 1.7
26.4 1.7
26.4 1.7
26.4 1.7
26.4 1.7
26.4 1.7
26.4 1.7
26.4 1.7
26.4 1.7
26.4 1.7
26.4 1.7
26.4 1.7
26.4 1.7
26.4 1.7
26.3 1.7
26.3 1.7
26.3 1.7
26.3 1.7
26.3 1.7
26.3 1.7
26.3 1.6
26.3 1.7
26.3 1.7
26.3 1.7
26.3 1.7
26.3 1.7
26.3 1.7
26.3 1.7
26.3 1.7
26.3 1.7
26.3 1.7
26.3 1.7
26.3 1.6
26.3 1.7
26.3 1.7
26.3 1.7
26.3 1.7
26.3 1.7
26.3 1.7
26.3 1.7
26.3 1.7
26.3 1.7
26.3 1.7
26.4 1.7
26.4 1.6
26.4 1.7
26.4 1.7
26.4 1.7
26.4 1.7
26.4 1.7
26.4 1.7
26.4 1.7
26.4 1.7
26.4 1.7
26.4 1.7
26.4 1.6
26.4 1.6
26.4 1.6
26.4 1.7
26.4 1.7
26.4 1.7
26.4 1.6
26.4 1.7
26.4 1.7
26.4 1.7
26.4 1.7
26.4 1.7
26.4 1.7
26.4 1.7
26.4 1.7
26.4 1.7
26.4 1.7
26.4 1.7
26.3 1.7
26.3 1.7
26.3 1.7
26.3 1.7
26.3 1.7
26.3 1.7
26.3 1.7
26.3 1.7
26.3 1.7
26.3 1.7
26.3 1.7
26.3 1.7
26.3 1.7
26.3 1.7
26.3 1.7
26.3 1.7
26.3 1.7
26.3 1.7
26.3 1.7
26.3 1.7
26.3 1.7
26.3 1.7
26.3 1.7
26.3 1.7
26.3 1.7
26.3 1.7
26.3 1.7
26.3 1.7
26.3 1.7
26.3 1.7
26.3 1.7
26.3 1.7
26.3 1.7
26.3 1.7
26.3 1.7
26.3 1.7
26.3 1.8
26.3 1.8
26.3 1.8
26.3 1.8
26.3 1.8
26.3 1.8
26.3 1.8
26.3 1.8
26.3 1.8
26.3 1.8
26.3 1.8
26.3 1.8
26.3 1.8
26.3 1.8
26.3 1.8
26.3 1.8
26.3 1.8
26.3 1.8
26.3 1.8
26.3 1.8
26.3 1.8
26.3 1.8
26.3 1.8
26.3 1.8
26.3 1.8
26.3 1.8
26.3 1.8
26.3 1.8
26.3 1.8
26.3 1.8
26.3 1.8
26.4 1.8
26.4 1.8
26.4 1.8
26.4 1.8
26.4 1.8
26.4 1.8
26.4 1.8
26.4 1.8
26.4 1.8
26.4 1.9
26.4 1.9
26.4 1.9
26.5 1.9
26.5 1.9
26.5 1.9
26.5 1.9
26.6 1.9
26.6 1.9
26.6 1.9
26.6 1.9
26.7 1.9
26.7 1.9
26.7 1.8
26.7 1.8
26.7 1.8
26.7 1.8
26.8 1.8
26.9 1.8
27.0 1.8
27.1 1.8
27.0 1.8
27.0 1.8
27.1 1.8
27.0 1.8
26.9 1.8
27.0 1.8
26.9 1.8
27.0 1.8
27.0 1.8
27.0 1.8
27.0 1.8
27.1 1.8
27.0 1.8
27.0 1.8
27.0 1.8
27.1 1.8
27.1 1.8
27.2 1.8
27.1 1.8
27.1 1.8
27.0 1.8
27.0 1.8
27.0 1.8
27.0 1.8
27.1 1.8
27.0 1.8
27.1 1.8
27.1 1.8
27.0 1.8
27.0 1.8
27.0 1.8
27.0 1.8
27.1 1.8
27.1 1.8
27.1 1.8
27.1 1.8
27.1 1.8
27.0 1.8
27.1 1.8
27.0 1.8
27.0 1.8
27.1 1.8
27.1 1.8
27.1 1.8
27.1 1.8
27.1 1.8
27.1 1.8
27.1 1.8
27.1 1.8
27.1 1.8
27.1 1.8
27.1 1.8
27.1 1.8
27.1 1.8
27.1 1.8
27.1 1.8
27.1 1.8
27.1 1.8
27.1 1.8
27.1 1.8
27.1 1.8
27.1 1.8
27.1 2.0
27.1 1.9
27.1 1.8
27.1 1.9
27.1 1.9
27.1 1.9
27.1 1.9
27.1 1.9
27.1 1.9
27.1 1.9
27.1 2.0
27.1 2.0
27.1 2.0
27.1 1.9
27.1 1.9
27.1 1.9
27.1 1.9
27.0 1.9
27.0 1.9
27.0 1.9
27.0 1.9
27.0 1.9
27.0 1.9
27.0 1.9
27.0 1.9
27.0 2.0
27.0 2.0
27.0 1.9
27.0 2.0
27.0 2.0
27.0 2.0
27.0 2.0
27.0 2.0
27.0 2.0
27.0 1.9
27.0 2.0
27.0 1.9
27.0 1.9
27.0 1.9
27.0 1.9
27.0 1.9
27.0 1.9
27.0 1.9
27.0 1.9
27.0 2.0
27.0 2.0
27.0 2.0
27.0 2.0
27.0 2.0
27.0 1.9
27.0 1.9
27.0 1.9
27.0 1.9
27.0 1.9
27.0 1.9
27.0 1.9
27.0 1.9
27.0 1.9
27.0 1.9
27.0 1.9
27.0 1.9
27.0 1.9
27.0 1.9
27.0 1.9
27.0 1.9
27.0 1.9
27.1 1.9
27.0 1.9
27.1 1.9
27.1 2.0
27.0 2.0
27.0 2.0
27.0 2.0
27.0 2.0
27.0 2.0
27.0 1.9
27.0 2.0
27.0 2.0
27.0 2.0
27.0 2.0
27.0 2.0
27.0 2.0
27.0 2.0
27.0 2.0
27.0 2.0
27.0 2.0
27.0 2.0
27.0 2.0
27.0 2.0
27.0 2.0
27.0 2.0
27.0 2.0
27.0 2.0
27.0 2.0
27.0 2.0
27.0 2.0
27.0 2.0
27.0 2.0
27.0 2.0
27.0 2.0
27.0 2.0
27.0 2.0
27.0 2.0
27.0 2.0
27.0 2.0
27.0 2.0
27.0 2.0
27.0 2.0
27.0 2.1
27.0 2.1
27.0 2.1
27.0 2.1
27.0 2.0
27.0 2.1
26.9 2.1
26.9 2.1
26.9 2.1
27.0 2.1
27.0 2.1
27.0 2.1
27.0 2.1
26.9 2.1
26.9 2.1
26.9 2.1
26.9 2.1
26.9 2.1
26.9 2.1
27.0 2.1
26.9 2.1
26.9 2.1
26.9 2.1
27.0 2.1
27.0 2.1
27.0 2.1
27.0 2.1
27.0 2.1
27.0 2.1
27.0 2.1
27.0 2.1
27.0 2.1
27.0 2.1
27.0 2.1
27.0 2.1
27.0 2.1
27.0 2.1
27.0 2.1
27.0 2.1
27.1 2.1
27.0 2.1
27.0 2.1
27.0 2.1
27.0 2.1
27.0 2.1
27.0 2.1
27.0 2.1
27.1 2.1
27.1 2.1
27.2 2.1
27.2 2.1
27.2 2.1
27.2 2.1
27.2 2.1
27.2 2.1
27.3 2.1
27.3 2.1
27.3 2.1
27.3 2.1
27.3 2.1
27.3 2.1
27.3 2.1
27.4 2.1
27.4 2.1
27.4 2.1
27.4 2.1
27.3 2.1
27.4 2.1
27.4 2.2
27.5 2.2
27.5 2.2
27.5 2.2
27.5 2.2
27.6 2.2
27.6 2.2
27.6 2.1
27.7 2.1
27.5 2.2
27.6 2.2
27.6 2.2
27.7 2.3
27.6 2.2
27.6 2.2
27.6 2.2
27.7 2.2
27.7 2.2
27.8 2.2
27.7 2.2
27.6 2.2
27.6 2.2
27.6 2.2
27.5 2.3
27.5 2.3
27.5 2.2
27.4 2.2
27.4 2.3
27.4 2.3
27.4 2.3
27.4 2.3
27.4 2.2
27.4 2.2
27.4 2.2
27.4 2.2
27.5 2.2
27.4 2.2
27.5 2.3
27.6 2.3
27.6 2.2
27.5 2.3
27.6 2.3
27.6 2.3
27.6 2.3
27.5 2.3
27.5 2.3
27.5 2.3
27.5 2.3
27.5 2.3
27.5 2.3
27.5 2.3
27.5 2.3
27.5 2.3
27.5 2.3
27.5 2.3
27.5 2.3
27.5 2.3
27.5 2.3
27.5 2.3
27.5 2.3
27.6 2.3
27.5 2.3
27.6 2.4
27.6 2.3
27.6 2.4
27.6 2.4
27.6 2.4
27.6 2.4
27.6 2.4
27.6 2.4
27.6 2.4
27.6 2.4
27.6 2.4
27.6 2.4
27.6 2.4
27.5 2.4
27.5 2.3
27.5 2.4
27.5 2.4
27.5 2.3
27.6 2.4
27.5 2.3
27.6 2.4
27.5 2.5
27.5 2.4
27.5 2.4
27.5 2.4
27.5 2.4
27.5 2.4
27.5 2.4
27.5 2.4
27.5 2.4
27.5 2.4
27.5 2.4
27.5 2.4
27.4 2.4
27.4 2.4
27.4 2.4
27.4 2.4
27.4 2.4
27.4 2.4
27.4 2.4
27.4 2.4
27.4 2.4
27.4 2.4
27.4 2.4
27.4 2.4
27.4 2.4
27.4 2.4
27.4 2.4
27.4 2.4
27.4 2.4
27.4 2.4
27.4 2.4
27.4 2.4
27.4 2.3
27.4 2.3
27.4 2.3
27.4 2.3
27.4 2.3
27.4 2.3
27.4 2.3
27.4 2.3
27.4 2.3
27.4 2.3
27.4 2.3
27.4 2.3
27.4 2.3
27.4 2.3
27.5 2.3
27.4 2.3
27.4 2.3
27.4 2.3
27.4 2.3
27.4 2.3
27.4 2.3
27.5 2.3
27.5 2.3
27.4 2.3
27.5 2.3
27.5 2.3
27.5 2.3
27.5 2.3
27.5 2.3
27.5 2.3
27.5 2.4
27.5 2.4
27.5 2.4
27.5 2.4
27.5 2.4
27.5 2.4
27.5 2.4
27.5 2.4
27.5 2.4
27.5 2.4
27.5 2.4
27.5 2.4
27.5 2.4
27.5 2.4
27.5 2.4
27.5 2.4
27.6 2.5
27.5 2.5
27.6 2.5
27.5 2.5
27.5 2.5
27.5 2.5
27.5 2.5
27.5 2.5
27.5 2.5
27.4 2.5
27.4 2.5
27.4 2.5
27.4 2.5
27.4 2.5
27.4 2.4
27.4 2.4
27.4 2.4
27.4 2.4
27.4 2.4
27.4 2.4
27.4 2.4
27.4 2.4
27.4 2.4
27.4 2.4
27.4 2.4
27.4 2.4
27.4 2.4
27.4 2.4
27.4 2.4
27.4 2.4
27.4 2.4
27.4 2.4
27.4 2.4
27.4 2.4
27.4 2.4
27.4 2.4
27.4 2.4
27.4 2.4
27.4 2.4
27.4 2.4
27.4 2.4
27.4 2.4
27.4 2.4
27.4 2.4
27.4 2.4
27.4 2.4
27.5 2.4
27.5 2.4
27.5 2.4
27.5 2.4
27.5 2.4
27.5 2.4
27.5 2.4
27.5 2.4
27.5 2.4
27.5 2.4
27.5 2.4
27.5 2.4
27.6 2.4
27.6 2.4
27.6 2.4
27.6 2.4
27.6 2.4
27.7 2.4
27.7 2.4
27.7 2.4
27.7 2.4
27.7 2.4
27.8 2.4
27.8 2.4
27.8 2.4
27.8 2.4
27.8 2.4
27.8 2.4
27.8 2.4
27.8 2.4
27.8 2.4
27.8 2.4
27.8 2.4
27.8 2.4
27.8 2.4
27.8 2.4
27.8 2.4
27.9 2.4
27.9 2.4
28.0 2.4
27.9 2.4
28.0 2.4
28.0 2.4
28.0 2.4
28.0 2.4
28.0 2.4
28.0 2.4
28.0 2.4
28.0 2.4
28.0 2.4
28.0 2.4
28.0 2.4
28.0 2.4
28.1 2.4
28.0 2.4
28.0 2.4
28.0 2.4
28.0 2.4
27.9 2.4
27.9 2.4
27.9 2.4
27.9 2.4
28.0 2.4
27.9 2.4
28.0 2.4
28.0 2.4
27.9 2.4
27.9 2.4
27.9 2.4
28.0 2.4
27.9 2.4
27.9 2.4
27.9 2.4
27.9 2.4
27.9 2.4
27.9 2.4
27.9 2.4
27.9 2.4
27.9 2.4
27.9 2.4
27.9 2.4
27.9 2.4
27.9 2.4
27.9 2.4
27.9 2.4
27.8 2.4
27.8 2.4
27.8 2.4
27.8 2.4
27.8 2.4
27.8 2.4
27.8 2.4
27.8 2.4
27.8 2.4
27.8 2.5
27.8 2.5
27.8 2.5
27.8 2.5
27.8 2.4
27.8 2.5
27.8 2.6
27.8 2.6
27.7 2.6
27.7 2.6
27.7 2.6
27.7 2.6
27.7 2.6
27.7 2.6
27.7 2.6
27.7 2.6
27.7 2.6
27.7 2.5
27.7 2.5
27.6 2.5
27.6 2.5
27.6 2.5
27.6 2.5
27.6 2.5
27.6 2.5
27.6 2.5
27.6 2.5
27.6 2.5
27.6 2.5
27.5 2.5
27.5 2.5
27.5 2.5
27.5 2.5
27.5 2.5
27.5 2.5
27.5 2.6
27.5 2.6
27.5 2.6
27.5 2.6
27.5 2.6
27.5 2.6
27.5 2.6
27.6 2.6
27.5 2.6
27.5 2.6
27.5 2.5
27.5 2.5
27.5 2.5
27.5 2.6
27.5 2.6
27.5 2.6
27.5 2.6
27.5 2.6
27.5 2.6
27.5 2.6
27.6 2.6
27.6 2.5
27.5 2.6
27.5 2.6
27.5 2.5
27.5 2.5
27.5 2.5
27.5 2.5
27.5 2.7
27.5 2.8
27.5 2.8
27.5 2.7
27.5 2.7
27.5 2.8
27.5 2.8
27.5 2.8
27.4 2.7
27.5 2.7
27.5 2.7
27.5 2.7
27.5 2.7
27.4 2.7
27.4 2.7
27.4 2.7
27.4 2.6
27.4 2.6
27.4 2.6
27.4 2.6
27.4 2.6
27.5 2.6
27.4 2.6
27.5 2.6
27.5 2.6
27.5 2.6
27.5 2.6
27.5 2.6
27.4 2.6
27.4 2.6
27.5 2.6
27.5 3.0
27.5 3.0
27.5 3.0
27.4 2.9
27.4 2.9
27.5 2.9
27.5 2.9
27.5 2.9
27.5 2.9
27.5 2.8
27.5 2.8
27.5 2.8
27.5 2.8
27.5 2.8
27.5 2.8
27.5 2.8
27.6 2.7
27.6 2.7
27.6 2.7
27.6 2.8
27.6 2.9
27.6 2.9
27.6 2.9
27.6 2.9
27.6 2.9
27.6 2.9
27.6 2.9
27.6 2.9
27.6 2.9
27.6 2.8
27.6 2.8
27.6 2.8
27.6 2.8
27.6 2.8
27.6 2.8
27.6 2.8
27.6 2.8
27.6 2.8
27.6 2.8
27.6 2.8
27.6 2.8
27.6 2.8
27.6 2.8
27.6 2.8
27.6 2.8
27.6 2.7
27.6 2.7
27.6 2.7
27.6 2.7
27.6 2.7
27.6 2.7
27.6 2.7
27.6 2.7
27.7 2.7
27.7 2.7
27.7 2.7
27.8 2.7
27.9 2.7
27.9 2.7
27.9 2.7
27.9 2.7
27.9 2.6
28.0 2.6
28.1 2.6
28.3 2.6
28.3 2.6
28.4 2.6
28.4 2.6
28.4 2.6
28.5 2.6
28.5 2.6
28.5 2.6
28.5 2.6
28.6 2.6
28.6 2.6
28.6 2.6
28.7 2.6
28.7 2.6
28.7 2.6
28.7 2.6
28.6 2.6
28.6 2.6
28.7 2.6
28.7 2.6
28.7 2.6
28.7 2.6
28.7 2.6
28.7 2.5
28.7 2.5
28.7 2.5
28.7 2.5
28.8 2.5
28.8 2.5
28.8 2.5
28.9 2.5
28.9 2.5
29.0 2.5
29.0 2.5
29.0 2.5
29.0 2.5
29.0 2.5
29.0 2.5
29.1 2.5
29.2 2.5
29.3 2.5
29.3 2.5
29.4 2.5
29.4 2.5
29.4 2.5
29.5 2.5
29.5 2.5
29.5 2.4
29.5 2.4
29.5 2.4
29.4 2.4
29.3 2.4
29.3 2.4
29.4 2.4
29.3 2.4
29.3 2.4
29.1 2.4
28.9 2.4
28.8 2.4
28.9 2.4
28.7 2.4
28.8 2.4
28.7 2.4
28.5 2.4
28.6 2.4
28.5 2.4
28.5 2.4
28.6 2.4
28.6 2.4
28.6 2.4
28.6 2.4
28.6 2.4
28.6 2.4
28.5 2.4
28.5 2.4
28.5 2.4
28.5 2.4
28.5 2.4
28.5 2.5
28.5 2.4
28.5 2.5
28.4 2.5
28.4 2.5
28.4 2.5
28.4 2.5
28.4 2.5
28.4 2.5
28.4 2.5
28.4 2.5
28.4 2.5
28.3 2.5
28.3 2.5
28.3 2.5
28.3 2.5
28.3 2.5
28.3 2.5
28.3 2.5
28.3 2.5
28.3 2.5
28.3 2.5
28.3 2.5
28.3 2.5
28.3 2.5
28.3 2.5
28.3 2.5
28.3 2.5
28.3 2.5
28.3 2.8
28.3 2.8
28.3 2.9
28.2 2.9
28.2 2.9
28.2 2.9
28.2 2.8
28.2 2.8
28.2 2.8
28.2 2.7
28.2 2.7
28.2 2.7
28.2 2.7
28.2 2.7
28.2 2.7
28.2 2.7
28.2 2.7
28.2 2.7
28.2 2.7
28.2 2.7
28.1 2.7
28.1 2.7
28.1 2.7
28.1 2.7
28.1 2.7
28.1 2.7
28.1 2.7
28.1 2.6
28.1 2.7
28.1 2.6
28.1 2.6
28.1 2.6
28.1 2.6
28.2 2.7
28.2 2.7
28.2 2.7
28.1 2.7
28.1 2.7
28.2 2.7
28.1 2.7
28.1 2.7
28.1 2.7
28.1 2.7
28.1 2.7
28.1 2.6
28.1 2.6
28.1 2.6
28.2 2.6
28.1 2.6
28.2 2.6
28.2 2.6
28.1 2.6
28.1 2.6
28.1 2.6
28.1 2.6
28.2 2.6
28.2 2.6
28.2 2.6
28.2 2.6
28.2 2.6
28.1 2.6
28.1 2.6
28.2 2.6
28.2 2.6
28.1 2.6
28.1 2.6
28.1 2.6
28.1 2.6
28.1 2.6
28.1 2.6
28.2 2.6
28.1 2.6
28.2 2.6
28.1 2.6
28.2 2.6
28.2 2.6
28.2 2.6
28.2 2.7
28.1 2.7
28.1 2.7
28.1 2.7
28.2 2.7
28.2 2.7
28.2 2.7
28.1 2.6
28.2 2.7
28.2 2.7
28.2 2.7
28.1 2.7
28.1 2.7
28.1 2.7
28.1 2.7
28.1 2.6
28.1 2.6
28.2 2.6
28.2 2.6
28.1 2.6
28.1 2.6
28.1 2.6
28.1 2.6
28.1 2.6
28.1 2.6
28.1 2.6
28.1 2.6
28.1 2.6
28.1 2.6
28.1 2.6
28.1 2.6
28.1 2.6
28.1 2.6
28.1 2.6
28.1 2.6
28.1 2.6
28.1 2.6
28.1 2.6
28.1 2.6
28.1 2.6
28.1 2.6
28.1 2.6
28.1 2.6
28.1 2.6
28.1 2.6
28.2 2.6
28.2 2.6
28.2 2.6
28.2 2.6
28.2 2.6
28.2 2.6
28.2 2.6
28.2 2.6
28.2 2.6
28.2 2.6
28.2 2.6
28.2 2.6
28.2 2.6
28.2 2.6
28.2 2.6
28.2 2.6
28.2 2.6
28.2 2.6
28.2 2.6
28.2 2.6
28.2 2.6
28.2 2.6
28.2 2.6
28.2 2.6
28.2 2.6
28.2 2.6
28.2 2.6
28.2 2.6
28.2 2.6
28.2 2.6
28.2 2.6
28.2 2.6
28.2 2.6
28.2 2.6
28.3 2.6
28.3 2.6
28.3 2.6
28.3 2.6
28.3 2.6
28.3 2.6
28.3 2.6
28.3 2.6
28.3 2.6
28.3 2.6
28.3 2.6
28.3 2.6
28.3 2.6
28.3 2.6
28.3 2.6
28.3 2.6
28.3 2.6
28.3 2.6
28.3 2.6
28.3 2.6
28.3 2.6
28.3 2.6
28.3 2.6
28.3 2.6
28.4 2.6
28.4 2.6
28.4 2.6
28.4 2.5
28.4 2.6
28.4 2.6
28.4 2.5
28.4 2.5
28.4 2.5
28.3 2.5
28.3 2.5
28.3 2.5
28.3 2.5
28.3 2.5
28.3 2.6
28.3 2.6
28.3 2.6
28.2 2.5
28.2 2.5
28.2 2.5
28.2 2.5
28.2 2.5
28.2 2.5
28.2 2.5
28.2 2.5
28.2 2.5
28.2 2.5
28.2 2.5
28.2 2.5
28.2 2.5
28.2 2.5
28.2 2.5
28.2 2.5
28.1 2.5
28.2 2.5
28.1 2.5
28.1 2.5
28.1 2.5
28.1 2.5
28.1 2.5
28.1 2.5
28.1 2.5
28.1 2.5
28.1 2.5
28.1 2.5
28.1 2.5
28.1 2.5
28.1 2.5
28.1 2.5
28.1 2.5
28.1 2.5
28.1 2.5
28.1 2.5
28.1 2.5
28.1 2.5
28.1 2.5
28.1 2.5
28.1 2.5
28.1 2.5
28.1 2.7
28.1 2.7
28.0 2.8
28.0 2.7
28.0 2.8
28.0 2.8
28.0 2.8
28.0 2.8
28.1 2.8
28.0 2.8
28.0 2.8
28.0 2.8
28.0 2.8
28.0 2.8
28.0 2.8
28.0 2.7
28.0 2.8
28.0 2.7
28.0 2.7
28.0 2.7
28.0 2.7
27.9 2.8
28.0 2.7
28.0 2.7
28.0 2.7
27.9 2.7
27.9 2.7
27.9 2.7
27.9 2.7
27.9 2.7
27.9 2.7
27.9 2.7
27.9 2.7
27.9 2.7
27.9 2.7
27.9 2.7
27.9 2.6
27.9 2.6
27.9 2.6
27.9 2.6
27.9 2.6
27.9 2.6
27.9 2.6
27.9 2.6
27.9 2.6
27.9 2.6
27.9 2.6
27.9 2.6
27.9 2.6
27.9 2.6
27.9 2.6
27.9 2.6
27.9 2.6
27.9 2.6
27.9 2.6
27.9 2.6
27.9 2.6
27.9 2.6
27.9 2.6
27.9 2.6
27.9 2.6
27.9 2.6
27.9 2.6
27.9 2.6
27.9 2.6
27.9 2.6
27.9 2.6
27.9 2.6
27.9 2.6
27.9 2.7
27.9 2.8
27.9 2.8
27.9 2.8
27.9 2.8
27.9 2.8
27.9 2.8
27.9 2.8
27.9 2.8
27.9 2.8
27.9 2.8
27.9 2.8
27.9 2.8
27.9 2.8
27.9 2.8
27.9 2.9
27.9 2.8
27.9 2.8
27.9 2.9
27.9 2.9
27.9 2.9
28.0 2.9
28.0 2.9
28.0 2.9
28.0 2.9
28.0 2.9
28.0 3.0
28.0 3.0
28.0 3.0
28.0 3.0
28.1 3.0
28.2 3.0
28.2 3.0
28.1 3.0
28.1 3.0
28.1 3.0
28.1 3.0
28.1 3.0
28.1 3.0
28.1 3.0
28.1 3.0
28.1 3.0
28.0 3.0
28.0 3.0
28.0 3.0
28.1 3.0
28.1 3.0
28.1 3.0
28.0 3.0
28.0 3.0
28.0 3.0
28.0 3.0
28.1 3.0
28.1 3.0
28.1 3.0
28.1 3.0
28.2 3.0
28.2 3.0
28.2 3.0
28.2 3.0
28.2 3.0
28.2 3.0
28.1 3.0
28.1 3.0
28.1 3.0
28.1 3.0
28.1 3.0
28.2 3.0
28.2 3.0
28.2 3.0
28.2 3.0
28.2 3.0
28.3 3.0
28.3 3.0
28.3 3.0
28.4 3.0
28.4 3.0
28.5 3.0
28.5 3.0
28.6 3.0
28.8 3.0
29.0 3.0
29.1 3.0
29.2 3.0
29.2 3.0
29.2 3.0
29.2 3.0
29.2 3.0
29.1 3.0
29.1 3.0
29.1 3.0
29.0 2.9
28.9 3.0
28.8 3.0
28.9 3.0
28.9 3.0
29.1 3.0
29.2 3.0
29.3 3.0
29.4 2.9
29.4 2.9
29.4 2.9
29.5 2.9
29.6 2.9
29.6 2.9
29.6 2.9
29.6 2.9
29.7 2.9
29.7 2.9
29.7 2.9
29.6 2.8
29.6 2.8
29.5 2.8
29.4 2.8
29.4 2.8
29.4 2.8
29.5 2.8
29.5 2.8
29.3 2.8
29.0 2.8
29.1 2.8
28.9 2.8
28.9 2.8
29.0 2.8
29.0 2.8
29.0 2.8
29.0 2.8
29.0 2.8
29.0 2.8
28.9 2.8
28.9 2.8
28.9 2.8
28.8 2.8
28.8 2.9
28.8 3.0
28.8 3.4
28.8 3.3
28.8 3.2
28.8 3.3
28.7 3.3
28.7 3.3
28.7 3.1
28.7 3.1
28.7 3.1
28.7 3.1
28.7 3.1
28.7 3.1
28.7 3.1
28.7 3.1
28.7 3.1
28.7 3.1
28.7 3.1
28.7 3.1
28.7 3.1
28.7 3.1
28.6 3.1
28.6 3.1
28.6 3.1
28.6 3.1
28.6 3.0
28.6 3.0
28.6 3.0
28.6 3.1
28.6 3.1
28.6 3.0
28.6 3.0
28.6 3.0
28.6 3.0
28.6 3.0
28.6 3.1
28.6 3.1
28.6 3.1
28.6 3.0
28.6 3.0
28.6 3.0
28.6 3.0
28.6 3.0
28.6 3.0
28.6 3.0
28.6 3.0
28.5 3.0
28.5 3.0
28.5 3.0
28.5 3.0
28.5 3.0
28.5 3.0
28.5 3.0
28.5 3.0
28.5 3.0
28.5 3.0
28.5 3.1
28.5 3.1
28.5 3.1
28.5 3.1
28.4 3.1
28.5 3.1
28.5 3.1
28.4 3.1
28.4 3.1
28.4 3.1
28.4 3.1
28.4 3.1
28.5 3.1
28.5 3.1
28.4 3.1
28.4 3.1
28.4 3.1
28.4 3.1
28.3 3.1
28.3 3.1
28.4 3.1
28.4 3.1
28.4 3.1
28.4 3.1
28.4 3.1
28.3 3.0
28.3 3.0
28.3 3.0
28.3 3.0
28.3 3.0
28.3 3.1
28.3 3.0
28.3 3.0
28.3 3.1
28.3 3.0
28.2 3.0
28.2 3.1
28.2 3.1
28.3 3.1
28.2 3.1
28.2 3.0
28.2 3.0
28.2 3.0
28.2 3.0
28.2 3.0
28.2 3.0
28.2 3.3
28.2 3.4
28.2 3.4
28.2 3.4
28.2 3.4
28.2 3.4
28.2 3.4
28.2 3.4
28.3 3.4
28.2 3.4
28.2 3.4
28.2 3.4
28.2 3.4
28.2 3.4
28.2 3.4
28.2 3.4
28.2 3.4
28.2 3.4
28.2 3.4
28.2 3.4
28.2 3.4
28.2 3.4
28.3 3.4
28.3 3.4
28.3 3.4
28.3 3.3
28.3 3.3
28.4 3.3
28.4 3.3
28.4 3.3
28.4 3.3
28.5 3.3
28.5 3.3
28.5 3.3
28.6 3.3
28.6 3.3
28.7 3.3
28.7 3.3
28.7 3.2
28.7 3.2
28.8 3.2
28.8 3.2
28.8 3.2
28.9 3.2
29.0 3.2
29.0 3.2
29.1 3.2
29.1 3.2
29.1 3.2
29.0 3.1
29.0 3.1
29.0 3.1
29.1 3.1
29.0 3.1
28.9 3.1
28.9 3.1
28.8 3.1
28.8 3.1
28.8 3.1
28.8 3.1
28.8 3.1
28.9 3.1
28.8 3.1
28.8 3.1
28.8 3.1
29.0 3.1
29.2 3.1
29.3 3.1
29.3 3.1
29.5 3.1
29.6 3.1
29.6 3.1
29.7 3.1
29.7 3.1
29.7 3.1
29.6 3.1
29.6 3.1
29.6 3.1
29.7 3.1
29.8 3.1
29.8 3.1
29.7 3.1
29.7 3.1
29.9 3.1
30.0 3.1
30.0 3.1
30.2 3.0
30.3 3.0
30.3 3.0
30.2 3.0
30.2 3.0
30.3 3.0
30.5 3.0
30.5 3.0
30.2 3.0
29.9 3.0
29.9 3.0
29.7 3.0
29.7 3.3
29.5 3.1
29.5 3.1
29.5 3.1
29.4 3.1
29.4 3.1
29.4 3.1
29.4 3.0
29.5 3.1
29.5 3.0
29.5 3.0
29.5 3.0
29.5 3.0
29.3 3.1
29.3 3.1
29.3 3.2
29.3 3.2
29.3 3.1
29.3 3.5
29.3 3.5
29.3 3.5
29.3 3.4
29.3 3.4
29.3 3.4
29.3 3.4
29.2 3.3
29.3 3.5
29.3 3.5
29.3 4.3
29.3 4.3
29.3 4.6
29.3 4.3
29.2 4.3
29.2 4.4
29.2 4.4
29.2 4.4
29.2 4.3
29.2 4.3
29.2 4.3
29.2 4.3
29.2 4.2
29.2 4.2
29.2 4.2
29.2 4.0
29.2 4.0
29.2 3.9
29.2 3.9
29.2 3.9
29.2 3.8
29.2 3.9
29.1 4.0
29.1 4.0
29.1 4.0
29.2 4.0
29.2 4.1
29.1 4.2
29.1 4.2
29.1 4.3
29.1 4.3
29.1 4.2
29.1 4.1
29.1 3.9
29.1 3.8
29.1 3.8
29.1 3.8
29.1 3.8
29.1 3.8
29.0 3.8
29.0 3.8
29.0 3.8
29.0 3.9
29.0 3.9
29.0 3.9
29.0 4.0
29.0 4.0
29.0 4.0
29.0 4.0
29.0 4.0
29.0 4.0
29.0 4.0
29.0 4.0
29.0 4.0
29.0 4.0
29.0 4.0
29.0 4.0
29.1 4.0
29.1 4.0
29.1 4.0
29.0 4.0
29.0 4.0
29.0 4.0
29.0 4.0
29.0 5.5
29.0 5.5
28.8 4.9
28.8 4.8
28.7 4.8
28.7 4.7
28.7 4.7
28.7 4.7
28.7 4.7
28.7 4.7
28.7 4.6
28.7 4.6
28.7 4.6
28.7 4.6
28.7 4.6
28.7 4.6
28.7 4.6
28.7 4.6
28.7 4.6
28.7 4.6
28.7 4.6
28.7 4.6
28.7 4.6
28.6 4.5
28.6 4.5
28.6 4.5
28.6 4.5
28.6 4.5
28.6 4.5
28.6 4.5
28.6 4.5
28.6 4.5
28.6 4.5
28.6 4.5
28.6 4.4
28.6 4.4
28.6 4.3
28.6 4.3
28.6 4.3
28.6 4.3
28.6 4.3
28.6 4.3
28.6 4.3
28.6 4.3
28.5 4.3
28.5 4.3
28.5 4.3
28.5 4.3
28.5 4.3
28.5 4.3
28.5 4.3
28.5 4.3
28.5 4.3
28.6 4.6
28.6 4.8
28.6 4.7
28.6 4.7
28.7 4.4
28.7 4.6
28.7 4.6
28.6 4.6
28.6 4.5
28.6 4.5
28.6 4.6
28.7 4.6
28.7 4.6
28.7 4.5
28.7 4.6
28.7 4.9
28.7 4.8
28.7 4.7
28.7 4.8
28.8 4.7
28.8 4.8
28.8 4.7
28.8 4.8
28.8 4.7
28.8 4.7
28.8 4.8
28.8 4.7
28.8 4.7
28.8 4.7
28.8 4.7
28.9 4.7
28.9 4.7
28.9 4.7
28.9 4.7
29.0 4.7
29.0 4.7
29.0 4.7
29.0 4.7
29.0 4.8
29.1 4.7
29.1 4.7
29.1 4.7
29.1 4.7
29.2 4.7
29.2 4.7
29.2 4.7
29.2 4.7
29.2 4.7
29.2 4.7
29.3 4.7
29.3 4.7
29.3 4.6
29.3 4.6
29.3 4.6
29.4 4.4
29.3 4.4
29.3 4.4
29.4 4.4
29.3 4.4
29.4 4.4
29.4 5.0
29.4 4.8
29.5 4.8
29.5 4.8
29.6 4.8
29.6 4.8
29.6 4.8
29.5 4.7
29.5 4.7
29.6 4.7
29.5 4.6
29.6 4.6
29.8 4.5
29.7 4.5
29.6 4.5
29.7 4.5
29.8 4.5
29.8 4.5
29.8 4.3
29.7 4.3
29.7 4.2
29.8 4.2
29.9 4.2
29.8 4.2
29.8 4.2
29.8 4.2
29.8 4.2
29.7 4.1
29.8 4.1
29.8 3.8
29.7 3.8
29.7 3.9
29.8 3.9
29.9 3.9
29.9 3.8
29.9 3.8
29.8 3.8
29.8 3.7
29.8 3.7
29.8 3.7
29.8 3.7
29.8 3.7
29.8 3.7
29.7 3.7
29.7 3.7
29.7 3.7
29.8 3.7
29.8 3.6
29.7 3.6
29.8 3.6
29.8 3.6
29.8 3.6
29.7 3.6
29.7 3.6
29.7 3.6
29.7 3.6
29.7 3.6
29.7 3.5
29.7 3.5
29.7 3.5
29.7 3.5
29.7 3.5
29.7 3.5
29.7 3.5
29.7 3.4
29.7 3.4
29.7 3.5
29.7 3.4
29.7 3.4
29.7 3.4
29.7 3.4
29.7 3.4
29.7 3.4
29.7 3.4
29.6 3.4
29.6 3.4
29.7 3.4
29.6 3.4
29.7 3.5
29.7 3.5
29.7 3.5
29.7 3.5
29.8 3.5
29.8 3.5
29.7 3.5
29.8 3.5
29.8 3.5
29.8 3.5
29.8 3.5
29.9 3.6
29.9 3.6
29.9 3.6
29.9 3.6
29.9 3.7
29.8 3.7
29.8 3.8
29.8 3.8
29.9 3.8
29.9 3.8
29.9 3.8
29.9 3.8
29.8 3.8
29.7 3.9
29.7 3.9
29.7 3.9
29.7 3.9
29.7 3.9
29.7 4.0
29.7 4.0
29.7 4.1
29.7 4.1
29.7 4.2
29.6 4.2
29.6 4.2
29.6 4.2
29.6 4.2
29.5 4.2
29.4 4.3
29.3 4.4
29.3 4.3
29.3 4.4
29.2 4.5
29.2 4.5
29.2 4.5
29.2 4.5
29.2 4.6
29.2 4.6
29.2 4.6
29.2 4.6
29.2 4.6
29.1 4.6
29.1 4.6
29.1 4.6
29.1 4.7
29.1 4.8
29.1 4.8
29.1 4.8
29.1 4.8
29.1 4.8
29.1 4.9
29.1 4.9
29.1 4.9
29.1 4.9
29.1 4.9
29.0 4.9
29.0 4.8
29.0 4.8
29.0 4.8
29.0 4.7
28.9 4.7
28.9 4.6
28.9 4.6
28.9 4.6
28.8 4.5
28.8 4.6
28.8 4.6
28.8 4.5
28.8 4.5
28.8 4.5
28.8 4.4
28.8 4.5
28.8 4.5
28.8 4.4
28.9 4.4
28.9 4.4
28.9 4.4
28.9 4.4
28.9 4.6
28.9 4.7
29.0 4.6
29.0 4.6
29.0 4.2
29.0 4.6
29.0 4.6
29.0 4.9
29.0 4.5
29.0 4.6
29.0 4.6
29.0 4.5
29.1 4.7
29.0 4.5
29.0 4.6
29.0 5.0
29.1 4.8
29.1 4.9
29.2 4.9
29.2 4.8
29.2 4.8
29.2 4.8
29.2 4.8
29.2 4.8
29.3 4.8
29.3 4.6
29.3 4.7
29.2 4.7
29.2 4.6
29.2 4.6
29.3 5.0
29.3 6.2
29.3 6.0
29.4 6.1
29.4 6.2
29.3 6.4
29.4 6.2
29.4 6.2
29.4 6.0
29.4 6.1
29.4 6.1
29.4 6.1
29.5 6.1
29.6 6.1
29.6 6.1
29.5 6.1
29.4 6.1
29.6 6.1
29.7 6.1
29.8 6.1
29.7 6.1
29.6 6.0
29.5 6.0
29.5 6.1
29.5 6.1
29.6 6.0
29.7 5.9
29.7 5.9
29.6 5.9
29.6 5.9
29.9 5.9
29.9 5.9
29.8 5.9
29.7 6.2
29.7 6.2
29.9 6.9
30.0 6.9
30.0 6.8
30.0 6.8
30.0 6.7
30.0 6.7
30.1 6.7
30.1 6.8
30.0 6.7
29.9 6.5
30.1 6.5
30.1 6.4
30.0 6.5
30.1 6.5
30.2 6.4
30.1 6.4
30.0 6.4
30.0 6.4
29.9 6.4
30.0 6.3
30.1 6.3
30.3 6.2
30.3 6.0
30.3 6.1
30.3 6.1
30.3 6.0
30.3 6.0
30.3 6.0
30.2 5.9
30.1 5.9
30.2 5.7
30.2 5.7
30.2 5.7
30.2 5.7
30.1 5.7
30.2 5.6
30.3 5.5
30.2 5.5
30.2 5.4
30.2 5.4
30.2 5.4
30.2 5.7
30.2 5.6
30.2 5.3
30.2 5.5
30.2 5.5
30.2 5.5
30.1 5.4
30.1 5.4
30.0 5.4
30.0 5.3
30.0 5.3
30.0 5.3
30.0 5.3
30.0 5.3
30.0 5.3
30.0 5.2
30.0 5.2
30.0 5.2
30.0 5.2
29.9 5.2
29.9 5.2
29.9 5.2
29.9 5.2
29.9 5.2
29.9 5.2
29.9 5.2
29.9 5.2
29.9 5.2
29.8 5.2
29.8 5.2
29.8 5.2
29.8 5.2
29.9 5.2
29.9 5.2
29.8 5.2
29.8 5.0
29.7 4.9
29.7 4.7
29.7 4.8
29.8 4.9
29.9 4.9
29.7 4.7
29.7 4.7
29.8 4.7
29.8 4.7
29.8 4.8
29.9 4.8
29.8 4.8
29.7 4.9
29.7 4.9
29.8 4.9
29.9 4.9
29.9 4.9
30.1 4.9
30.0 4.9
29.9 6.0
29.9 6.1
29.9 6.1
29.9 6.1
29.9 6.1
29.9 6.2
29.9 6.2
29.9 6.2
29.8 6.0
29.8 6.2
29.8 6.3
29.8 6.4
29.7 6.6
29.7 6.6
29.7 6.6
29.7 6.9
29.7 7.0
29.6 7.4
29.6 7.6
29.5 7.7
29.5 7.8
29.5 7.9
29.4 8.0
29.4 8.0
29.4 8.1
29.4 8.1
29.3 8.2
29.3 8.4
29.3 8.4
29.2 8.5
29.2 8.6
29.1 8.6
29.1 8.6
29.1 8.7
29.1 8.7
29.2 8.8
29.2 8.8
29.0 8.8
29.0 8.8
29.0 8.9
28.9 11
28.9 12
28.9 12
29.0 12
29.0 12
29.0 12
29.0 12
29.0 12
29.0 12
29.0 12
29.0 12
29.0 12
29.0 12
29.0 12
29.0 12
29.0 13
28.9 13
28.9 12
28.9 12
28.8 12
28.8 12
28.8 12
28.8 12
28.8 12
28.8 12
28.9 12
28.9 12
28.9 12
28.9 12
28.9 12
28.9 12
28.9 12
28.9 12
28.9 12
28.9 11
28.9 8.4
28.9 15
28.9 15
28.9 14
28.9 14
28.9 13
29.0 13
29.0 12
29.0 13
29.0 13
29.0 12
29.0 12
29.0 12
29.1 12
29.1 12
29.1 11
29.1 11
29.2 11
29.1 11
29.2 10
29.2 10
29.2 10
29.2 10
29.2 11
29.2 9.7
29.2 9.6
29.1 9.7
29.2 9.6
29.3 9.6
29.3 9.6
29.3 9.6
29.4 9.5
29.4 9.5
29.4 9.5
29.4 9.5
29.5 9.1
29.4 9.0
29.6 8.8
29.5 8.7
29.6 8.5
29.7 8.4
29.8 8.4
29.9 8.4
29.9 8.3
29.8 8.3
29.6 8.2
29.7 8.2
29.8 8.2
29.8 8.2
29.9 7.7
29.8 8.2
29.8 8.2
29.9 7.7
29.8 8.1
29.8 8.0
29.9 7.9
30.0 8.0
30.1 8.0
30.1 8.0
30.0 7.9
30.1 7.9
30.0 7.9
30.0 7.9
30.1 7.8
30.0 7.9
29.9 7.9
29.8 7.9
29.8 7.9
29.7 7.8
29.7 7.9
29.9 7.9
29.9 7.9
29.9 7.8
29.9 7.8
29.9 7.8
29.9 7.8
29.8 7.8
29.8 7.8
29.8 7.8
29.8 7.8
29.8 7.8
29.6 8.2
29.5 8.1
29.5 8.0
29.5 8.0
29.5 7.8
29.5 7.8
29.4 7.8
29.4 7.6
29.4 7.6
29.4 7.6
29.5 7.6
29.5 7.5
29.5 7.5
29.6 9.4
29.6 9.3
29.5 9.2
29.5 9.2
29.5 9.1
29.5 8.8
29.5 8.5
29.5 8.5
29.6 8.4
29.6 8.4
29.6 8.4
29.6 8.3
29.5 8.3
29.5 8.3
29.5 8.2
29.6 8.1
29.6 8.1
29.6 8.1
29.6 8.1
29.6 8.1
29.5 8.1
29.5 8.0
29.5 8.0
29.5 8.0
29.5 8.1
29.5 8.0
29.5 8.0
29.5 8.0
29.5 8.0
29.5 8.0
29.4 7.9
29.4 7.9
29.5 7.9
29.5 7.9
29.5 7.9
29.5 7.9
29.5 7.9
29.4 7.9
29.4 7.9
29.4 7.9
29.4 7.9
29.4 7.9
29.4 7.9
29.3 7.9
29.3 7.9
29.2 7.9
29.2 7.9
29.2 7.9
29.2 7.8
29.3 7.6
29.3 7.5
29.3 7.3
29.3 7.3
29.3 7.3
29.3 7.1
29.3 6.7
29.3 6.7
29.2 6.6
29.2 6.6
29.2 6.5
29.3 6.1
29.3 6.1
29.2 6.1
29.2 6.1
29.2 6.1
29.2 6.1
29.2 6.1
29.2 6.2
29.3 6.2
29.3 6.3
29.3 6.3
29.3 6.3
29.2 6.3
29.2 6.3
29.2 6.2
29.2 6.3
29.2 6.3
29.2 6.3
29.2 6.3
29.2 6.3
29.1 6.3
29.0 6.3
29.0 6.3
28.9 6.3
28.9 6.3
28.9 6.3
28.8 6.3
28.8 6.3
28.8 6.3
28.7 6.7
28.7 6.7
28.6 6.6
28.6 6.6
28.5 6.7
28.5 6.7
28.5 6.6
28.5 6.7
28.5 6.6
28.5 6.7
28.5 6.9
28.4 6.9
28.3 6.7
28.2 6.7
28.1 7.2
28.3 7.0
28.2 6.5
28.4 6.8
28.2 6.6
28.3 6.6
28.3 6.7
28.3 6.8
28.4 6.9
28.4 6.9
28.5 7.0
28.5 6.7
28.5 6.6
28.4 6.5
28.4 6.5
28.4 6.4
28.4 6.4
28.4 6.4
28.4 6.4
28.4 6.3
28.3 6.4
28.3 6.4
28.2 6.4
28.2 6.4
28.1 6.4
28.2 6.6
28.2 6.5
28.2 6.7
28.2 6.7
28.2 6.8
28.2 7.2
28.2 7.9
28.2 7.8
28.3 7.4
28.3 7.8
28.3 7.6
28.3 7.7
28.3 7.8
28.3 7.9
28.2 8.0
28.2 8.0
28.2 8.0
28.2 8.0
28.2 7.8
28.2 7.8
28.1 7.8
28.1 7.7
28.1 7.7
28.1 7.6
28.1 7.8
28.1 7.4
28.1 7.2
28.1 7.7
28.1 7.9
28.0 7.8
28.0 7.8
28.1 7.6
28.1 7.6
28.1 7.7
28.1 7.8
28.1 7.8
28.1 7.7
28.1 7.4
28.0 7.4
28.1 7.4
28.2 7.6
28.3 7.4
28.2 7.2
28.2 7.1
28.4 7.0
28.6 6.9
28.8 6.9
28.8 6.9
28.8 6.8
28.7 6.8
28.5 6.9
28.6 6.9
28.7 6.9
28.8 6.8
29.0 6.8
29.3 6.8
29.4 6.8
29.4 6.8
29.5 6.7
29.6 6.7
29.7 6.7
29.8 6.7
29.7 6.7
29.4 6.7
29.3 6.7
29.5 6.7
29.8 6.7
30.1 6.7
30.4 6.7
30.4 6.7
30.5 6.7
30.6 6.7
30.6 6.7
30.4 6.7
29.8 6.7
29.9 6.7
30.2 6.7
30.7 6.7
30.7 6.7
30.7 6.7
30.7 6.7
30.7 6.7
30.5 6.7
30.3 6.7
30.2 6.7
30.4 6.7
30.6 6.7
30.8 6.7
30.8 6.5
30.8 6.5
30.8 6.4
31.0 6.4
31.1 6.4
31.2 6.4
31.1 6.3
31.1 6.3
31.1 6.3
31.2 6.3
31.2 6.3
31.1 6.3
30.9 6.2
30.8 6.2
30.7 6.2
30.5 6.2
30.3 6.2
30.2 6.2
30.0 6.3
29.9 6.2
29.7 6.2
29.9 6.2
30.0 6.2
30.0 6.2
30.0 6.2
30.0 6.1
30.1 6.1
30.1 6.1
30.0 6.1
30.0 6.1
29.9 6.1
29.8 6.1
29.8 6.1
29.8 6.1
29.8 6.1
29.8 6.1
29.8 6.1
29.7 6.1
29.7 6.1
29.6 6.1
29.6 6.1
29.7 6.1
29.7 6.1
29.7 6.1
29.6 6.1
29.6 6.1
29.6 6.1
29.6 6.1
29.6 6.1
29.6 6.1
29.6 6.1
29.6 6.1
29.5 6.1
29.5 6.1
29.5 6.1
29.5 6.1
29.5 6.1
29.5 6.1
29.5 6.1
29.5 6.1
29.5 6.1
29.5 6.1
29.5 6.1
29.5 6.1
29.5 6.1
29.5 6.1
29.5 6.1
29.5 6.1
29.5 6.1
29.5 6.1
29.5 6.1
29.5 6.1
29.5 6.1
29.5 6.1
29.4 6.1
29.5 6.1
29.5 6.2
29.5 6.2
29.5 6.2
29.5 6.2
29.5 6.3
29.5 6.8
29.5 6.9
29.5 7.2
29.5 7.2
29.5 7.3
29.5 7.4
29.4 7.3
29.4 7.3
29.4 7.3
29.4 7.3
29.3 8.3
29.3 7.4
29.3 7.6
29.3 7.6
29.3 7.6
29.3 7.6
29.3 7.6
29.3 7.6
29.4 7.6
29.4 7.6
29.4 7.6
29.4 7.6
29.4 7.6
29.4 7.6
29.3 7.6
29.3 7.6
29.3 9.6
29.3 9.4
29.2 9.5
29.2 9.5
29.2 9.6
29.2 9.6
29.2 9.8
29.2 9.9
29.2 9.9
29.2 9.9
29.2 9.6
29.2 9.5
29.2 9.5
29.2 9.5
29.2 9.5
29.2 9.5
29.2 9.5
29.2 9.5
29.2 9.5
29.2 9.5
29.2 9.5
29.2 9.5
29.2 9.5
29.1 9.5
29.1 9.5
29.1 9.5
29.1 9.5
29.1 9.5
29.1 9.5
29.1 9.5
29.1 9.5
29.1 9.5
29.0 9.5
29.0 9.5
29.0 9.5
29.0 9.5
29.0 9.5
29.0 9.5
29.1 9.5
29.0 9.5
28.9 9.5
29.0 9.5
29.0 9.6
29.1 9.5
29.1 9.5
29.1 9.5
29.1 9.5
29.1 9.5
29.0 9.5
29.1 9.5
29.1 9.6
29.0 9.5
29.0 9.5
29.0 9.5
29.0 9.5
29.0 9.6
29.1 9.5
29.1 9.5
29.1 9.5
29.1 9.5
29.0 9.5
29.0 9.5
29.0 9.5
29.0 9.5
28.9 9.5
28.9 9.4
28.9 9.4
28.7 9.4
28.6 9.3
28.6 9.3
28.6 9.3
28.5 9.2
28.5 9.2
28.6 9.2
28.6 9.2
28.6 9.2
 9.2
 9.2
 9.2
28.3 11
28.5 10
28.5 11
28.5 10
28.5 10
28.5 10
28.4 11
28.4 10
28.4 9.9
28.5 9.8
28.5 9.5
28.5 9.5
28.5 9.5
28.6 9.5
28.6 9.5
28.5 10
28.5 11
28.5 11
28.5 11
28.4 9.9
28.4 9.6
28.4 9.9
28.4 9.8
28.4 9.7
28.5 9.7
28.5 10
28.6 9.5
28.6 9.3
28.6 9.1
28.6 9.1
28.6 9.1
28.6 9.1
28.6 9.1
28.5 9.4
28.5 12
28.5 12
28.5 13
28.5 12
28.5 10
28.5 9.6
28.6 9.4
28.7 9.4
28.7 9.4
28.8 9.2
28.8 9.1
28.8 9.1
28.7 9.1
28.7 9.9
28.7 9.5
28.7 10
28.7 9.4
28.7 9.4
28.7 9.2
28.7 9.1
28.7 9.1
28.9 9.1
29.1 8.7
29.0 8.8
28.9 8.8
29.0 8.7
28.9 8.7
28.9 8.7
28.8 10
28.8 10
28.8 10
28.8 9.6
28.8 9.2
28.9 9.2
29.1 8.6
29.1 8.8
29.1 8.7
29.1 8.7
29.2 8.7
29.1 8.7
29.0 8.7
29.0 8.5
28.9 8.5
28.9 11
28.8 11
28.8 11
28.7 11
28.7 11
28.8 10
28.8 9.4
28.9 9.0
28.9 8.9
28.9 8.8
28.9 8.7
29.0 8.7
29.0 7.7
29.1 7.6
29.0 7.6
29.0 7.6
29.0 7.4
29.0 7.4
29.0 7.4
29.0 7.4
29.0 7.4
29.0 7.4
29.0 8.5
29.1 8.2
29.0 7.5
29.1 7.2
29.1 7.2
29.1 7.2
29.0 7.3
29.1 7.3
29.1 7.3
29.1 7.3
29.0 7.2
29.0 7.3
29.0 7.3
29.0 7.3
28.9 7.3
28.9 7.4
28.9 7.4
28.8 7.4
28.8 7.4
28.8 7.4
28.7 7.4
28.7 7.4
28.7 7.3
28.7 7.3
28.6 7.3
28.7 7.3
28.8 7.4
28.8 7.3
28.8 7.2
28.8 7.2
28.8 7.2
28.8 7.2
28.8 7.2
28.7 7.2
28.7 7.6
28.5 7.7
28.6 7.9
28.6 7.9
28.6 7.9
28.6 7.9
28.7 7.6
28.7 7.6
28.7 7.2
28.7 7.3
28.6 7.3
28.7 7.0
28.7 6.8
28.7 7.0
28.7 7.0
28.7 7.0
28.6 7.1
28.6 7.1
28.6 7.1
28.5 7.2
28.5 7.2
28.5 7.2
28.6 7.1
28.6 7.1
28.7 7.0
28.7 7.0
28.7 7.0
28.7 6.5
28.7 6.6
28.6 6.7
28.5 6.8
28.5 6.8
28.5 6.8
28.4 6.8
28.4 6.8
28.4 6.8
28.5 6.8
28.5 6.8
28.5 6.9
28.5 6.8
28.5 7.1
28.3 8.8
28.2 11
28.2 11
28.3 11
28.3 10
28.4 10
28.3 10
28.3 10
28.3 10
28.3 10
28.3 10
28.3 10
28.3 10
28.4 10
28.4 10
28.3 10
28.4 10
28.4 10
28.3 10
28.2 10
28.3 10
28.4 10
28.4 9.9
28.5 9.9
28.3 9.8
28.3 9.8
28.2 9.8
28.3 9.8
28.4 9.8
28.4 9.8
28.5 9.8
28.5 9.7
28.5 9.7
28.5 9.7
28.5 9.7
28.5 9.7
28.5 9.7
28.6 9.6
28.5 9.6
28.5 9.6
28.5 9.6
28.7 9.6
28.9 9.5
29.3 8.9
29.3 8.7
29.2 8.7
29.2 8.6
28.9 8.6
28.8 8.6
28.7 8.6
28.6 8.6
28.6 8.6
28.7 8.6
29.2 8.6
29.6 8.5
29.2 8.4
29.1 8.5
29.7 8.5
30.1 8.5
30.1 8.4
30.2 8.4
29.9 8.3
29.6 8.3
29.7 8.3
29.9 8.2
29.9 8.0
29.9 7.9
30.0 7.7
30.2 7.7
30.5 7.5
30.5 7.5
30.3 7.4
30.0 7.5
29.8 7.5
29.4 7.5
30.2 7.5
30.7 7.4
31.2 7.2
31.2 7.0
31.3 6.8
31.3 6.7
31.4 6.5
31.5 6.5
31.4 6.6
31.4 6.5
31.3 6.5
31.3 6.5
31.4 6.6
31.4 6.6
31.4 6.6
31.6 6.5
31.4 6.4
31.3 6.5
31.3 6.5
31.3 6.5
31.5 6.5
31.8 6.5
31.7 6.5
31.4 6.5
30.9 6.5
30.9 6.5
30.9 6.5
31.3 6.5
31.5 6.4
31.5 6.4
31.6 6.4
31.0 6.4
30.6 6.4
30.5 7.2
30.3 7.8
30.3 7.9
30.2 7.7
30.0 7.8
29.9 7.5
29.9 7.6
30.0 7.5
30.0 7.0
30.2 7.2
30.6 6.6
30.3 6.6
30.4 6.6
30.4 6.6
30.2 6.5
29.9 6.5
29.9 6.5
29.9 6.5
30.0 6.5
29.8 6.5
29.9 6.5
30.0 6.5
30.0 6.8
29.9 7.1
29.9 7.4
29.9 7.3
29.9 7.3
29.8 7.3
29.7 8.2
29.7 8.1
29.7 11
29.7 10
29.7 9.3
29.7 9.4
29.7 9.2
29.7 8.5
29.6 8.2
29.6 8.0
29.6 7.3
29.6 7.2
29.5 7.4
29.5 7.6
29.5 7.4
29.5 7.3
29.5 7.3
29.5 7.1
29.4 7.0
29.4 7.0
29.4 7.0
29.4 7.0
29.4 7.0
29.4 7.0
29.3 7.0
29.4 7.0
29.4 7.0
29.4 7.0
29.3 7.0
29.4 7.0
29.3 6.9
29.3 6.7
29.3 6.7
29.3 6.6
29.3 6.5
29.3 6.3
29.3 6.4
29.3 6.4
29.3 6.4
29.4 6.4
29.4 6.4
29.4 6.4
29.3 6.4
29.3 6.4
29.3 6.4
29.3 6.3
29.3 6.4
29.3 6.4
29.3 6.4
29.3 6.4
29.3 6.4
29.4 6.4
29.4 6.4
29.4 6.4
29.4 6.4
29.3 6.4
29.3 6.4
29.3 6.4
29.3 6.4
29.3 6.6
29.3 6.6
29.3 6.7
29.3 6.7
29.3 6.7
29.3 6.7
29.3 6.8
29.2 6.6
29.2 6.6
29.2 6.6
29.2 6.8
29.3 6.8
29.2 6.8
29.3 6.8
29.2 6.8
29.2 6.8
29.2 6.7
29.2 6.6
29.1 6.5
29.1 6.3
29.2 6.3
29.1 6.3
29.2 6.0
29.3 6.1
29.3 6.3
29.3 6.3
29.2 8.0
29.3 7.7
29.3 7.8
29.2 7.7
29.2 7.5
29.1 6.7
29.0 6.3
29.1 6.1
29.2 6.1
29.2 6.1
29.2 6.1
29.2 6.1
29.2 6.1
29.2 6.1
29.2 6.1
29.2 6.1
29.2 6.1
29.2 6.1
29.2 6.1
29.2 6.1
29.2 8.9
29.1 8.9
29.1 8.9
29.0 8.9
29.0 8.9
29.0 8.8
29.0 8.8
29.1 8.7
29.1 8.7
29.0 8.7
29.1 8.7
29.0 8.7
29.0 8.7
29.0 8.7
29.0 8.7
29.0 8.7
29.0 8.7
29.0 8.7
29.0 8.7
29.0 8.7
29.0 8.7
29.0 8.7
29.0 8.7
29.0 8.7
29.0 8.7
29.0 8.7
29.0 8.7
29.0 8.7
29.0 8.7
29.0 8.7
29.0 8.7
29.0 8.7
29.0 8.7
29.0 8.7
28.9 8.7
28.9 8.6
28.8 8.1
28.7 7.7
28.7 7.6
28.7 7.5
28.7 7.4
28.7 7.3
28.8 7.3
28.8 7.3
28.9 7.3
28.7 7.3
28.7 7.2
28.6 7.1
28.8 7.0
28.9 7.0
28.9 7.0
28.9 7.0
28.9 7.0
29.0 7.0
29.0 7.0
28.9 7.0
28.9 7.0
28.9 7.0
28.8 7.0
28.8 7.0
28.8 7.0
28.9 7.0
28.9 7.0
28.8 7.0
28.8 7.0
28.8 7.0
28.8 7.0
28.8 7.0
28.8 7.0
28.8 7.0
28.8 7.0
28.8 7.0
28.9 7.0
28.9 7.0
28.9 7.0
28.9 7.0
28.9 7.0
28.9 7.0
28.9 7.0
28.9 7.0
28.9 7.0
28.9 7.0
29.0 7.0
29.0 7.0
29.0 7.0
29.0 7.0
29.1 6.7
29.1 6.5
29.1 6.4
29.1 6.4
29.1 6.4
29.1 6.4
29.1 6.4
29.1 6.4
29.1 6.4
29.1 6.4
29.1 6.4
29.1 6.4
29.1 6.4
29.2 6.7
29.2 6.6
29.3 6.6
29.3 6.4
29.3 6.4
29.3 6.4
29.3 6.4
29.3 6.4
29.3 6.4
29.2 6.4
29.2 6.4
29.2 6.4
29.2 6.4
29.2 6.4
29.2 6.4
29.2 6.4
29.2 6.4
29.2 6.9
29.1 6.9
29.1 8.2
29.1 7.0
29.0 10
29.0 11
29.1 10
29.1 10
29.0 10
29.1 9.4
29.1 9.2
29.1 8.8
29.1 8.7
29.1 8.6
29.0 8.6
29.0 8.6
29.0 8.5
29.0 8.5
29.0 8.4
29.0 8.3
29.0 8.3
29.0 8.3
29.0 8.0
29.0 7.9
29.0 8.5
29.0 8.3
29.0 8.2
29.0 8.1
29.0 8.1
29.0 8.5
29.0 8.3
29.0 7.8
29.0 7.9
28.9 7.2
28.9 7.0
28.9 6.9
28.9 6.7
28.9 6.7
28.9 6.8
28.9 6.9
28.9 6.9
28.9 6.7
28.9 6.7
28.9 6.6
28.9 6.5
28.9 6.5
28.9 8.2
28.9 8.1
28.9 8.0
28.9 8.0
28.9 7.9
28.9 7.1
28.9 7.4
28.8 7.2
28.9 6.8
28.9 6.9
28.9 6.9
28.9 6.9
28.9 6.9
28.9 6.9
28.9 6.9
28.8 6.8
28.8 6.8
28.8 6.9
28.8 6.9
28.8 6.9
28.7 6.9
28.7 6.8
28.7 6.7
28.8 7.0
28.8 6.9
28.7 6.6
28.8 6.6
28.8 6.6
28.7 6.6
28.7 6.6
28.8 7.4
28.8 7.4
28.7 7.4
28.7 7.4
28.7 7.2
28.7 7.2
28.7 7.4
28.7 7.5
28.6 7.4
28.6 7.1
28.7 7.0
28.7 7.0
28.7 7.0
28.7 7.0
28.6 7.0
28.6 7.0
28.6 7.0
28.6 6.9
28.7 6.9
28.7 6.9
28.7 6.9
28.7 6.9
28.6 6.9
28.6 6.9
28.6 6.8
28.6 6.8
28.6 7.0
28.6 7.0
28.6 7.0
28.6 7.0
28.6 7.0
28.6 7.0
28.6 7.0
28.6 7.5
28.6 7.1
28.6 7.2
28.6 7.8
28.5 7.8
28.5 7.6
28.5 7.4
28.5 7.3
28.5 7.3
28.5 7.1
28.5 7.1
28.6 7.7
28.6 7.8
28.6 7.8
28.6 7.8
28.6 7.8
28.6 8.5
28.6 8.9
28.6 8.9
28.5 8.5
28.5 8.7
28.5 8.7
28.5 8.7
28.5 8.7
28.5 8.7
28.5 8.7
28.5 8.7
28.5 8.5
28.5 8.5
28.5 8.5
28.5 8.5
28.5 8.5
28.5 8.7
28.5 8.7
28.5 8.6
28.5 8.7
28.5 8.7
28.6 8.7
28.6 8.7
28.6 8.7
28.7 8.7
28.7 8.6
28.7 8.6
28.7 8.6
28.7 8.6
28.7 8.7
28.8 8.7
28.8 8.7
28.8 8.7
28.9 9.0
28.8 9.0
28.9 9.0
28.9 9.0
28.9 9.0
28.9 9.0
29.0 7.8
28.9 7.8
28.9 7.8
28.9 7.7
28.9 7.6
28.9 7.7
28.9 7.5
28.8 7.4
28.9 7.4
28.9 7.3
28.8 7.3
28.8 7.2
28.8 7.2
28.9 7.4
28.9 7.5
28.9 7.5
29.1 7.2
29.0 7.2
29.0 7.3
29.1 8.7
29.1 8.6
29.1 8.6
29.2 7.5
29.1 7.5
29.1 7.5
29.1 7.5
29.0 7.2
29.1 7.2
29.0 7.1
29.0 7.2
29.0 7.1
29.1 7.0
29.1 7.0
28.9 7.4
28.9 8.9
29.0 8.4
28.9 7.9
28.9 7.4
29.1 7.2
29.1 6.7
29.0 6.8
29.0 6.8
29.0 6.7
29.0 6.7
29.0 6.6
29.0 6.4
29.0 6.5
28.9 6.5
29.0 6.1
29.0 6.3
29.0 6.0
29.0 6.1
29.0 6.2
29.1 6.2
29.1 6.2
29.1 6.0
29.0 6.1
29.1 6.1
29.1 6.1
29.1 6.0
29.0 6.0
29.0 5.8
29.0 6.0
29.0 6.1
29.0 6.1
29.0 6.0
29.0 6.2
29.0 5.7
28.9 5.7
28.9 5.8
28.9 5.8
28.9 5.9
28.9 5.9
28.8 5.8
28.8 5.9
28.8 5.9
28.8 5.9
28.8 5.5
28.8 5.6
28.8 5.7
28.8 5.5
28.8 5.6
28.7 5.6
28.7 5.6
28.7 5.6
28.7 5.6
28.7 5.6
28.6 5.6
28.6 5.5
28.6 5.3
28.6 5.4
28.6 5.5
28.6 5.5
28.6 5.5
28.6 5.5
28.6 5.5
28.6 5.5
28.5 5.5
28.5 5.5
28.5 5.5
28.6 6.0
28.6 5.9
28.6 5.9
28.6 5.9
28.5 5.8
28.5 5.5
28.6 5.6
28.6 5.6
28.5 5.7
28.5 5.7
28.5 5.7
28.5 5.7
28.5 5.6
28.5 5.6
28.5 5.6