0.00 5.66
0.00 5.67
0.00 5.68
0.00 5.68
0.00 5.69
0.00 5.70
0.00 5.70
0.00 5.71
0.00 5.71
0.00 5.71
0.00 5.72
0.00 5.72
0.00 5.72
0.00 5.72
0.00 5.72
0.00 5.72
0.00 5.72
0.00 5.72
0.00 5.72
0.00 5.72
0.00 5.72
0.00 5.72
0.00 5.72
0.00 5.72
0.00 5.72
0.00 5.72
0.00 5.72
0.00 5.71
0.00 5.70
0.00 5.69
0.00 5.68
0.00 5.68
0.00 5.67
0.00 5.66
0.00 5.66
0.00 5.66
0.00 5.66
0.00 5.66
0.01 5.65
0.01 5.65
0.01 5.65
0.00 5.65
0.00 5.65
0.00 5.65
0.03 5.65
0.06 5.65
0.02 5.65
0.02 5.65
0.01 5.66
0.01 5.66
0.00 5.66
0.00 5.66
0.00 5.66
0.00 5.67
0.00 5.68
0.00 5.69
0.00 5.70
0.00 5.71
0.00 5.72
0.00 5.72
0.00 5.73
0.00 5.74
0.00 5.74
0.00 5.74
0.00 5.75
0.00 5.75
0.00 5.75
0.00 5.75
0.00 5.75
0.00 5.75
0.00 5.75
0.00 5.75
0.00 5.75
0.00 5.75
0.00 5.75
0.00 5.75
0.00 5.74
0.00 5.72
0.00 5.71
0.00 5.70
0.00 5.70
0.00 5.69
0.00 5.68
0.00 5.68
0.00 5.68
0.16 5.66
0.02 5.66
0.01 5.66
0.00 5.66
0.00 5.66
0.00 5.66
0.00 5.66
0.01 5.66
0.00 5.67
0.00 5.68
0.00 5.69
0.00 5.70
0.00 5.70
0.00 5.71
0.00 5.72
0.00 5.72
0.00 5.73
0.00 5.74
0.00 5.74
0.00 5.74
0.00 5.75
0.00 5.76
0.00 5.76
0.00 5.76
0.00 5.76
0.00 5.77
0.00 5.77
0.00 5.78
0.00 5.78
0.00 5.78
0.00 5.78
0.00 5.78
0.00 5.78
0.00 5.78
0.00 5.78
0.00 5.78
0.00 5.77
0.00 5.76
0.00 5.76
0.00 5.75
0.00 5.74
0.00 5.73
0.00 5.73
0.00 5.73
0.00 5.73
0.00 5.73
0.00 5.73
0.00 5.73
0.00 5.73
0.00 5.75
0.00 5.77
0.00 5.77
0.00 5.77
0.00 5.77
0.00 5.78
0.00 5.78
0.00 5.79
0.02 5.79
0.01 5.80
0.00 5.80
0.00 5.81
0.01 5.82
0.01 5.82
0.00 5.83
0.00 5.84
0.00 5.84
0.00 5.85
0.00 5.85
0.00 5.87
0.00 5.88
0.01 5.88
0.01 5.88
0.00 5.88
0.02 5.88
0.01 5.88
0.00 5.88
0.00 5.88
0.00 5.88
0.00 5.88
0.00 5.88
0.00 5.88
0.00 5.88
0.00 5.88
0.00 5.86
0.00 5.84
0.00 5.83
0.00 5.81
0.00 5.80
0.00 5.80
0.00 5.80
0.00 5.80
0.00 5.80
0.00 5.80
0.01 5.80
0.11 5.80
0.02 5.80
0.02 5.80
0.04 5.80
0.25 5.80
0.13 5.80
0.00 5.80
0.00 5.80
0.00 5.80
0.01 5.80
0.00 5.80
0.00 5.80
0.00 5.80
0.00 5.80
0.00 5.80
0.00 5.80
0.00 5.80
0.00 5.80
0.00 5.80
0.00 5.80
0.00 5.80
0.00 5.80
0.00 5.80
0.00 5.80
0.00 5.80
0.00 5.80
0.00 5.80
0.00 5.80
0.00 5.80
0.00 5.79
0.00 5.78
0.00 5.77
0.00 5.77
0.00 5.76
0.00 5.75
0.00 5.75
0.00 5.75
0.00 5.75
0.00 5.75
0.00 5.75
0.00 5.75
0.00 5.75
0.00 5.75
0.00 5.75
0.01 5.75
0.00 5.75
0.00 5.75
0.00 5.75
0.00 5.75
0.00 5.76
0.00 5.76
0.00 5.76
0.00 5.76
0.00 5.76
0.00 5.78
0.00 5.78
0.00 5.78
0.00 5.78
0.00 5.78
0.00 5.78
0.00 5.78
0.00 5.78
0.00 5.79
0.00 5.79
0.00 5.80
0.00 5.80
0.00 5.80
0.00 5.80
0.00 5.81
0.00 5.81
0.00 5.81
0.00 5.81
0.00 5.82
0.00 5.82
0.00 5.82
0.00 5.82
0.00 5.83
0.01 5.83
0.00 5.83
0.00 5.83
0.00 5.83
0.00 5.83
0.00 5.83
0.00 5.83
0.00 5.83
0.00 5.83
0.00 5.83
0.00 5.83
0.00 5.83
0.00 5.83
0.00 5.83
0.00 5.83
0.00 5.83
0.00 5.83
0.16 5.80
0.25 5.78
0.11 5.76
0.05 5.74
0.03 5.72
0.02 5.71
0.03 5.71
0.08 5.71
0.09 5.70
0.09 5.70
0.03 5.70
0.01 5.70
0.00 5.70
0.00 5.70
0.00 5.70
0.00 5.70
0.00 5.70
0.00 5.70
0.00 5.69
0.00 5.68
0.00 5.68
0.00 5.66
0.00 5.66
0.00 5.66
0.00 5.66
0.00 5.66
0.00 5.65
0.00 5.65
0.00 5.65
0.00 5.65
0.01 5.65
0.00 5.64
0.00 5.64
0.00 5.63
0.00 5.61
0.00 5.59
0.00 5.58
0.00 5.57
0.00 5.54
0.00 5.54
0.00 5.53
0.00 5.52
0.00 5.51
0.00 5.51
0.00 5.50
0.00 5.49
0.00 5.47
0.00 5.47
0.00 5.47
0.00 5.46
0.00 5.45
0.00 5.45
0.00 5.44
0.00 5.43
0.00 5.42
0.00 5.41
0.00 5.41
0.00 5.40
0.00 5.39
0.00 5.38
0.00 5.37
0.00 5.36
0.00 5.36
0.00 5.35
0.00 5.34
0.00 5.34
0.00 5.34
0.00 5.33
0.00 5.33
0.00 5.32
0.00 5.32
0.00 5.32
0.00 5.32
0.00 5.32
0.00 5.31
0.00 5.31
0.00 5.31
0.00 5.31
0.00 5.31
0.00 5.30
0.00 5.30
0.00 5.30
0.00 5.30
0.00 5.30
0.00 5.30
0.00 5.30
0.00 5.30
0.00 5.30
0.00 5.30
0.00 5.30
0.00 5.30
0.00 5.30
0.00 5.30
0.00 5.30
0.00 5.30
0.00 5.30
0.00 5.30
0.00 5.30
0.00 5.30
0.00 5.31
0.00 5.31
0.00 5.31
0.00 5.31
0.00 5.31
0.00 5.31
0.00 5.31
0.00 5.31
0.00 5.31
0.00 5.31
0.00 5.31
0.00 5.30
0.00 5.30
0.00 5.29
0.00 5.28
0.00 5.26
0.00 5.26
0.00 5.25
0.00 5.24
0.00 5.23
0.00 5.23
0.00 5.22
0.00 5.22
0.00 5.21
0.00 5.20
0.00 5.20
0.00 5.20
0.00 5.20
0.00 5.20
0.00 5.20
0.00 5.20
0.00 5.20
0.00 5.20
0.00 5.20
0.00 5.20
0.00 5.20
0.00 5.20
0.00 5.20
0.00 5.20
0.00 5.20
0.00 5.20
0.00 5.20
0.00 5.20
0.00 5.20
0.00 5.20
0.00 5.21
0.00 5.22
0.00 5.23
0.00 5.24
0.00 5.24
0.00 5.24
0.00 5.25
0.00 5.26
0.00 5.26
0.00 5.27
0.00 5.27
0.00 5.27
0.00 5.27
0.00 5.27
0.00 5.27
0.00 5.27
0.00 5.27
0.00 5.27
0.00 5.28
0.00 5.28
0.00 5.28
0.00 5.28
0.00 5.28
0.00 5.28
0.00 5.28
0.00 5.29
0.00 5.29
0.00 5.29
0.00 5.29
0.00 5.29
0.00 5.29
0.00 5.29
0.00 5.29
0.00 5.29
0.00 5.29
0.00 5.28
0.00 5.28
0.00 5.28
0.00 5.28
0.00 5.28
0.00 5.28
0.00 5.28
0.00 5.28
0.00 5.28
0.00 5.29
0.00 5.30
0.00 5.31
0.00 5.32
0.00 5.32
0.00 5.33
0.00 5.34
0.00 5.34
0.00 5.34
0.00 5.34
0.00 5.34
0.00 5.35
0.00 5.35
0.00 5.35
0.00 5.35
0.00 5.35
0.00 5.35
0.00 5.35
0.00 5.35
0.00 5.34
0.00 5.32
0.00 5.32
0.00 5.31
0.00 5.30
0.00 5.29
0.00 5.28
0.00 5.28
0.00 5.27
0.00 5.26
0.00 5.26
0.00 5.26
0.00 5.26
0.00 5.26
0.00 5.26
0.00 5.26
0.00 5.26
0.00 5.26
0.00 5.26
0.00 5.26
0.00 5.26
0.00 5.26
0.00 5.26
0.00 5.26
0.00 5.26
0.00 5.26
0.00 5.26
0.00 5.26
0.00 5.26
0.00 5.26
0.00 5.26
0.00 5.26
0.00 5.27
0.00 5.27
0.00 5.28
0.00 5.28
0.00 5.29
0.00 5.30
0.00 5.30
0.00 5.30
0.00 5.31
0.00 5.32
0.00 5.32
0.00 5.32
0.00 5.33
0.00 5.33
0.00 5.34
0.00 5.34
0.00 5.34
0.00 5.34
0.00 5.34
0.00 5.34
0.00 5.34
0.00 5.34
0.00 5.34
0.00 5.34
0.00 5.34
0.00 5.35
0.00 5.35
0.00 5.36
0.00 5.36
0.00 5.36
0.00 5.37
0.00 5.37
0.00 5.38
0.00 5.38
0.00 5.39
0.00 5.39
0.00 5.40
0.00 5.41
0.00 5.41
0.00 5.41
0.00 5.41
0.00 5.41
0.00 5.41
0.00 5.41
0.00 5.41
0.00 5.41
0.00 5.41
0.00 5.41
0.00 5.41
0.00 5.41
0.00 5.41
0.00 5.41
0.00 5.41
0.00 5.41
0.00 5.41
0.00 5.41
0.00 5.39
0.00 5.39
0.00 5.39
0.00 5.39
0.00 5.39
0.00 5.39
0.00 5.39
0.00 5.39
0.00 5.39
0.00 5.39
0.00 5.39
0.00 5.39
0.00 5.39
0.00 5.39
0.00 5.40
0.00 5.40
0.00 5.40
0.00 5.40
0.00 5.40
0.00 5.40
0.00 5.40
0.00 5.40
0.00 5.41
0.00 5.41
0.00 5.42
0.00 5.42
0.00 5.43
0.00 5.43
0.00 5.43
0.00 5.43
0.00 5.43
0.00 5.43
0.00 5.43
0.00 5.43
0.00 5.43
0.00 5.43
0.00 5.43
0.00 5.43
0.00 5.43
0.00 5.43
0.00 5.43
0.01 5.44
0.00 5.45
0.01 5.46
0.01 5.46
0.00 5.47
0.00 5.48
0.00 5.49
0.00 5.49
0.00 5.50
0.00 5.50
0.00 5.51
0.00 5.51
0.00 5.51
0.00 5.51
0.00 5.51
0.00 5.51
0.00 5.51
0.01 5.51
0.00 5.51
0.01 5.51
0.00 5.51
0.01 5.51
0.00 5.51
0.00 5.51
0.00 5.51
0.00 5.51
0.00 5.51
0.00 5.51
0.00 5.51
0.00 5.51
0.00 5.51
0.00 5.51
0.00 5.51
0.00 5.51
0.00 5.51
0.00 5.51
0.00 5.51
0.00 5.51
0.00 5.51
0.00 5.52
0.00 5.53
0.00 5.53
0.00 5.54
0.00 5.54
0.00 5.56
0.00 5.57
0.00 5.58
0.00 5.59
0.00 5.59
0.00 5.59
0.00 5.60
0.00 5.60
0.00 5.61
0.00 5.61
0.00 5.61
0.00 5.61
0.00 5.61
0.00 5.61
0.00 5.61
0.00 5.61
0.00 5.61
0.00 5.61
0.00 5.61
0.00 5.59
0.00 5.57
0.00 5.56
0.00 5.55
0.00 5.54
0.00 5.53
0.00 5.51
0.00 5.51
0.00 5.50
0.01 5.49
0.00 5.48
0.00 5.47
0.00 5.46
0.00 5.46
0.00 5.46
0.00 5.46
0.00 5.46
0.00 5.46
0.00 5.46
0.00 5.46
0.00 5.46
0.00 5.46
0.00 5.47
0.00 5.49
0.00 5.50
0.00 5.51
0.00 5.53
0.00 5.54
0.00 5.55
0.01 5.57
0.00 5.57
0.00 5.59
0.00 5.60
0.00 5.61
0.00 5.62
0.00 5.62
0.00 5.62
0.00 5.62
0.00 5.62
0.00 5.62
0.00 5.62
0.00 5.62
0.00 5.62
0.00 5.62
0.00 5.61
0.00 5.60
0.00 5.59
0.00 5.59
0.00 5.57
0.00 5.57
0.00 5.57
0.00 5.57
0.00 5.56
0.00 5.56
0.00 5.56
0.00 5.56
0.00 5.56
0.00 5.56
0.00 5.56
0.00 5.56
0.00 5.56
0.00 5.56
0.00 5.56
0.00 5.56
0.00 5.56
0.00 5.56
0.00 5.56
0.00 5.56
0.00 5.56
0.00 5.56
0.00 5.56
0.00 5.56
0.00 5.56
0.00 5.56
0.00 5.56
0.00 5.56
0.00 5.56
0.00 5.56
0.00 5.56
0.00 5.56
0.00 5.56
0.00 5.56
0.00 5.56
0.00 5.56
0.00 5.56
0.00 5.56
0.00 5.56
0.00 5.56
0.00 5.58
0.00 5.58
0.00 5.59
0.00 5.59
0.00 5.60
0.00 5.61
0.00 5.61
0.00 5.62
0.00 5.62
0.00 5.62
0.00 5.63
0.01 5.63
0.00 5.63
0.00 5.63
0.00 5.63
0.00 5.63
0.00 5.63
0.00 5.63
0.00 5.63
0.00 5.63
0.00 5.63
0.00 5.63
0.00 5.61
0.00 5.60
0.00 5.59
0.00 5.59
0.00 5.59
0.00 5.59
0.00 5.59
0.00 5.59
0.00 5.59
0.00 5.59
0.00 5.59
0.00 5.59
0.00 5.59
0.00 5.59
0.00 5.59
0.00 5.59
0.00 5.59
0.00 5.59
0.00 5.59
0.00 5.59
0.00 5.59
0.00 5.61
0.01 5.61
0.00 5.63
0.00 5.64
0.00 5.65
0.00 5.65
0.00 5.66
0.00 5.67
0.00 5.67
0.00 5.68
0.00 5.69
0.00 5.69
0.00 5.69
0.00 5.69
0.00 5.69
0.00 5.69
0.00 5.69
0.00 5.69
0.00 5.69
0.00 5.69
0.00 5.68
0.00 5.68
0.00 5.66
0.00 5.64
0.00 5.64
0.00 5.64
0.00 5.64
0.00 5.64
0.00 5.58
0.00 5.58
0.00 5.57
0.00 5.57
0.00 5.57
0.00 5.57
0.00 5.57
0.00 5.57
0.00 5.57
0.00 5.57
0.00 5.57
0.00 5.57
0.00 5.57
0.00 5.57
0.00 5.57
0.00 5.57
0.00 5.57
0.00 5.57
0.00 5.57
0.00 5.58
0.00 5.58
0.00 5.58
0.00 5.60
0.00 5.60
0.00 5.60
0.00 5.60
0.00 5.61
0.00 5.61
0.00 5.61
0.00 5.61
0.00 5.61
0.00 5.61
0.00 5.61
0.00 5.61
0.00 5.61
0.00 5.61
0.00 5.61
0.00 5.61
0.00 5.61
0.00 5.61
0.00 5.61
0.00 5.61
0.00 5.61
0.00 5.61
0.00 5.61
0.00 5.61
0.00 5.61
0.00 5.61
0.00 5.61
0.00 5.61
0.00 5.61
0.00 5.61
0.00 5.61
0.00 5.61
0.00 5.61
0.00 5.61
0.00 5.61
0.00 5.61
0.00 5.61
0.00 5.61
0.00 5.63
0.00 5.63
0.00 5.64
0.00 5.65
0.00 5.66
0.00 5.66
0.00 5.66
0.00 5.67
0.00 5.67
0.00 5.68
0.00 5.68
0.00 5.68
0.00 5.68
0.00 5.69
0.00 5.69
0.00 5.70
0.00 5.71
0.00 5.72
0.00 5.72
0.00 5.73
0.00 5.74
0.01 5.74
0.01 5.74
0.00 5.74
0.00 5.74
0.00 5.74
0.00 5.74
0.00 5.72
0.00 5.72
0.00 5.70
0.02 5.70
0.00 5.68
0.00 5.68
0.00 5.67
0.00 5.66
0.00 5.65
0.00 5.65
0.00 5.65
0.00 5.64
0.01 5.64
0.00 5.64
0.01 5.64
0.00 5.64
0.00 5.64
0.00 5.65
0.00 5.65
0.01 5.65
0.00 5.65
0.00 5.65
0.00 5.65
0.00 5.65
0.01 5.65
0.01 5.65
0.00 5.65
0.00 5.66
0.00 5.67
0.01 5.67
0.01 5.69
0.00 5.70
0.00 5.71
0.01 5.72
0.00 5.73
0.00 5.74
0.00 5.76
0.00 5.76
0.00 5.78
0.00 5.78
0.00 5.78
0.00 5.78
0.00 5.79
0.00 5.79
0.01 5.79
0.00 5.79
0.00 5.79
0.00 5.78
0.00 5.78
0.00 5.77
0.00 5.76
0.00 5.74
0.00 5.74
0.00 5.72
0.00 5.72
0.00 5.72
0.00 5.72
0.00 5.72
0.00 5.72
0.00 5.72
0.00 5.72
0.00 5.72
0.00 5.72
0.00 5.72
0.00 5.72
0.00 5.72
0.00 5.73
0.00 5.74
0.00 5.74
0.00 5.74
0.00 5.74
0.00 5.74
0.00 5.74
0.00 5.74
0.00 5.74
0.00 5.74
0.00 5.74
0.00 5.75
0.00 5.76
0.00 5.77
0.00 5.78
0.00 5.79
0.01 5.80
0.00 5.81
0.00 5.83
0.00 5.84
0.00 5.85
0.00 5.85
0.00 5.86
0.00 5.86
0.00 5.86
0.00 5.86
0.00 5.86
0.00 5.86
0.00 5.84
0.00 5.83
0.00 5.82
0.00 5.81
0.00 5.80
0.00 5.78
0.00 5.78
0.00 5.78
0.00 5.77
0.00 5.77
0.00 5.77
0.00 5.77
0.00 5.77
0.00 5.77
0.00 5.77
0.00 5.76
0.00 5.76
0.00 5.75
0.02 5.74
0.01 5.74
0.03 5.73
0.01 5.72
0.00 5.72
0.01 5.72
0.00 5.72
0.00 5.72
0.00 5.72
0.01 5.72
0.00 5.72
0.00 5.72
0.00 5.72
0.01 5.72
0.01 5.72
0.01 5.72
0.01 5.72
0.02 5.72
0.03 5.72
0.03 5.72
0.01 5.72
0.00 5.72
0.00 5.72
0.00 5.72
0.00 5.72
0.00 5.72
0.00 5.72
0.01 5.72
0.01 5.72
0.01 5.72
0.00 5.72
0.00 5.72
0.01 5.72
0.00 5.71
0.01 5.71
0.00 5.70
0.00 5.70
0.00 5.68
0.00 5.68
0.00 5.67
0.01 5.66
0.01 5.66
0.00 5.66
0.00 5.65
0.01 5.64
0.00 5.64
0.00 5.64
0.00 5.64
0.00 5.64
0.00 5.64
0.01 5.64
0.01 5.64
0.02 5.64
0.00 5.64
0.01 5.64
0.00 5.64
0.00 5.64
0.03 5.64
0.02 5.64
0.08 5.64
0.04 5.64
0.10 5.65
0.16 5.65
0.02 5.66
0.01 5.67
0.01 5.69
0.01 5.70
0.03 5.70
0.03 5.71
0.04 5.72
0.01 5.72
0.01 5.73
0.01 5.73
0.04 5.74
0.04 5.74
0.21 5.74
0.17 5.74
0.09 5.74
0.01 5.74
0.01 5.72
0.01 5.71
0.01 5.70
0.03 5.68
0.03 5.66
0.01 5.65
0.00 5.63
0.00 5.61
0.00 5.60
0.01 5.59
0.00 5.57
0.00 5.56
0.00 5.55
0.00 5.54
0.00 5.53
0.00 5.53
0.00 5.52
0.00 5.52
0.00 5.51
0.00 5.51
0.00 5.51
0.00 5.50
0.00 5.47
0.00 5.46
0.00 5.45
0.00 5.44
0.00 5.43
0.00 5.42
0.01 5.42
0.04 5.42
0.23 5.41
0.22 5.39
0.38 5.37
0.21 5.34
0.00 5.32
0.09 5.32
0.10 5.31
0.00 5.30
0.00 5.28
0.00 5.26
0.00 5.24
0.00 5.20
0.00 5.16
0.00 5.13
0.01 5.09
0.00 5.04
0.00 4.99
0.00 4.93
0.00 4.90
0.00 4.84
0.00 4.80
0.00 4.76
0.00 4.71
0.00 4.67
0.00 4.63
0.00 4.60
0.00 4.56
0.00 4.53
0.00 4.51
0.01 4.48
0.01 4.46
0.00 4.44
0.00 4.42
0.01 4.41
0.00 4.39
0.00 4.38
0.00 4.37
0.00 4.37
0.00 4.36
0.00 4.35
0.00 4.34
0.00 4.33
0.00 4.33
0.00 4.33
0.00 4.33
0.00 4.33
0.00 4.33
0.00 4.33
0.00 4.33
0.00 4.34
0.00 4.34
0.00 4.34
0.00 4.34
0.00 4.34
0.00 4.35
0.00 4.36
0.00 4.37
0.00 4.38
0.00 4.39
0.00 4.40
0.00 4.40
0.00 4.40
0.00 4.40
0.00 4.40
0.00 4.40
0.00 4.40
0.00 4.40
0.00 4.40
0.00 4.40
0.06 4.40
0.00 4.40
0.01 4.39
0.00 4.39
0.00 4.39
0.00 4.39
0.00 4.39
0.00 4.39
0.00 4.39
0.00 4.39
0.00 4.39
0.00 4.39
0.00 4.38
0.00 4.38
0.00 4.38
0.00 4.38
0.00 4.37
0.00 4.36
0.00 4.34
0.00 4.33
0.00 4.33
0.00 4.33
0.00 4.33
0.00 4.33
0.00 4.33
0.00 4.33
0.00 4.33
0.00 4.33
0.00 4.33
0.00 4.33
0.00 4.34
0.00 4.36
0.00 4.38
0.00 4.38
0.00 4.38
0.00 4.38
0.00 4.38
0.00 4.38
0.00 4.38
0.00 4.38
0.00 4.38
0.00 4.40
0.00 4.40
0.01 4.40
0.00 4.40
0.00 4.40
0.04 4.40
0.07 4.40
0.33 4.40
0.39 4.39
0.08 4.36
0.03 4.33
0.06 4.31
0.06 4.28
0.06 4.25
0.03 4.21
0.02 4.17
0.01 4.13
0.00 4.09
0.00 4.05
0.00 4.00
0.00 3.96
0.00 3.92
0.00 3.90
0.00 3.87
0.00 3.85
0.01 3.83
0.00 3.82
0.00 3.80
0.00 3.80
0.00 3.79
0.00 3.79
0.00 3.79
0.00 3.78
0.00 3.78
0.00 3.78
0.00 3.78
0.00 3.78
0.00 3.78
0.00 3.78
0.00 3.78
0.00 3.78
0.00 3.79
0.00 3.79
0.00 3.81
0.00 3.81
0.00 3.82
0.00 3.83
0.01 3.83
0.00 3.83
0.00 3.83
0.00 3.83
0.00 3.83
0.00 3.83
0.00 3.83
0.00 3.83
0.00 3.83
0.00 3.83
0.00 3.83
0.00 3.83
0.00 3.83
0.00 3.83
0.00 3.83
0.00 3.83
0.00 3.83
0.00 3.83
0.00 3.83
0.00 3.83
0.00 3.83
0.00 3.83
0.00 3.83
0.00 3.83
0.00 3.83
0.00 3.83
0.00 3.83
0.00 3.83
0.00 3.83
0.00 3.83
0.00 3.83
0.00 3.83
0.00 3.83
0.00 3.85
0.00 3.86
0.00 3.87
0.00 3.88
0.00 3.90
0.00 3.91
0.00 3.93
0.00 3.94
0.00 3.97
0.00 3.98
0.00 3.99
0.00 3.99
0.00 3.99
0.00 4.00
0.00 4.00
0.00 4.01
0.00 4.02
0.00 4.03
0.00 4.04
0.00 4.05
0.00 4.06
0.00 4.06
0.00 4.06
0.00 4.06
0.00 4.06
0.00 4.06
0.00 4.06
0.00 4.06
0.00 4.06
0.00 4.06
0.00 4.06
0.00 4.06
0.00 4.08
0.00 4.08
0.00 4.08
0.00 4.08
0.00 4.08
0.00 4.08
0.00 4.08
0.00 4.08
0.00 4.08
0.00 4.08
0.00 4.08
0.00 4.08
0.00 4.08
0.00 4.08
0.00 4.08
0.00 4.08
0.00 4.08
0.00 4.09
0.00 4.09
0.00 4.11
0.00 4.12
0.00 4.13
0.00 4.14
0.00 4.16
0.00 4.17
0.00 4.18
0.00 4.19
0.00 4.20
0.00 4.21
0.00 4.22
0.00 4.23
0.00 4.24
0.00 4.25
0.00 4.26
0.00 4.27
0.00 4.27
0.00 4.29
0.00 4.29
0.00 4.29
0.00 4.29
0.00 4.29
0.00 4.29
0.00 4.29
0.00 4.29
0.00 4.29
0.00 4.29
0.00 4.29
0.00 4.29
0.00 4.29
0.00 4.29
0.00 4.29
0.00 4.29
0.00 4.29
0.00 4.29
0.00 4.29
0.00 4.29
0.00 4.29
0.00 4.29
0.00 4.29
0.00 4.29
0.00 4.29
0.00 4.29
0.00 4.29
0.00 4.29
0.00 4.29
0.00 4.29
0.00 4.29
0.00 4.29
0.00 4.29
0.00 4.29
0.00 4.30
0.00 4.31
0.00 4.32
0.00 4.33
0.00 4.33
0.00 4.33
0.00 4.33
0.00 4.33
0.00 4.33
0.00 4.33
0.00 4.34
0.00 4.36
0.00 4.36
0.00 4.38
0.00 4.39
0.00 4.39
0.00 4.39
0.00 4.39
0.00 4.39
0.00 4.39
0.00 4.39
0.00 4.39
0.00 4.39
0.00 4.39
0.00 4.39
0.00 4.40
0.00 4.40
0.00 4.40
0.00 4.40
0.00 4.40
0.00 4.40
0.00 4.40
0.00 4.40
0.00 4.40
0.00 4.40
0.00 4.40
0.00 4.40
0.00 4.40
0.00 4.40
0.00 4.40
0.00 4.40
0.00 4.40
0.00 4.40
0.00 4.40
0.00 4.40
0.00 4.40
0.00 4.42
0.00 4.42
0.00 4.43
0.00 4.43
0.00 4.44
0.00 4.45
0.00 4.46
0.00 4.47
0.00 4.48
0.00 4.49
0.00 4.51
0.00 4.53
0.00 4.54
0.00 4.56
0.00 4.58
0.00 4.59
0.00 4.60
0.00 4.61
0.00 4.62
0.00 4.62
0.00 4.63
0.00 4.63
0.00 4.63
0.00 4.63
0.00 4.63
0.00 4.63
0.00 4.63
0.00 4.63
0.00 4.62
0.00 4.61
0.00 4.61
0.00 4.60
0.00 4.58
0.00 4.58
0.00 4.57
0.00 4.57
0.00 4.55
0.00 4.55
0.00 4.54
0.00 4.53
0.00 4.53
0.00 4.53
0.00 4.53
0.00 4.52
0.00 4.52
0.00 4.52
0.00 4.52
0.00 4.52
0.00 4.52
0.00 4.52
0.00 4.52
0.00 4.52
0.00 4.52
0.00 4.52
0.00 4.52
0.00 4.52
0.00 4.52
0.00 4.52
0.00 4.52
0.00 4.52
0.00 4.52
0.00 4.52
0.00 4.52
0.00 4.52
0.00 4.52
0.00 4.52
0.00 4.52
0.00 4.52
0.00 4.52
0.00 4.52
0.00 4.52
0.00 4.52
0.00 4.52
0.00 4.52
0.00 4.52
0.00 4.52
0.00 4.52
0.00 4.52
0.00 4.52
0.00 4.52
0.00 4.52
0.00 4.52
0.00 4.52
0.00 4.52
0.00 4.52
0.00 4.52
0.00 4.54
0.01 4.54
0.00 4.54
0.01 4.54
0.00 4.54
0.00 4.54
0.00 4.54
0.00 4.54
0.00 4.55
0.00 4.56
0.00 4.57
0.00 4.58
0.00 4.59
0.00 4.61
0.00 4.62
0.00 4.63
0.00 4.64
0.00 4.65
0.00 4.66
0.00 4.68
0.00 4.69
0.00 4.70
0.00 4.71
0.00 4.71
0.00 4.72
0.00 4.72
0.00 4.72
0.00 4.72
0.00 4.72
0.00 4.73
0.00 4.73
0.00 4.74
0.00 4.75
0.00 4.75
0.00 4.76
0.00 4.77
0.00 4.77
0.00 4.77
0.00 4.78
0.00 4.78
0.00 4.79
0.00 4.79
0.00 4.79
0.00 4.80
0.00 4.80
0.00 4.80
0.00 4.80
0.00 4.80
0.00 4.81
0.00 4.81
0.00 4.81
0.00 4.81
0.00 4.81
0.00 4.81
0.00 4.81
0.00 4.82
0.00 4.82
0.00 4.82
0.00 4.82
0.00 4.83
0.00 4.83
0.00 4.83
0.00 4.84
0.00 4.84
0.00 4.85
0.00 4.85
0.00 4.85
0.00 4.86
0.00 4.86
0.00 4.86
0.00 4.87
0.00 4.87
0.00 4.88
0.00 4.88
0.00 4.88
0.00 4.89
0.00 4.89
0.00 4.90
0.00 4.91
0.00 4.91
0.00 4.91
0.00 4.92
0.00 4.92
0.00 4.92
0.00 4.93
0.00 4.93
0.00 4.93
0.00 4.93
0.00 4.93
0.00 4.93
0.00 4.93
0.00 4.94
0.00 4.94
0.00 4.94
0.00 4.94
0.00 4.96
0.00 4.96
0.00 4.96
0.00 4.95
0.00 4.95
0.00 4.95
0.00 4.95
0.00 4.94
0.00 4.93
0.00 4.92
0.00 4.92
0.00 4.92
0.00 4.92
0.00 4.92
0.00 4.92
0.00 4.92
0.00 4.92
0.00 4.92
0.00 4.92
0.00 4.92
0.00 4.92
0.00 4.92
0.00 4.92
0.00 4.92
0.00 4.92
0.00 4.92
0.00 4.92
0.00 4.92
0.00 4.92
0.00 4.92
0.00 4.92
0.00 4.93
0.00 4.93
0.00 4.93
0.00 4.93
0.00 4.93
0.00 4.93
0.00 4.93
0.00 4.93
0.00 4.93
0.00 4.93
0.00 4.93
0.00 4.93
0.00 4.93
0.00 4.93
0.00 4.93
0.00 4.93
0.00 4.93
0.00 4.93
0.00 4.93
0.00 4.93
0.00 4.93
0.00 4.92
0.00 4.92
0.00 4.92
0.00 4.92
0.00 4.92
0.00 4.92
0.00 4.92
0.00 4.92
0.00 4.92
0.00 4.92
0.00 4.92
0.00 4.92
0.00 4.92
0.00 4.92
0.00 4.92
0.00 4.92
0.00 4.92
0.00 4.92
0.00 4.92
0.00 4.92
0.00 4.92
0.00 4.92
0.00 4.92
0.00 4.92
0.00 4.92
0.00 4.92
0.00 4.92
0.00 4.92
0.00 4.92
0.00 4.92
0.00 4.92
0.00 4.93
0.00 4.94
0.00 4.94
0.00 4.95
0.00 4.96
0.00 4.97
0.00 4.98
0.00 4.99
0.00 4.99
0.00 5.00
0.00 5.01
0.00 5.01
0.00 5.02
0.00 5.03
0.00 5.03
0.00 5.04
0.00 5.04
0.00 5.05
0.00 5.06
0.00 5.06
0.01 5.06
0.00 5.06
0.00 5.06
0.00 5.06
0.00 5.06
0.00 5.06
0.00 5.06
0.00 5.06
0.00 5.06
0.00 5.06
0.00 5.06
0.00 5.06
0.00 5.06
0.00 5.06
0.00 5.06
0.00 5.06
0.00 5.06
0.00 5.06
0.00 5.06
0.00 5.06
0.00 5.06
0.00 5.06
0.00 5.06
0.00 5.06
0.00 5.06
0.00 5.07
0.00 5.08
0.01 5.08
0.00 5.09
0.00 5.09
0.00 5.10
0.00 5.11
0.00 5.11
0.00 5.12
0.00 5.12
0.00 5.13
0.00 5.13
0.00 5.13
0.00 5.13
0.00 5.13
0.00 5.13
0.00 5.13
0.00 5.13
0.00 5.13
0.00 5.13
0.00 5.13
0.00 5.13
0.00 5.13
0.00 5.13
0.00 5.13
0.00 5.13
0.00 5.13
0.00 5.13
0.00 5.13
0.00 5.13
0.00 5.13
0.00 5.13
0.00 5.13
0.00 5.13
0.00 5.13
0.00 5.13
0.00 5.13
0.00 5.13
0.00 5.13
0.00 5.13
0.00 5.13
0.00 5.13
0.00 5.13
0.00 5.13
0.00 5.13
0.00 5.11
0.00 5.11
0.00 5.11
0.00 5.11
0.00 5.11
0.00 5.12
0.00 5.12
0.00 5.12
0.00 5.12
0.00 5.12
0.00 5.12
0.00 5.12
0.00 5.12
0.00 5.12
0.00 5.12
0.00 5.12
0.00 5.12
0.00 5.12
0.00 5.12
0.00 5.12
0.00 5.12
0.00 5.12
0.00 5.12
0.00 5.12
0.00 5.12
0.00 5.12
0.00 5.13
0.00 5.13
0.00 5.13
0.00 5.13
0.00 5.14
0.00 5.14
0.00 5.15
0.00 5.15
0.00 5.15
0.00 5.15
0.00 5.15
0.00 5.15
0.00 5.15
0.00 5.15
0.00 5.15
0.00 5.15
0.00 5.15
0.00 5.15
0.00 5.15
0.00 5.15
0.00 5.15
0.00 5.18
0.00 5.18
0.00 5.18
0.00 5.18
0.00 5.20
0.00 5.20
0.00 5.20
0.00 5.20
0.00 5.20
0.00 5.20
0.00 5.20
0.00 5.20
0.00 5.20
0.00 5.21
0.00 5.22
0.00 5.22
0.00 5.23
0.00 5.23
0.00 5.24
0.00 5.24
0.00 5.24
0.00 5.26
0.00 5.26
0.00 5.26
0.00 5.26
0.00 5.26
0.00 5.26
0.00 5.26
0.00 5.26
0.00 5.26
0.00 5.26
0.00 5.26
0.00 5.26
0.00 5.26
0.00 5.26
0.00 5.26
0.00 5.26
0.00 5.26
0.00 5.26
0.00 5.26
0.00 5.26
0.00 5.25
0.00 5.25
0.02 5.25
0.07 5.24
0.08 5.23
0.54 5.20
0.07 5.19
0.04 5.19
0.04 5.18
0.02 5.17
0.00 5.17
0.00 5.17
0.00 5.17
0.01 5.17
0.00 5.17
0.00 5.17
0.00 5.17
0.00 5.17
0.00 5.17
0.00 5.17
0.00 5.17
0.00 5.17
0.00 5.17
0.00 5.17
0.00 5.17
0.00 5.17
0.00 5.17
0.00 5.17
0.00 5.17
0.00 5.17
0.00 5.17
0.00 5.17
0.00 5.17
0.00 5.17
0.00 5.18
0.00 5.18
0.00 5.18
0.00 5.19
0.00 5.19
0.00 5.19
0.00 5.19
0.00 5.19
0.00 5.19
0.00 5.19
0.00 5.19
0.00 5.19
0.00 5.19
0.00 5.19
0.00 5.19
0.00 5.19
0.00 5.19
0.00 5.19
0.00 5.19
0.00 5.18
0.00 5.18
0.00 5.18
0.00 5.18
0.00 5.18
0.00 5.18
0.00 5.18
0.00 5.18
0.00 5.18
0.00 5.18
0.00 5.18
0.00 5.19
0.00 5.21
0.00 5.21
0.00 5.22
0.00 5.23
0.00 5.24
0.00 5.24
0.00 5.25
0.00 5.26
0.00 5.26
0.00 5.27
0.00 5.28
0.00 5.28
0.00 5.30
0.00 5.31
0.00 5.31
0.00 5.31
0.00 5.31
0.00 5.31
0.00 5.31
0.00 5.31
0.00 5.31
0.00 5.31
0.00 5.31
0.00 5.31
0.00 5.31
0.00 5.31
0.00 5.31
0.00 5.30
0.00 5.30
0.00 5.30
0.00 5.30
0.00 5.30
0.00 5.29
0.00 5.28
0.00 5.28
0.00 5.28
0.00 5.27
0.00 5.26
0.00 5.26
0.00 5.25
0.00 5.25
0.00 5.25
0.00 5.25
0.00 5.25
0.00 5.25
0.00 5.24
0.00 5.24
0.00 5.24
0.00 5.24
0.00 5.24
0.00 5.24
0.00 5.24
0.00 5.24
0.00 5.26
0.00 5.26
0.00 5.28
0.00 5.29
0.00 5.31
0.00 5.31
0.00 5.31
0.00 5.32
0.00 5.32
0.00 5.32
0.00 5.32
0.00 5.32
0.00 5.32
0.00 5.32
0.00 5.32
0.00 5.32
0.00 5.32
0.00 5.32
0.00 5.32
0.00 5.32
0.00 5.32
0.00 5.32
0.00 5.32
0.00 5.32
0.00 5.31
0.00 5.31
0.00 5.30
0.00 5.30
0.00 5.30
0.00 5.29
0.00 5.28
0.00 5.28
0.00 5.27
0.00 5.26
0.00 5.26
0.00 5.26
0.00 5.26
0.00 5.26
0.00 5.26
0.00 5.26
0.00 5.26
0.00 5.26
0.00 5.26
0.00 5.26
0.00 5.26
0.00 5.27
0.00 5.28
0.00 5.29
0.00 5.30
0.00 5.31
0.00 5.32
0.00 5.33
0.00 5.33
0.00 5.34
0.00 5.35
0.00 5.37
0.00 5.37
0.00 5.38
0.00 5.40
0.00 5.40
0.00 5.40
0.00 5.40
0.00 5.40
0.00 5.40
0.00 5.40
0.00 5.40
0.00 5.40
0.00 5.40
0.00 5.40
0.00 5.40
0.00 5.39
0.00 5.39
0.00 5.39
0.00 5.38
0.00 5.36
0.00 5.36
0.00 5.35
0.00 5.34
0.00 5.33
0.00 5.33
0.00 5.32
0.00 5.32
0.00 5.32
0.00 5.31
0.00 5.31
0.00 5.30
0.00 5.30
0.00 5.30
0.00 5.30
0.00 5.30
0.00 5.30
0.00 5.30
0.00 5.30
0.00 5.30
0.00 5.30
0.00 5.30
0.00 5.30
0.00 5.30
0.00 5.30
0.00 5.31
0.00 5.31
0.00 5.32
0.00 5.32
0.00 5.33
0.00 5.34
0.00 5.35
0.00 5.37
0.00 5.37
0.00 5.39
0.00 5.39
0.00 5.39
0.00 5.41
0.00 5.41
0.00 5.41
0.00 5.41
0.00 5.42
0.00 5.42
0.00 5.42
0.00 5.44
0.00 5.44
0.00 5.44
0.00 5.44
0.00 5.44
0.00 5.44
0.00 5.44
0.00 5.43
0.00 5.43
0.00 5.43
0.00 5.42
0.00 5.41
0.00 5.41
0.00 5.41
0.00 5.40
0.00 5.40
0.00 5.40
0.00 5.40
0.00 5.40
0.00 5.40
0.00 5.40
0.00 5.40
0.00 5.40
0.00 5.40
0.00 5.40
0.00 5.40
0.00 5.40
0.00 5.40
0.00 5.40
0.00 5.40
0.00 5.40
0.00 5.40
0.00 5.41
0.00 5.42
0.00 5.43
0.00 5.44
0.00 5.45
0.00 5.45
0.00 5.46
0.00 5.47
0.00 5.48
0.00 5.48
0.00 5.49
0.00 5.49
0.00 5.50
0.00 5.51
0.00 5.51
0.00 5.51
0.00 5.51
0.00 5.51
0.00 5.51
0.00 5.51
0.00 5.51
0.00 5.51
0.00 5.51
0.00 5.50
0.00 5.49
0.00 5.48
0.00 5.47
0.00 5.46
0.00 5.45
0.00 5.44
0.00 5.43
0.00 5.43
0.00 5.42
0.00 5.41
0.00 5.41
0.00 5.41
0.00 5.41
0.00 5.41
0.00 5.41
0.00 5.41
0.00 5.41
0.00 5.41
0.00 5.41
0.00 5.41
0.00 5.41
0.00 5.41
0.00 5.41
0.00 5.41
0.00 5.41
0.00 5.43
0.00 5.43
0.00 5.44
0.00 5.44
0.00 5.45
0.00 5.46
0.00 5.46
0.00 5.47
0.00 5.48
0.00 5.49
0.00 5.50
0.00 5.50
0.00 5.51
0.00 5.51
0.00 5.51
0.00 5.51
0.00 5.52
0.00 5.52
0.00 5.52
0.00 5.52
0.00 5.52
0.00 5.52
0.00 5.52
0.00 5.52
0.00 5.52
0.00 5.52
0.00 5.52
0.00 5.52
0.00 5.51
0.00 5.51
0.00 5.51
0.00 5.48
0.00 5.46
0.00 5.45
0.00 5.45
0.00 5.44
0.00 5.44
0.00 5.43
0.00 5.43
0.00 5.43
0.00 5.43
0.00 5.44
0.00 5.44
0.00 5.44
0.00 5.44
0.00 5.45
0.00 5.45
0.00 5.45
0.00 5.47
0.00 5.47
0.00 5.49
0.00 5.50
0.00 5.51
0.00 5.53
0.00 5.53
0.00 5.54
0.00 5.54
0.00 5.54
0.00 5.54
0.00 5.54
0.00 5.54
0.00 5.54
0.00 5.54
0.00 5.54
0.00 5.55
0.00 5.55
0.00 5.55
0.00 5.55
0.00 5.55
0.00 5.55
0.00 5.55
0.00 5.55
0.03 5.55
0.01 5.55
0.00 5.55
0.00 5.55
0.04 5.55
0.04 5.55
0.04 5.55
0.01 5.55
0.04 5.55
0.01 5.55
0.00 5.55
0.00 5.55
0.01 5.55
0.05 5.55
0.01 5.55
0.00 5.55
0.00 5.55
0.00 5.55
0.00 5.55
0.00 5.55
0.00 5.55
0.00 5.55
0.00 5.55
0.00 5.55
0.00 5.55
0.00 5.55
0.00 5.55
0.00 5.55
0.00 5.55
0.00 5.55
0.00 5.55
0.00 5.55
0.00 5.55
0.00 5.56
0.00 5.57
0.00 5.57
0.00 5.57
0.00 5.57
0.00 5.57
0.00 5.57
0.00 5.57
0.00 5.57
0.00 5.57
0.00 5.57
0.00 5.57
0.00 5.57
0.00 5.57
0.00 5.57
0.00 5.57
0.00 5.57
0.00 5.57
0.00 5.57
0.00 5.57
0.00 5.57
0.00 5.57
0.00 5.56
0.00 5.56
0.00 5.55
0.00 5.55
0.00 5.55
0.00 5.54
0.00 5.54
0.00 5.54
0.00 5.54
0.00 5.54
0.00 5.54
0.00 5.54
0.00 5.53
0.00 5.53
0.00 5.52
0.00 5.52
0.00 5.52
0.00 5.52
0.00 5.52
0.00 5.52
0.00 5.52
0.00 5.53
0.00 5.53
0.00 5.54
0.12 5.54
0.06 5.54
0.01 5.54
0.00 5.55
0.01 5.57
0.00 5.58
0.00 5.59
0.00 5.61
0.00 5.62
0.00 5.62
0.00 5.62
0.00 5.62
0.00 5.62
0.00 5.62
0.00 5.61
0.00 5.61
0.00 5.61
0.00 5.61
0.00 5.61
0.00 5.61
0.00 5.61
0.00 5.61
0.00 5.60
0.00 5.60
0.00 5.60
0.00 5.60
0.00 5.60
0.00 5.60
0.01 5.60
0.00 5.59
0.00 5.59
0.01 5.58
0.00 5.57
0.01 5.57
0.01 5.56
0.01 5.55
0.01 5.55
0.02 5.55
0.01 5.55
0.01 5.55
0.01 5.55
0.00 5.55
0.00 5.55
0.00 5.55
0.01 5.56
0.00 5.56
0.00 5.56
0.00 5.56
0.00 5.56
0.00 5.57
0.00 5.58
0.00 5.59
0.00 5.59
0.00 5.59
0.00 5.60
0.00 5.60
0.00 5.60
0.00 5.60
0.00 5.60
0.00 5.61
0.00 5.61
0.00 5.61
0.00 5.61
0.00 5.61
0.00 5.61
0.00 5.61
0.00 5.60
0.00 5.60
0.00 5.60
0.00 5.59
0.00 5.58
0.00 5.57
0.00 5.55
0.00 5.55
0.00 5.53
0.00 5.53
0.00 5.52
0.00 5.52
0.00 5.51
0.00 5.51
0.00 5.51
0.01 5.51
0.00 5.51
0.00 5.51
0.00 5.51
0.00 5.51
0.00 5.51
0.00 5.51
0.00 5.51
0.00 5.51
0.00 5.51
0.00 5.51
0.00 5.51
0.00 5.51
0.00 5.51
0.00 5.53
0.00 5.54
0.00 5.54
0.01 5.54
0.00 5.55
0.00 5.55
0.00 5.57
0.01 5.57
0.01 5.58
0.00 5.59
0.00 5.60
0.00 5.60
0.01 5.60
0.01 5.60
0.00 5.60
0.00 5.60
0.00 5.60
0.00 5.60
0.01 5.60
0.01 5.60
0.01 5.60
0.02 5.60
0.06 5.59
0.07 5.58
0.06 5.57
0.08 5.55
0.03 5.55
0.19 5.53
0.02 5.53
0.00 5.52
0.00 5.52
0.00 5.51
0.00 5.51
0.01 5.50
0.00 5.49
0.00 5.49
0.00 5.49
0.00 5.47
0.01 5.47
0.02 5.47
0.01 5.47
0.00 5.47
0.00 5.47
0.00 5.47
0.00 5.47
0.00 5.47
0.00 5.47
0.00 5.48
0.00 5.49
0.00 5.49
0.00 5.50
0.00 5.51
0.00 5.51
0.00 5.53
0.00 5.53
0.01 5.54
0.00 5.55
0.00 5.55
0.00 5.56
0.00 5.57
0.00 5.58
0.00 5.59
0.00 5.59
0.00 5.60
0.00 5.60
0.00 5.60
0.00 5.60
0.00 5.60
0.01 5.60
0.00 5.60
0.00 5.60
0.00 5.60
0.00 5.60
0.00 5.60
0.00 5.60
0.00 5.60
0.00 5.60
0.00 5.59
0.00 5.58
0.00 5.57
0.00 5.57
0.00 5.56
0.00 5.55
0.00 5.55
0.06 5.53
0.05 5.53
0.05 5.51
0.02 5.51
0.02 5.49
0.02 5.47
0.03 5.47
0.01 5.46
0.00 5.46
0.00 5.46
0.01 5.46
0.00 5.46
0.00 5.46
0.00 5.46
0.00 5.46
0.00 5.46
0.00 5.46
0.00 5.46
0.00 5.47
0.00 5.49
0.00 5.49
0.00 5.49
0.00 5.50
0.00 5.51
0.00 5.51
0.00 5.51
0.01 5.51
0.00 5.51
0.00 5.51
0.00 5.51
0.00 5.51
0.00 5.51
0.00 5.51
0.00 5.51
0.00 5.51
0.00 5.51
0.00 5.51
0.00 5.51
0.00 5.51
0.00 5.51
0.00 5.51
0.00 5.50
0.00 5.50
0.00 5.50
0.00 5.49
0.00 5.49
0.00 5.49
0.00 5.49
0.00 5.49
0.00 5.49
0.00 5.48
0.00 5.47
0.00 5.47
0.00 5.47
0.00 5.47
0.00 5.47
0.00 5.47
0.00 5.47
0.00 5.47
0.00 5.47
0.00 5.47
0.00 5.47
0.00 5.47
0.00 5.47
0.00 5.47
0.00 5.47
0.00 5.47
0.00 5.47
0.00 5.47
0.00 5.47
0.00 5.47
0.00 5.48
0.00 5.48
0.00 5.49
0.00 5.49
0.00 5.49
0.00 5.49
0.00 5.49
0.00 5.49
0.00 5.49
0.00 5.49
0.00 5.49
0.00 5.49
0.00 5.49
0.00 5.49
0.00 5.49
0.00 5.49
0.00 5.49
0.00 5.49
0.00 5.48
0.00 5.47
0.00 5.47
0.00 5.47
0.00 5.46
0.00 5.45
0.00 5.45
0.00 5.44
0.00 5.43
0.00 5.41
0.00 5.41
0.00 5.39
0.00 5.39
0.00 5.38
0.00 5.38
0.00 5.37
0.00 5.36
0.00 5.36
0.00 5.36
0.00 5.36
0.00 5.36
0.00 5.36
0.00 5.36
0.00 5.36
0.00 5.36
0.00 5.36
0.00 5.37
0.00 5.37
0.00 5.37
0.00 5.37
0.00 5.38
0.00 5.38
0.00 5.38
0.00 5.38
0.00 5.38
0.00 5.38
0.00 5.38
0.00 5.40
0.00 5.40
0.00 5.41
0.00 5.41
0.00 5.41
0.00 5.41
0.00 5.41
0.00 5.41
0.00 5.41
0.00 5.41
0.00 5.41
0.00 5.41
0.00 5.41
0.00 5.41
0.00 5.41
0.00 5.41
0.00 5.40
0.00 5.39
0.00 5.39
0.00 5.38
0.00 5.38
0.00 5.37
0.00 5.36
0.00 5.36
0.00 5.36
0.00 5.36
0.00 5.36
0.00 5.36
0.00 5.36
0.00 5.36
0.00 5.36
0.00 5.36
0.00 5.36
0.00 5.36
0.00 5.36
0.00 5.36
0.00 5.36
0.00 5.36
0.00 5.36
0.00 5.38
0.00 5.39
0.00 5.41
0.00 5.41
0.00 5.42
0.00 5.43
0.00 5.43
0.00 5.44
0.00 5.45
0.00 5.45
0.01 5.46
0.01 5.46
0.02 5.46
0.02 5.47
0.01 5.47
0.00 5.47
0.01 5.47
0.00 5.47
0.00 5.47
0.00 5.47
0.00 5.47
0.00 5.47
0.00 5.47
0.00 5.47
0.00 5.47
0.00 5.47
0.00 5.46
0.00 5.45
0.00 5.44
0.00 5.43
0.00 5.42
0.00 5.41
0.00 5.40
0.00 5.39
0.00 5.38
0.00 5.36
0.00 5.36
0.00 5.36
0.00 5.35
0.00 5.35
0.00 5.34
0.00 5.34
0.00 5.34
0.00 5.34
0.00 5.34
0.00 5.34
0.00 5.34
0.00 5.34
0.00 5.34
0.00 5.34
0.00 5.34
0.00 5.35
0.00 5.35
0.00 5.36
0.00 5.36
0.00 5.36
0.00 5.36
0.00 5.37
0.00 5.38
0.00 5.38
0.00 5.39
0.00 5.39
0.00 5.40
0.00 5.41
0.00 5.41
0.00 5.41
0.00 5.41
0.00 5.41
0.00 5.41
0.00 5.41
0.00 5.41
0.00 5.41
0.00 5.41
0.00 5.41
0.00 5.41
0.00 5.41
0.00 5.41
0.00 5.40
0.00 5.40
0.00 5.39
0.00 5.39
0.00 5.38
0.00 5.38
0.00 5.38
0.00 5.38
0.00 5.37
0.00 5.37
0.00 5.37
0.01 5.37
0.00 5.37
0.00 5.37
0.00 5.37
0.00 5.37
0.00 5.37
0.00 5.37
0.00 5.37
0.00 5.37
0.00 5.37
0.00 5.37
0.00 5.37
0.00 5.37
0.01 5.37
0.02 5.37
0.31 5.38
0.08 5.37
0.00 5.38
0.00 5.38
0.00 5.38
0.00 5.38
0.00 5.38
0.00 5.38
0.00 5.39
0.00 5.39
0.00 5.39
0.00 5.40
0.00 5.40
0.00 5.41
0.00 5.41
0.00 5.41
0.00 5.41
0.00 5.41
0.00 5.41
0.00 5.41
0.00 5.41
0.00 5.41
0.00 5.41
0.00 5.41
0.00 5.41
0.00 5.41
0.00 5.41
0.00 5.41
0.01 5.41
0.00 5.41
0.00 5.41
0.00 5.41
0.00 5.41
0.00 5.41
0.00 5.40
0.00 5.39
0.00 5.39
0.00 5.38
0.00 5.38
0.00 5.38
0.00 5.38
0.00 5.38
0.00 5.37
0.00 5.37
0.00 5.37
0.00 5.37
0.00 5.37
0.00 5.37
0.00 5.37
0.00 5.37
0.00 5.37
0.00 5.37
0.00 5.37
0.00 5.37
0.00 5.37
0.00 5.37
0.00 5.37
0.00 5.37
0.00 5.37
0.00 5.37
0.00 5.38
0.00 5.38
0.00 5.38
0.00 5.38
0.00 5.38
0.00 5.38
0.00 5.38
0.00 5.38
0.00 5.38
0.00 5.38
0.00 5.38
0.00 5.38
0.00 5.38
0.00 5.37
0.00 5.36
0.00 5.36
0.00 5.36
0.00 5.35
0.00 5.35
0.00 5.35
0.00 5.34
0.00 5.34
0.00 5.34
0.00 5.34
0.00 5.34
0.00 5.34
0.00 5.34
0.00 5.34
0.00 5.34
0.00 5.34
0.00 5.34
0.00 5.34
0.00 5.34
0.00 5.35
0.00 5.35
0.00 5.37
0.00 5.38
0.00 5.39
0.00 5.40
0.00 5.41
0.00 5.41
0.00 5.41
0.00 5.42
0.00 5.42
0.00 5.42
0.00 5.42
0.00 5.42
0.00 5.42
0.00 5.42
0.00 5.42
0.00 5.42
0.00 5.42
0.00 5.42
0.00 5.42
0.00 5.42
0.00 5.42
0.00 5.42
0.00 5.42
0.00 5.42
0.00 5.42
0.00 5.42
0.00 5.42
0.00 5.42
0.00 5.42
0.00 5.42
0.00 5.42
0.00 5.42
0.00 5.42
0.00 5.42
0.00 5.42
0.00 5.42
0.00 5.42
0.00 5.42
0.00 5.41
0.00 5.41
0.00 5.40
0.00 5.40
0.00 5.40
0.00 5.40
0.00 5.40
0.00 5.39
0.00 5.39