852 2.3
853 1.5
853 2.0
853 1.6
852 1.6
853 0.9
853 2.0
853 1.1
853 3.3
853 5.4
853 3.6
853 4.8
853 4.3
853 4.2
853 4.2
853 3.3
853 2.1
854 4.2
854 5.1
854 2.2
854 0.6
854 2.2
854 2.1
854 1.1
854 0.7
854 1.4
854 1.5
854 2.0
854 1.6
855 2.4
855 0.9
855 1.9
855 1.6
855 0.9
855 0.5
855 2.0
855 2.5
855 3.0
855 2.6
855 2.9
855 3.1
855 0.7
855 1.1
855 2.4
855 2.6
855 2.8
854 4.2
854 5.6
854 8.7
854 7.7
854 5.3
854 4.1
854 5.5
854 5.1
853 4.5
853 6.3
853 4.9
853 3.4
853 3.2
853 3.7
853 5.4
853 5.5
853 3.3
853 6.2
852 2.5
852 4.5
852 5.1
852 3.6
852 2.9
852 5.0
852 5.9
852 4.1
852 2.0
852 3.1
852 1.7
852 2.4
852 3.9
852 6.3
852 4.5
852 4.2
852 4.7
852 1.9
853 1.0
853 1.0
853 0.9
853 1.1
853 0.7
853 3.1
854 7.5
854 10.6
854 10.4
854 13.3
855 14.1
855 12.3
855 9.7
855 11.2
855 9.6
855 11.0
855 10.8
855 9.4
855 10.2
855 6.5
856 6.9
856 6.6
856 8.0
856 4.7
856 6.1
856 6.2
856 5.5
856 4.8
856 6.2
856 2.8
857 2.3
857 1.7
857 2.2
857 1.6
857 0.5
857 0.2
857 1.7
857 4.9
857 0.8
857 1.0
857 0.8
857 1.7
857 1.3
858 2.5
858 2.0
858 1.4
858 1.3
858 0.6
858 1.7
858 3.3
858 3.3
858 3.5
857 4.1
857 4.6
857 3.8
857 4.6
857 2.5
857 2.2
857 1.8
857 4.4
857 4.9
857 3.2
856 2.0
856 5.5
856 4.1
856 5.1
856 2.6
855 3.2
855 4.2
855 2.6
855 5.6
855 5.1
854 6.4
854 4.1
854 5.2
854 3.8
854 3.2
854 3.7
853 5.0
853 2.5
853 3.0
853 4.4
853 2.8
853 2.0
852 2.4
852 3.8
852 2.4
852 4.2
852 3.9
852 4.4
852 3.2
852 1.1
852 1.8
852 1.5
852 0.1
852 0.0
852 0.8
852 1.2
852 1.4
852 1.7
852 0.0
852 0.3
852 0.5
852 1.1
852 1.9
852 0.2
853 2.3
853 1.2
853 0.2
853 0.4
853 0.4
853 0.8
853 0.1
853 0.2
853 0.1
853 1.0
853 0.3
853 1.5
853 0.5
853 0.6
853 0.2
853 1.8
853 2.6
853 0.5
853 0.1
853 1.4
853 1.6
853 3.4
853 1.0
853 0.1
853 0.3
853 1.5
853 0.0
853 1.0
853 1.2
853 1.5
853 0.0
853 0.3
854 0.7
854 2.5
854 0.1
854 0.2
854 0.3
854 0.6
854 1.0
854 1.7
854 1.2
854 0.4
854 2.0
854 0.3
854 1.0
853 1.5
853 2.1
853 1.9
853 2.4
853 2.7
852 1.7
852 2.1
852 2.5
852 3.5
851 3.4
851 3.4
851 4.5
851 3.9
850 4.6
850 4.6
850 4.0
850 4.6
850 4.9
850 8.2
849 7.1
849 6.2
849 7.8
848 4.5
848 5.2
848 4.0
848 6.2
847 5.4
847 6.1
847 6.9
847 4.2
847 7.5
847 5.7
846 5.4
846 3.3
846 6.4
846 2.3
846 2.5
846 1.4
846 0.3
846 0.0
846 1.4
846 1.7
846 0.9
846 1.0
846 0.7
846 0.4
846 0.9
846 0.1
846 0.7
846 0.1
846 2.6
846 5.6
846 1.1
846 0.6
846 0.6
846 0.5
846 0.2
846 0.9
846 1.3
846 0.8
846 2.5
846 2.9
846 2.8
846 1.4
846 2.2
847 1.5
847 2.2
847 2.8
847 2.1
847 2.2
847 2.8
847 1.7
847 1.4
847 2.3
847 2.0
847 1.6
847 0.4
847 1.5
847 0.3
847 0.2
847 0.8
847 4.7
847 0.3
847 1.0
847 0.9
847 0.9
847 1.4
847 1.4
847 0.9
847 0.6
847 0.8
847 0.7
846 0.8
846 3.7
846 4.5
846 4.8
846 4.6
846 8.2
846 8.9
845 10.0
845 7.0
845 6.6
845 4.6
845 4.2
844 4.1
844 5.4
844 4.9
844 3.9
844 6.1
844 7.1
844 6.4
844 8.8
843 9.9
843 9.3
843 9.9
843 9.6
843 9.6
842 7.1
842 4.9
842 5.5
841 4.6
841 7.5
841 8.0
841 6.5
842 16.5
842 15.3
842 9.0
842 8.3
842 3.5
842 3.1
842 7.9
842 4.1
842 3.8
842 8.2
842 9.2
842 8.0
842 9.0
843 12.9
843 8.0
844 5.3
844 3.6
844 4.1
844 2.9
845 3.9
845 1.6
845 4.5
845 3.8
845 3.1
845 3.0
845 4.2
845 5.0
845 5.3
845 4.2
845 6.1
845 3.6
845 4.8
845 2.6
845 2.7
845 2.7
845 2.1
845 1.1
845 0.6
844 3.6
844 0.3
844 0.3
844 0.5
844 2.8
844 1.6
845 1.1
845 1.5
845 2.1
845 0.7
845 0.1
845 0.9
845 1.4
845 2.7
845 1.4
845 0.0
845 0.0
845 0.2
846 0.0
846 0.5
846 0.8
846 0.7
846 0.3
846 0.0
846 1.2
846 2.0
846 3.7
846 4.8
845 3.8
845 3.0
845 2.2
845 2.1
845 1.6
845 1.0
845 1.2
845 1.4
845 0.9
845 1.0
845 0.7
844 1.5
844 3.6
844 3.1
844 3.6
844 3.5
844 5.2
844 4.7
844 4.2
844 8.0
844 4.3
844 3.6
843 2.1
843 1.8
843 1.3
843 0.5
843 0.5
842 0.7
842 3.9
842 3.6
842 2.6
842 5.2
842 1.5
843 3.0
843 8.5
843 5.5
843 6.5
843 6.1
843 6.1
843 5.3
843 8.2
844 9.1
844 5.7
844 6.5
844 6.9
845 5.6
845 6.0
846 9.9
846 18.5
847 17.7
847 14.0
848 14.1
849 11.9
849 6.7
849 3.2
849 3.4
849 4.9
849 3.9
849 4.4
849 5.1
848 4.1
848 5.1
848 3.6
848 3.2
848 4.8
848 7.0
848 7.3
848 5.8
848 8.3
848 8.5
849 7.9
848 5.8
849 8.0
849 6.8
849 6.3
849 6.6
849 7.6
849 6.2
849 8.0
849 7.1
850 6.2
850 6.4
850 7.7
850 5.9
851 7.9
851 6.3
851 5.5
851 3.4
851 3.5
851 7.8
851 8.6
851 8.8
852 6.7
852 6.9
852 9.0
852 12.0
852 10.7
851 12.6
851 11.6
851 12.4
851 12.6
851 11.2
851 9.5
851 10.0
851 11.4
851 12.8
852 10.9
851 10.5
851 8.7
851 11.6
851 13.0
851 14.2
851 11.6
851 13.2
851 12.8
852 13.2
851 14.9
851 10.4
851 10.9
851 9.4
851 9.6
851 12.6
851 13.4
851 11.8
851 10.0
851 9.9
851 8.8
851 10.6
852 9.8
851 7.9
852 9.2
852 8.2
852 7.3
852 9.4
852 6.9
852 3.6
852 5.7
852 7.2
852 7.9
852 8.5
852 8.9
853 6.1
853 4.5
853 6.7
853 6.9
853 6.5
853 5.6
853 3.8
853 4.1
853 5.7
853 8.4
853 12.6
853 11.8
854 6.4
854 5.2
854 5.2
854 6.4
854 8.5
854 3.8
854 6.1
854 6.1
854 6.2
854 8.1
854 10.2
854 10.0
854 10.4
854 7.6
854 3.5
854 3.9
854 4.4
855 4.4
855 4.7
855 4.3
855 4.9
855 5.8
855 5.2
855 7.4
855 5.3
855 4.9
856 2.3
855 1.9
856 3.7
856 4.0
856 2.7
856 3.7
856 2.8
857 2.7
856 5.1
857 4.9
857 4.5
857 4.4
857 3.9
857 4.6
857 2.7
857 2.6
857 4.1
857 2.6
857 3.5
857 1.7
856 2.1
856 2.7
856 2.6
856 2.4
856 2.6
856 4.2
856 3.9
856 2.6
855 4.2
855 3.2
855 2.7
855 4.8
855 4.3
855 5.7
855 3.4
854 3.6
854 2.7
854 2.2
854 4.6
854 3.8
854 3.4
853 2.7
853 3.3
853 2.7
853 5.7
853 3.3
853 2.8
853 4.0
853 1.4
853 4.0
853 5.0
853 5.2
853 3.9
854 3.3
854 9.9
855 10.9
855 10.3
855 10.0
855 8.3
855 7.9
855 9.0
856 5.5
856 4.1
856 2.2
856 1.5
856 0.2
856 0.7
856 0.4
856 0.9
856 2.4
856 1.7
856 0.5
856 0.0
856 0.3
856 2.1
856 0.1
856 0.0
857 0.0
856 0.0
857 0.8
857 2.7
857 0.5
857 0.0
857 0.9
857 1.6
857 1.1
857 0.6
857 0.5
857 0.3
858 1.3
857 0.0
858 1.0
858 1.7
858 0.2
858 1.8
858 2.4
858 0.8
858 1.4
858 0.0
859 0.5
859 0.1
859 0.0
859 0.0
859 0.6
859 0.1
859 0.0
859 0.3
859 0.4
859 2.0
859 1.4
859 2.6
859 2.2
859 2.7
859 2.6
859 3.5
859 3.1
858 4.0
858 4.0
858 4.1
858 3.7
858 3.7
858 3.3
858 5.3
858 5.3
858 4.6
857 5.8
857 4.0
857 5.6
857 3.6
857 3.7
857 4.4
856 5.5
856 5.9
856 8.1
856 8.3
856 6.5
856 8.5
856 7.6
856 13.3
856 16.0
856 13.3
856 8.6
856 8.5
856 3.1
856 4.2
856 2.6
857 3.7
857 6.8
857 2.2
857 0.2
857 1.8
857 0.6
857 1.0
857 2.1
857 1.0
857 5.3
858 5.0
858 3.2
858 2.8
858 0.9
858 0.4
859 1.2
859 1.7
859 3.3
859 0.6
859 2.0
859 2.2
859 2.1
859 2.1
859 1.9
859 3.0
859 2.8
859 1.8
859 1.6
859 2.3
859 1.4
859 1.6
859 2.6
860 0.9
860 1.3
860 1.2
860 0.7
860 1.4
860 0.7
860 2.0
860 1.4
860 1.4
860 2.5
861 1.6
861 2.0
861 2.0
861 0.7
861 1.0
862 1.1
862 1.3
862 0.8
862 0.4
862 0.3
862 0.4
862 0.7
862 0.9
862 0.6
862 0.3
862 1.3
862 2.2
862 2.5
862 1.7
862 2.7
862 3.2
862 3.6
862 3.7
862 4.0
862 3.7
861 1.8
861 2.4
861 2.3
861 3.7
861 2.0
860 2.6
860 1.6
860 3.0
860 2.7
860 3.0
860 4.2
860 3.6
859 5.8
859 4.6
859 9.1
859 5.3
859 4.3
859 6.6
859 5.3
858 2.9
858 2.0
858 3.3
858 1.8
858 3.8
858 2.0
858 2.2
858 2.7
858 5.1
858 3.3
858 2.9
858 2.8
858 2.8
858 1.4
858 0.1
858 0.6
858 0.2
858 1.0
858 3.0
859 3.8
859 0.7
859 0.8
859 0.7
859 0.1
859 0.1
860 0.3
860 1.1
860 0.5
860 1.2
860 2.1
860 0.9
860 1.1
860 2.8
860 1.9
860 0.9
860 3.0
860 1.1
860 0.5
860 1.9
860 1.7
860 3.8
860 3.7
861 2.6
861 4.2
860 3.7
861 0.1
861 0.1
861 1.5
861 0.8
860 0.0
860 0.0
861 0.0
860 0.1
861 0.2
861 1.3
861 0.3
861 0.4
861 0.3
861 0.8
861 0.0
861 0.3
861 0.0
861 0.1
861 0.6
861 1.8
861 0.4
861 0.9
861 1.0
861 1.0
861 0.2
861 1.3
861 0.4
861 0.3
860 3.8
860 3.0
860 1.9
860 3.8
860 2.5
860 4.5
860 4.6
860 4.3
859 3.9
859 5.7
859 5.7
859 2.6
858 4.7
858 5.5
858 6.3
858 5.3
858 5.9
857 7.0
857 7.3
857 5.9
857 5.1
856 6.4
856 5.8
856 7.1
856 7.6
856 9.2
855 7.7
856 5.7
855 6.5
855 6.5
855 6.0
855 5.2
855 3.3
855 3.4
855 0.9
854 2.9
854 3.1
854 0.6
854 0.2
854 0.9
854 2.2
855 2.6
855 0.9
855 0.2
855 0.1
855 0.2
855 0.2
855 0.6
856 0.7
856 0.4
856 0.7
856 1.1
856 0.8
856 0.8
856 1.4
856 1.4
856 1.3
856 0.7
856 0.8
856 0.5
856 0.9
856 0.1
855 0.2
855 0.6
855 0.3
855 0.0
855 0.7
855 1.1
855 0.0
855 0.3
855 0.8
855 2.0
855 1.3
855 1.1
855 0.4
855 0.1
855 1.0
855 0.5
856 2.7
856 1.0
856 0.1
856 0.6
856 2.6
856 1.0
856 0.4
856 0.7
856 0.7
856 1.9
855 2.8
855 0.3
855 1.2
855 2.2
855 3.0
855 2.9
855 1.9
854 5.3
854 5.8
854 7.5
854 6.4
854 3.7
854 3.1
854 6.6
853 10.0
853 7.9
853 7.3
853 11.6
853 13.5
852 8.3
852 9.8
851 10.4
851 10.7
851 11.0
851 16.1
851 14.1
851 10.3
850 9.9
850 10.2
850 7.4
850 7.3
850 17.5
849 15.6
849 14.2
849 15.8
850 19.4
850 20.7
850 17.7
849 11.4
849 7.2
849 5.3
849 4.4
849 5.1
849 7.5
849 8.3
848 3.9
849 5.7
849 3.5
849 1.3
848 2.4
849 2.1
849 2.9
848 1.0
849 0.3
848 0.6
849 0.2
849 1.7
849 1.1
849 5.6
849 5.2
848 4.7
848 5.8
848 5.9
848 1.1
848 0.9
848 0.1
848 1.3
848 1.2
848 1.7
848 1.5
848 0.5
848 0.8
848 1.5
848 1.0
848 0.9
848 2.5
848 2.6
848 0.5
848 0.1
848 1.0
848 0.0
848 0.1
848 0.0
848 0.2
848 0.4
848 0.5
848 0.8
848 0.2
848 1.6
849 0.8
849 0.0
849 0.4
848 0.1
849 0.2
848 0.5
848 1.2
848 0.9
848 1.0
848 0.9
848 1.0
847 1.5
847 0.6
847 2.8
847 4.0
846 6.5
846 7.2
846 11.0
846 15.3
846 17.7
846 16.3
845 19.5
845 15.0
845 16.1
845 18.9
844 18.9
844 16.9
844 20.5
844 19.3
843 17.2
843 16.0
843 16.6
842 16.7
842 15.0
842 16.3
842 17.5
841 18.7
841 19.7
841 17.7
841 18.3
840 17.3
840 18.0
840 13.2
840 14.0
840 18.0
840 17.1
840 16.0
840 15.6
839 16.5
839 15.6
839 16.2
839 16.3
839 11.9
839 9.4
839 9.6
840 6.9
840 2.5
840 4.0
839 4.6
840 4.1
840 3.5
840 3.3
840 3.3
839 2.9
839 2.7
839 5.2
839 5.4
840 5.7
840 4.0
840 5.9
840 6.3
840 9.8
840 13.5
840 7.3
840 6.9
840 9.1
840 5.8
841 1.7
841 0.7
841 1.8
841 7.2
841 5.4
841 3.3
841 1.5
841 2.5
842 1.2
842 1.7
842 4.9
842 4.7
841 4.1
842 2.1
842 0.7
842 0.6
842 1.2
842 2.1
842 0.2
842 1.7
842 1.0
842 0.5
842 1.0
842 3.3
842 7.9
842 7.9
842 13.9
842 19.4
842 17.9
842 12.7
842 15.3
841 13.6
841 13.9
841 9.5
841 7.9
841 12.2
840 13.5
840 11.8
840 12.0
840 11.9
840 16.9
839 14.5
839 19.6
839 16.9
839 17.4
839 16.5
839 17.3
838 16.0
839 15.6
838 20.3
838 17.3
838 17.6
839 18.0
839 18.7
838 21.4
838 22.8
839 21.3
839 22.2
839 17.1
839 16.2
840 13.6
840 15.4
840 18.2
841 16.0
841 18.8
841 16.4
841 18.0
842 14.2
842 9.4
842 8.1
843 2.7
843 8.2
844 9.4
844 9.8
844 5.6
845 2.8
845 5.5
845 4.5
846 4.0
846 6.1
846 6.5
846 7.3
846 6.7
846 5.9
846 4.9
846 5.2
846 6.7
847 4.9
847 5.6
847 7.4
847 6.7
847 8.1
847 9.6
847 6.5
847 2.3
846 4.2
846 7.6
846 7.6
846 8.3
846 10.4
846 11.6
846 10.3
846 9.5
846 7.3
846 4.9
847 3.5
846 5.3
846 6.4
847 6.6
846 3.1
846 4.3
846 4.5
846 4.0
846 2.0
846 0.8
846 0.7
846 1.4
846 3.1
846 4.5
847 4.6
846 3.0
846 2.0
846 3.2
847 3.4
846 2.7
846 1.3
846 2.1
846 1.7
846 2.7
846 3.4
846 5.8
846 4.3
846 3.4
846 5.1
846 9.2
846 7.2
846 10.0
846 5.5
846 6.5
846 8.7
846 10.2
846 14.1
846 11.9
846 14.1
846 13.9
846 11.8
846 8.1
846 7.2
846 5.4
846 4.7
846 7.1
846 9.3
846 8.5
846 7.8
846 8.8
846 7.1
846 9.3
847 9.7
847 9.4
847 8.4
847 5.2
847 4.9
847 1.8
847 1.2
847 2.0
847 2.3
847 3.8
847 7.6
847 8.8
847 8.7
847 7.6
847 8.4
847 7.6
848 7.5
848 7.2
848 5.4
848 6.1
849 6.6
848 7.9
849 5.3
848 4.6
848 4.5
849 2.8
849 3.2
849 3.2
849 8.5
849 6.5
849 6.6
849 2.5
849 3.0
850 2.7
850 4.8
850 0.5
850 2.6
850 3.3
850 3.1
850 0.1
850 1.6
850 2.9
850 2.2
850 0.4
850 1.8
850 1.1
850 1.6
850 0.4
850 1.4
850 1.4
850 3.4
850 2.1
850 3.0
850 0.4
850 0.9
850 3.1
850 0.9
850 0.8
851 0.5
850 2.5
850 3.7
850 5.7
851 9.1
850 7.8
850 8.1
850 8.6
850 7.3
850 5.8
850 4.0
850 6.1
850 8.0
850 8.2
850 6.5
850 7.2
849 7.9
849 9.0
849 9.9
849 13.8
849 11.8
849 7.0
848 8.1
848 12.7
848 12.6
848 14.1
848 11.8
848 6.8
848 12.1
848 9.2
848 9.9
848 9.3
849 12.0
849 10.6
848 10.0
848 8.2
848 12.1
848 9.6
848 7.9
848 6.4
848 4.0
848 3.5
848 3.3
848 1.2
848 2.0
848 7.0
849 14.6
849 14.2
850 12.6
850 9.4
850 9.7
850 8.8
851 3.5
851 1.5
851 6.0
851 4.6
851 4.0
851 2.5
851 3.8
851 3.1
851 3.1
851 3.5
851 2.8
851 1.2
851 1.5
851 1.8
851 1.6
851 0.7
851 1.4
851 1.5
851 0.7
851 0.8
852 1.6
852 0.4
852 0.8
851 1.0
851 0.4
852 1.2
852 0.2
852 2.1
852 0.7
852 0.1
852 2.9
852 2.0
852 1.9
852 2.3
852 2.5
852 0.6
852 1.2
852 0.3
852 0.9
852 0.1
852 0.1
852 0.0
852 0.1
852 0.5
852 0.9
852 3.0
852 2.4
852 0.3
852 0.7
852 1.0
852 3.1
852 2.1
852 3.6
852 2.0
852 1.6
852 2.1
852 1.6
852 2.6
852 3.4
852 2.7
851 4.7
851 4.0
851 4.8
851 6.2
851 5.7
851 7.6
851 7.6
851 7.1
850 5.2
850 9.1
850 7.3
850 4.0
850 7.5
850 6.5
850 5.3
850 3.9
850 5.5
849 8.4
849 9.9
849 11.8
849 10.9
850 11.4
850 7.9
850 10.0
850 8.3
850 7.7
850 5.0
850 4.3
850 6.0
850 7.3
850 4.3
850 0.9
850 2.9
850 6.1
850 6.7
850 4.0
851 4.5
851 9.6
851 9.3
851 7.1
851 8.7
852 6.0
852 4.1
852 3.3
852 3.8
852 4.0
852 3.6
852 1.8
852 2.0
852 1.0
851 1.9
851 1.0
851 0.8
852 0.9
851 2.2
851 1.3
851 0.3
851 0.9
851 1.7
851 1.2
851 0.3
851 0.0
851 0.3
851 1.4
851 1.6
851 1.9
851 0.9
851 0.9
851 2.2
851 2.0
851 0.3
851 1.1
850 0.0
850 0.5
850 0.5
850 0.0
850 2.2
850 3.1
850 0.6
850 2.6
850 3.0
850 4.4
850 2.9
850 1.5
850 1.7
849 0.7
849 1.9
849 4.7
849 3.6
849 3.1
848 3.3
848 3.3
848 3.7
848 4.2
847 4.2
847 4.3
847 4.6
846 4.5
846 4.4
846 5.2
846 6.4
845 5.9
845 5.5
844 6.7
844 9.2
844 9.7
844 12.2
844 10.2
844 10.0
843 10.4
843 10.8
843 11.4
843 9.8
843 16.9
843 14.1
843 13.4
843 11.3
843 8.7
843 5.2
843 4.1
842 4.7
842 4.6
842 3.4
842 2.3
842 1.3
842 5.5
842 2.9
842 2.3
842 5.5
843 9.2
843 11.2
843 7.0
843 4.9
843 5.4
843 8.6
843 12.4
843 8.5
843 8.4
843 3.3
843 4.8
844 7.7
844 7.0
844 6.7
844 6.7
844 6.6
844 6.5
844 5.2
844 5.3
844 4.6
844 8.2
844 8.2
844 6.6
844 4.7
844 3.4
844 3.9
844 4.6
844 4.7
844 3.8
844 3.0
843 1.2
843 2.3
843 1.9
843 3.1
843 1.2
843 0.3
843 0.2
843 2.5
842 1.0
842 0.4
842 0.0
842 0.0
843 0.6
843 1.0
842 0.8
842 0.3
843 6.8
843 6.5
843 4.8
843 2.5
843 1.3
843 2.7
843 4.2
843 5.4
843 3.9
843 2.9
842 4.2
842 3.8
842 2.5
842 1.7
842 4.2
842 6.3
842 5.1
842 4.8
842 6.1
842 6.5
842 8.1
842 5.9
841 3.1
841 4.2
841 4.2
841 3.6
841 5.8
841 10.9
841 9.0
841 13.2
842 14.2
842 9.9
842 9.8
843 9.1
843 13.4
843 8.1
843 3.5
843 5.3
843 4.6
844 3.8
844 4.8
844 6.2
844 4.9
844 5.3
844 5.2
844 5.3
844 2.8
844 4.8
844 4.7
844 3.4
844 5.5
845 10.6
846 14.0
846 8.9
846 6.0
846 8.0
847 3.8
847 3.4
847 5.0
847 5.2
847 7.7
847 8.8
847 6.5
847 5.6
847 7.9
847 5.4
847 5.8
847 3.8
848 4.7
848 7.2
848 4.9
848 0.8
848 1.0
848 0.7
848 0.7
848 2.0
848 6.7
848 5.6
848 6.2
848 2.7
848 5.7
848 3.4
848 4.3
848 3.0
848 3.4
848 5.4
848 1.1
848 1.8
848 1.1
848 1.3
849 0.1
849 1.2
849 1.4
849 0.4
849 2.6
849 4.3
849 5.4
849 3.8
849 3.6
849 3.7
849 4.8
849 7.4
849 8.8
849 6.2
850 2.8
850 3.4
850 3.3
850 3.5
850 4.8
850 4.9
850 4.4
850 8.0
850 6.4
850 5.6
850 6.8
850 2.2
850 2.8
850 4.8
851 5.3
851 6.5
851 4.9
850 7.1
851 7.7
851 7.8
851 3.1
851 4.1
851 2.4
851 4.5
850 5.3
851 6.0
851 4.4
851 3.7
851 3.8
851 2.6
851 2.6
851 5.2
851 6.4
851 5.0
851 8.3
851 6.6
851 7.6
851 7.6
851 4.7
851 3.0
851 2.6
851 0.4
851 0.0
851 0.0
852 0.3
852 1.0
852 1.6
852 8.0
852 8.5
852 5.2
852 3.5
852 3.1
853 3.2
853 5.2
853 4.7
853 2.4
853 3.9
853 4.6
854 4.7
854 3.0
854 3.7
854 4.1
854 3.2
854 3.6
854 4.6
854 1.6
854 0.8
854 0.7
854 2.7
854 0.9
854 5.9
854 7.4
854 2.8
854 5.3
854 6.3
854 6.9
855 0.9
855 2.8
855 2.8
855 0.4
855 2.7
855 0.8
855 1.3
855 1.4
855 0.3
856 0.7
855 1.4
856 0.0
856 0.6
856 1.9
856 1.3
856 0.9
856 1.9
856 2.6
856 2.0
856 0.9
856 2.3
856 4.4
856 4.5
855 2.7
855 4.8
855 3.9
855 4.5
855 6.4
855 6.4
854 5.4
854 7.7
854 6.9
854 7.7
854 5.0
854 4.2
853 2.5
853 4.7
853 2.9
853 6.2
853 9.2
852 11.4
852 8.9
852 14.1
852 15.0
852 13.6
851 15.8
851 17.7
851 17.8
851 18.2
851 18.3
851 18.1
851 18.5
851 20.0
851 18.6
851 21.0
851 19.5
851 19.7
851 18.1
851 18.5
851 15.7
851 17.1
851 12.3
852 13.5
852 9.2
852 11.2
852 7.3
852 5.4
852 3.1
852 1.7
852 0.5
852 1.6
852 0.5
852 1.7
852 1.1
852 1.5
852 0.3
852 0.9
852 1.0
852 1.1
852 2.0
852 2.4
852 1.8
852 2.9
852 0.7
852 1.2
852 0.3
852 2.1
853 1.1
853 1.5
853 0.3
853 0.4
853 1.8
853 0.5
853 0.9
853 2.4
853 2.7
853 0.4
853 1.5
853 1.3
854 1.9
854 0.6
854 1.3
854 1.1
854 0.3
854 2.2
854 0.4
855 2.1
855 0.9
855 0.8
855 0.4
855 0.9
856 0.3
856 3.1
856 2.9
856 1.1
856 1.0
856 0.8
856 2.8
856 3.2
856 3.5
856 2.5
855 6.2
855 5.5
855 5.5
855 7.7
855 7.7
855 6.6
855 5.9
855 4.2
855 4.1
854 4.1
854 5.3
854 2.6
854 5.1
854 5.5
854 5.3
853 5.4
853 3.9
853 6.9
853 5.5
853 5.1
853 5.2
853 12.4
852 13.0
852 12.7
852 11.5
852 13.7
852 13.9
852 14.0
852 12.5
852 13.4
852 13.5
852 12.7
853 13.8
853 13.8
853 11.9
853 7.0
853 2.0
853 1.0
854 0.6
854 0.5
854 2.7
854 1.6
854 2.0
854 4.1
854 2.4
854 4.1
855 4.6
855 2.6
855 4.4
855 4.1
855 4.5
855 3.3
855 1.1
855 0.5
855 0.9
855 2.3
855 1.4
855 2.3
855 0.6
854 1.5
855 0.1
855 0.5
855 1.9
854 0.1
854 1.1
855 1.2
855 0.8
855 1.9
855 1.6
855 2.7
855 2.6
854 4.1
854 6.5
854 3.3
855 1.9
854 0.7
855 2.4
854 0.4
855 0.8
855 0.8
855 0.9
855 0.5
855 0.2
855 1.4
855 3.0
855 1.9
855 0.6
855 0.2
855 2.1
855 2.1
855 1.8
855 1.8
854 0.8
854 1.7
854 2.4
854 3.3
854 3.5
854 3.4
853 3.6
853 4.0
853 3.4
853 4.6
852 2.4
852 3.8
852 3.0
852 4.4
851 4.1
851 2.7
851 4.4
850 4.7
850 2.9
850 7.9
850 6.1
850 12.8
849 11.1
849 9.6
849 11.2
849 11.2
848 10.3
848 9.7
848 7.5
848 9.4
848 9.1
848 9.1
848 11.3
848 9.2
847 6.9
847 5.7
847 3.5
847 6.8
847 6.2
847 3.4
847 1.7
847 1.7
847 0.1
847 0.7
848 6.7
848 14.8
848 8.2
848 13.2
848 8.8
848 6.2
848 0.9
848 0.2
848 2.2
849 3.5
848 2.8
848 3.0
848 2.2
848 3.1
848 4.2
848 5.0
848 2.0
848 0.9
848 1.7
849 0.8
848 0.8
849 1.1
849 1.6
849 2.2
848 0.5
849 1.9
849 1.7
849 1.6
849 1.8
849 0.6
849 0.0
849 0.7
849 1.6
849 0.5
849 0.8
849 1.3
849 2.6
849 0.2
850 0.7
850 1.3
850 0.7
850 0.3
850 0.2
850 1.2
850 0.3
850 0.2
850 0.6
850 0.7
850 0.3
850 0.6
850 0.7
850 1.8
850 2.1
850 2.5
850 2.3
850 3.1
850 3.6
849 5.2
849 5.2
849 4.7
849 5.4
849 4.0
849 6.3
849 6.6
848 6.6
848 8.0
848 7.4
848 9.5
848 8.3
848 12.3
848 8.0
848 11.9
848 9.5
847 8.4
847 12.8
847 14.3
847 13.9
847 11.7
847 12.7
847 9.5
847 8.7
846 3.5
846 11.0
846 10.7
847 14.2
846 13.7
846 13.7
846 13.2
847 12.3
847 10.2
847 7.5
847 8.0
847 6.5
847 0.7
847 0.7
848 0.3
848 0.7
848 2.8
848 4.3
848 10.2
848 11.1
848 10.4
848 9.2
849 9.8
849 7.9
849 9.9
848 8.0
849 7.2
849 5.7
849 4.9
849 7.0
849 7.1
849 3.9
849 4.9
849 2.8
849 5.9
849 4.5
848 7.5
848 11.5
848 11.2
848 6.8
848 5.4
849 4.3
849 2.3
850 2.2
850 2.1
850 2.7
850 1.5
850 2.0
850 2.0
850 0.7
850 1.2
850 2.0
851 3.1
851 3.9
851 4.0
851 6.7
851 6.5
851 4.7
852 6.3
851 5.8
852 6.6
852 8.3
852 8.1
852 9.5
851 8.0
852 8.4
851 7.9
851 8.8
851 6.5
851 5.3
851 7.0
851 5.1
851 5.0
851 5.5
851 5.4
850 3.1
850 3.4
850 2.9
850 6.0
850 5.4
850 5.4
850 3.4
850 7.3
850 5.7
850 8.0
849 7.1
849 5.3
849 7.1
849 5.0
849 5.5
849 4.7
849 5.3
849 6.7
849 8.2
849 6.9
849 6.4
849 4.9
849 7.3
849 10.2
849 10.7
850 12.1
850 14.4
850 12.4
850 13.0
850 11.8
851 11.7
850 9.8
850 8.2
851 4.8
851 2.7
851 4.1
852 5.4
852 6.8
852 6.9
852 5.1
853 5.5
853 3.0
853 2.2
853 4.0
853 5.9
854 8.4
853 10.1
853 7.2
853 4.9
853 4.4
853 2.5
853 2.6
853 5.3
853 8.1
853 12.1
853 11.9
853 10.9
853 9.4
853 7.9
853 5.9
853 8.3
853 5.8
853 3.5
854 1.1
854 2.1
854 1.3
854 2.4
854 0.9
854 0.3
854 0.9
854 0.6
854 2.7
854 1.2
854 2.9
854 6.6
854 3.5
854 2.4
854 3.9
854 3.3
854 1.4
854 2.8
854 5.1
854 4.4
854 2.5
854 2.9
854 2.0
854 2.7
854 1.9
854 3.0
854 2.7
854 3.7
854 1.9
854 6.1
854 7.9
853 6.5
853 3.7
853 1.8
853 1.0
852 1.6
852 2.2
852 3.0
852 2.9
851 2.7
851 1.9
851 2.3
852 7.6
852 20.8
852 22.1
852 20.7
852 17.5
852 14.6
851 11.6
851 9.2
851 7.6
851 6.0
851 3.8
851 6.1
852 7.5
852 14.3
853 19.2
853 15.8
853 7.4
854 9.2
853 12.6
853 6.4
853 4.6
853 5.2
853 3.2
853 4.8
853 1.6
853 2.2
853 3.7
853 3.2
853 3.7
853 1.4
853 3.6
854 3.2
854 2.4
854 3.7
854 5.6
854 6.4
854 4.8
854 5.1
854 3.4
854 3.3
854 2.1
854 0.9
854 4.7
854 5.6
853 4.4
853 4.8
853 3.8
853 2.3
853 3.2
853 5.9
853 2.5
853 4.9
854 5.0
853 3.7
854 0.9
854 1.1
854 2.4
854 0.4
854 0.7
854 0.7
854 0.3
854 1.0
854 0.4
854 0.3
854 0.9
854 0.8
854 0.7
855 0.3
855 0.0
855 0.3
855 0.8
855 1.0
855 2.0
855 3.2
855 2.8
855 3.5
855 4.4
855 4.0
855 4.8
855 4.4
854 4.5
854 3.8
854 4.4
854 5.0
854 5.7
854 7.4
854 2.7
854 5.6
854 6.9
854 2.8
854 7.1
853 6.2
853 3.7
853 3.2
853 6.2
852 6.4
852 4.6
852 2.5
852 4.8
852 6.7
852 6.0
851 3.4
851 2.0
851 1.8
851 7.4
851 6.3
850 2.8
850 4.0
850 5.9
850 5.6
850 7.3
850 4.1
850 5.1
850 6.1
850 3.5
850 4.3
850 6.2
850 4.0
850 4.3
851 1.9
851 1.3
851 0.8
851 0.9
851 1.9
851 1.5
852 0.5
852 2.0
852 0.2
852 0.1
852 0.4
853 1.4
853 1.4
853 0.3
853 0.4
853 2.4
853 1.8
853 0.3
853 0.6
853 1.5
853 2.1
853 0.8
854 1.2
854 1.5
854 0.9
854 0.9
854 1.4
854 1.5
854 0.7
854 1.3
854 0.9
854 0.8
854 0.2
854 2.1
854 1.2
854 1.1
854 1.0
855 2.5
855 0.2
855 0.2
855 0.5
855 0.4
855 0.0
856 0.0
856 1.5
856 0.8
856 0.0
856 0.1
856 1.2
856 2.7
856 3.3
856 3.2
856 3.1
856 0.9
856 3.5
856 2.9
856 4.7
856 5.2
856 4.6
856 4.9
856 4.1
856 4.5
856 4.7
855 3.6
855 4.5
855 6.0
855 6.5
855 5.9
855 5.7
855 9.9
854 6.5
854 8.3
854 5.8
854 6.7
854 10.8
854 10.4
854 7.2
854 10.1
854 10.1
853 9.3
853 9.6
853 7.3
853 6.4
853 6.0
853 6.4
852 3.4
853 5.1
853 13.5
853 15.7
853 12.8
853 11.6
853 10.5
853 8.2
853 8.8
854 12.9
853 12.0
853 12.2
854 5.7
854 2.7
853 7.2
854 4.7
854 3.4
854 0.6
855 4.7
855 10.5
855 12.0
855 9.7
855 7.6
855 6.7
855 3.2
855 2.9
855 4.6
855 2.9
855 1.6
855 0.3
855 0.0
855 0.3
855 0.2
855 0.4
855 1.6
855 1.3
855 0.6
855 1.1
855 2.8
855 2.1
855 0.0
855 0.0
855 0.1
855 0.2
855 0.1
855 0.7
855 0.4
855 0.7
855 0.1
855 0.1
855 0.3
855 0.3
855 0.2
855 0.1
855 0.5
856 0.0
856 0.1
856 0.2
856 0.2
856 0.4
856 0.1
856 0.5
856 1.3
856 3.3
856 1.8
856 1.8
856 2.6
856 3.2
855 2.8
855 2.4
855 2.5
855 2.9
855 3.7
855 3.8
854 4.0
854 3.8
854 5.0
854 3.9
854 5.9
854 19.9
854 8.6
854 5.6
854 2.4
854 12.4
853 8.3
853 8.0
853 5.0
853 3.8
853 7.0
854 4.2
854 15.0
853 9.9
853 4.8
853 4.6
853 7.5
853 8.8
853 8.4
853 3.7
853 2.7
853 8.8
852 8.1
853 6.4
853 8.0
853 12.7
853 10.7
853 9.3
853 9.8
853 9.3
853 9.1
853 11.3
853 7.9
853 3.7
853 0.7
853 2.4
853 0.8
854 2.9
854 5.5
854 7.9
854 7.3
854 8.9
854 9.6
854 7.2
854 6.3
854 7.4
854 9.2
854 9.1
855 10.7
855 9.5
855 7.8
855 8.0
855 7.1
855 7.3
855 6.4
855 4.9
855 2.0
855 4.0
855 5.9
855 7.8
855 5.3
855 3.0
855 3.1
855 8.6
855 2.3
855 2.9
855 0.1
855 0.3
856 1.2
856 1.8
856 0.1
856 0.0
856 0.6
856 0.9
856 0.8
856 0.0
856 0.8
856 1.4
856 3.0
856 2.5
856 2.5
856 1.3
856 1.4
856 2.7
856 2.9
856 3.7
856 2.3
856 4.0
856 3.6
856 4.4
856 3.2
856 3.0
856 3.2
855 3.9
855 4.0
855 3.8
855 4.9
855 4.3
855 3.3
854 3.5
854 3.8
854 2.5
854 3.0
854 4.8
854 7.1
854 8.5
854 16.0
854 11.2
854 4.4
854 3.7
853 2.6
853 4.3
853 4.1
853 3.0
853 1.5
853 3.1
853 2.6
853 0.9
853 10.1
853 6.9
853 4.2
853 6.1
853 5.3
853 4.6
854 2.0
854 11.4
854 9.6
854 5.4
855 1.5
855 0.5
854 3.3
855 4.6
855 2.1
855 1.9
855 0.9
856 2.4
856 2.8
856 2.5
856 0.8
856 0.1
856 2.1
856 0.2
856 1.5
856 0.8
856 1.7
856 3.5
856 0.4
856 1.2
857 0.0
857 0.6
857 2.0
857 0.6
857 0.0
857 0.6
857 0.3
857 0.3
857 0.1
857 0.1
857 0.7
858 0.7
858 0.6
858 0.4
858 0.6
858 0.5
858 0.8
858 1.4
858 1.2
858 1.0
859 1.9
859 2.1
859 2.5
859 1.6
859 0.0
859 0.2
859 0.0
859 1.2
859 1.4
859 0.5
859 0.4
859 1.7
859 2.6
859 2.7
859 3.1
859 2.4
859 4.0
859 3.6
859 3.5
858 4.2
858 3.3
858 3.5
858 4.3
858 4.1
858 4.6
858 5.1
858 6.6
857 5.0
857 5.6
857 6.0
857 6.5
857 3.4
857 5.9
856 4.7
856 5.7
856 3.0
856 2.7
856 4.6
856 3.5
856 2.4
855 4.6
855 7.4
855 7.4
855 3.3
855 1.5
855 2.2
855 3.4
855 3.0
855 2.0
855 0.7
855 0.4
854 1.4
854 0.0
854 2.1
854 3.0
855 2.6
855 2.1
855 1.3
855 0.8
855 1.1
855 2.0
855 3.6
855 5.6
855 7.5
855 8.3
856 6.4
856 6.4
856 6.1
856 5.2
856 6.0
856 8.0
856 6.9
856 6.3
856 4.6
856 3.7
856 4.8
856 4.4
856 4.6
856 3.0
856 2.8
856 2.1
856 2.5
856 2.9
856 1.6
856 1.9
856 1.0
856 1.8
856 1.8
857 1.2
857 1.5
857 1.5
857 0.6
857 0.9
857 0.5
857 0.2
857 2.2
858 1.2
857 0.2
857 0.6
857 0.0
858 0.0
857 0.4
857 0.1
857 0.7
857 2.0
857 1.4
857 1.8
857 3.5
857 2.6
857 3.6
857 4.0
857 3.7
856 4.0
856 4.2
856 3.0
856 1.0
856 1.1
856 1.5
855 2.5
855 2.6
855 5.3
855 5.9
854 3.4
854 4.1
854 3.8
854 4.0
854 5.3
854 8.0
853 6.4
853 6.6
853 2.2
853 2.9
853 4.2
852 2.1
852 3.6
852 3.3
851 2.8
851 5.0
851 4.8
851 2.1
851 3.9
851 4.9
850 4.4
850 2.0
850 0.7
850 1.1
850 2.5
850 4.6
850 1.3
850 0.5
850 2.6
850 5.5
850 4.9
850 3.9
850 4.8
850 4.7
851 3.3
850 2.5
851 3.9
851 6.5
851 6.6
851 4.6
851 4.0
851 3.8
851 1.3