-2.34 16
-2.42 17
-2.47 17
-2.47 19
-2.40 18
-2.28 19
-2.12 18
-1.94 20
-1.74 20
-1.52 19
-1.26 18
-1.02 18
-0.71 18
-0.40 18
-0.07 19
0.21 19
0.47 19
0.74 20
1.00 20
1.22 21
1.46 21
1.64 21
1.74 22
1.86 22
1.95 22
2.01 22
1.93 23
1.88 23
1.84 23
1.81 23
1.75 23
1.66 23
1.55 22
1.45 21
1.36 21
1.27 22
1.18 21
1.11 20
1.01 19
0.97 20
0.89 19
0.87 20
0.81 19
0.79 19
0.77 20
0.78 21
0.79 21
0.87 21
0.93 21
1.01 21
1.14 21
1.25 21
1.36 20
1.46 20
1.60 21
1.75 21
1.85 22
1.95 22
2.07 21
2.17 21
2.29 22
2.39 22
2.47 23
2.53 23
2.56 23
2.57 23
2.62 23
2.66 23
2.65 23
2.58 23
2.52 24
2.43 24
2.35 24
2.23 23
2.17 23
2.08 23
1.96 23
1.82 23
1.63 21
1.45 20
1.27 20
1.05 19
0.82 18
0.58 18
0.36 18
0.14 17
-0.05 17
-0.25 17
-0.45 17
-0.64 17
-0.83 17
-0.99 17
-1.14 17
-1.31 17
-1.46 17
-1.62 17
-1.74 17
-1.85 17
-1.95 17
-2.05 17
-2.11 17
-2.16 18
-2.14 18
-2.07 19
-1.98 18
-1.86 19
-1.72 20
-1.54 19
-1.36 19
-1.19 18
-0.99 19
-0.79 19
-0.60 19
-0.41 19
-0.21 19
0.00 19
0.20 19
0.39 20
0.57 20
0.75 20
0.91 21
1.04 21
1.19 22
1.24 22
1.29 21
1.34 21
1.32 21
1.32 22
1.24 21
1.17 21
1.08 21
1.00 21
0.94 20
0.92 21
0.91 22
0.89 22
0.84 22
0.80 22
0.73 21
0.69 22
0.66 22
0.56 21
0.55 21
0.56 22
0.49 22
0.53 21
0.63 21
0.72 20
0.78 20
0.87 21
1.01 21
1.13 20
1.28 20
1.39 20
1.50 21
1.59 21
1.69 21
1.78 22
1.87 22
1.93 22
2.01 23
2.05 23
2.12 23
2.16 23
2.20 23
2.23 23
2.26 23
2.26 24
2.25 24
2.22 24
2.17 24
2.09 24
2.00 24
1.91 23
1.81 23
1.74 23
1.63 22
1.54 22
1.40 21
1.25 19
1.07 18
0.90 18
0.72 17
0.54 17
0.37 17
0.20 17
0.02 16
-0.16 16
-0.32 16
-0.47 16
-0.63 16
-0.77 16
-0.91 16
-1.03 16
-1.15 16
-1.26 17
-1.37 18
-1.48 18
-1.58 16
-1.64 16
-1.69 16
-1.68 18
-1.62 18
-1.54 18
-1.40 18
-1.25 18
-1.09 18
-0.93 19
-0.76 19
-0.57 20
-0.40 19
-0.22 19
-0.03 20
0.14 20
0.31 20
0.48 20
0.63 20
0.74 21
0.83 21
0.94 21
1.04 21
1.14 22
1.25 22
1.33 22
1.40 22
1.42 22
1.48 22
1.44 22
1.45 22
1.46 23
1.46 22
1.43 23
1.39 23
1.36 23
1.34 23
1.31 23
1.23 23
1.16 22
1.02 22
0.90 20
0.87 21
0.81 21
0.84 23
0.86 22
0.86 21
0.92 21
0.88 22
0.96 22
1.00 22
1.08 22
1.18 21
1.26 21
1.43 21
1.50 21
1.57 21
1.61 22
1.55 22
1.61 22
1.64 23
1.78 22
1.84 22
1.90 22
1.96 23
2.05 23
2.02 23
2.02 23
1.97 23
1.99 23
1.95 23
2.01 24
2.00 24
2.00 24
2.02 24
2.03 24
1.93 24
1.84 23
1.74 23
1.61 23
1.50 23
1.38 20
1.26 19
1.10 18
0.98 18
0.86 19
0.74 21
0.61 20
0.51 19
0.38 17
0.18 17
0.10 17
-0.04 16
-0.19 16
-0.30 16
-0.39 16
-0.51 18
-0.65 17
-0.72 17
-0.76 18
-0.81 18
-0.90 19
-0.98 18
-1.05 18
-1.05 19
-0.95 19
-0.86 18
-0.87 19
-0.93 19
-0.82 19
-0.69 19
-0.58 19
-0.48 19
-0.37 19
-0.24 18
-0.11 20
0.04 19
0.13 20
0.24 20
0.35 20
0.46 20
0.53 20
0.57 20
0.63 21
0.73 21
0.87 21
0.96 21
1.02 21
1.03 21
1.06 21
1.13 21
1.12 21
1.13 21
1.15 21
1.14 21
1.09 21
1.01 21
0.94 22
0.87 21
0.81 21
0.78 22
0.76 22
0.71 22
0.69 22
0.72 22
0.73 22
0.70 22
0.65 21
0.62 22
0.59 23
0.60 22
0.58 22
0.57 22
0.57 22
0.60 22
0.67 22
0.70 22
0.77 22
0.81 22
0.86 22
0.95 22
1.05 22
1.14 21
1.18 22
1.25 22
1.31 23
1.36 22
1.42 22
1.43 22
1.48 23
1.50 23
1.51 23
1.52 23
1.49 23
1.46 23
1.39 22
1.38 22
1.34 22
1.27 22
1.20 22
1.13 22
1.02 22
0.93 22
0.80 21
0.66 21
0.52 21
0.39 21
0.24 20
0.10 20
-0.04 19
-0.17 18
-0.28 18
-0.41 17
-0.51 17
-0.63 17
-0.73 17
-0.81 18
-0.88 18
-0.95 19
-1.01 19
-1.08 19
-1.11 19
-1.15 19
-1.15 19
-1.12 19
-1.11 19
-1.10 18
-1.06 19
-1.00 19
-0.94 18
-0.84 19
-0.74 19
-0.64 19
-0.49 20
-0.36 19
-0.22 19
-0.10 19
0.03 19
0.14 20
0.27 20
0.36 20
0.46 20
0.56 20
0.70 20
0.80 20
0.92 20
1.02 20
1.09 20
1.17 21
1.22 21
1.25 21
1.25 21
1.23 22
1.24 22
1.24 22
1.21 21
1.18 22
1.12 22
1.05 22
0.99 22
0.91 22
0.82 22
0.72 22
0.66 21
0.59 22
0.55 22
0.49 21
0.42 21
0.39 21
0.34 20
0.29 21
0.29 21
0.25 21
0.29 20
0.31 20
0.34 20
0.38 20
0.40 19
0.42 19
0.46 19
0.50 20
0.52 20
0.57 20
0.60 20
0.64 20
0.71 20
0.75 20
0.81 20
0.85 20
0.85 20
0.90 20
0.90 20
0.96 20
1.03 19
1.06 20
1.10 20
1.09 20
1.10 20
1.09 21
1.08 20
1.06 21
1.00 21
0.94 21
0.87 21
0.75 22
0.67 22
0.58 22
0.48 21
0.40 21
0.30 21
0.20 20
0.11 20
-0.02 21
-0.14 21
-0.24 20
-0.33 18
-0.45 18
-0.55 17
-0.63 17
-0.71 19
-0.77 19
-0.83 18
-0.88 17
-0.91 17
-0.97 17
-0.96 18
-0.94 17
-0.87 18
-0.82 18
-0.74 18
-0.64 18
-0.56 19
-0.49 19
-0.38 19
-0.27 18
-0.13 19
-0.04 20
0.08 20
0.17 20
0.30 20
0.41 20
0.53 21
0.66 21
0.78 21
0.91 21
0.95 21
1.09 21
1.15 21
1.22 21
1.30 22
1.31 22
1.33 22
1.32 22
1.31 22
1.29 22
1.22 21
1.16 22
1.02 21
0.98 22
0.89 23
0.69 20
0.56 21
0.45 21
0.34 19
0.19 20
0.01 19
-0.15 18
-0.29 17
-0.42 16
-0.53 14
-0.61 15
-0.60 15
-0.68 18
-0.71 16
-0.67 16
-0.68 17
-0.64 17
-0.60 18
-0.58 17
-0.54 17
-0.46 17
-0.36 18
-0.24 19
-0.13 19
-0.05 19
0.11 18
0.18 19
0.32 19
0.37 19
0.50 18
0.59 18
0.73 18
0.85 19
0.94 19
1.02 20
1.10 20
1.17 20
1.27 20
1.31 20
1.34 21
1.37 21
1.32 21
1.30 21
1.26 21
1.19 21
1.10 21
0.98 21
0.87 22
0.77 22
0.65 20
0.54 20
0.41 19
0.30 20
0.20 19
0.08 20
-0.04 20
-0.14 16
-0.21 21
-0.33 17
-0.42 19
-0.45 17
-0.54 17
-0.61 18
-0.62 17
-0.64 17
-0.65 18
-0.57 17
-0.54 18
-0.47 20
-0.44 19
-0.30 20
-0.20 21
-0.06 20
0.03 20
0.12 19
0.25 20
0.46 21
0.62 21
0.79 21
0.91 20
1.07 21
1.21 20
1.33 20
1.49 19
1.59 19
1.71 19
1.83 20
1.82 20
1.78 22
1.70 22
1.67 22
1.63 22
1.56 21
1.49 21
1.40 21
1.29 22
1.16 19
1.04 19
0.93 20
0.83 19
0.68 17
0.53 16
0.37 17
0.23 16
0.12 16
-0.01 16
-0.15 17
-0.25 15
-0.30 17
-0.30 16
-0.37 17
-0.43 16
-0.47 17
-0.52 18
-0.53 18
-0.54 18
-0.63 19
-0.63 17
-0.54 17
-0.43 17
-0.31 18
-0.25 18
-0.13 19
-0.07 20
0.08 20
0.17 20
0.35 20
0.38 20
0.55 21
0.71 21
0.93 21
1.11 19
1.25 20
1.34 20
1.44 20
1.48 20
1.51 22
1.58 20
1.63 20
1.60 22
1.58 21
1.54 22
1.57 22
1.31 20
1.34 21
1.16 21
1.25 20
1.18 22
1.23 21
0.84 19
0.67 18
0.51 17
0.34 16
0.21 16
0.05 15
-0.03 15
-0.08 17
-0.01 17
0.04 17
0.00 17
-0.03 18
-0.12 18
-0.17 18
-0.29 19
-0.39 16
-0.43 18
-0.37 18
-0.28 19
-0.12 19
0.07 20
0.18 20
0.36 20
0.49 20
0.62 18
0.73 21
0.82 20
0.96 20
1.10 19
1.28 20
1.42 20
1.56 21
1.72 21
1.83 21
1.91 21
1.99 22
2.03 21
2.03 22
1.97 23
2.04 23
1.94 23
1.85 23
1.73 23
1.55 22
1.47 22
1.36 22
1.28 21
1.12 20
0.90 19
0.74 18
0.62 17
0.42 18
0.25 18
0.11 17
-0.03 18
-0.13 18
-0.28 18
-0.42 18
-0.52 18
-0.55 18
-0.64 17
-0.70 17
-0.78 17
-0.85 17
-0.90 17
-0.90 17
-0.94 17
-0.99 17
-1.05 17
-1.00 17
-0.87 17
-0.70 17
-0.52 17
-0.31 17
-0.11 17
0.07 18
0.22 18
0.35 19
0.53 19
0.68 19
0.88 19
1.00 20
1.17 20
1.35 20
1.51 19
1.66 21
1.80 21
1.88 21
1.91 21
1.91 21
1.85 21
1.76 22
1.66 22
1.54 21
1.43 21
1.29 21
1.14 21
0.98 18
0.86 19
0.70 19
0.54 18
0.42 19
0.27 18
0.12 18
-0.01 17
-0.15 17
-0.27 18
-0.40 16
-0.44 18
-0.47 17
-0.49 17
-0.46 17
-0.43 18
-0.34 18
-0.25 18
-0.16 19
-0.07 19
0.00 18
0.12 19
0.26 19
0.41 20
0.56 20
0.68 20
0.85 20
0.99 20
1.15 21
1.33 21
1.48 21
1.64 21
1.80 22
1.92 22
2.02 22
2.08 22
2.08 22
2.04 22
2.03 22
2.05 22
2.04 23
2.01 23
1.96 23
1.83 22
1.78 22
1.61 22
1.50 21
1.29 20
1.09 18
0.86 17
0.63 17
0.44 17
0.26 17
0.08 16
-0.08 16
-0.22 16
-0.36 16
-0.51 16
-0.66 16
-0.83 16
-0.93 16
-1.04 16
-1.18 16
-1.30 16
-1.44 16
-1.52 16
-1.59 16
-1.67 16
-1.71 16
-1.64 17
-1.52 17
-1.36 16
-1.24 17
-1.04 17
-0.81 17
-0.65 17
-0.48 17
-0.30 17
-0.06 17
0.19 17
0.45 18
0.69 18
0.96 18
1.15 19
1.34 19
1.57 20
1.62 20
1.80 22
1.93 20
1.88 20
2.02 22
1.87 22
1.74 21
1.71 20
1.70 21
1.54 19
1.43 21
1.37 20
1.17 18
1.01 17
0.96 18
0.87 18
0.96 17
1.00 19
0.68 17
0.66 17
0.59 17
0.43 16
0.54 18
0.54 19
0.51 17
0.48 19
0.42 18
0.47 17
0.47 16
0.63 17
0.71 17
0.82 18
0.89 20
1.11 19
1.34 18
1.52 19
1.64 20
1.85 21
2.14 21
2.32 22
2.44 23
2.65 23
2.76 23
2.77 23
2.83 23
2.86 23
3.00 23
3.13 24
3.29 24
3.34 24
3.35 24
3.32 24
3.20 24
3.12 24
2.95 24
2.82 24
2.71 23
2.48 23
2.33 22
2.15 22
2.04 21
1.83 21
1.65 21
1.42 21
1.22 20
1.01 20
0.85 19
0.70 19
0.52 19
0.38 19
0.26 18
0.18 18
0.10 18
-0.03 18
-0.15 18
-0.29 18
-0.46 17
-0.63 17
-0.75 17
-0.82 17
-0.83 17
-0.75 17
-0.61 18
-0.48 18
-0.23 18
-0.05 18
0.06 18
0.22 19
0.40 19
0.66 19
0.89 20
1.06 20
1.21 20
1.35 20
1.44 20
1.53 21
1.58 21
1.64 20
1.65 20
1.77 20
1.93 20
1.94 21
1.94 22
1.87 22
1.86 22
1.78 22
1.72 21
1.66 22
1.62 22
1.60 21
1.48 21
1.41 21
1.29 21
1.14 19
1.08 19
1.00 19
0.94 19
0.85 19
0.81 19
0.78 19
0.74 19
0.72 19
0.67 20
0.59 19
0.64 20
0.70 20
0.80 20
0.85 20
0.97 20
1.17 20
1.49 20
1.59 21
1.89 22
1.87 23
1.96 22
2.16 22
2.11 22
2.20 22
2.34 22
2.43 22
2.44 22
2.54 22
2.56 22
2.53 23
2.72 23
2.85 22
2.92 23
3.07 22
3.11 23
3.00 24
2.98 24
2.91 24
2.76 24
2.61 23
2.43 23
2.32 23
2.09 23
1.98 23
1.79 22
1.51 21
1.25 21
1.01 21
0.77 20
0.51 20
0.34 20
0.15 20
-0.04 20
-0.22 20
-0.36 19
-0.47 19
-0.61 19
-0.77 19
-0.92 19
-1.03 19
-1.17 19
-1.02 19
-0.72 19
-0.58 19
-0.51 20
-0.43 20
-0.26 20
-0.12 20
0.01 20
0.13 20
0.37 21
0.59 21
0.73 21
0.88 21
1.08 21
1.28 21
1.47 22
1.60 22
1.76 22
1.91 22
2.10 22
2.25 23
2.37 23
2.49 23
2.58 23
2.57 24
2.48 24
2.43 23
2.42 24
2.34 23
2.25 23
2.09 23
2.03 23
1.89 23
1.70 22
1.55 22
1.41 21
1.24 21
1.06 21
0.93 21
0.79 21
0.66 21
0.52 20
0.41 20
0.31 20
0.23 20
0.18 20
0.14 20
0.19 20
0.25 21
0.33 21
0.44 21
0.57 21
0.71 21
0.88 22
1.06 22
1.20 22
1.37 22
1.51 23
1.70 23
1.86 23
1.99 24
2.10 24
2.27 24
2.38 24
2.51 24
2.61 24
2.70 24
2.73 25
2.73 24
2.69 24
2.68 24
2.64 24
2.53 25
2.40 24
2.30 24
2.18 24
2.01 24
1.80 24
1.64 24
1.46 23
1.27 23
1.07 22
0.86 22
0.65 22
0.43 22
0.23 21
0.06 21
-0.14 21
-0.32 21
-0.50 21
-0.66 21
-0.83 21
-0.98 21
-1.13 21
-1.26 20
-1.40 20
-1.52 20
-1.62 20
-1.70 20
-1.74 20
-1.73 21
-1.67 21
-1.56 21
-1.44 22
-1.28 22
-1.11 22
-0.92 21
-0.73 21
-0.52 21
-0.28 21
-0.03 21
0.21 21
0.45 22
0.68 22
0.89 22
1.10 22
1.27 22
1.42 22
1.56 22
1.67 22
1.75 22
1.81 23
1.87 23
1.91 23
1.90 23
1.89 23
1.86 23
1.82 23
1.77 23
1.68 23
1.57 23
1.46 23
1.35 23
1.26 23
1.14 22
1.02 22
0.90 22
0.81 22
0.69 22
0.66 22
0.59 22
0.53 22
0.45 22
0.49 22
0.52 22
0.62 23
0.58 23
0.59 23
0.64 22
0.73 23
0.85 23
0.84 23
0.94 23
1.08 23
1.23 23
1.37 23
1.51 23
1.64 23
1.79 24
1.91 24
2.02 24
2.15 24
2.20 24
2.26 24
2.34 24
2.35 24
2.33 24
2.35 24
2.32 24
2.33 24
2.24 24
2.15 24
2.05 24
1.90 24
1.77 24
1.63 24
1.47 24
1.28 24
1.07 23
0.88 23
0.68 23
0.47 23
0.29 22
0.08 22
-0.08 22
-0.25 22
-0.44 22
-0.59 22
-0.75 22
-0.90 22
-1.04 22
-1.19 22
-1.33 22
-1.45 22
-1.58 22
-1.69 22
-1.79 22
-1.85 21
-1.88 22
-1.85 22
-1.78 22
-1.67 22
-1.52 22
-1.37 22
-1.19 22
-1.01 22
-0.81 22
-0.60 22
-0.39 22
-0.16 22
0.08 22
0.31 22
0.54 23
0.77 23
0.98 23
1.17 23
1.34 23
1.48 23
1.59 23
1.69 23
1.74 23
1.77 23
1.77 23
1.77 23
1.71 23
1.64 24
1.56 23
1.46 23
1.35 23
1.22 23
1.06 23
0.92 23
0.77 23
0.65 23
0.53 23
0.41 23
0.31 22
0.22 22
0.14 22
0.04 22
-0.02 22
-0.04 22
0.00 22
0.05 23
0.10 23
0.17 23
0.24 23
0.33 23
0.45 23
0.56 23
0.72 23
0.86 23
0.99 23
1.12 23
1.25 24
1.38 24
1.50 24
1.61 24
1.72 24
1.81 24
1.91 24
1.99 24
2.07 24
2.13 24
2.16 24
2.16 24
2.19 24
2.16 24
2.12 24
2.04 25
1.95 25
1.82 24
1.68 24
1.52 24
1.37 24
1.20 24
1.01 24
0.81 24
0.61 23
0.42 23
0.23 23
0.04 23
-0.18 23
-0.37 23
-0.56 23
-0.74 23
-0.92 23
-1.09 22
-1.25 22
-1.41 22
-1.57 22
-1.71 22
-1.84 22
-1.95 22
-2.05 22
-2.12 22
-2.15 22
-2.14 22
-2.08 23
-1.96 23
-1.82 23
-1.66 23
-1.51 23
-1.35 23
-1.16 23
-0.95 23
-0.71 23
-0.48 23
-0.22 23
0.05 23
0.29 23
0.54 23
0.76 23
0.98 23
1.17 24
1.31 24
1.43 24
1.55 24
1.64 24
1.73 24
1.81 24
1.85 24
1.86 24
1.80 24
1.71 24
1.60 24
1.45 24
1.34 24
1.21 24
1.05 24
0.91 24
0.77 23
0.65 23
0.52 23
0.41 23
0.30 23
0.23 23
0.16 23
0.11 23
0.11 23
0.13 23
0.12 23
0.13 23
0.20 23
0.26 23
0.35 23
0.46 23
0.56 23
0.69 23
0.84 23
1.01 23
1.14 24
1.29 24
1.42 24
1.53 24
1.64 24
1.75 24
1.82 24
1.89 24
1.94 24
2.01 24
2.06 24
2.09 25
2.13 25
2.14 25
2.11 25
2.08 25
2.02 25
1.94 25
1.83 24
1.71 24
1.59 24
1.45 24
1.29 24
1.12 24
0.94 24
0.76 24
0.56 23
0.37 23
0.18 23
-0.01 23
-0.20 23
-0.38 23
-0.55 23
-0.72 22
-0.89 22
-1.05 22
-1.20 22
-1.34 22
-1.48 22
-1.62 22
-1.73 22
-1.83 22
-1.91 22
-1.95 22
-1.96 22
-1.93 22
-1.86 22
-1.77 22
-1.65 22
-1.51 23
-1.36 23
-1.19 23
-1.00 22
-0.81 22
-0.59 22
-0.35 23
-0.11 23
0.10 23
0.30 23
0.50 23
0.69 23
0.87 23
1.02 23
1.15 23
1.25 23
1.35 23
1.40 23
1.42 23
1.44 24
1.41 24
1.36 24
1.31 24
1.24 24
1.14 24
1.03 24
0.92 23
0.82 23
0.70 23
0.63 23
0.51 23
0.41 23
0.31 23
0.20 23
0.11 23
0.00 23
-0.09 23
-0.13 23
-0.11 23
-0.08 23
-0.03 24
0.07 24
0.15 24
0.27 24
0.36 23
0.50 23
0.57 23
0.67 24
0.85 23
0.98 23
1.09 24
1.19 24
1.29 24
1.40 24
1.52 24
1.61 24
1.70 25
1.78 25
1.85 25
1.89 25
1.97 25
2.00 25
1.99 25
1.99 25
1.96 25
1.91 25
1.84 25
1.74 25
1.63 25
1.51 25
1.35 25
1.19 25
1.01 24
0.86 24
0.68 24
0.50 23
0.31 23
0.13 23
-0.05 23
-0.23 23
-0.40 23
-0.58 22
-0.74 22
-0.91 22
-1.07 22
-1.23 22
-1.37 22
-1.51 22
-1.63 22
-1.75 22
-1.86 22
-1.95 22
-2.02 22
-2.07 22
-2.06 22
-2.00 22
-1.91 22
-1.77 22
-1.63 23
-1.47 23
-1.30 23
-1.12 23
-0.92 23
-0.70 23
-0.47 23
-0.23 23
0.00 23
0.23 23
0.45 23
0.66 23
0.86 23
1.03 24
1.16 23
1.28 23
1.38 24
1.44 24
1.48 24
1.49 24
1.47 24
1.47 24
1.41 24
1.32 24
1.22 24
1.12 24
1.04 23
0.92 23
0.80 23
0.66 24
0.53 24
0.42 23
0.31 23
0.21 23
0.13 23
0.05 23
0.01 23
-0.02 23
-0.05 23
0.00 23
0.05 24
0.10 24
0.14 23
0.23 23
0.30 24
0.39 24
0.49 24
0.66 23
0.78 24
0.91 23
1.02 24
1.15 24
1.22 24
1.34 24
1.41 24
1.48 24
1.57 25
1.65 25
1.69 25
1.74 25
1.80 25
1.82 25
1.82 25
1.80 25
1.76 25
1.70 25
1.64 25
1.56 25
1.50 25
1.40 25
1.28 24
1.16 24
1.00 24
0.85 24
0.69 23
0.53 23
0.37 23
0.22 22
0.06 22
-0.11 22
-0.27 22
-0.44 22
-0.60 22
-0.76 22
-0.93 22
-1.08 22
-1.23 22
-1.37 21
-1.50 21
-1.61 21
-1.72 22
-1.83 21
-1.92 21
-2.00 22
-2.05 22
-2.06 22
-2.04 22
-1.96 22
-1.87 22
-1.76 22
-1.65 22
-1.52 22
-1.36 23
-1.21 23
-1.04 23
-0.85 23
-0.65 23
-0.47 23
-0.28 22
-0.09 23
0.10 23
0.28 23
0.42 23
0.57 23
0.69 23
0.81 23
0.88 23
0.98 23
1.05 23
1.06 23
1.08 23
1.09 24
1.03 24
1.01 23
0.94 23
0.93 24
0.90 23
0.81 23
0.72 23
0.60 23
0.50 23
0.40 23
0.33 22
0.27 23
0.23 23
0.16 23
0.12 22
0.11 23
0.10 23
0.11 24
0.09 23
0.11 23
0.17 24
0.23 24
0.28 24
0.40 23
0.48 23
0.59 24
0.69 23
0.79 23
0.84 24
0.94 24
1.02 24
1.10 24
1.16 24
1.22 24
1.32 24
1.38 24
1.45 24
1.51 25
1.53 25
1.56 25
1.56 25
1.57 25
1.53 25
1.50 25
1.48 25
1.44 25
1.37 25
1.29 24
1.14 24
1.03 24
0.88 23
0.74 22
0.60 21
0.44 21
0.30 21
0.15 22
-0.01 22
-0.18 21
-0.34 21
-0.50 20
-0.67 20
-0.80 20
-0.92 20
-1.04 20
-1.16 20
-1.26 20
-1.39 20
-1.49 20
-1.57 20
-1.65 20
-1.72 21
-1.77 21
-1.77 21
-1.73 21
-1.69 21
-1.65 21
-1.55 21
-1.42 22
-1.28 22
-1.14 22
-1.01 22
-0.86 22
-0.69 22
-0.52 22
-0.34 22
-0.14 21
0.06 21
0.25 21
0.44 22
0.62 22
0.78 22
0.92 22
1.05 22
1.12 22
1.19 22
1.24 23
1.27 23
1.28 23
1.27 23
1.23 23
1.24 23
1.21 23
1.16 23
1.08 22
0.99 23
0.89 23
0.81 23
0.70 23
0.61 22
0.53 23
0.45 22
0.41 22
0.36 22
0.29 22
0.23 23
0.21 22
0.17 22
0.17 22
0.21 23
0.25 23
0.30 23
0.33 23
0.40 23
0.46 23
0.52 23
0.59 23
0.66 23
0.76 23
0.86 23
0.93 23
1.04 23
1.12 24
1.19 24
1.27 24
1.34 24
1.37 24
1.42 24
1.45 24
1.50 25
1.51 25
1.53 25
1.52 25
1.51 25
1.49 25
1.44 25
1.40 25
1.31 24
1.23 23
1.14 24
1.04 23
0.95 23
0.81 22
0.67 20
0.54 22
0.38 22
0.25 20
0.11 22
-0.02 21
-0.16 22
-0.29 20
-0.42 21
-0.54 20
-0.67 20
-0.79 19
-0.90 19
-1.01 19
-1.10 19
-1.19 19
-1.26 19
-1.32 19
-1.37 20
-1.39 20
-1.37 20
-1.33 20
-1.27 21
-1.20 20
-1.09 20
-0.95 21
-0.82 21
-0.69 21
-0.55 21
-0.38 21
-0.20 21
-0.02 22
0.17 22
0.35 22
0.54 22
0.74 22
0.91 23
1.07 22
1.20 22
1.32 22
1.43 24
1.51 22
1.59 23
1.63 24
1.66 24
1.68 24
1.65 24
1.61 24
1.60 25
1.53 25
1.48 25
1.40 25
1.32 23
1.26 24
1.17 23
1.08 23
0.96 22
0.86 22
0.76 22
0.67 22
0.57 22
0.52 22
0.44 
0.38 22
0.33 23
0.27 22
0.24 23
0.26 23
0.26 23
0.27 23
0.27 23
0.34 23
0.42 23
0.50 22
0.60 22
0.64 22
0.72 23
0.82 23
0.89 22
0.96 22
1.02 23
1.08 23
1.16 23
1.20 23
1.28 23
1.31 23
1.40 23
1.46 23
1.50 24
1.56 24
1.59 24
1.60 24
1.59 24
1.56 25
1.52 25
1.48 25
1.40 25
1.34 25
1.26 24
1.16 24
1.07 24
0.95 23
0.84 23
0.69 23
0.57 23
0.44 22
0.31 22
0.17 22
0.06 22
-0.07 22
-0.19 22
-0.30 22
-0.41 21
-0.52 21
-0.62 21
-0.70 21
-0.77 21
-0.84 21
-0.87 20
-0.87 21
-0.84 20
-0.83 20
-0.78 21
-0.69 22
-0.59 22
-0.48 22
-0.39 21
-0.26 21
-0.12 21
0.02 21
0.17 22
0.34 21
0.48 21
0.62 21
0.77 22
0.93 22
1.05 23
1.19 23
1.28 22
1.38 23
1.45 23
1.52 23
1.51 23
1.56 24
1.56 24
1.57 24
1.57 24
1.52 24
1.50 24
1.45 24
1.39 24
1.31 24
1.20 25
1.10 24
0.95 23
0.84 23
0.73 22
0.58 22
0.46 21
0.32 22
0.29 22
0.19 21
0.05 22
-0.04 22
-0.13 21
-0.23 18
-0.38 18
-0.41 21
-0.43 20
-0.39 20
-0.38 20
-0.28 21
-0.26 21
-0.20 22
-0.14 22
-0.11 22
-0.14 22
-0.10 23
-0.05 23
0.06 23
0.15 23
0.27 22
0.36 23
0.45 22
0.55 23
0.67 23
0.82 23
0.92 22
1.04 22
1.08 22
1.15 22
1.12 23
1.12 24
1.13 24
1.10 24
1.10 24
1.07 24
1.01 23
0.90 23
0.77 24
0.68 23
0.59 23
0.46 22
0.32 23
0.19 23
0.10 21
-0.02 21
-0.15 22
-0.30 21
-0.40 21
-0.52 19
-0.63 17
-0.75 18
-0.87 18
-0.97 18
-1.07 18
-1.15 18
-1.20 18
-1.24 18
-1.24 20
-1.21 19
-1.20 20
-1.16 20
-1.11 19
-1.01 19
-0.91 19
-0.82 21
-0.70 21
-0.57 21
-0.45 21
-0.32 21
-0.14 22
0.03 21
0.22 22
0.40 22
0.58 21
0.74 22
0.90 22
1.03 22
1.15 22
1.23 22
1.28 23
1.33 23
1.37 22
1.40 23
1.43 23
1.41 23
1.38 23
1.33 24
1.23 23
1.15 24
1.00 23
0.86 23
0.75 23
0.61 21
0.49 21
0.35 20
0.24 21
0.10 20
-0.03 19
-0.17 19
-0.30 20
-0.41 18
-0.55 18
-0.66 18
-0.76 18
-0.84 17
-0.90 18
-0.97 17
-1.03 18
-1.08 18
-1.07 18
-1.02 18
-0.96 18
-0.89 20
-0.81 19
-0.69 20
-0.58 20
-0.45 20
-0.33 20
-0.19 20
-0.07 20
0.09 21
0.25 21
0.43 21
0.58 21
0.74 21
0.90 21
1.03 21
1.15 21
1.25 22
1.38 22
1.44 22
1.45 22
1.49 23
1.48 23
1.47 23
1.38 22
1.35 23
1.25 23
1.13 23
1.02 23
0.89 24
0.77 21
0.61 21
0.47 20
0.31 20
0.17 18
0.02 19
-0.11 19
-0.25 18
-0.39 17
-0.52 17
-0.63 15
-0.72 16
-0.79 16
-0.86 16
-0.91 16
-0.92 18
-0.89 17
-0.89 17
-0.89 19
-0.79 19
-0.74 19
-0.67 20
-0.56 21
-0.44 21
-0.34 21
-0.24 21
-0.09 22
0.06 22
0.22 23
0.38 23
0.53 23
0.69 23
0.86 23
1.00 23
1.15 23
1.28 24
1.39 24
1.50 24
1.59 24
1.66 24
1.71 24
1.72 24
1.72 24
1.68 25
1.62 25
1.55 25
1.46 25
1.31 24
1.20 24
1.02 21
0.87 21
0.72 19
0.55 20
0.37 19
0.19 18
0.01 17
-0.17 17
-0.35 17
-0.50 17
-0.67 17
-0.82 17
-0.98 17
-1.11 17
-1.23 17
-1.36 17
-1.49 17
-1.58 17
-1.65 17
-1.69 17
-1.73 19
-1.71 19
-1.66 19
-1.58 19
-1.47 19
-1.34 19
-1.20 19
-1.06 19
-0.91 19
-0.73 19
-0.53 19
-0.31 19
-0.09 19
0.14 19
0.38 19
0.61 20
0.83 19
1.03 19
1.20 19
1.35 22
1.47 23
1.56 22
1.61 22
1.63 22
1.65 22
1.63 23
1.56 23
1.50 23
1.43 24
1.30 23
1.20 23
1.06 22
0.92 21
0.75 18
0.58 18
0.43 18
0.29 19
0.14 18
-0.02 18
-0.16 17
-0.29 17
-0.40 17
-0.51 17
-0.62 17
-0.69 16
-0.71 18
-0.75 19
-0.79 19
-0.78 17
-0.77 18
-0.72 19
-0.65 19
-0.56 20
-0.46 20
-0.34 20
-0.19 21
-0.04 21
0.12 22
0.28 22
0.46 23
0.63 23
0.81 23
1.01 24
1.17 23
1.33 24
1.49 24
1.61 23
1.73 23
1.78 23
1.87 23
1.88 24
1.90 24
1.87 25
1.84 26
1.75 26
1.64 25
1.53 25
1.36 24
1.23 23
1.09 21
0.89 20
0.73 21
0.52 19
0.32 19
0.11 18
-0.10 18
-0.29 17
-0.48 18
-0.67 17
-0.84 17
-1.04 17
-1.21 17
-1.37 17
-1.52 17
-1.65 17
-1.80 17
-1.94 18
-2.06 18
-2.15 17
-2.23 18
-2.30 19
-2.33 19
-2.29 20
-2.19 20
-2.05 19
-1.90 19
-1.73 20
-1.55 20
-1.34 20
-1.11 20
-0.85 19
-0.56 19
-0.27 19
0.03 19
0.32 20
0.63 20
0.92 21
1.17 21
1.39 21
1.58 22
1.74 23
1.97 22
2.08 22
2.15 22
2.19 24
2.12 23
2.04 24
1.95 24
1.90 24
1.77 23
1.63 23
1.46 21
1.26 20
1.06 20
0.85 18
0.66 18
0.50 18
0.28 17
0.10 17
-0.05 17
-0.19 17
-0.31 18
-0.44 18
-0.51 17
-0.55 17
-0.55 18
-0.50 18
-0.42 19
-0.30 19
-0.17 20
-0.05 20
0.07 20
0.19 22
0.35 22
0.48 22
0.63 23
0.76 24
0.94 24
1.10 24
1.25 24
1.39 24
1.55 24
1.69 25
1.84 25
1.98 25
2.07 26
2.20 26
2.27 26
2.37 26
2.40 26
2.39 26
2.37 26
2.25 27
2.15 27
1.98 27
1.85 26
1.65 25
1.44 24
1.20 23
0.94 21
0.73 21
0.47 21
0.27 20
0.02 20
-0.17 20
-0.39 20
-0.61 20
-0.82 19
-1.01 19
-1.20 19
-1.38 17
-1.56 19
-1.74 19
-1.90 19
-2.05 19
-2.20 19
-2.33 19
-2.45 19
-2.55 19
-2.63 19
-2.68 20
-2.69 20
-2.62 22
-2.50 22
-2.34 22
-2.16 22
-1.96 23
-1.74 22
-1.51 22
-1.23 22
-0.93 23
-0.60 21
-0.26 21
0.10 22
0.45 23
0.79 23
1.10 23
1.38 23
1.62 24
1.83 24
1.99 24
2.09 25
2.13 25
2.19 25
2.21 26
2.17 25
2.13 25
2.04 25
1.94 25
1.81 25
1.66 25
1.49 25
1.33 23
1.16 23
0.98 22
0.80 21
0.64 21
0.47 21
0.31 20
0.15 21
0.03 20
-0.07 21
-0.14 20
-0.16 21
-0.18 21
-0.15 21
-0.10 22
0.01 22
0.13 22
0.23 23
0.40 23
0.55 24
0.72 24
0.89 24
1.06 25
1.20 25
1.33 26
1.48 26
1.60 26
1.72 26
1.86 27
1.98 27
2.14 27
2.28 28
2.38 27
2.45 28
2.50 28
2.50 28
2.52 28
2.50 28
2.49 28
2.41 28
2.30 28
2.20 28
2.00 28
1.84 27
1.65 27
1.45 26
1.24 25
1.01 24
0.77 24
0.52 23
0.29 23
0.08 23
-0.16 22
-0.39 22
-0.61 22
-0.82 22
-1.01 22
-1.21 22
-1.40 21
-1.58 21
-1.76 21
-1.92 21
-2.08 21
-2.22 21
-2.35 21
-2.47 21
-2.57 21
-2.65 22
-2.69 22
-2.67 22
-2.59 22
-2.43 23
-2.25 23
-2.05 24
-1.82 23
-1.57 23
-1.29 23
-0.98 22
-0.65 23
-0.32 23
0.02 23
0.38 24
0.73 24
1.04 25
1.30 25
1.55 25
1.73 26
1.89 25
2.02 26
2.14 26
2.20 26
2.23 26
2.22 26
2.21 26
2.17 26
2.11 27
2.00 27
1.87 27
1.70 25
1.52 26
1.36 26
1.18 25
0.99 25
0.84 24
0.68 24
0.52 23
0.39 23
0.28 23
0.19 23
0.11 24
0.09 24
0.15 24
0.21 24
0.32 25
0.43 25
0.59 25
0.73 26
0.90 26
1.05 26
1.20 26
1.37 26
1.55 27
1.73 28
1.91 28
2.06 28
2.19 28
2.30 28
2.41 28
2.53 28
2.62 29
2.71 29
2.76 29
2.88 29
2.86 29
2.85 29
2.78 29
2.72 29
2.62 29
2.51 29
2.41 29
2.25 29
2.13 29
1.95 28
1.72 28
1.52 27
1.29 27
1.06 26
0.80 26
0.56 26
0.32 25
0.09 25
-0.13 25
-0.36 25
-0.58 24
-0.79 24
-0.99 24
-1.19 24
-1.38 24
-1.57 24
-1.72 24
-1.89 24
-2.05 24
-2.18 24
-2.32 24
-2.44 24
-2.54 24
-2.62 24
-2.65 24
-2.59 24
-2.46 24
-2.29 25
-2.11 25
-1.91 25
-1.67 24
-1.43 24
-1.14 24
-0.82 24
-0.50 25
-0.19 25
0.13 25
0.47 26
0.80 26
1.06 27
1.31 26
1.50 27
1.69 27
1.79 27
1.90 27
1.97 27
2.03 27
2.06 27
2.08 27
2.03 28
1.97 28
1.91 28
1.77 28
1.66 28
1.53 27
1.38 27
1.22 26
1.05 26
0.90 26
0.74 26
0.60 26
0.48 26
0.33 26
0.23 26
0.19 26
0.16 26
0.21 26
0.27 26
0.38 26
0.42 26
0.55 27
0.62 27
0.72 27
0.86 27
1.04 27
1.24 27
1.36 27
1.49 28
1.63 28
1.77 28
1.93 29
2.09 29
2.21 29
2.35 29
2.46 29
2.59 29
2.66 29
2.72 29
2.79 29
2.88 29
2.91 29
2.87 29
2.81 29
2.74 29
2.65 29
2.50 29
2.31 29
2.14 29
1.99 29
1.81 29
1.61 28
1.41 28
1.17 28
0.91 28
0.68 27
0.45 27
0.22 27
-0.01 27
-0.24 27
-0.45 26
-0.66 26
-0.87 26
-1.07 26
-1.26 26
-1.44 26
-1.61 26
-1.78 26
-1.94 26
-2.08 26
-2.22 26
-2.34 26
-2.44 26
-2.52 26
-2.58 26
-2.58 26
-2.50 26
-2.35 26
-2.16 26
-1.98 26
-1.77 26
-1.55 26
-1.31 26
-1.04 26
-0.75 26
-0.45 26
-0.16 26
0.12 27
0.40 27
0.68 28
0.94 28
1.17 28
1.33 28
1.48 28
1.59 28
1.67 28
1.74 28
1.80 28
1.79 28
1.76 28
1.69 28
1.62 28
1.50 28
1.39 28
1.24 28
1.09 28
0.94 28
0.84 27
0.71 28
0.59 27
0.44 27
0.34 27
0.19 27
0.06 27
-0.01 27
-0.06 27
-0.03 27
-0.03 27
0.08 27
0.20 27
0.23 27
0.36 27
0.53 27
0.64 27
0.81 28
1.02 28
1.13 28
1.31 28
1.36 28
1.58 29
1.81 29
1.99 29
2.05 29
2.05 29
2.21 29
2.27 29
2.39 29
2.51 29
2.70 29
2.62 29
2.54 29
2.51 29
2.39 29
2.16 29
2.05 29
1.94 29
1.89 29
1.97 29
1.73 29
1.46 28
1.26 28
1.01 28
0.79 28
0.57 27
0.35 27
0.12 27
-0.10 27
-0.29 26
-0.49 26
-0.66 26
-0.84 26
-1.03 26
-1.21 26
-1.37 26
-1.54 26
-1.70 25
-1.85 25
-1.99 25
-2.12 25
-2.24 25
-2.33 26
-2.39 26
-2.40 26
-2.36 26
-2.27 26
-2.14 26
-1.99 26
-1.83 27
-1.67 26
-1.48 26
-1.29 27
-1.07 27
-0.83 27
-0.58 27
-0.32 27
-0.07 27
0.17 27
0.40 27
0.63 27
0.84 28
1.02 28
1.18 28
1.29 28
1.39 28
1.47 28
1.50 28
1.54 28
1.60 28
1.61 28
1.58 28
1.53 28
1.43 28
1.35 28
1.23 28
1.11 28
0.97 28
0.84 28
0.71 28
0.58 28
0.49 27
0.39 28
0.31 28
0.23 28
0.17 28
0.15 28
0.17 28
0.21 28
0.23 28
0.28 28
0.32 28
0.48 28
0.52 28
0.66 28
0.79 28
0.85 28
1.02 28
1.13 28
1.29 28
1.41 28
1.54 29
1.68 29
1.79 29
1.88 29
1.99 29
2.10 29
2.15 29
2.25 29
2.32 29
2.37 29
2.39 29
2.33 29
2.31 29
2.24 29
2.18 29
2.10 29
1.98 29
1.83 29
1.64 29
1.51 29
1.33 29
1.16 29
0.96 28
0.76 28
0.55 28
0.37 28
0.17 28
-0.02 27
-0.22 27
-0.41 27
-0.58 27
-0.77 27
-0.94 27
-1.09 27
-1.25 27
-1.39 27
-1.52 27
-1.65 27
-1.78 27
-1.89 27
-2.01 26
-2.09 26
-2.18 26
-2.24 26
-2.24 27
-2.16 27
-2.06 27
-1.94 27
-1.80 27
-1.65 27
-1.50 27
-1.37 27
-1.19 27
-0.99 27
-0.80 27
-0.64 27
-0.45 27
-0.25 27
-0.01 27
0.15 28
0.34 28
0.47 28
0.61 28
0.73 28
0.84 28
0.87 28
0.99 28
0.90 28
0.93 28
0.93 28
0.94 28
0.91 28
0.78 28
0.71 28
0.60 28
0.53 28
0.41 28
0.27 28
0.15 28
0.10 28
0.06 28
0.01 28
-0.05 28
-0.08 27
-0.13 27
-0.15 28
-0.12 27
-0.13 28
-0.07 27
-0.02 28
0.11 28
0.22 28
0.28 28
0.36 28
0.39 28
0.54 28
0.66 28
0.78 28
0.91 28
1.09 28
1.20 29
1.32 29
1.42 29
1.57 29
1.66 29
1.76 29
1.85 29
1.95 29
2.00 29
2.06 29
2.12 29
2.14 29
2.08 29
2.04 29
1.95 29
1.88 29
1.77 29
1.64 29
1.51 29
1.37 29
1.22 29
1.03 29
0.88 29
0.70 28
0.51 28
0.32 28
0.12 28
-0.05 28
-0.24 28
-0.43 28
-0.59 28
-0.75 28
-0.91 28
-1.05 28	