22.8 28.9
22.6 28.9
22.5 28.9
22.4 28.9
22.3 28.9
22.1 28.9
22.0 28.9
22.0 28.9
21.9 28.9
21.8 28.9
21.7 28.9
21.6 28.9
21.5 28.9
21.5 28.9
21.4 28.9
21.4 28.9
21.3 28.8
21.2 28.8
21.2 28.9
21.2 28.9
21.1 28.9
21.1 28.9
21.0 28.9
21.0 28.9
20.9 28.9
20.9 28.9
20.8 28.9
20.8 28.9
20.8 28.9
20.7 28.9
20.7 28.9
20.6 28.9
20.6 28.9
20.6 28.9
20.6 28.9
20.6 28.9
20.6 28.9
20.5 28.9
20.4 28.9
20.4 28.9
20.4 28.8
20.1 28.8
20.1 28.8
20.0 28.8
20.0 28.8
20.0 28.8
21.8 29.1
23.0 28.9
23.2 28.9
23.6 28.9
23.8 28.9
24.0 28.9
24.3 29.0
24.5 29.0
25.0 29.0
24.8 29.0
25.1 29.0
25.1 29.0
25.4 29.0
25.2 29.0
25.4 29.0
25.2 29.0
25.4 29.0
25.4 29.1
25.5 29.1
25.4 29.1
25.5 29.1
25.4 29.1
25.4 29.1
25.4 29.1
25.2 29.1
25.4 29.1
25.1 29.1
25.1 29.1
25.0 29.1
24.8 29.1
24.8 29.1
24.6 29.1
24.3 29.1
24.2 29.1
24.0 29.1
23.8 29.1
23.6 29.1
23.5 29.1
23.4 29.1
23.2 29.1
23.1 29.1
23.0 29.1
22.8 29.1
22.7 29.1
22.6 29.1
22.5 29.1
22.3 29.1
22.2 29.1
22.1 29.1
22.0 29.1
21.9 29.1
21.7 29.1
21.6 28.7
21.5 29.1
21.4 29.0
21.3 29.1
21.3 29.1
21.2 29.1
21.1 29.1
21.0 29.1
21.0 29.1
20.9 29.1
20.9 29.1
20.8 29.1
20.8 29.1
20.7 29.1
20.6 29.1
20.6 29.1
20.6 29.1
20.5 29.1
20.4 29.1
20.3 29.1
20.3 29.1
20.2 29.1
20.2 29.1
20.0 29.1
19.9 29.1
19.8 29.1
19.8 29.1
19.7 29.1
19.6 29.1
19.6 29.1
19.6 29.1
19.6 29.1
19.5 29.1
19.6 29.1
19.6 29.1
19.6 29.1
19.8 29.1
19.9 29.1
20.0 29.1
20.1 29.1
20.2 29.1
20.2 29.1
20.4 29.1
20.4 29.1
20.6 29.1
20.9 29.1
21.0 29.0
21.1 29.0
21.3 29.0
21.7 29.0
23.7 29.2
23.7 29.1
24.1 29.1
24.2 29.1
24.5 29.2
24.6 29.2
24.8 29.2
24.8 29.2
25.0 29.2
25.0 29.2
25.1 29.2
24.9 29.2
25.3 29.2
25.1 29.2
25.2 29.2
25.3 29.2
25.3 29.2
25.1 29.2
25.1 29.2
25.1 29.2
25.1 29.2
24.8 29.2
24.7 29.2
24.4 29.2
24.3 29.2
24.2 29.3
23.8 29.2
23.7 29.2
23.5 29.2
23.3 29.2
23.2 29.2
23.0 29.2
22.7 29.2
22.7 29.2
22.6 29.2
22.5 29.2
22.2 29.2
22.1 29.2
22.0 29.2
21.8 29.2
21.7 29.2
21.5 29.2
21.4 29.2
21.3 29.2
21.2 29.2
21.1 29.2
21.0 29.2
20.9 29.2
20.8 29.2
20.8 29.2
20.7 29.2
20.6 29.2
20.5 29.2
20.4 29.2
20.4 29.2
20.3 29.2
20.2 29.2
20.2 29.2
20.1 29.2
20.1 29.2
20.0 29.2
20.0 29.2
19.9 29.2
19.9 29.2
19.8 29.2
19.8 29.2
19.7 29.2
19.6 29.2
19.6 29.2
19.6 29.2
19.6 29.2
19.5 29.2
19.5 29.2
19.4 29.2
19.4 29.2
19.4 29.2
19.3 29.2
19.3 29.2
19.2 29.2
19.1 29.1
19.0 29.1
19.1 29.2
19.1 29.2
19.0 29.2
19.2 29.2
19.2 29.2
19.3 29.2
19.4 29.2
19.4 29.2
19.4 29.1
19.4 29.1
19.5 29.1
19.6 29.1
19.7 29.2
19.8 29.2
20.0 29.2
20.3 29.2
20.4 29.2
20.6 29.2
21.3 29.2
21.5 29.2
21.8 29.2
22.0 29.2
22.0 29.2
22.3 29.2
22.2 29.2
22.3 29.2
22.4 29.2
22.3 29.2
22.3 29.2
22.3 29.2
22.3 29.2
22.3 29.2
22.2 29.2
22.2 29.2
22.1 29.2
22.0 29.3
22.0 29.3
21.9 29.3
21.7 29.3
21.7 29.3
21.6 29.3
21.5 29.3
21.3 29.3
21.1 29.3
21.2 29.3
21.0 29.3
20.9 29.3
20.9 29.3
20.8 29.3
20.7 29.3
20.6 29.3
20.6 29.3
20.2 29.2
20.2 29.2
20.1 29.2
20.1 29.2
20.0 29.2
19.9 29.2
19.8 29.2
19.8 29.2
19.8 29.2
19.8 29.2
19.7 29.2
19.6 29.2
19.6 29.2
19.6 29.2
19.5 29.2
19.5 29.2
19.4 29.2
19.4 29.2
19.3 29.2
19.3 29.2
19.2 29.2
19.2 29.2
19.2 29.2
19.1 29.2
19.0 29.2
19.0 29.2
18.9 29.2
18.9 29.2
18.8 29.2
18.8 29.2
18.8 29.2
18.7 29.2
18.6 29.2
18.6 29.2
18.6 29.2
18.5 29.2
18.5 29.2
18.5 29.2
18.5 29.2
18.5 29.2
18.5 29.2
18.4 29.3
18.6 29.2
18.6 29.2
18.7 29.2
18.9 29.2
19.1 29.2
19.2 29.2
19.4 29.2
19.3 29.2
19.5 29.2
19.7 29.2
20.2 29.2
20.3 29.1
20.4 29.2
21.2 29.2
22.0 29.2
22.3 29.2
22.5 29.3
22.8 29.3
22.9 29.2
23.2 29.3
23.4 29.3
23.5 29.3
23.6 29.3
23.9 29.3
24.0 29.3
24.2 29.3
24.2 29.3
24.3 29.3
24.6 29.4
24.4 29.4
24.5 29.4
24.5 29.3
24.4 29.3
24.5 29.3
24.6 29.3
24.5 29.4
24.5 29.4
24.4 29.4
24.3 29.4
24.3 29.4
24.1 29.4
24.0 29.4
23.9 29.4
23.8 29.4
23.6 29.4
23.5 29.4
23.2 29.3
23.0 29.4
22.9 29.3
22.8 29.3
22.7 29.4
22.6 29.4
22.4 29.3
22.1 29.3
22.0 29.3
22.0 29.3
21.8 29.3
21.7 29.3
21.5 29.3
21.5 29.3
21.5 29.3
21.4 29.3
21.4 29.3
21.3 29.3
21.3 29.3
21.2 29.3
21.1 29.3
21.0 29.3
21.0 29.3
21.0 29.3
20.9 29.3
20.8 29.3
20.8 29.3
20.7 29.3
20.7 29.3
20.6 29.3
20.5 29.3
20.5 29.3
20.4 29.3
20.4 29.3
20.3 29.3
20.3 29.3
20.2 29.3
20.2 29.3
20.1 29.3
20.0 29.3
20.0 29.3
19.9 29.3
19.9 29.3
19.8 29.3
19.8 29.3
19.9 29.3
19.8 29.3
19.8 29.3
19.8 29.3
19.8 29.3
19.8 29.3
19.9 29.3
20.0 29.3
20.0 29.3
20.0 29.3
20.1 29.3
20.2 29.3
20.3 29.3
20.4 29.3
20.7 29.3
21.1 29.4
21.4 29.4
21.6 29.3
21.6 29.3
22.0 29.4
21.8 29.4
22.2 29.3
23.6 29.4
23.4 29.3
23.0 29.3
23.2 29.4
24.5 29.5
25.2 29.5
25.2 29.4
25.4 29.4
25.4 29.4
25.6 29.5
25.8 29.5
25.8 29.5
25.9 29.5
26.0 29.5
25.9 29.5
26.1 29.5
25.9 29.5
26.0 29.5
25.7 29.5
25.8 29.5
25.6 29.5
25.6 29.5
25.5 29.5
25.2 29.5
25.2 29.5
25.0 29.5
24.9 29.5
24.7 29.5
24.5 29.5
24.4 29.5
24.0 29.4
23.9 29.4
23.8 29.4
23.8 29.5
23.8 29.5
23.7 29.5
23.5 29.5
23.4 29.4
23.4 29.4
23.3 29.4
23.2 29.4
23.1 29.4
23.0 29.4
22.9 29.4
22.8 29.4
22.7 29.4
22.7 29.4
22.6 29.4
22.5 29.4
22.5 29.4
22.4 29.4
22.3 29.4
22.2 29.4
22.0 29.4
22.0 29.4
22.0 29.4
21.9 29.4
21.9 29.4
21.8 29.4
21.7 29.4
21.7 29.4
21.6 29.4
21.6 29.4
21.5 29.4
21.4 29.4
21.4 29.4
21.3 29.4
21.2 29.4
21.2 29.4
21.1 29.4
21.1 29.4
21.0 29.4
20.9 29.4
20.9 29.4
20.9 29.4
20.9 29.4
20.8 29.4
20.8 29.4
20.9 29.4
21.0 29.4
21.1 29.4
21.0 29.4
21.0 29.4
21.0 29.4
20.9 29.4
21.0 29.3
21.0 29.3
21.1 29.4
21.2 29.3
21.1 29.4
21.2 29.4
21.4 29.4
23.4 29.4
24.3 29.5
24.6 29.5
25.2 29.4
25.2 29.4
25.5 29.5
25.6 29.4
25.9 29.5
25.9 29.5
26.0 29.5
26.0 29.5
26.2 29.5
25.9 29.5
26.1 29.5
26.1 29.5
26.3 29.5
26.3 29.6
26.5 29.6
26.0 29.5
26.4 29.6
26.2 29.6
26.3 29.6
26.2 29.6
26.1 29.6
26.0 29.6
26.0 29.6
25.6 29.5
25.7 29.6
25.6 29.6
25.4 29.6
25.2 29.6
25.1 29.6
24.9 29.6
24.8 29.6
24.6 29.5
24.4 29.5
24.3 29.5
24.1 29.5
24.0 29.5
23.7 29.5
23.6 29.5
23.6 29.5
23.5 29.5
23.3 29.5
23.2 29.5
23.1 29.5
23.0 29.4
22.8 29.4
22.7 29.4
22.6 29.4
22.6 29.4
22.5 29.4
22.4 29.4
22.4 29.4
22.4 29.4
22.3 29.4
22.2 29.4
22.2 29.4
22.1 29.4
22.0 29.4
22.0 29.4
21.9 29.4
21.8 29.4
21.8 29.4
21.7 29.4
21.6 29.4
21.5 29.4
21.4 29.4
21.4 29.4
21.3 29.4
21.2 29.4
21.2 29.4
21.1 29.4
21.0 29.4
21.0 29.4
20.9 29.4
20.9 29.4
20.8 29.4
20.8 29.4
20.8 29.4
20.8 29.4
20.8 29.4
20.9 29.4
20.8 29.4
21.0 29.4
21.0 29.4
21.0 29.4
21.2 29.4
21.3 29.4
21.5 29.4
21.8 29.4
22.1 29.4
22.4 29.4
22.5 29.4
23.0 29.4
23.2 29.4
23.6 29.4
23.7 29.4
23.6 29.4
23.4 29.4
23.7 29.4
24.2 29.4
25.7 29.5
26.0 29.5
26.2 29.5
26.5 29.6
26.6 29.5
26.5 29.5
26.5 29.5
26.9 29.6
26.6 29.6
26.5 29.5
26.8 29.6
26.8 29.6
26.8 29.6
26.8 29.6
26.7 29.6
26.5 29.6
26.4 29.6
26.4 29.6
26.3 29.6
26.2 29.6
26.0 29.6
25.9 29.6
25.7 29.6
25.5 29.6
25.4 29.6
25.2 29.6
25.0 29.6
24.8 29.5
24.6 29.5
24.4 29.5
24.3 29.5
24.2 29.5
24.0 29.5
23.9 29.5
23.8 29.5
23.7 29.5
23.6 29.5
23.5 29.5
23.4 29.5
23.2 29.5
23.1 29.5
23.0 29.5
23.0 29.5
22.9 29.5
22.8 29.5
22.7 29.5
22.6 29.5
22.6 29.5
22.5 29.5
22.4 29.5
22.3 29.5
22.1 29.4
22.0 29.4
21.9 29.4
21.8 29.4
21.7 29.4
21.7 29.4
21.6 29.4
21.5 29.4
21.5 29.4
21.5 29.4
21.4 29.4
21.4 29.4
21.4 29.4
21.3 29.4
21.3 29.4
21.3 29.4
21.2 29.4
21.2 29.4
21.2 29.4
21.2 29.4
21.1 29.4
21.1 29.4
21.1 29.4
21.1 29.4
21.2 29.4
21.2 29.4
21.2 29.4
21.2 29.4
21.2 29.4
21.4 29.4
21.6 29.4
21.9 29.4
22.0 29.4
22.1 29.4
22.8 29.4
23.1 29.4
23.4 29.4
23.5 29.4
23.8 29.5
24.2 29.5
24.4 29.4
24.6 29.4
24.8 29.5
25.0 29.5
25.2 29.5
25.4 29.5
25.6 29.5
25.8 29.5
26.0 29.5
26.2 29.5
26.3 29.5
26.4 29.5
26.4 29.5
26.6 29.5
26.7 29.5
26.6 29.6
26.7 29.6
26.6 29.5
26.9 29.6
27.0 29.6
26.8 29.6
26.9 29.6
26.7 29.6
26.8 29.6
26.7 29.6
26.6 29.6
26.5 29.6
26.4 29.6
26.2 29.6
26.0 29.6
25.9 29.6
25.8 29.6
25.6 29.6
25.4 29.6
25.3 29.6
25.2 29.6
25.0 29.6
24.8 29.6
24.7 29.6
24.6 29.6
24.4 29.6
24.3 29.6
24.2 29.5
24.0 29.5
23.9 29.5
23.8 29.5
23.6 29.5
23.5 29.5
23.4 29.5
23.3 29.5
23.2 29.5
23.2 29.5
23.1 29.5
23.0 29.4
22.9 29.4
22.9 29.4
22.9 29.4
22.8 29.4
22.8 29.4
22.7 29.4
22.7 29.5
22.5 29.4
22.5 29.4
22.4 29.4
22.4 29.4
22.3 29.4
22.3 29.4
22.2 29.4
22.2 29.4
22.1 29.5
22.0 29.4
22.0 29.4
22.0 29.4
21.9 29.4
21.8 29.4
21.8 29.4
21.8 29.4
21.8 29.4
21.8 29.4
21.8 29.4
21.8 29.4
21.8 29.4
21.8 29.4
21.9 29.4
22.2 29.5
22.3 29.4
22.5 29.4
22.7 29.4
22.8 29.4
23.2 29.4
23.5 29.4
23.8 29.4
24.0 29.4
24.3 29.4
24.8 29.4
25.1 29.5
25.4 29.5
25.8 29.5
26.0 29.5
26.2 29.5
26.4 29.5
26.8 29.5
26.9 29.5
26.9 29.5
27.2 29.5
27.3 29.6
27.4 29.6
27.5 29.6
27.6 29.6
27.8 29.6
27.8 29.6
28.0 29.6
28.0 29.6
28.0 29.7
28.0 29.6
28.0 29.6
28.0 29.6
27.9 29.6
28.1 29.7
27.8 29.6
27.9 29.7
27.8 29.7
27.7 29.7
27.6 29.7
27.4 29.7
27.2 29.7
27.0 29.7
26.9 29.6
26.7 29.6
26.6 29.6
26.4 29.6
26.3 29.6
26.2 29.6
26.1 29.6
26.0 29.6
25.8 29.6
25.7 29.6
25.6 29.6
25.5 29.6
25.5 29.6
25.4 29.6
25.2 29.6
25.0 29.6
25.0 29.6
24.9 29.6
24.8 29.6
24.7 29.6
24.6 29.6
24.5 29.6
24.4 29.6
24.3 29.6
24.2 29.6
24.2 29.6
24.1 29.6
24.1 29.6
23.9 29.6
23.8 29.6
23.7 29.6
23.7 29.6
23.6 29.6
23.5 29.6
23.4 29.6
23.4 29.6
23.3 29.6
23.2 29.6
23.1 29.6
23.0 29.6
23.0 29.6
22.9 29.6
22.8 29.6
22.8 29.6
22.7 29.5
22.7 29.6
22.6 29.6
22.6 29.6
22.6 29.6
22.6 29.6
22.6 29.6
22.6 29.5
22.6 29.6
22.7 29.6
22.8 29.6
22.9 29.6
23.1 29.6
23.1 29.5
23.4 29.5
23.7 29.5
23.9 29.5
24.2 29.5
24.5 29.5
24.7 29.5
25.1 29.5
25.3 29.5
25.4 29.5
25.7 29.6
26.0 29.6
26.1 29.6
26.3 29.6
26.4 29.6
26.6 29.6
26.8 29.6
27.1 29.6
27.2 29.7
27.4 29.7
27.4 29.7
27.4 29.7
27.6 29.7
27.5 29.7
27.6 29.7
27.6 29.7
27.6 29.7
27.6 29.8
27.5 29.8
27.5 29.8
27.4 29.8
27.4 29.8
27.2 29.8
27.1 29.8
27.0 29.8
26.8 29.8
26.6 29.8
26.4 29.8
26.2 29.8
26.0 29.8
25.8 29.8
25.6 29.8
25.4 29.8
25.2 29.8
25.1 29.8
24.9 29.8
24.8 29.8
24.6 29.8
24.5 29.8
24.4 29.8
24.2 29.8
24.0 29.8
23.9 29.8
23.8 29.8
23.6 29.8
23.5 29.8
23.3 29.8
23.2 29.7
23.1 29.7
22.9 29.7
22.8 29.7
22.8 29.7
22.7 29.7
22.6 29.7
22.6 29.7
22.5 29.7
22.5 29.7
22.4 29.7
22.2 29.7
22.2 29.7
22.2 29.7
22.1 29.7
22.0 29.7
22.0 29.7
21.8 29.7
21.8 29.7
21.8 29.7
21.7 29.7
21.7 29.7
21.6 29.7
21.5 29.7
21.5 29.7
21.5 29.7
21.4 29.7
21.4 29.7
21.3 29.7
21.4 29.7
21.4 29.7
21.4 29.7
21.4 29.7
21.4 29.7
21.4 29.7
21.4 29.7
21.5 29.7
21.6 29.7
22.0 29.7
22.3 29.8
22.6 29.8
22.8 29.8
22.8 29.7
23.0 29.7
23.2 29.7
23.6 29.8
23.5 29.8
23.9 29.8
24.2 29.8
24.0 29.8
24.3 29.8
24.3 29.8
24.5 29.8
24.6 29.8
24.9 29.9
24.8 29.8
24.8 29.8
25.0 29.8
25.1 29.9
25.2 29.9
25.0 29.9
25.2 29.9
25.2 29.9
25.2 29.9
25.2 29.9
25.2 29.9
25.1 29.9
25.1 30.0
24.8 29.9
24.8 29.9
24.7 29.9
24.6 29.9
24.4 29.9
24.3 29.9
24.1 30.0
24.0 29.9
23.8 29.9
23.5 29.9
23.2 29.9
23.0 29.9
22.8 29.9
22.6 29.9
22.6 29.9
22.4 29.9
22.3 29.9
22.2 29.9
22.1 29.9
22.0 29.9
21.8 29.9
21.6 29.9
21.5 29.9
21.4 29.9
21.3 30.0
21.2 29.9
20.9 29.9
20.8 29.9
20.7 29.9
20.6 29.9
20.4 29.9
20.4 29.9
20.4 29.9
20.4 29.9
20.3 29.9
20.2 29.9
20.2 29.9
20.1 29.9
20.1 29.9
20.0 29.9
20.0 29.9
19.9 29.9
19.9 29.9
19.9 29.9
19.8 29.9
19.6 29.9
19.7 29.9
19.7 29.9
19.6 29.9
19.5 29.9
19.5 29.9
19.4 29.9
19.4 29.9
19.3 29.9
19.3 29.9
19.2 29.9
19.2 29.9
19.2 29.9
19.2 29.9
19.1 29.9
19.1 29.9
18.8 29.5
18.9 29.5
18.9 29.5
18.9 29.5
19.0 29.5
19.0 29.5
19.0 29.5
19.1 29.5
19.1 29.6
19.2 29.6
19.2 29.6
19.1 29.6
19.2 29.6
19.4 29.6
20.2 29.6
20.6 29.6
20.6 29.6
21.1 29.6
21.6 29.7
21.3 29.6
21.5 29.7
21.6 29.7
21.7 29.7
22.1 29.7
22.1 29.7
22.2 29.7
22.4 29.7
22.4 29.8
22.5 29.7
22.5 29.8
22.5 29.8
22.5 29.8
22.4 29.8
22.3 29.8
22.3 29.8
22.3 29.8
22.1 29.8
22.0 29.8
21.8 29.8
21.7 29.8
21.7 29.8
21.6 29.8
21.5 29.8
21.4 29.8
21.2 29.8
21.1 29.8
21.0 29.8
20.8 29.8
20.8 29.8
20.7 29.9
20.7 29.8
20.6 29.8
20.5 29.8
20.4 29.8
20.3 29.8
20.2 29.8
20.0 29.8
20.0 29.8
19.8 29.8
19.8 29.8
19.8 29.8
19.7 29.8
19.6 29.8
19.4 29.9
19.4 29.8
19.3 29.9
19.2 29.8
19.1 29.8
19.0 29.8
19.0 29.8
18.9 29.8
18.8 29.8
18.8 29.8
18.7 29.8
18.7 29.8
18.6 29.8
18.5 29.9
18.5 29.8
18.4 29.9
18.3 29.9
18.2 29.8
18.2 29.8
18.1 29.8
18.1 29.9
18.0 29.8
17.8 29.9
17.8 29.8
17.7 29.8
17.7 29.8
17.7 29.8
17.6 29.8
17.6 29.8
17.6 29.8
17.6 29.8
17.6 29.8
17.6 29.8
17.6 29.8
17.7 29.8
18.0 29.8
18.4 29.8
18.5 29.8
18.6 29.8
18.7 29.8
19.1 29.8
19.5 29.8
19.7 29.8
19.9 29.9
20.1 29.8
20.4 29.9
20.6 29.9
20.7 29.9
20.8 29.8
23.0 29.9
23.2 29.9
23.9 29.9
24.1 29.9
24.3 29.9
24.4 29.9
24.5 29.9
24.7 30.0
24.8 29.9
24.9 29.9
25.1 30.0
 29.9	
25.0 30.0
25.2 30.0
25.1 30.0
25.2 30.0
25.1 30.0
25.1 30.0
25.0 30.0
25.1 30.0
25.0 30.1
25.0 30.1
24.9 30.1
24.7 30.1
24.6 30.1
24.4 30.1
24.3 30.0
24.1 30.1
23.9 30.0
23.8 30.0
23.6 30.0
23.4 30.0
23.2 30.0
23.0 30.0
22.8 30.0
22.7 30.0
22.5 30.0
22.4 30.0
22.3 30.0
22.2 30.0
22.1 30.0
22.0 30.0
22.0 30.0
21.9 30.1
21.7 30.0
21.6 30.0
21.4 30.0
21.3 30.0
21.2 30.0
21.1 30.0
21.0 30.0
21.0 30.0
20.9 30.0
20.9 30.0
20.8 30.0
20.8 30.0
20.7 30.0
20.7 30.0
20.6 30.0
20.6 30.0
20.5 30.0
20.5 30.0
20.4 30.0
20.4 30.0
20.3 30.0
20.2 30.0
20.2 30.0
20.1 30.0
20.0 30.0
20.0 30.0
19.9 30.0
19.9 30.0
19.8 30.0
19.9 30.0
19.9 30.0
19.8 30.0
19.8 30.0
19.7 30.0
19.7 30.0
19.8 30.0
19.9 30.0
19.9 30.0
19.9 30.0
19.8 30.0
19.9 30.0
19.8 30.0
19.9 30.0
19.9 30.0
19.9 30.0
19.9 30.0
19.9 30.0
19.9 30.0
20.0 30.0
20.4 30.0
22.2 30.0
22.8 30.0
22.5 30.0
23.7 30.0
24.2 30.0
24.5 30.1
24.7 30.1
24.8 30.1
24.9 30.1
25.1 30.1
25.3 30.1
25.4 30.1
25.5 30.1
25.4 30.1
25.5 30.1
25.6 30.2
25.5 30.1
25.6 30.2
25.5 30.2
25.7 30.2
25.6 30.2
25.6 30.2
25.5 30.2
25.5 30.2
25.4 30.2
25.2 30.2
25.1 30.2
24.9 30.2
24.8 30.2
24.6 30.2
24.4 30.2
24.3 30.2
24.1 30.2
23.9 30.2
23.8 30.2
23.6 30.2
23.5 30.2
23.3 30.2
23.2 30.2
23.0 30.2
22.9 30.2
22.8 30.2
22.7 30.2
22.6 30.2
22.5 30.2
22.4 30.1
22.3 30.2
22.2 30.2
22.1 30.1
22.0 30.1
22.0 30.2
21.9 30.1
21.8 30.1
21.8 30.2
21.7 30.1
21.7 30.1
21.6 30.2
21.6 30.2
21.5 30.1
21.5 30.2
21.4 30.1
21.4 30.2
21.3 30.2
21.3 30.2
21.2 30.1
21.1 30.2
21.1 30.1
21.0 30.1
20.9 30.1
20.8 30.1
20.8 30.1
20.8 30.2
20.7 30.2
20.6 30.2
20.6 30.2
20.5 30.2
20.6 30.1
20.5 30.1
20.5 30.2
20.6 30.2
20.6 30.2
20.6 30.1
20.5 30.2
20.6 30.1
20.6 30.2
20.6 30.2
20.6 30.2
20.7 30.2
20.7 30.2
20.7 30.2
20.7 30.2
20.6 30.2
20.7 30.2
21.4 30.2
22.9 30.2
22.6 30.1
23.4 30.2
24.1 30.2
24.9 30.2
25.1 30.2
25.6 30.2
25.4 30.2
26.0 30.3
25.8 30.2
26.0 30.3
26.1 30.3
26.2 30.3
26.3 30.3
26.4 30.3
26.2 30.3
26.5 30.3
26.5 30.3
26.4 30.3
26.5 30.3
26.7 30.4
26.6 30.3
26.4 30.3
26.4 30.4
26.3 30.3
26.3 30.3
26.2 30.3
26.0 30.3
25.7 30.3
25.6 30.3
25.4 30.3
25.3 30.3
25.1 30.3
24.9 30.3
24.7 30.3
24.4 30.3
24.3 30.3
24.1 30.3
24.0 30.3
23.8 30.3
23.7 30.3
23.5 30.2
23.4 30.2
23.3 30.2
23.1 30.2
23.0 30.2
22.8 30.2
22.7 30.2
22.6 30.1
22.5 30.0
22.5 30.2
22.4 30.2
22.4 30.2
22.3 30.2
22.3 30.2
22.2 30.2
22.1 30.2
22.1 30.2
22.0 30.2
21.9 30.2
21.8 30.2
21.8 30.2
21.7 30.1
21.6 30.2
21.5 30.1
21.4 30.1
21.3 30.1
21.2 30.1
21.2 30.1
21.2 30.2
21.2 30.2
21.1 30.2
21.0 30.1
21.0 30.2
21.0 30.2
20.9 30.1
20.9 30.2
20.8 30.1
20.8 30.2
20.8 30.2
20.8 30.1
20.8 30.2
20.8 30.2
20.9 30.2
20.9 30.2
20.9 30.2
20.9 30.2
20.9 30.2
20.9 30.2
21.0 30.2
20.9 30.2
21.0 30.2
21.6 30.2
22.5 30.2
22.8 30.2
23.2 30.1
23.5 30.2
23.6 30.1
23.9 30.1
24.2 30.2
24.0 30.2
24.5 30.2
24.9 30.2
25.2 30.3
25.4 30.3
25.6 30.3
25.7 30.3
25.8 30.3
25.8 30.4
26.0 30.3
26.3 30.3
26.1 30.3
26.2 30.3
26.3 30.3
26.2 30.3
26.4 30.4
26.3 30.3
26.4 30.4
26.2 30.3
26.2 30.4
26.1 30.3
26.0 30.3
26.0 30.3
25.9 30.3
25.4 30.3
25.0 30.2
25.1 30.3
25.1 30.3
24.9 30.3
24.8 30.3
24.7 30.3
24.4 30.3
24.2 30.3
24.2 30.3
24.0 30.3
23.9 30.3
23.8 30.3
23.7 30.3
23.6 30.3
23.4 30.2
23.2 30.3
23.0 30.2
22.9 30.2
22.8 30.2
22.7 30.2
22.6 30.3
22.6 30.2
22.4 30.2
22.4 30.3
22.2 30.2
22.0 30.2
21.9 30.2
21.7 30.2
21.6 30.2
21.6 30.2
21.4 30.2
21.4 30.1
21.4 30.1
21.3 30.2
21.3 30.2
21.2 30.2
21.2 30.2
21.2 30.2
21.1 30.2
21.1 30.2
21.0 30.2
21.0 30.2
20.9 30.2
20.9 30.2
20.8 30.2
20.8 30.2
20.8 30.2
20.7 30.2
20.7 30.2
20.7 30.2
20.6 30.2
20.6 30.2
20.6 30.2
20.7 30.2
20.6 30.2
20.7 30.2
20.8 30.2
20.7 30.2
20.7 30.2
20.9 30.3
21.1 30.2
21.3 30.2
21.4 30.2
21.6 30.2
21.6 30.2
21.9 30.2
22.4 30.2
22.6 30.2
23.0 30.2
22.9 30.2
23.1 30.2
23.1 30.2
23.2 30.2
23.4 30.2
23.6 30.2
23.6 30.2
23.7 30.2
23.8 30.2
23.9 30.2
23.8 30.2
24.0 30.2
24.0 30.3
24.1 30.2
24.0 30.2
23.9 30.2
24.1 30.3
24.1 30.3
23.9 30.3
24.2 30.3
24.3 30.3
24.2 30.3
24.2 30.2
24.2 30.3
24.1 30.3
23.9 30.3
23.9 30.3
23.8 30.3
23.7 30.3
23.7 30.3
23.6 30.3
23.4 30.3
23.2 30.3
23.2 30.3
23.0 30.3
22.9 30.3
22.8 30.3
22.8 30.3
22.7 30.3
22.6 30.3
22.5 30.3
22.3 30.3
22.2 30.3
22.1 30.2
22.0 30.2
22.0 30.2
21.9 30.3
21.8 30.2
21.8 30.3
21.8 30.2
21.7 30.2
21.6 30.3
21.5 30.3
21.5 30.2
21.4 30.2
21.4 30.3
21.3 30.2
21.2 30.2
21.2 30.2
21.1 30.2
21.1 30.2
21.0 30.2
20.9 30.2
21.0 30.3
20.9 30.3
20.8 30.3
20.7 30.3
20.6 30.2
20.6 30.3
20.6 30.2
20.5 30.3
20.4 30.3
20.4 30.3
20.3 30.3
20.3 30.3
20.3 30.3
20.3 30.3
20.2 30.3
20.2 30.3
20.3 30.3
20.3 30.3
20.3 30.2
20.4 30.2
20.4 30.1
20.5 30.1
20.5 30.2
20.6 30.2
20.8 30.1
21.8 30.1
21.9 30.1
22.0 30.2
22.3 30.2
22.6 30.2
22.8 30.2
23.0 30.2
23.2 30.2
23.3 30.2
23.5 30.2
23.6 30.2
24.0 30.3
24.1 30.2
24.2 30.3
24.2 30.2
24.4 30.3
24.6 30.3
24.7 30.3
24.9 30.3
25.2 30.3
25.1 30.3
25.3 30.3
25.3 30.3
25.4 30.3
25.5 30.3
25.7 30.3
25.9 30.4
25.6 30.3
25.7 30.3
25.7 30.4
25.7 30.3
25.6 30.3
25.5 30.4
25.4 30.3
25.3 30.3
25.2 30.4
25.0 30.4
25.0 30.4
24.9 30.4
24.7 30.4
24.6 30.4
24.4 30.4
24.2 30.4
24.0 30.4
23.9 30.4
23.8 30.4
23.7 30.4
23.6 30.4
23.5 30.4
23.4 30.4
23.3 30.4
23.1 30.4
23.0 30.3
22.8 30.3
22.8 30.3
22.7 30.3
22.6 30.3
22.5 30.3
22.4 30.3
22.3 30.3
22.2 30.3
22.1 30.3
22.0 30.3
21.9 30.3
21.8 30.3
21.7 30.3
21.6 30.3
21.6 30.3
21.5 30.3
21.5 30.3
21.4 30.3
21.3 30.3
21.2 30.3
21.2 30.3
21.1 30.3
21.0 30.3
21.0 30.3
21.0 30.3
20.9 30.3
20.8 30.3
20.8 30.3
20.8 30.3
20.7 30.3
20.6 30.3
20.6 30.3
20.6 30.3
20.6 30.3
20.6 30.3
20.6 30.3
20.6 30.3
20.7 30.3
20.8 30.3
20.8 30.3
21.0 30.3
21.1 30.3
21.3 30.3
21.4 30.3
21.5 30.3
21.8 30.3
22.0 30.3
22.2 30.2
22.4 30.3
22.7 30.3
22.9 30.2
23.1 30.3
23.3 30.3
23.6 30.3
23.8 30.3
23.9 30.3
24.2 30.3
24.5 30.3
24.8 30.4
25.1 30.3
25.2 30.3
25.4 30.4
25.8 30.4
25.6 30.4
26.0 30.4
25.8 30.4
26.0 30.4
26.0 30.4
26.1 30.4
25.9 30.4
26.2 30.4
26.1 30.4
26.0 30.4
25.7 30.4
25.9 30.5
25.6 30.4
25.6 30.4
25.3 30.5
25.2 30.5
25.0 30.4
24.8 30.5
24.5 30.4
24.4 30.4
24.2 30.4
24.0 30.4
23.8 30.4
23.6 30.4
23.3 30.4
23.3 30.5
23.2 30.4
22.9 30.4
22.8 30.4
22.7 30.4
22.6 30.4
22.4 30.4
22.2 30.4
22.1 30.4
22.0 30.4
21.8 30.4
21.8 30.4
21.6 30.4
21.6 30.4
21.5 30.4
21.4 30.4
21.4 30.4
21.3 30.4
21.2 30.4
21.2 30.4
21.1 30.4
21.1 30.4
21.0 30.4
21.0 30.4
20.9 30.4
20.8 30.4
20.7 30.4
20.7 30.4
20.6 30.4
20.6 30.4
20.6 30.4
20.5 30.4
20.4 30.4
20.4 30.4
20.3 30.4
20.3 30.4
20.2 30.4
20.2 30.4
20.2 30.4
20.2 30.4
20.2 30.4
20.2 30.4
20.2 30.4
20.2 30.4
20.1 30.4
20.2 30.4
20.3 30.3
20.4 30.4
20.8 30.4
21.1 30.3
21.4 30.3
21.6 30.3
21.8 30.3
22.0 30.2
22.3 30.2
22.9 30.3
23.4 30.3
23.7 30.3
23.9 30.3
24.2 30.3
24.3 30.4
24.4 30.3
24.8 30.3
25.2 30.3
25.3 30.4
25.6 30.4
25.8 30.4
26.0 30.4
26.0 30.4
26.1 30.4
26.1 30.4
26.3 30.4
26.3 30.3
26.3 30.4
26.4 30.4
26.6 30.4
26.5 30.4
26.6 30.4
26.6 30.4
26.6 30.4
26.6 30.4
26.5 30.4
26.3 30.4
26.3 30.4
26.2 30.4
26.0 30.4
25.8 30.4
25.8 30.5
25.6 30.5
25.4 30.5
25.2 30.4
25.0 30.4
24.8 30.4
24.6 30.4
24.4 30.4
24.2 30.4
24.0 30.4
23.8 30.4
23.6 30.4
23.5 30.4
23.4 30.4
23.3 30.3
23.2 30.4
23.1 30.4
23.0 30.4
22.9 30.4
22.9 30.4
22.8 30.4
22.7 30.4
22.7 30.4
22.6 30.4
22.5 30.4
22.5 30.4
22.4 30.4
22.3 30.4
22.2 30.4
22.1 30.4
22.0 30.4
22.0 30.4
21.9 30.4
21.8 30.4
21.8 30.4
21.7 30.4
21.6 30.4
21.5 30.4
21.4 30.4
21.3 30.3
21.3 30.4
21.2 30.4
21.2 30.4
21.2 30.4
21.1 30.4
21.1 30.4
21.0 30.4
21.0 30.4
21.0 30.4
21.0 30.4
21.0 30.4
21.0 30.4
21.0 30.4
21.0 30.4
21.0 30.4
21.0 30.4
21.0 30.4
21.0 30.4
21.1 30.5
21.1 30.4
21.2 30.4
22.5 30.5
23.1 30.4
23.4 30.4
23.2 30.4
23.7 30.4
23.4 30.4
23.6 30.4
23.9 30.4
24.2 30.4
26.1 30.5
26.6 30.4
26.8 30.5
27.1 30.5
27.3 30.5
27.4 30.6
27.7 30.6
27.5 30.6
27.8 30.6
27.6 30.6
27.8 30.6
27.8 30.6
27.8 30.6
28.0 30.6
27.9 30.6
27.7 30.6
27.8 30.6
27.8 30.7
27.7 30.6
27.7 30.7
27.5 30.7
27.4 30.7
27.3 30.7
27.2 30.7
27.0 30.7
26.8 30.6
26.7 30.7
26.5 30.7
26.3 30.7
26.1 30.7
26.0 30.7
25.8 30.7
25.6 30.7
25.4 30.7
25.2 30.6
25.1 30.7
25.0 30.7
24.9 30.7
24.7 30.7
24.4 30.7
24.2 30.7
24.1 30.7
23.9 30.7
23.8 30.6
23.7 30.6
23.6 30.6
23.4 30.6
23.4 30.6
23.2 30.6
23.2 30.6
23.1 30.7
23.1 30.7
23.0 30.6
22.9 30.6
22.9 30.7
22.8 30.7
22.7 30.7
22.6 30.6
22.5 30.6
22.5 30.7
22.4 30.6
22.2 30.7
22.1 30.6
22.0 30.7
21.9 30.6
21.8 30.7
21.7 30.7
21.6 30.6
21.5 30.6
21.4 30.6
21.3 30.6
21.2 30.6
21.1 30.6
21.1 30.6
21.1 30.6
21.1 30.6
21.1 30.6
21.1 30.6
21.1 30.6
21.0 30.6
21.0 30.6
21.0 30.6
21.1 30.6
20.9 30.6
20.9 30.6
20.9 30.6
20.9 30.5
22.0 30.6
22.3 30.6
22.4 30.6
22.6 30.6
23.0 30.6
23.6 30.7
23.1 	
24.8 31.4
25.4 31.4
25.6 31.5
25.9 31.4
25.9 31.4
26.2 31.4
26.6 31.6
26.8 31.5
26.6 31.5
26.6 31.5
26.9 31.6
26.9 31.6
27.1 31.6
27.1 31.6
27.1 31.6
27.0 31.6
26.9 31.6
27.0 31.6
27.0 31.6
27.0 31.6
26.8 31.6
26.6 31.7
26.6 31.7
26.5 31.7
26.2 31.6
25.9 31.6
25.6 31.6
25.6 31.6
25.3 31.6
25.2 31.6
25.0 31.6
24.6 31.6
24.6 31.6
24.5 31.6
24.1 31.6
23.7 31.5
23.6 31.6
23.5 31.6
23.3 31.6
23.2 31.5
23.0 31.5
22.9 31.5
22.8 31.6
22.7 31.6
22.6 31.6
22.5 31.6
22.4 31.6
22.3 31.6
22.2 31.6
22.0 31.6
21.8 31.5
21.7 31.5
21.5 31.5
21.4 31.5
21.3 31.5
21.3 31.5
21.2 31.6
21.1 31.6
21.0 31.6
20.8 31.6
20.8 31.6
20.7 31.6
20.6 31.6
20.5 31.6
20.5 31.6
20.4 31.6
20.2 31.6
20.2 31.6
20.0 31.5
19.9 31.5
19.9 31.5
19.8 31.5
19.8 31.5
19.7 31.5
19.7 31.5
19.7 31.5
19.7 31.5
19.7 31.5
19.5 31.5
19.7 31.5
19.7 31.5
19.7 31.5
19.6 31.4
19.8 31.4
19.8 31.4
19.8 31.4
20.0 31.4
20.1 31.4
20.3 31.4
20.6 31.4
20.8 31.4
21.2 31.4
21.4 31.4
21.7 31.4
21.9 31.4
22.4 31.4
22.6 31.4
22.6 31.4
22.7 31.4
23.6 31.5
24.2 31.6
24.6 31.5
24.8 31.5
24.8 31.5
25.1 31.5
25.3 31.6
25.7 31.6
25.3 31.6
25.7 31.6
25.9 31.6
26.0 31.7
25.7 31.6
25.8 31.6
25.6 31.6
25.8 31.6
25.9 31.6
25.7 31.6
25.8 31.7
25.6 31.7
25.4 31.6
25.3 31.7
25.1 31.6
25.0 31.7
24.7 31.6
24.6 31.7
24.4 31.7
24.2 31.7
24.1 31.7
23.8 31.6
23.6 31.6
23.5 31.6
23.3 31.6
23.1 31.6
22.9 31.6
22.7 31.6
22.6 31.6
22.4 31.6
22.3 31.6
22.2 31.6
22.0 31.6
21.9 31.6
21.8 31.6
21.7 31.6
21.6 31.6
21.5 31.6
21.4 31.6
21.3 31.6
21.2 31.6
21.1 31.6
21.0 31.6
21.0 31.6
20.9 31.6
20.9 31.6
20.8 31.6
20.8 31.6
20.7 31.6
20.6 31.6
20.6 31.6
20.5 31.6
20.5 31.6
20.4 31.6
20.4 31.6
20.4 31.6
20.4 31.6
20.3 31.6
20.3 31.6
20.2 31.6
20.2 31.6
20.1 31.6
20.1 31.6
20.1 31.6
20.1 31.6
20.0 31.6
20.0 31.6
20.0 31.6
20.0 31.6
20.0 31.6
20.0 31.6
20.0 31.6
20.1 31.6
20.1 31.6
20.0 31.6
20.1 31.6
20.1 31.5
20.1 31.5
20.2 31.5
20.2 31.5
20.3 31.5
20.4 31.5
20.7 31.5
22.8 31.5
23.0 31.5
23.7 31.6
23.8 31.5
23.9 31.5
24.2 31.6
24.5 31.6
24.6 31.6
24.5 31.6
24.7 31.6
24.9 31.6
25.0 31.6
25.0 31.6
25.1 31.6
24.9 31.6
25.2 31.6
25.1 31.7
25.3 31.7
25.1 31.7
25.4 31.7
25.4 31.7
25.3 31.7
24.9 31.7
25.1 31.7
24.9 31.7
24.8 31.7
24.4 31.7
24.5 31.7
24.2 31.7
23.9 31.7
23.9 31.7
23.7 31.7
23.5 31.7
23.4 31.7
23.1 31.7
22.9 31.6
22.7 31.7
22.5 31.7
22.4 31.7
22.3 31.7
22.2 31.7
22.0 31.7
21.9 31.7
21.7 31.7
21.6 31.6
21.4 31.7
21.2 31.7
21.1 31.7
21.0 31.7
20.9 31.6
20.7 31.6
20.6 31.6
20.5 31.6
20.4 31.6
20.3 31.6
20.2 31.6
20.2 31.6
20.0 31.6
19.9 31.6
19.8 31.6
19.7 31.6
19.5 31.6
19.5 31.6
19.4 31.6
19.3 31.6
19.2 31.6
19.2 31.6
19.1 31.6
19.1 31.6
19.0 31.6
19.0 31.6
18.9 31.6
18.9 31.6
18.8 31.6
18.7 31.6
18.6 31.6
18.6 31.6
18.5 31.6
18.6 31.6
18.7 31.6
18.7 31.6
18.7 31.6
18.7 31.6
18.8 31.6
18.9 31.6
19.0 31.6
19.1 31.5
19.3 31.6
19.6 31.5
20.3 31.5
20.5 31.5
20.8 31.5
21.0 31.5
21.2 31.5
21.5 31.5
22.0 31.5
22.2 31.5
22.6 31.6
22.8 31.6
22.9 31.5
23.2 31.6
23.4 31.6
23.7 31.6
23.8 31.7
24.0 31.7
24.0 31.6
24.2 31.7
24.2 31.6
24.4 31.7
24.2 31.6
24.6 31.7
24.5 31.7
24.6 31.7
24.7 31.7
24.6 31.7
24.8 31.7
24.8 31.7
24.8 31.7
24.6 31.8
24.6 31.8
24.6 31.8
24.4 31.7
24.4 31.8
24.3 31.8
24.1 31.7
24.0 31.7
23.9 31.8
23.7 31.8
23.6 31.8
23.4 31.7
23.2 31.8
23.1 31.8
22.9 31.8
22.8 31.8
22.6 31.8
22.4 31.8
22.3 31.8
22.2 31.8
22.0 31.8
21.8 31.8
21.7 31.8
21.6 31.8
21.5 31.8
21.4 31.8
21.2 31.8
21.1 31.8
21.0 31.8
21.0 31.8
20.9 31.8
20.8 31.8
20.7 31.8
20.6 31.8
20.6 31.7
20.5 31.8
20.4 31.7
20.3 31.7
20.2 31.7
20.1 31.7
20.0 31.7
20.0 31.7
19.9 31.7
19.8 31.7
19.8 	
19.8 31.7
19.7 31.7
19.6 31.7
19.5 31.7
19.5 31.7
19.4 31.7
19.4 31.7
19.4 31.7
19.4 31.7
19.4 31.7
19.4 31.7
19.4 31.7
19.3 31.7
19.4 31.7
19.4 31.7
19.4 31.7
19.4 31.7
19.4 31.7
19.4 31.7
19.4 31.7
19.4 31.6
19.4 31.6
19.6 31.6
19.7 31.6
20.0 31.6
20.4 31.6
20.8 31.6
21.1 31.6
21.3 31.6
21.8 31.6
21.7 31.6
22.0 31.6
23.3 31.6
23.8 31.8
23.8 31.7
24.1 31.7
24.5 31.7
25.2 31.8
25.0 31.7
25.2 31.8
25.3 31.8
25.3 31.8
25.6 31.8
25.6 31.8
25.7 31.8
25.8 31.9
25.7 31.8
25.6 31.8
25.3 31.8
25.7 31.9
25.4 31.9
25.6 31.9
25.2 31.9
25.4 31.8
25.0 31.8
25.2 31.9
25.1 31.9
24.8 31.8
24.8 31.9
24.4 31.8
24.4 31.9
24.2 31.9
23.9 31.8
23.9 31.9
23.6 31.9
23.4 31.9
23.3 31.9
23.1 31.8
22.8 31.8
22.8 31.8
22.6 31.8
22.5 31.8
22.4 31.8
22.2 31.8
22.2 31.8
22.1 31.8
22.0 31.8
21.9 31.8
21.9 31.8
21.8 31.8
21.7 31.8
21.7 31.8
21.6 31.8
21.6 31.8
21.6 31.8
21.5 31.8
21.5 31.8
21.4 31.8
21.3 31.8
21.3 31.8
21.2 31.8
21.2 31.8
21.2 31.8
21.1 31.8
21.1 31.8
21.0 31.8
21.0 31.8
20.9 31.8
20.9 31.8
20.8 31.8
20.8 31.8
20.7 31.8
20.7 31.8
20.6 31.8
20.6 31.8
20.5 31.8
20.5 31.8
20.5 31.8
20.5 31.8
20.4 31.8
20.5 31.8
20.5 31.8
20.6 31.8
20.4 31.8
20.4 31.8
20.5 31.8
20.4 31.8
20.4 31.7
20.4 31.7
20.5 31.8
20.6 31.8
20.6 31.8
20.6 31.8
20.6 31.8
20.6 31.7
22.1 31.8
22.7 31.7
23.0 31.7
23.6 31.8
24.1 31.8
24.1 31.8
24.2 31.8
24.6 31.8
24.9 31.9
25.1 31.9
25.2 31.9
25.4 31.9
25.5 31.9
25.6 31.9
25.8 32.0
26.0 32.0
26.0 32.0
26.2 32.0
26.1 32.0
26.4 32.0
26.1 32.0
26.4 32.0
26.4 32.0
26.3 32.0
26.3 32.0
26.1 32.0
26.2 32.0
26.0 32.0
25.8 32.0
25.7 32.0
25.6 32.0
25.5 32.0
25.4 31.9
25.2 32.0
25.0 31.9
24.8 31.9
24.6 31.9
24.5 31.9
24.3 31.9
24.2 31.9
24.0 31.9
23.9 31.9
23.7 31.9
23.6 31.9
23.4 31.9
23.4 31.9
23.2 31.9
23.1 31.9
23.0 31.9
22.9 31.9
22.8 31.9
22.7 31.9
22.6 31.9
22.5 31.9
22.4 31.9
22.4 31.9
22.3 31.9
22.2 31.9
22.1 31.9
22.0 31.9
22.0 31.9
21.9 31.9
21.9 31.9
21.8 31.9
21.7 31.9
21.7 31.9
21.6 31.9
21.6 31.9
21.5 31.9
21.4 31.9
21.4 31.9
21.3 31.9
21.2 31.9
21.2 31.9
21.1 31.9
21.0 31.9
20.9 31.9
20.9 31.9
20.8 31.9
20.8 31.9
20.7 31.9
20.7 31.9
20.6 31.9
20.3 31.6
20.3 31.7
20.1 31.4
20.0 31.3
20.1 31.0
20.2 30.9
20.4 30.8
20.6 30.7
20.6 30.7
21.3 30.6
21.8 30.6
21.7 30.5
21.8 30.4
22.0 30.4
22.1 30.4
22.2 30.4
22.4 30.4
22.6 30.4
22.7 30.4
22.9 30.4
22.9 30.5
23.2 30.5
23.3 30.5
23.4 30.5
23.7 30.6
23.8 30.6
23.8 30.6
24.0 30.6
24.3 30.7
24.5 30.8
24.4 30.7
24.6 30.7
24.5 30.7
24.8 30.7
25.1 30.7
24.9 30.7
24.7 30.6
24.5 30.5
24.5 30.6
24.6 30.6
24.5 30.6
24.4 30.6
24.4 30.6
24.3 30.6
24.1 30.6
24.0 30.6
23.8 30.7
23.7 30.7
23.6 30.7
23.3 30.6
23.2 30.7
23.0 30.6
22.9 30.6
22.7 30.6
22.6 30.6
22.4 30.6
22.2 30.6
22.0 30.6
21.9 30.6
21.9 30.6
21.7 30.6
21.7 30.7
21.4 30.6
21.4 30.6
21.4 31.0
21.3 31.1
21.3 31.1
21.2 31.1
20.7 30.8
20.6 30.8
20.5 30.8
20.4 30.8
20.3 30.8
20.4 30.8
20.3 30.8
20.5 31.0
20.4 30.9
20.9 31.3
21.0 31.4
20.9 31.4
21.0 31.4
21.0 31.5
20.9 31.4
20.9 31.5
20.8 31.5
20.6 31.4
20.3 31.4
20.4 31.4
20.5 31.4
20.5 31.5
20.5 31.4
20.5 31.4
20.4 31.4
20.4 31.4
20.4 31.4
20.4 31.4
20.4 31.4
20.4 31.4
20.4 31.4
20.4 31.4
20.4 31.4
20.5 31.5
20.6 31.4
20.5 31.4
20.5 31.4
20.5 31.5
20.6 31.4
21.1 31.4
20.8 31.4
21.1 31.5
22.0 31.9
23.8 31.5
24.2 31.4
24.5 31.5
24.4 31.5
24.6 31.5
24.7 31.5
24.8 31.5
24.8 31.5
24.7 31.5
25.2 31.0
25.7 30.3
25.6 30.1
25.9 30.0
26.0 30.0
26.1 29.8
25.9 29.7
26.0 29.7
26.0 29.8
26.1 29.8
26.0 29.7
26.0 29.7
25.9 29.7
25.8 29.7
25.6 29.7
25.5 29.8
25.5 29.8
25.4 29.8
25.3 29.8
25.2 29.8
25.0 29.9
24.8 29.9
24.6 29.9
24.4 29.9
24.2 29.9
24.1 30.0
23.9 30.0
23.7 30.0
23.6 30.1
23.5 30.1
23.3 30.1
23.2 30.1
23.2 30.1
23.1 30.2
23.2 30.4
22.8 30.2
22.7 30.2
22.7 30.2
22.5 30.2
22.6 30.3
23.0 30.6
22.8 30.6
22.4 30.4
22.0 30.4
22.4 30.5
22.1 30.4
22.0 30.5
21.7 30.4
21.9 30.5
21.8 30.5
21.8 30.5
21.7 30.5
21.6 30.5
21.5 30.5
21.4 30.5
21.3 30.5
21.2 30.5
21.1 30.5
21.1 30.5
21.1 30.6
21.2 30.6
21.2 30.7
21.2 30.7
21.2 30.7
21.2 30.7
21.2 30.7
21.1 30.7
21.1 30.7
21.1 30.7
21.2 30.7
21.2 30.7
21.3 30.8
21.2 30.8
21.3 30.7
21.3 30.7
21.7 30.7
21.7 30.7
21.7 30.7
21.8 30.7
22.0 30.7
22.9 30.4
23.3 29.1
23.6 28.9
24.0 28.8
24.2 28.8
24.6 28.6
24.9 28.5
25.3 28.2
25.0 28.3
23.3 29.2
23.6 28.9
23.7 28.9
23.9 28.8
24.2 28.7
28.2 28.4
29.4 27.9
29.6 27.6
29.6 27.6
30.0 27.5
29.9 27.7
29.9 27.6
30.0 27.7
30.0 27.8
30.0 27.9
30.0 27.9
29.9 28.0
29.6 28.1
29.6 28.2
29.2 28.2
29.3 28.4
29.2 28.4
29.1 28.4
29.0 28.5
29.0 28.5
28.9 28.5
28.7 28.5
28.6 28.5
28.4 28.5
28.3 28.5
28.0 28.5
27.9 28.5
27.7 28.6
27.5 28.6
27.3 28.6
27.2 28.6
27.1 28.6
27.0 28.7
26.9 28.7
27.0 29.4
26.9 29.3
26.5 28.8
26.3 28.9
26.2 28.9
26.1 28.8
26.1 28.9
26.0 28.9
25.9 28.9
25.7 28.9
25.4 28.8
25.4 28.9
25.4 28.9
25.3 29.0
25.2 29.0
25.2 29.0
25.2 29.1
25.0 29.1
24.9 29.1
24.7 29.1
24.6 29.1
24.8 29.2
24.7 29.2
24.6 29.2
24.7 29.3
24.6 29.3
25.2 29.9
25.2 30.2
25.3 30.3
25.2 30.4
25.0 30.4
24.9 30.5
24.8 30.5
24.8 30.5
24.7 30.5
24.6 30.5
24.4 30.6
24.2 30.7
24.1 30.7
23.9 30.7
23.7 30.6
24.1 30.7
24.3 30.0
24.4 29.5
24.6 29.5
24.7 29.5
24.6 29.5
24.6 29.5
24.8 29.5
26.2 29.6
26.5 29.7
26.7 29.7
27.3 29.7
27.2 29.6
27.6 29.5
27.9 29.4
28.3 29.2
28.6 29.3
28.8 29.4
29.0 29.3
28.7 29.2
28.8 29.2
28.8 29.2
28.9 29.2
29.0 29.1
29.0 29.1
29.0 29.1
29.1 29.1
29.1 29.1
29.0 29.0
28.9 29.0
28.9 29.0
28.8 29.1
28.9 29.1
28.8 29.1
28.8 29.1
28.8 29.1
28.9 29.2
28.9 29.2
28.7 29.2
28.7 29.2
28.6 29.2
28.4 29.2
28.3 29.2
28.2 29.2
28.0 29.2
27.9 29.2
27.8 29.2
27.6 29.2
27.5 29.2
27.3 29.2
27.2 29.2
27.2 29.3
27.1 29.3
27.1 29.4
26.6 29.3
26.7 29.3
26.5 29.3
26.4 29.4
26.1 29.3
25.8 29.3
25.6 29.2