22.28 1870
22.36 1870
22.47 1870
22.60 1870
22.75 1870
22.91 1870
23.09 1870
23.28 1870
23.45 1870
23.64 1870
23.83 1870
24.00 1870
24.18 1870
24.35 1860
24.51 1860
24.67 1860
24.82 1860
24.96 1860
25.09 1850
25.21 1840
25.30 1820
25.37 1800
25.41 1770
25.44 1760
25.43 1760
25.38 1780
25.31 1810
25.20 1840
25.08 1850
24.94 1860
24.79 1860
24.65 1860
24.51 1860
24.38 1860
24.24 1860
24.11 1860
23.99 1860
23.87 1860
23.75 1870
23.65 1870
23.57 1870
23.48 1870
23.41 
23.34 
23.29 
23.26 
23.23 
23.23 
23.23 
23.24 
23.29 
23.36 1850
23.44 1830
23.56 1820
23.68 1820
23.81 1820
23.95 1810
24.08 1780
24.22 1760
24.37 1750
24.51 1740
24.67 1730
24.81 1720
24.95 1710
25.07 1700
25.20 1700
25.31 1690
25.42 1690
25.49 1680
25.56 1670
25.61 1670
25.63 1670
25.62 1670
25.59 1670
25.52 1670
25.43 1680
25.31 1820
25.18 1850
25.02 1860
24.85 1850
24.67 1860
24.50 1860
24.33 1860
24.15 1860
23.98 1860
23.82 1860
23.66 1860
23.50 1860
23.36 1860
23.23 1860
23.11 1860
23.00 1860
22.88 1860
22.78 1860
22.69 1860
22.62 1860
22.57 1860
22.53 1860
22.53 1860
22.56 1860
22.61 1860
22.70 1860
22.82 1860
22.96 1860
23.11 1860
23.27 1860
23.45 1860
23.61 1860
23.78 1860
23.96 1860
24.12 1860
24.30 1860
24.46 1860
24.61 1860
24.76 1850
24.91 1850
25.04 1850
25.16 1840
25.27 1810
25.36 1750
25.42 1710
25.47 1700
25.50 1690
25.50 1690
25.47 1690
25.41 1710
25.32 1770
25.21 1840
25.09 1850
24.96 1850
24.82 1850
24.70 1860
24.58 1860
24.46 1860
24.35 1860
24.25 1860
24.15 1860
24.05 1860
23.96 1860
23.87 1860
23.79 1860
23.71 1860
23.65 1860
23.60 1860
23.56 1860
23.51 1860
23.50 1860
23.49 1860
23.49 1860
23.51 1860
23.55 1860
23.61 1860
23.70 1860
23.79 1860
23.91 1860
24.03 1860
24.14 1860
24.26 1860
24.38 1860
24.50 1860
24.62 1860
24.75 1860
24.87 1850
24.99 1850
25.10 1850
25.21 1830
25.32 1780
25.40 1740
25.48 1710
25.54 1690
25.57 1680
25.58 1680
25.55 1680
25.50 1700
25.43 1720
25.33 1770
25.22 1850
25.09 1850
24.95 1850
24.81 1860
24.67 1860
24.53 1860
24.37 1860
24.22 1860
24.07 1860
23.92 1860
23.79 1860
23.66 1860
23.54 1860
23.42 1860
23.31 1860
23.21 1860
23.11 1860
23.03 1860
22.95 1860
22.90 1860
22.84 1860
22.82 1860
22.81 1860
22.83 1860
22.88 1860
22.95 1860
23.05 1860
23.17 1860
23.31 1860
23.45 1860
23.60 1860
23.75 1860
23.90 1860
24.07 1860
24.23 1860
24.38 1860
24.52 1860
24.66 1860
24.79 1860
24.91 1860
25.02 1850
25.12 1850
25.20 1840
25.27 1820
25.32 1790
25.36 1770
25.35 1770
25.33 1780
25.28 1810
25.22 1830
25.14 1840
25.05 1850
24.95 1850
24.84 1850
24.75 1850
24.63 1860
24.53 1860
24.44 1860
24.34 1860
24.25 1860
24.17 1860
24.08 1860
24.00 1860
23.93 1860
23.84 1860
23.78 1860
23.71 1860
23.66 1860
23.60 1860
23.56 1860
23.53 1860
23.52 1860
23.52 1860
23.54 1860
23.58 1860
23.64 1860
23.69 1860
23.77 1860
23.86 1860
23.95 1860
24.05 1860
24.16 1860
24.27 1860
24.38 1860
24.50 1860
24.60 1860
24.72 1860
24.84 1850
24.94 1850
25.04 1850
25.12 1840
25.18 1830
25.24 1820
25.30 1800
25.35 1780
25.37 1770
25.36 1770
25.33 1780
25.30 1800
25.24 1820
25.17 1830
25.07 1840
24.98 1850
24.87 1850
24.75 1860
24.62 1860
24.49 1860
24.34 1860
24.19 1860
24.06 1860
23.93 1860
23.82 1860
23.71 1860
23.60 1860
23.51 1860
23.42 1860
23.33 1860
23.25 1860
23.19 1860
23.13 1860
23.08 1860
23.08 1860
23.08 1860
23.11 1860
23.17 1860
23.24 1860
23.35 1860
23.45 1860
23.59 1860
23.72 1860
23.86 1860
24.01 1860
24.13 1860
24.27 1860
24.41 1860
24.56 1860
24.68 1860
24.79 1850
24.91 1850
25.01 1850
25.09 1840
25.18 1830
25.27 1810
25.35 1780
25.38 1770
25.41 1760
25.41 1760
25.39 1760
25.35 1780
25.31 1790
25.27 1800
25.19 1820
25.07 1850
24.96 1860
24.88 1860
24.78 1860
24.68 1860
24.58 1860
24.48 1860
24.39 1860
24.29 1860
24.19 1860
24.09 1860
24.01 1860
23.92 1860
23.84 1860
23.77 1860
23.72 1860
23.65 1860
23.63 1860
23.63 1860
23.61 1860
23.60 1860
23.60 1860
23.63 1860
23.68 1860
23.75 1860
23.81 1860
23.89 1860
23.98 1860
24.08 1860
24.19 1860
24.31 1860
24.43 1860
24.55 1860
24.66 1860
24.78 1860
24.89 1860
24.99 1850
25.07 1850
25.16 1840
25.23 1820
25.30 1800
25.34 1780
25.38 1770
25.39 1760
25.41 1760
25.42 1760
25.39 1760
25.34 1780
25.27 1800
25.19 1820
25.09 1840
24.97 1850
24.83 1860
24.71 1860
24.59 1860
24.46 1860
24.33 1860
24.20 1860
24.07 1860
23.93 1860
23.82 1860
23.71 1860
23.61 1860
23.52 1860
23.44 1860
23.37 1860
23.32 1860
23.30 1860
23.27 1860
23.28 1860
23.29 1860
23.32 1860
23.37 1860
23.45 1860
23.54 1860
23.65 1860
23.76 1860
23.89 1860
24.02 1860
24.16 1860
24.29 1860
24.43 1860
24.57 1860
24.69 1860
24.82 1860
24.94 1850
25.05 1850
25.15 1840
25.24 1820
25.33 1790
25.40 1770
25.46 1750
25.49 1740
25.50 1730
25.52 1730
25.52 1730
25.49 1740
25.44 1750
25.39 1760
25.32 1790
25.23 1840
25.13 1850
25.04 1860
24.94 1860
24.84 1860
24.72 1860
24.60 1860
24.49 1860
24.39 1860
24.28 1860
24.18 1860
24.10 1860
24.02 1860
23.95 1860
23.88 1860
23.82 1860
23.77 1860
23.74 1860
23.71 1860
23.70 1860
23.72 1860
23.71 1860
23.75 1860
23.80 1860
23.86 1860
23.94 1860
24.05 1860
24.16 1860
24.27 1860
24.39 1860
24.51 1860
24.62 1860
24.74 1860
24.85 1860
24.97 1860
25.08 1850
25.17 1850
25.26 1820
25.35 1790
25.43 1760
25.49 1740
25.54 1730
25.57 1720
25.61 1710
25.61 1710
25.61 1710
25.59 1710
25.54 1720
25.48 1740
25.39 1770
25.27 1840
25.15 1850
25.01 1860
24.88 1860
24.75 1860
24.64 1860
24.53 1860
24.40 1860
24.28 1860
24.16 1860
24.06 1860
23.96 1860
23.88 1860
23.78 1860
23.69 1860
23.62 1860
23.59 1860
23.55 1860
23.55 1860
23.55 1860
23.57 1860
23.61 1860
23.67 1860
23.75 1860
23.85 1860
23.95 1860
24.07 1860
24.18 1860
24.31 1860
24.46 1860
24.61 1860
24.74 1860
24.87 1860
25.00 1860
25.12 1850
25.22 1840
25.33 1820
25.42 1780
25.51 1750
25.58 1720
25.63 1710
25.67 1700
25.71 1700
25.73 1690
25.73 1690
25.70 1690
25.66 1700
25.61 1710
25.55 1730
25.46 1780
25.36 1840
25.26 1850
25.15 1860
25.05 1860
24.93 1860
24.83 1860
24.71 1860
24.59 1860
24.50 1860
24.40 1860
24.30 1860
24.21 1860
24.13 1860
24.05 1860
23.98 1860
23.93 1860
23.87 1860
23.82 1860
23.79 1860
23.76 1860
23.76 1860
23.77 1860
23.80 1860
23.86 1860
23.95 1860
24.03 1860
24.12 1860
24.21 1860
24.32 1860
24.45 1860
24.55 1860
24.67 1860
24.78 1860
24.89 1860
25.00 1860
25.11 1860
25.21 1860
25.32 1850
25.40 1820
25.49 1780
25.56 1740
25.62 1720
25.64 1720
25.66 1710
25.67 1710
25.66 1710
25.63 1720
25.58 1730
25.50 1760
25.41 1820
25.32 1850
25.20 1850
25.07 1860
24.93 1860
24.81 1860
24.68 1860
24.53 1860
24.39 1860
24.28 1860
24.17 1860
24.07 1860
23.95 1860
23.86 1870
23.80 1860
23.73 1860
23.67 1860
23.62 1860
23.61 1860
23.60 1860
23.62 1860
23.64 1860
23.70 1860
23.77 1860
23.85 1860
23.96 1860
24.08 1860
24.22 1860
24.35 1860
24.48 1860
24.63 1860
24.77 1860
24.90 1860
25.02 1860
25.14 1850
25.26 1850
25.37 1830
25.49 1780
25.58 1740
25.66 1720
25.73 1700
25.79 1690
25.84 1690
25.87 1680
25.87 1680
25.87 1680
25.83 1680
25.78 1690
25.70 1700
25.61 1730
25.51 1850
25.40 1860
25.29 1860
25.17 1860
25.05 1860
24.94 1860
24.81 1860
24.68 1860
24.55 1860
24.43 1860
24.34 1860
24.26 1860
24.16 1860
24.07 1870
24.00 1870
23.92 1870
23.86 1860
23.82 1870
23.79 1860
23.77 1860
23.76 1860
23.77 1870
23.80 1860
23.84 1860
23.91 1860
23.99 1860
24.08 1860
24.19 1860
24.28 1860
24.39 1860
24.50 1860
24.63 1860
24.75 1860
24.87 1860
24.99 1860
25.11 1860
25.22 1860
25.32 1860
25.41 1850
25.49 1840
25.57 1800
25.65 1750
25.70 1720
25.73 1710
25.74 1710
25.73 1710
25.71 1720
25.67 1730
25.61 1770
25.53 1820
25.43 1850
25.32 1850
25.20 1860
25.06 1860
24.92 1860
24.79 1860
24.66 1860
24.51 1860
24.40 1860
24.29 1860
24.18 1860
24.06 1860
23.95 1860
23.86 1860
23.78 1860
23.73 1860
23.67 1860
23.64 1860
23.61 1860
23.60 1860
23.64 1860
23.68 1860
23.76 1860
23.83 1860
23.92 1860
24.05 1860
24.18 1860
24.30 1860
24.44 1860
24.59 1860
24.74 1860
24.88 1860
24.99 1860
25.10 1860
25.23 1860
25.35 1850
25.45 1840
25.54 1810
25.63 1770
25.72 1730
25.80 1710
25.85 1700
25.88 1690
25.88 1690
25.85 1690
25.82 1700
25.76 1710
25.68 1740
25.57 1840
25.44 1850
25.33 1860
25.20 1860
25.08 1860
24.95 1860
24.81 1860
24.68 1860
24.55 1860
24.42 1860
24.31 1860
24.21 1870
24.11 1870
23.99 1870
23.91 1870
23.82 1870
23.74 1870
23.67 1870
23.60 1860
23.57 1860
23.53 1870
23.53 1870
23.54 1870
23.56 1870
23.58 1870
23.66 1870
23.74 1870
23.83 1870
23.96 1870
24.06 1870
24.15 1870
24.28 1870
24.41 1870
24.53 1860
24.66 1860
24.80 1860
24.90 1860
25.02 1860
25.14 1860
25.23 1860
25.32 1860
25.43 1850
25.51 1840
25.58 1820
25.63 1790
25.68 1760
25.72 1740
25.72 1740
25.66 1760
25.60 1800
25.54 1820
25.44 1850
25.32 1860
25.18 1860
25.05 1860
24.96 1860
24.83 1860
24.68 1860
24.52 1860
24.40 1860
24.29 1870
24.18 1860
24.08 1860
23.99 1870
23.91 1860
23.86 1860
23.82 1860
23.77 1860
23.75 1860
23.75 1860
23.74 1860
23.77 1860
23.84 1860
23.89 1860
23.96 1860
24.07 1860
24.18 1860
24.30 1860
24.42 1860
24.55 1860
24.67 1860
24.81 1860
24.95 1860
25.07 1860
25.18 1860
25.28 1860
25.39 1850
25.49 1840
25.59 1810
25.68 1770
25.76 1740
25.82 1720
25.86 1710
25.88 1700
25.90 1700
25.89 1700
25.84 1710
25.76 1730
25.67 1770
25.56 1850
25.43 1860
25.27 1860
25.14 1860
25.02 1860
24.88 1860
24.73 1860
24.57 1870
24.42 1870
24.28 1870
24.16 1870
24.06 1870
23.95 1870
23.84 1870
23.73 1870
23.64 1870
23.54 1870
23.45 1870
23.40 1870
23.34 1870
23.31 1870
23.28 1870
23.30 1870
23.32 1870
23.39 1870
23.48 1870
23.61 1870
23.77 1870
23.93 1870
24.08 1870
24.23 1870
24.38 1870
24.54 1870
24.66 1860
24.78 1860
24.89 1860
25.01 1860
25.13 1860
25.23 1860
25.33 1860
25.43 1850
25.51 1840
25.55 1830
25.60 1820
25.64 1800
25.66 1790
25.68 1780
25.65 1790
25.60 1820
25.53 1840
25.44 1850
25.34 1860
25.26 1860
25.18 1860
25.07 1860
24.92 1860
24.79 1860
24.64 1860
24.51 1860
24.40 1860
24.27 1860
24.16 1870
24.06 1870
23.95 1860
23.88 1870
23.81 1870
23.75 1860
23.69 1860
23.67 1870
23.61 1870
23.58 1870
23.59 1870
23.64 1870
23.72 1870
23.84 1870
23.94 1870
24.06 1870
24.19 1870
24.32 1870
24.45 1860
24.59 1860
24.72 1860
24.86 1860
25.00 1860
25.14 1860
25.26 1860
25.39 1850
25.45 1840
25.50 1840
25.58 1820
25.66 1790
25.71 1770
25.75 1760
25.76 1750
25.73 1760
25.73 1760
25.71 1770
25.63 1800
25.55 1820
25.44 1850
25.31 1860
25.17 1860
25.04 1860
24.89 1860
24.69 1860
24.50 1870
24.32 1870
24.20 1870
24.06 1870
23.94 1870
23.82 1870
23.70 1870
23.63 1870
23.52 1870
23.39 1870
23.30 1870
23.24 1870
23.17 1870
23.10 1870
23.08 1870
23.07 1870
23.09 1870
23.13 1870
23.20 1870
23.30 1870
23.42 1870
23.53 1870
23.67 1870
23.81 1870
23.93 1870
24.06 1870
24.21 1870
24.33 1870
24.47 1870
24.61 1870
24.74 1860
24.86 1860
24.98 1860
25.09 1860
25.17 1860
25.26 1860
25.31 1860
25.37 1850
25.42 1850
25.44 1840
25.43 1840
25.38 1850
25.31 1850
25.25 1850
25.17 1850
25.07 1850
24.96 1860
24.89 1860
24.79 1860
24.66 1860
24.52 1860
24.39 1860
24.26 1860
24.17 1860
24.06 1860
23.94 1860
23.83 1860
23.74 1870
23.65 1870
23.58 1870
23.54 1870
23.47 1870
23.43 1870
23.40 1870
23.39 1870
23.42 1870
23.46 1870
23.52 1870
23.61 1870
23.72 1870
23.83 1870
23.96 1870
24.09 1860
24.22 1860
24.38 1860
24.51 1860
24.66 1860
24.80 1860
24.92 1860
25.02 1860
25.13 1860
25.24 1850
25.32 1850
25.38 1850
25.43 1840
25.45 1840
25.43 1840
25.42 1840
25.42 1840
25.40 1840
25.36 1840
25.27 1850
25.16 1850
25.06 1860
24.98 1860
24.87 1860
24.75 1860
24.61 1860
24.48 1860
24.34 1870
24.19 1870
24.04 1870
23.91 1870
23.78 1870
23.66 1870
23.55 1870
23.45 1870
23.35 1870
23.26 1870
23.17 1870
23.10 1870
23.04 1870
23.00 1870
22.98 1870
22.90 1870
22.94 1870
22.99 1870
23.06 1870
23.10 1870
23.19 1870
23.29 1870
23.41 1870
23.53 1870
23.67 1870
23.82 1870
23.96 1870
24.09 1870
24.24 1870
24.36 1870
24.50 1860
24.64 1860
24.78 1860
24.89 1860
25.00 1860
25.10 1860
25.17 1850
25.22 1850
25.25 1850
25.28 1850
25.28 1850
25.26 1850
25.18 1850
25.10 1850
25.01 1850
24.89 1860
24.76 1860
24.64 1860
24.51 1860
24.36 1860
24.23 1860
24.12 1870
24.02 1870
23.90 1870
23.77 1870
23.67 1870
23.59 1870
23.47 1870
23.38 1870
23.32 1870
23.29 1870
23.27 1870
23.28 1870
23.29 1870
23.32 1870
23.39 1870
23.47 1870
23.57 1870
23.65 1870
23.71 1870
23.82 1870
23.95 1870
24.08 1870
24.21 1870
24.30 1870
24.42 1860
24.57 1860
24.69 1860
24.84 1860
24.93 1860
25.01 1860
25.11 1850
25.21 1850
25.25 1850
25.29 1840
25.32 1840
25.33 1840
25.29 1840
25.24 1840
25.18 1850
25.12 1850
25.06 1850
24.96 1860
24.84 1860
24.75 1860
24.65 1860
24.53 1860
24.42 1860
24.29 1860
24.16 1870
24.00 1870
23.87 1870
23.71 1870
23.61 1870
23.51 1870
23.39 1870
23.28 1870
23.20 1870
23.11 1870
23.03 1870
22.96 1870
22.87 1870
22.84 1870
22.84 1870
22.83 1870
22.87 1870
22.91 1870
22.95 1870
23.03 1870
23.14 1870
23.27 1870
23.41 1870
23.55 1870
23.66 1870
23.80 1870
23.95 1870
24.09 1870
24.24 1870
24.39 1860
24.53 1860
24.66 1860
24.79 1860
24.90 1860
25.00 1860
25.08 1850
25.14 1850
25.19 1850
25.22 1850
25.24 1850
25.22 1850
25.18 1850
25.11 1850
25.02 1850
24.92 1860
24.81 1860
24.67 1860
24.53 1870
24.39 1860
24.26 1860
24.13 1870
24.01 1870
23.89 1870
23.79 1870
23.70 1870
23.60 1870
23.51 1870
23.44 1870
23.38 1870
23.32 1870
23.27 1870
23.26 1870
23.24 1870
23.25 1870
23.28 1870
23.35 1870
23.42 1870
23.51 1870
23.60 1870
23.71 1870
23.85 1870
23.97 1870
24.09 1870
24.21 1870
24.33 1870
24.46 1860
24.58 1860
24.69 1860
24.79 1860
24.89 1860
24.98 1860
25.07 1850
25.14 1850
25.21 1850
25.25 1840
25.27 1840
25.28 1840
25.26 1840
25.20 1840
25.13 1850
25.05 1850
24.94 1860
24.80 1860
24.66 1860
24.52 1860
24.37 1870
24.22 1870
24.07 1870
23.92 1870
23.78 1870
23.62 1870
23.49 1870
23.39 1870
23.28 1870
23.19 1870
23.08 1870
22.97 1870
22.87 1870
22.79 1880
22.74 1880
22.68 1880
22.65 1870
22.63 1870
22.62 1870
22.66 1870
22.73 1870
22.83 1870
22.94 1870
23.06 1870
23.17 1870
23.30 1870
23.43 1870
23.57 1870
23.72 1870
23.86 1870
23.98 1870
24.12 1870
24.26 1870
24.39 1870
24.53 1860
24.64 1860
24.74 1860
24.84 1860
24.94 1860
25.01 1860
25.07 1850
25.10 1850
25.11 1850
25.11 1850
25.10 1850
25.06 1850
24.99 1850
24.90 1850
24.79 1860
24.68 1860
24.56 1860
24.44 1860
24.30 1870
24.17 1870
24.05 1870
23.93 1870
23.81 1870
23.71 1870
23.62 1870
23.54 1870
23.47 1870
23.42 1870
23.38 1870
23.35 1870
23.33 1870
23.31 1870
23.31 1870
23.33 1870
23.34 1870
23.38 1870
23.44 1870
23.50 1870
23.61 1870
23.72 1870
23.84 1870
23.94 1870
24.06 1870
24.19 1870
24.31 1870
24.43 1870
24.55 1860
24.67 1860
24.77 1860
24.87 1860
24.96 1860
25.04 1850
25.10 1850
25.16 1850
25.20 1850
25.21 1840
25.20 1840
25.16 1840
25.11 1850
25.03 1850
24.95 1860
24.83 1860
24.70 1860
24.56 1860
24.42 1870
24.26 1870
24.10 1870
23.94 1870
23.78 1870
23.62 1870
23.48 1870
23.34 1880
23.23 1870
23.12 1870
23.01 1870
22.92 1870
22.83 1870
22.75 1870
22.69 1870
22.64 1870
22.60 1870
22.58 1870
22.59 1870
22.61 1870
22.67 1870
22.73 1870
22.82 1870
22.93 1870
23.05 1870
23.19 1870
23.34 1870
23.49 1870
23.63 1870
23.78 1870
23.91 1870
24.04 1870
24.17 1870
24.31 1870
24.42 1870
24.54 1870
24.64 1860
24.73 1860
24.82 1860
24.89 1860
24.95 1860
25.00 1850
25.02 1850
25.01 1850
24.99 1850
24.94 1850
24.88 1850
24.79 1850
24.69 1860
24.57 1860
24.46 1860
24.33 1870
24.20 1870
24.09 1870
23.97 1870
23.87 1870
23.76 1870
23.67 1870
23.59 1870
23.51 1870
23.45 1870
23.39 1870
23.34 1870
23.31 1870
23.29 1870
23.27 1870
23.27 1870
23.29 1870
23.31 1870
23.35 1870
23.41 1870
23.48 1870
23.56 1870
23.67 1870
23.77 1870
23.87 1870
23.99 1870
24.11 1870
24.22 1870
24.33 1870
24.45 1860
24.56 1860
24.65 1860
24.75 1860
24.83 1860
24.90 1860
24.97 1850
25.04 1850
25.08 1850
25.10 1850
25.09 1850
25.04 1850
24.99 1850
24.93 1850
24.85 1850
24.74 1860
24.62 1860
24.50 1860
24.36 1870
24.21 1870
24.07 1870
23.94 1870
23.80 1870
23.66 1870
23.53 1870
23.42 1870
23.30 1870
23.20 1870
23.11 1870
23.02 1870
22.94 1870
22.87 1870
22.80 1870
22.75 1870
22.72 1870
22.69 1870
22.67 1870
22.67 1870
22.69 1870
22.75 1870
22.84 1870
22.93 1870
23.04 1870
23.16 1870
23.29 1870
23.43 1870
23.58 1870
23.72 1870
23.86 1870
23.99 1870
24.13 1870
24.25 1870
24.38 1870
24.50 1870
24.61 1860
24.70 1860
24.79 1860
24.87 1860
24.94 1860
24.98 1850
25.01 1850
25.02 1850
25.00 1850
24.95 1850
24.90 1850
24.83 1850
24.73 1860
24.62 1860
24.50 1860
24.37 1870
24.25 1870
24.13 1870
24.01 1870
23.90 1870
23.80 1870
23.70 1870
23.61 1870
23.54 1870
23.48 1870
23.42 1870
23.38 1870
23.33 1870
23.29 1870
23.27 1870
23.27 1870
23.26 1870
23.27 1870
23.30 1870
23.35 1870
23.42 1870
23.48 1870
23.55 1870
23.66 1870
23.76 1870
23.87 1870
23.98 1870
24.09 1870
24.19 1870
24.29 1870
24.39 1870
24.49 1870
24.59 1860
24.68 1860
24.76 1860
24.84 1860
24.92 1860
24.97 1850
24.99 1850
25.00 1850
25.01 1850
24.99 1850
24.93 1850
24.86 1850
24.79 1860
24.71 1860
24.60 1860
24.48 1860
24.36 1870
24.23 1870
24.10 1870
23.96 1870
23.83 1870
23.69 1880
23.57 1870
23.46 1880
23.36 1880
23.25 1870
23.16 1880
23.07 1880
22.98 1880
22.91 1880
22.83 1880
22.77 1880
22.72 1880
22.68 1880
22.67 1880
22.66 1880
22.68 1880
22.74 1880
22.81 1880
22.89 1880
22.99 1880
23.10 1880
23.23 1880
23.36 1880
23.51 1880
23.65 1880
23.79 1870
23.92 1870
24.05 1870
24.18 1870
24.31 1870
24.42 1870
24.52 1860
24.63 1860
24.72 1860
24.78 1860
24.85 1860
24.91 1860
24.94 1850
24.96 1850
24.94 1850
24.92 1850
24.87 1850
24.81 1860
24.72 1860
24.60 1860
24.48 1860
24.36 1870
24.24 1870
24.14 1870
24.04 1870
23.94 1870
23.84 1870
23.75 1870
23.67 1870
23.60 1870
23.55 1870
23.48 1870
23.44 1870
23.40 1870
23.38 1870
23.36 1870
23.35 1870
23.34 1870
23.37 1870
23.39 1870
23.44 1870
23.51 1870
23.58 1870
23.67 1870
23.76 1870
23.85 1870
23.95 1870
24.06 1870
24.16 1870
24.24 1870
24.34 1870
24.44 1870
24.55 1870
24.63 1860
24.72 1860
24.80 1860
24.86 1860
24.89 1860
24.93 1850
24.96 1850
24.96 1850
24.94 1850
24.91 1850
24.87 1850
24.81 1860
24.73 1860
24.65 1860
24.54 1860
24.42 1870
24.28 1870
24.15 1870
24.03 1870
23.90 1870
23.78 1870
23.65 1870
23.55 1870
23.45 1870
23.36 1880
23.27 1880
23.19 1880
23.10 1870
23.02 1870
22.95 1870
22.90 1870
22.86 1880
22.81 1880
22.77 1880
22.76 1880
22.76 1880
22.80 1880
22.83 1880
22.89 1880
22.98 1880
23.07 1880
23.17 1880
23.29 1880
23.43 1870
23.55 1870
23.69 1870
23.83 1870
23.97 1870
24.11 1870
24.23 1870
24.35 1870
24.46 1870
24.56 1860
24.65 1860
24.73 1860
24.80 1860
24.87 1860
24.92 1850
24.95 1850
24.94 1850
24.91 1850
24.86 1850
24.81 1860
24.73 1860
24.65 1860
24.57 1860
24.47 1860
24.37 1870
24.26 1870
24.17 1870
24.07 1870
23.97 1870
23.88 1870
23.77 1870
23.68 1870
23.59 1870
23.51 1870
23.45 1870
23.39 1870
23.33 1870
23.29 1870
23.26 1870
23.24 1870
23.24 1870
23.26 1870
23.29 1870
23.33 1870
23.40 1870
23.46 1870
23.55 1870
23.66 1870
23.75 1870
23.83 1870
23.94 1870
24.04 1870
24.15 1870
24.25 1870
24.36 1870
24.46 1870
24.55 1860
24.63 1860
24.72 1860
24.80 1860
24.86 1860
24.90 1850
24.93 1850
24.93 1850
24.93 1850
24.90 1850
24.86 1850
24.80 1860
24.72 1860
24.62 1860
24.55 1860
24.43 1860
24.32 1870
24.19 1870
24.07 1870
23.94 1870
23.83 1870
23.71 1880
23.61 1870
23.52 1870
23.42 1870
23.32 1880
23.23 1880
23.15 1880
23.08 1880
23.02 1870
22.95 1880
22.90 1880
22.85 1870
22.81 1870
22.80 1880
22.78 1880
22.79 1880
22.81 1870
22.86 1880
22.93 1880
23.02 1880
23.13 1880
23.25 1880
23.36 1880
23.47 1880
23.59 1880
23.71 1870
23.85 1870
23.98 1870
24.11 1870
24.23 1870
24.34 1870
24.46 1870
24.57 1860
24.66 1860
24.73 1860
24.79 1860
24.85 1860
24.87 1860
24.88 1850
24.87 1850
24.84 1850
24.80 1860
24.75 1860
24.68 1860
24.59 1860
24.50 1860
24.41 1870
24.32 1870
24.22 1870
24.10 1870
23.98 1870
23.88 1870
23.80 1870
23.71 1870
23.61 1870
23.52 1870
23.44 1880
23.37 1880
23.31 1880
23.26 1880
23.22 1870
23.17 1870
23.15 1870
23.14 1870
23.13 1870
23.16 1880
23.19 1880
23.24 1880
23.30 1880
23.38 1880
23.47 1880
23.58 1880
23.69 1880
23.80 1880
23.92 1870
24.04 1870
24.16 1870
24.28 1870
24.39 1870
24.49 1870
24.58 1860
24.66 1860
24.74 1860
24.79 1860
24.83 1860
24.85 1860
24.85 1860
24.83 1860
24.80 1860
24.76 1860
24.70 1860
24.63 1860
24.55 1860
24.45 1870
24.34 1870
24.22 1870
24.11 1870
23.99 1870
23.87 1870
23.74 1870
23.63 1880
23.50 1880
23.38 1880
23.27 1880
23.18 1880
23.09 1880
23.01 1880
22.93 1880
22.86 1880
22.80 1880
22.75 1880
22.72 1880
22.70 1880
22.69 1880
22.69 1880
22.72 1880
22.75 1880
22.81 1880
22.89 1880
22.97 1880
23.07 1880
23.19 1880
23.32 1880
23.45 1880
23.58 1880
23.72 1880
23.86 1880
23.99 1870
24.11 1870
24.23 1870
24.35 1870
24.46 1870
24.55 1860
24.64 1860
24.72 1860
24.78 1860
24.83 1860
24.86 1860
24.86 1850
24.86 1850
24.82 1860
24.77 1860
24.71 1860
24.62 1860
24.51 1860
24.40 1870
24.30 1870
24.19 1870
24.07 1870
23.95 1870
23.84 1870
23.72 1880
23.61 1880
23.51 1880
23.41 1880
23.31 1880
23.21 1880
23.13 1880
23.06 1880
23.01 1880
22.95 1880
22.91 1880
22.88 1880
22.87 1880
22.88 1880
22.92 1880
22.97 1880
23.05 1880
23.12 1880
23.23 1880
23.33 1880
23.44 1880
23.56 1880
23.68 1880
23.80 1880
23.92 1870
24.03 1870
24.15 1870
24.26 1870
24.36 1870
24.44 1870
24.52 1870
24.58 1860
24.64 1860
24.69 1860
24.73 1860
24.75 1860
24.76 1860
24.73 1860
24.70 1860
24.66 1860
24.61 1860
24.55 1860
24.45 1860
24.34 1870
24.22 1870
24.10 1870
23.98 1870
23.84 1870
23.71 1880
23.58 1880
23.47 1880
23.35 1880
23.25 1880
23.14 1880
23.05 1880
22.97 1880
22.90 1880
22.83 1880
22.77 1880
22.73 1880
22.68 1880
22.65 1880
22.65 1880
22.65 1880
22.68 1880
22.73 1880
22.80 1880
22.90 1880
23.01 1880
23.12 1880
23.24 1880
23.38 1880
23.53 1880
23.67 1880
23.82 1870
23.96 1870
24.09 1870
24.23 1870
24.36 1870
24.47 1860
24.58 1860
24.68 1860
24.78 1860
24.86 1860
24.93 1850
25.00 1850
25.03 1850
25.05 1840
25.04 1840
25.01 1850
24.95 1850
24.88 1850
24.79 1860
24.68 1860
24.55 1870
24.43 1870
24.29 1870
24.15 1870
24.00 1870
23.86 1880
23.72 1880
23.58 1880
23.45 1880
23.32 1880
23.21 1880
23.12 1880
23.03 1880
22.96 1880
22.88 1880
22.83 1880
22.79 1880
22.76 1880
22.75 1880
22.76 1880
22.80 1880
22.85 1880
22.92 1880
23.01 1880
23.13 1880
23.28 1880
23.42 1880
23.56 1880
23.69 1880
23.83 1880
23.97 1880
24.11 1880
24.24 1870
24.36 1870
24.48 1870
24.60 1870
24.68 1870
24.77 1860
24.84 1860
24.91 1860
24.95 1850
24.97 1850
24.99 1850
24.98 1850
24.96 1850
24.91 1850
24.82 1860
24.73 1860
24.64 1870
24.52 1870
24.40 1870
24.27 1870
24.13 1870
24.01 1870
23.89 1880
23.76 1880
23.63 1880
23.50 1880
23.38 1880
23.27 1880
23.17 1880
23.07 1880
22.98 1880
22.92 1880
22.86 1880
22.82 1880
22.79 1880
22.77 1880
22.77 1880
22.80 1880
22.84 1880
22.90 1880
22.97 1880
23.08 1880
23.20 1880
23.32 1880
23.46 1880
23.61 1880
23.76 1880
23.90 1880
24.05 1880
24.19 1870
24.32 1870
24.45 1870
24.57 1870
24.68 1860
24.79 1860
24.90 1860
24.99 1850
25.08 1840
25.15 1840
25.20 1840
25.23 1830
25.24 1830
25.21 1830
25.16 1840
25.10 1840
25.01 1850
24.90 1870
24.77 1870
24.63 1870
24.48 1870
24.31 1880
24.15 1870
23.98 1880
23.81 1880
23.64 1880
23.47 1880
23.33 1880
23.20 1880
23.08 1880
22.97 1880
22.87 1880
22.79 1880
22.71 1880
22.65 1880
22.60 1880
22.57 1880
22.58 1880
22.60 1880
22.65 1880
22.71 1880
22.80 1880
22.91 1880
23.04 1880
23.18 1880
23.33 1880
23.49 1880
23.64 1880
23.79 1880
23.94 1880
24.10 1880
24.24 1880
24.38 1870
24.51 1870
24.64 1870
24.76 1870
24.87 1860
24.98 1860
25.06 1850
25.13 1840
25.18 1840
25.21 1830
25.22 1830
25.20 1830
25.13 1840
25.05 1850
24.96 1860
24.85 1870
24.73 1870
24.60 1870
24.46 1870
24.31 1870
24.17 1870
24.02 1880
23.88 1880
23.75 1880
23.60 1880
23.49 1880
23.39 1880
23.29 1880
23.20 1880
23.11 1880
23.05 1880
22.98 1880
22.94 1880
22.90 1880
22.89 1880
22.89 1880
22.90 1880
22.94 1880
23.02 1880
23.09 1880
23.21 1880
23.34 1880
23.46 1880
23.61 1880
23.76 1880
23.92 1880
24.08 1880
24.25 1870
24.42 1870
24.59 1870
24.72 1870
24.88 1860
25.02 1860
25.16 1840
25.26 1830
25.34 1820
25.42 1810
25.48 1810
25.53 1800
25.56 1790
25.58 1790
25.56 1790
25.49 1800
25.41 1810
25.30 1840
25.16 1860
25.01 1870
24.85 1870
24.67 1870
24.48 1870
24.29 1880
24.11 1880
23.93 1880
23.75 1880
23.59 1880
23.42 1880
23.27 1880
23.13 1880
23.01 1880
22.90 1880
22.78 1880
22.68 1880
22.60 1880
22.55 1880
22.52 1880
22.52 1880
22.55 1880
22.61 1880
22.70 1880
22.81 1880
22.94 1880
23.08 1880
23.25 1880
23.43 1880
23.60 1880
23.77 1880
23.96 1880
24.13 1880
24.29 1880
24.45 1880
24.60 1880
24.76 1870
24.90 1870
25.02 1870
25.13 1860
25.22 1860
25.30 1840
25.36 1830
25.40 1820
25.42 1820
25.42 1820
25.41 1820
25.36 1830
25.29 1840
25.19 1850
25.06 1860
24.93 1870
24.78 1870
24.63 1870
24.47 1870
24.33 1870
24.18 1870
24.03 1880
23.90 1880
23.77 1880
23.65 1880
23.55 1880
23.45 1880
23.34 1880
23.25 1880
23.18 1880
23.12 1880
23.07 1880
23.04 1880
23.02 1880
23.02 1880
23.05 1880
23.09 1880
23.16 1880
23.25 1880
23.35 1880
23.49 1880
23.64 1880
23.78 1880
23.94 1880
24.11 1880
24.28 1880
24.44 1870
24.60 1870
24.76 1870
24.90 1870
25.04 1860
25.18 1860
25.32 1840
25.44 1820
25.54 1800
25.63 1790
25.71 1770
25.77 1760
25.79 1760
25.76 1760
25.71 1770
25.63 1780
25.50 1840
25.35 1870
25.18 1870
24.98 1870
24.79 1880
24.59 1880
24.40 1880
24.20 1880
24.00 1880
23.82 1880
23.66 1880
23.51 1880
23.36 1880
23.21 1880
23.07 1880
22.94 1880
22.82 1880
22.70 1880
22.59 1880
22.52 1880
22.46 1880
22.44 1880
22.43 1880
22.46 1880
22.50 1880
22.58 1880
22.70 1880
22.83 1880
22.98 1880
23.15 1880
23.33 1880
23.51 1880
23.68 1880
23.87 1880
24.06 1880
24.23 1880
24.40 1880
24.56 1880
24.71 1880
24.86 1880
25.00 1870
25.13 1870
25.25 1870
25.34 1860
25.44 1850
25.52 1830
25.57 1810
25.59 1810
25.57 1810
25.52 1820
25.44 1840
25.33 1860
25.21 1870
25.08 1870
24.92 1870
24.76 1870
24.61 1870
24.45 1880
24.30 1870
24.15 1880
23.99 1880
23.85 1880
23.71 1880
23.57 1880
23.44 1880
23.34 1880
23.23 1880
23.14 1880
23.06 1880
22.99 1880
22.93 1880
22.90 1880
22.89 1880
22.90 1880
22.96 1880
23.02 1880
23.13 1880
23.28 1880
23.44 1880
23.61 1880
23.78 1880
23.95 1880
24.15 1880
24.34 1880
24.52 1880
24.71 1870
24.89 1870
25.06 1870
25.24 1860
25.38 1850
25.52 1830
25.64 1800
25.75 1780
25.84 1760
25.89 1750
25.94 1740
25.94 1740
25.89 1750
25.81 1760
25.71 1780
25.61 1860
25.49 1870
25.32 1870
25.14 1870
24.94 1880
24.72 1880
24.51 1880
24.32 1880
24.12 1880
23.92 1880
23.74 1880
23.57 1880
23.37 1880
23.24 1880
23.11 1880
22.95 1880
22.78 1880
22.64 1880
22.52 1880
22.43 1880
22.35 1880
22.33 1880
22.32 1880
22.33 1880
22.39 1880
22.48 1880
22.62 1880
22.80 1880
23.02 1880
23.22 1880
23.44 1880
23.64 1880
23.82 1880
24.02 1880
24.19 1880
24.34 1880
24.49 1880
24.67 1880
24.83 1880
24.98 1870
25.12 1870
25.26 1870
25.38 1860
25.48 1860
25.56 1850
25.60 1840
25.62 1830
25.63 1830
25.60 1830
25.56 1840
25.48 1850
25.37 1860
25.23 1870
25.09 1870
24.94 1870
24.78 1870
24.60 1870
24.43 1880
24.25 1880
24.08 1880
23.94 1880
23.80 1880
23.68 1880
23.58 1880
23.46 1880
23.37 1880
23.30 1880
23.25 1880
23.20 1880
23.14 1880
23.12 1880
23.13 1880
23.15 1880
23.19 1880
23.25 1880
23.35 1880
23.45 1880
23.58 1880
23.74 1880
23.90 1880
24.07 1880
24.25 1880
24.44 1880
24.62 1880
24.81 1870
24.99 1870
25.16 1870
25.32 1860
25.48 1850
25.62 1830
25.75 1800
25.87 1770
25.96 1750
26.04 1740
26.08 1730
26.10 1720
26.08 1720
26.02 1730
25.92 1750
25.79 1850
25.64 1870
25.47 1870
25.29 1880
25.08 1870
24.87 1880
24.64 1880
24.41 1880
24.20 1880
23.99 1880
23.78 1880
23.59 1880
23.43 1880
23.28 1880
23.12 1880
22.97 1890
22.82 1880
22.68 1880
22.54 1880
22.44 1880
22.36 1880
22.31 1880
22.30 1880
22.31 1880
22.36 1880
22.44 1890
22.57 1890
22.72 1880
22.88 1880
23.06 1880
23.24 1880
23.42 1880
23.61 1880
23.78 1880
23.96 1880
24.15 1880
24.33 1880
24.51 1880
24.68 1880
24.84 1880
25.00 1880
25.14 1880
25.26 1870
25.37 1870
25.46 1870
25.53 1860
25.58 1860
25.60 1860
25.60 1860
25.56 1860
25.48 1860
25.38 1860
25.24 1870
25.10 1870
24.95 1870
24.80 1870
24.64 1870
24.47 1880
24.31 1880
24.16 1880
24.02 1880
23.87 1880
23.75 1880
23.63 1880
23.51 1880
23.39 1880
23.29 1880
23.19 1880
23.10 1880
23.03 1880
22.97 1880
22.95 1880
22.94 1880
22.95 1880
22.97 1880
23.04 1880
23.15 1880
23.29 1880
23.45 1880
23.61 1880
23.80 1880
23.98 1880
24.16 1880
24.35 1880
24.53 1880
24.71 1880
24.88 1870
25.07 1870
25.24 1870
25.39 1860
25.53 1860
25.66 1850
25.77 1830
25.86 1800
25.93 1780
25.97 1760
25.98 1760
25.94 1770
25.87 1790
25.77 1820
25.65 1860
25.51 1870
25.35 1870
25.17 1870
24.96 1870
24.75 1870
24.53 1880
24.31 1880
24.10 1880
23.89 1880
23.69 1880
23.51 1890
23.35 1890
23.20 1890
23.04 1880
22.89 1880
22.74 1890
22.60 1890
22.49 1880
22.38 1880
22.31 1880
22.26 1880
22.25 1880
22.28 1880
22.34 1880
22.44 1890
22.57 1890
22.74 1890
22.90 1890
23.11 1880
23.33 1880
23.53 1880
23.72 1880
23.92 1880
24.10 1880
24.29 1880
24.48 1880
24.68 1880
24.84 1880
24.97 1880
25.12 1870
25.25 1870
25.38 1870
25.49 1860
25.59 1860
25.67 1850
25.72 1840
25.73 1830
25.70 1840
25.63 1850
25.54 1860
25.40 1860
25.23 1870
25.05 1870
24.91 1870
24.76 1870
24.60 1870
24.45 1880
24.30 1880
24.16 1880
24.03 1880
23.91 1880
23.78 1880
23.65 1880
23.54 1880
23.44 1880
23.36 1880
23.29 1880
23.23 1880
23.18 1880
23.14 1880
23.15 1880
23.17 1880
23.22 1880
23.33 1880
23.43 1880
23.55 1880
23.68 1880
23.83 1880
24.00 1880
24.17 1880
24.33 1880
24.51 1880
24.69 1880
24.86 1870
25.02 1870
25.16 1870
25.31 1870
25.46 1860
25.60 1850
25.72 1830
25.81 1810
25.89 1800
25.95 1780
25.98 1770
25.99 1770
25.98 1770
25.94 1780
25.87 1800
25.75 1820
25.62 1860
25.47 1870
25.29 1870
25.10 1880
24.88 1880
24.67 1880
24.46 1880
24.26 1880
24.07 1880
23.86 1880
23.64 1880
23.51 1880
23.41 1880
23.28 1890
23.13 1880
22.99 1880
22.87 1880
22.74 1880
22.62 1880
22.55 1880
22.51 1880
22.49 1880
22.50 1880
22.52 1880
22.59 1880
22.69 1880
22.80 1880
22.97 1890
23.15 1880
23.34 1880
23.54 1880
23.74 1880
23.92 1880
24.10 1880
24.27 1880
24.44 1880
24.62 1880
24.78 1880
24.93 1880
25.07 1880
25.21 1880
25.33 1870
25.44 1870
25.54 1860
25.63 1860
25.68 1850
25.72 1840
25.72 1840
25.70 1840
25.64 1850
25.54 1860
25.42 1860
25.30 1870
25.15 1870
24.99 1870
24.82 1870
24.65 1870
24.50 1880
24.35 1880
24.20 1880
24.07 1880
23.93 1880
23.82 1890
23.70 1880
23.59 1880
23.48 1880
23.39 1880
23.31 1880
23.25 1880
23.20 1880
23.17 1880
23.15 1880
23.18 1880
23.23 1880
23.30 1880
23.41 1880
23.53 1880
23.67 1880
23.82 1880
23.98 1880
24.14 1880
24.30 1880
24.45 1880
24.61 1880
24.77 1880
24.92 1880
25.05 1870
25.19 1870
25.32 1870
25.44 1860
25.54 1860
25.64 1850
25.70 1840
25.75 1830
25.77 1830
25.76 1830
25.73 1830
25.68 1840
25.59 1850
25.48 1860
25.33 1870
25.18 1870
25.01 1880
24.85 1880
24.67 1880
24.48 1880
24.28 1880
24.10 1880
23.90 1880
23.73 1880
23.57 1880
23.42 1890
23.30 1890
23.14 1880
22.98 1880
22.85 1880
22.72 1880
22.71 1880
22.73 1880
22.77 1880
22.72 1880
22.71 1880
22.70 1880
22.72 1890
22.84 1880
22.93 1880
23.01 1880
23.14 1880
23.26 1880
23.46 1880
23.65 1880
23.82 1880
23.97 1880
24.14 1880
24.29 1880
24.43 1880
24.57 1880
24.70 1880
24.83 1880
24.96 1870
25.10 1870
25.24 1870
25.34 1870
25.40 1860
25.47 1860
25.51 1860
25.52 1860
25.52 1850
25.48 1860
25.41 1860
25.34 1860
25.24 1870
25.10 1870
24.95 1870
24.81 1880
24.69 1880
24.54 1880
24.41 1880
24.27 1880
24.15 1880
24.04 1880
23.92 1880
23.79 1880
23.67 1880
23.60 1880
23.53 1880
23.46 1880
23.41 1880
23.36 1880
23.32 1880
23.31 1880
23.31 1880
23.34 1880
23.38 1880
23.45 1880
23.54 1880
23.64 1880
23.75 1880
23.90 1880
24.02 1880
24.14 1880
24.28 1880
24.42 1880
24.58 1880
24.73 1880
24.86 1880
24.97 1870
25.09 1870
25.21 1870
25.31 1870
25.39 1860
25.48 1860
25.55 1850
25.60 1850
25.63 1840
25.64 1840
25.61 1840
25.53 1850
25.43 1860
25.31 1870
25.20 1870
25.03 1880
24.87 1880
24.71 1880
24.54 1880
24.35 1880
24.17 1880
23.99 1880
23.81 1880
23.66 1880
23.53 1880
23.40 1880
23.28 1880
23.18 1880
23.08 1880
23.00 1880
22.90 1880
22.82 1880
22.76 1880
22.69 1880
22.64 1880
22.67 1880
22.73 1880
22.81 1880
22.91 1880
23.03 1880
23.17 1880
23.35 1880
23.56 1880
23.70 1880
23.84 1880
24.02 1880
24.18 1880
24.34 1880
24.48 1880
24.63 1880
24.79 1880
24.93 1880
25.05 1870
25.16 1870
25.26 1870
25.34 1870
25.40 1860
25.42 1860
25.43 1860
25.44 1860
25.42 1860
25.35 1860
25.29 1860
25.22 1860
25.12 1870
24.99 1870
24.87 1880
24.75 1880
24.62 1880
24.50 1880
24.38 1880
24.27 1880
24.15 1880
24.03 1880
23.96 1880
23.88 1880
23.77 1880
23.66 1880
23.58 1880
23.52 1880
23.47 1880
23.40 1880
23.37 1880
23.34 1880
23.32 1880
23.31 1880
23.34 1880
23.38 1880
23.44 1880
23.50 1880
23.62 1880
23.74 1880
23.88 1880
23.99 1880
24.11 1880
24.26 1880
24.40 1880
24.53 1880
24.65 1880
24.78 1880
24.90 1880
25.02 1870
25.12 1870
25.21 1870
25.29 1860
25.38 1860
25.44 1860
25.48 1850
25.47 1850
25.45 1850
25.41 1860
25.35 1860
25.27 1860
25.17 1870
25.06 1870
24.94 1870
24.79 1880
24.64 1880
24.49 1880
24.33 1880
24.18 1880
24.04 1880
23.89 1880
23.76 1880
23.62 1880
23.49 1880
23.38 1890
23.28 1890
23.19 1880
23.10 1880