1.2960 0.29
1.2970 0.32
1.2970 0.32
1.2950 0.32
1.2970 0.32
1.2950 0.32
1.2940 0.32
1.2930 0.32
1.2920 0.32
1.3050 0.29
1.3010 0.32
1.3050 0.32
1.3150 0.32
1.3170 0.32
1.3200 0.32
1.3180 0.32
1.3240 0.32
1.3290 0.32
1.3350 0.32
1.3400 0.34
1.3420 0.32
1.3410 0.32
1.3440 0.32
1.3450 0.32
1.3460 0.32
1.3430 0.29
1.3470 0.32
1.3570 0.34
1.3640 0.34
1.3680 0.32
1.3700 0.34
1.3750 0.34
1.3680 0.34
1.3610 0.34
1.3560 0.34
1.3530 0.32
1.3500 0.34
1.3470 0.32
1.3450 0.32
1.3430 0.34
1.3410 0.34
1.3390 0.34
1.3370 0.32
1.3370 0.34
1.3350 0.32
1.3350 0.32
1.3300 0.32
1.3310 0.32
1.3410 0.32
1.3470 0.32
1.3580 0.34
1.3740 0.34
1.3940 0.33
1.4140 0.32
1.4330 0.34
1.4360 0.32
1.4350 0.34
1.4330 0.32
1.4310 0.29
1.4270 0.29
1.4250 0.32
1.4230 0.34
1.4220 0.37
1.4200 0.34
1.4190 0.34
1.4180 0.34
1.4160 0.34
1.4160 0.34
1.4130 0.34
1.4110 0.34
1.4100 0.34
1.4090 0.34
1.4070 0.34
1.4060 0.34
1.4040 0.34
1.4020 0.34
1.4010 0.34
1.4020 0.34
1.3990 0.34
1.3970 0.32
1.3970 0.34
1.3950 0.34
1.3940 0.34
1.3920 0.34
1.3910 0.34
1.3900 0.29
1.3880 0.34
1.3880 0.34
1.3860 0.37
1.3860 0.34
1.3840 0.34
1.3830 0.34
1.3820 0.34
1.3800 0.34
1.3790 0.34
1.3790 0.34
1.3780 0.34
1.3770 0.31
1.3750 0.34
1.3750 0.34
1.3750 0.31
1.3730 0.34
1.3730 0.34
1.3720 0.34
1.3720 0.31
1.3700 0.31
1.3690 0.31
1.3690 0.31
1.3680 0.34
1.3670 0.37
1.3660 0.34
1.3660 0.37
1.3640 0.34
1.3640 0.34
1.3630 0.34
1.3630 0.34
1.3620 0.31
1.3610 0.34
1.3580 0.34
1.3580 0.34
1.3590 0.31
1.3630 0.31
1.3620 0.31
1.3610 0.31
1.3600 0.31
1.3590 0.31
1.3580 0.31
1.3570 0.31
1.3560 0.31
1.3540 0.29
1.3530 0.31
1.3510 0.31
1.3510 0.34
1.3500 0.37
1.3490 0.37
1.3480 0.34
1.3480 0.34
1.3470 0.34
1.3450 0.34
1.3450 0.34
1.3450 0.34
1.3430 0.34
1.3420 0.31
1.3400 0.31
1.3340 0.31
1.3320 0.31
1.3370 0.34
1.3370 0.34
1.3360 0.34
1.3370 0.31
1.3370 0.31
1.3370 0.31
1.3350 0.31
1.3350 0.34
1.3320 0.29
1.3320 0.31
1.3310 0.37
1.3300 0.34
1.3300 0.34
1.3300 0.34
1.3300 0.34
1.3290 0.31
1.3280 0.34
1.3270 0.34
1.3290 0.31
1.3460 0.31
1.3680 0.34
1.4010 0.34
1.5010 0.31
1.5950 0.31
1.6440 0.31
1.6700 0.31
1.6740 0.31
1.6680 0.31
1.6610 0.31
1.6610 0.31
1.6570 0.31
1.6500 0.31
1.6450 0.31
1.6380 0.31
1.6320 0.31
1.6230 0.31
1.6160 0.34
1.6150 0.34
1.6140 0.34
1.6150 0.34
1.6100 0.34
1.6090 0.31
1.6130 0.34
1.6280 0.31
1.6340 0.34
1.6320 0.34
1.6310 0.34
1.6280 0.34
1.6290 0.31
1.6440 0.34
1.6420 0.34
1.6430 0.31
1.6400 0.34
1.6350 0.31
1.6300 0.31
1.6240 0.31
1.6170 0.34
1.6100 0.34
1.6070 0.34
1.6010 0.34
1.5960 0.34
1.5900 0.34
1.5890 0.34
1.5900 0.34
1.5870 0.31
1.5860 0.34
1.5810 0.31
1.5780 0.31
1.5770 0.31
1.5720 0.31
1.5690 0.31
1.5680 0.31
1.5650 0.31
1.5620 0.31
1.5590 0.31
1.5550 0.31
1.5540 0.31
1.5510 0.31
1.5470 0.31
1.5420 0.26
1.5360 0.29
1.5360 0.31
1.5310 0.31
1.5250 0.39
1.5200 0.34
1.5200 0.36
1.5180 0.34
1.5170 0.34
1.5160 0.34
1.5120 0.31
1.5100 0.31
1.5080 0.31
1.5070 0.34
1.5040 0.34
1.5030 0.31
1.5020 0.31
1.4990 0.34
1.4980 0.31
1.4960 0.31
1.4950 0.31
1.4940 0.31
1.4920 0.31
1.4890 0.31
1.4860 0.31
1.4830 0.34
1.4790 0.34
1.4770 0.34
1.4930 0.34
1.5190 0.34
1.5360 0.34
1.5810 0.34
1.6140 0.34
1.6200 0.34
1.6380 0.34
1.6440 0.31
1.6440 0.31
1.6490 0.31
1.6510 0.31
1.6490 0.31
1.6460 0.31
1.6450 0.31
1.6430 0.31
1.6410 0.31
1.6380 0.31
1.6340 0.31
1.6310 0.31
1.6270 0.31
1.6230 0.28
1.6180 0.31
1.6130 0.31
1.6090 0.33
1.6090 0.33
1.6070 0.33
1.6060 0.31
1.6030 0.31
1.6010 0.33
1.5980 0.31
1.5960 0.31
1.5940 0.31
1.5920 0.31
1.5910 0.31
1.5900 0.31
1.5890 0.31
1.5870 0.31
1.5850 0.31
1.5800 0.31
1.5900 0.31
1.5830 0.31
1.5770 0.31
1.5740 0.28
1.5690 0.28
1.5610 0.33
1.5550 0.36
1.5540 0.28
1.5440 0.36
1.5400 0.33
1.5390 0.33
1.5340 0.36
1.5210 0.31
1.5090 0.31
1.4960 0.33
1.4860 0.36
1.4800 0.33
1.4720 0.33
1.4710 0.33
1.4710 0.33
1.4720 0.33
1.4680 0.33
1.4710 0.33
1.4670 0.33
1.4650 0.33
1.4700 0.33
1.4940 0.33
1.5100 0.33
1.5150 0.33
1.5130 0.33
1.5200 0.33
1.5310 0.33
1.5310 0.33
1.5290 0.33
1.5250 0.33
1.5240 0.33
1.5210 0.33
1.5200 0.33
1.5170 0.33
1.5160 0.33
1.5130 0.33
1.5120 0.33
1.5090 0.33
1.5080 0.33
1.5080 0.33
1.5070 0.33
1.5050 0.33
1.5020 0.33
1.5020 0.33
1.5030 0.33
1.5060 0.33
1.5100 0.33
1.5290 0.33
1.5630 0.33
1.6060 0.33
1.6450 0.33
1.6820 0.33
1.6810 0.33
1.6910 0.33
1.7000 0.33
1.7050 0.33
1.7240 0.33
1.7230 0.33
1.7230 0.33
1.7220 0.33
1.7140 0.33
1.7210 0.33
1.7190 0.36
1.7140 0.36
1.7100 0.33
1.7060 0.33
1.7010 0.33
1.6960 0.33
1.6890 0.33
1.6890 0.33
1.6860 0.33
1.6780 0.33
1.6690 0.33
1.6690 0.33
1.6640 0.33
1.6680 0.36
1.6670 0.36
1.6230 0.36
1.6360 0.36
1.6590 0.36
1.6790 0.36
1.6990 0.36
1.7190 0.36
1.7260 0.36
1.7230 0.36
1.7190 0.36
1.7160 0.33
1.7190 0.36
1.7310 0.39
1.7320 0.36
1.7280 0.36
1.7260 0.36
1.7220 0.36
1.7340 0.39
1.7530 0.36
1.7630 0.39
1.7640 0.36
1.7830 0.39
1.7840 0.36
1.7750 0.36
1.7710 0.39
1.7680 0.39
1.7620 0.39
1.7590 0.39
1.7530 0.39
1.7650 0.39
1.7720 0.39
1.7890 0.39
1.7950 0.39
1.7960 0.39
1.8040 0.39
1.8080 0.39
1.8000 0.39
1.7940 0.39
1.7940 0.39
1.7980 0.39
1.8070 0.39
1.8070 0.39
1.8070 0.39
1.8070 0.39
1.7980 0.39
1.7900 0.39
1.7860 0.39
1.7870 0.39
1.7860 0.39
1.7820 0.39
1.7740 0.39
1.7720 0.39
1.7720 0.42
1.7720 0.39
1.7370 0.39
1.7420 0.39
1.7700 0.39
1.7910 0.39
1.8150 0.39
1.8130 0.39
1.8110 0.39
1.8090 0.39
1.8090 0.39
1.8090 0.39
1.8090 0.39
1.8090 0.39
1.8090 0.39
1.8090 0.39
1.8090 0.36
1.7720 0.36
1.7830 0.42
1.7790 0.42
1.7770 0.39
1.7730 0.39
1.7700 0.39
1.7660 0.39
1.7620 0.42
1.7590 0.39
1.7560 0.39
1.7540 0.36
1.7520 0.39
1.7470 0.39
1.7420 0.39
1.7380 0.39
1.7350 0.39
1.7320 0.39
1.7280 0.39
1.7250 0.39
1.7310 0.39
1.7300 0.36
1.7240 0.38
1.7200 0.38
1.7120 0.38
1.7080 0.38
1.7110 0.38
1.7200 0.38
1.7410 0.42
1.7800 0.38
1.7940 0.38
1.7920 0.38
1.7880 0.38
1.7870 0.38
1.7800 0.38
1.7760 0.38
1.7750 0.38
1.7720 0.38
1.7720 0.42
1.7680 0.38
1.7620 0.38
1.7600 0.38
1.7560 0.38
1.7510 0.38
1.7460 0.38
1.7470 0.38
1.7390 0.38
1.7340 0.38
1.7260 0.41
1.7230 0.41
1.7260 0.41
1.7300 0.38
1.7310 0.41
1.7310 0.41
1.7290 0.41
1.7270 0.41
1.7240 0.38
1.7230 0.38
1.7210 0.38
1.7200 0.38
1.7200 0.38
1.7170 0.38
1.7150 0.38
1.7140 0.38
1.7120 0.38
1.7100 0.38
1.7100 0.38
1.7030 0.35
1.7010 0.33
1.6990 0.35
1.6990 0.35
1.6970 0.38
1.6950 0.48
1.6910 0.45
1.6900 0.41
1.6870 0.41
1.6870 0.41
1.6880 0.38
1.6860 0.38
1.6840 0.38
1.6840 0.38
1.6820 0.38
1.6810 0.38
1.6800 0.38
1.6780 0.38
1.6760 0.38
1.6740 0.38
1.6720 0.38
1.6690 0.38
1.6680 0.38
1.6660 0.38
1.6630 0.35
1.6600 0.33
1.6560 0.35
1.6550 0.38
1.6520 0.41
1.6460 0.45
1.6430 0.45
1.6370 0.41
1.6350 0.41
1.6340 0.41
1.6310 0.38
1.6300 0.38
1.6290 0.38
1.6270 0.38
1.6270 0.38
1.6260 0.38
1.6250 0.38
1.6240 0.38
1.6220 0.38
1.6210 0.38
1.6200 0.38
1.6190 0.38
1.6200 0.38
1.6180 0.35
1.6170 0.38
1.6150 0.32
1.6130 0.41
1.6110 0.35
1.6090 0.35
1.6070 0.44
1.6060 0.38
1.6050 0.41
1.6050 0.38
1.6020 0.38
1.6020 0.38
1.6000 0.38
1.5990 0.38
1.5980 0.38
1.5970 0.38
1.5960 0.38
1.5950 0.38
1.5950 0.38
1.5930 0.38
1.5920 0.38
1.5910 0.38
1.5910 0.38
1.5900 0.38
1.5890 0.38
1.5880 0.35
1.5870 0.35
1.5870 0.38
1.5850 0.35
1.5840 0.32
1.5810 0.41
1.5790 0.41
1.5800 0.41
1.5790 0.38
1.5780 0.38
1.5780 0.38
1.5770 0.38
1.5750 0.38
1.5750 0.38
1.5760 0.38
1.5700 0.38
1.5670 0.35
1.5690 0.35
1.5690 0.38
1.5700 0.35
1.5690 0.35
1.5680 0.35
1.5680 0.35
1.5660 0.35
1.5570 0.32
1.5600 0.30
1.5610 0.32
1.5580 0.41
1.5600 0.32
1.5620 0.41
1.5620 0.38
1.5600 0.38
1.5600 0.38
1.5630 0.35
1.5630 0.38
1.5640 0.35
1.5610 0.35
1.5610 0.35
1.5600 0.35
1.5590 0.35
1.5600 0.35
1.5580 0.35
1.5570 0.35
1.5570 0.32
1.5580 0.35
1.5550 0.35
1.5550 0.35
1.5550 0.35
1.5500 0.32
1.5500 0.30
1.5480 0.32
1.5470 0.35
1.5420 0.38
1.5400 0.44
1.5370 0.44
1.5390 0.38
1.5400 0.38
1.5410 0.38
1.5420 0.35
1.5410 0.38
1.5400 0.35
1.5390 0.35
1.5380 0.35
1.5370 0.35
1.5370 0.35
1.5350 0.35
1.5350 0.35
1.5350 0.35
1.5340 0.35
1.5350 0.32
1.5330 0.35
1.5330 0.32
1.5280 0.30
1.5260 0.27
1.5260 0.30
1.5250 0.35
1.5220 0.35
1.5220 0.38
1.5170 0.41
1.5140 0.38
1.5160 0.38
1.5170 0.38
1.5180 0.35
1.5180 0.35
1.5190 0.35
1.5200 0.32
1.5180 0.35
1.5130 0.32
1.5130 0.35
1.5110 0.32
1.5100 0.32
1.5110 0.32
1.5110 0.32
1.5100 0.32
1.5100 0.32
1.5010 0.38
1.5030 0.35
1.5020 0.38
1.4980 0.41
1.4920 0.38
1.4930 0.35
1.4940 0.35
1.4920 0.35
1.4920 0.35
1.4890 0.32
1.4890 0.32
1.4900 0.32
1.4900 0.35
1.4880 0.32
1.4890 0.32
1.4870 0.32
1.4890 0.32
1.4890 0.32
1.4890 0.32
1.4870 0.32
1.4770 0.35
1.4760 0.32
1.4740 0.35
1.4670 0.38
1.4640 0.35
1.4630 0.35
1.4670 0.35
1.4690 0.32
1.4680 0.32
1.4650 0.32
1.4640 0.32
1.4650 0.32
1.4640 0.32
1.4630 0.32
1.4620 0.35
1.4640 0.35
1.4620 0.35
1.4600 0.32
1.4560 0.35
1.4560 0.40
1.4540 0.35
1.4550 0.35
1.4620 0.32
1.4710 0.32
1.4710 0.32
1.4730 0.32
1.4970 0.32
1.5010 0.32
1.5020 0.32
1.5010 0.32
1.4990 0.32
1.5100 0.32
1.5420 0.32
1.5750 0.32
1.5830 0.32
1.5890 0.32
1.5900 0.32
1.6010 0.32
1.6010 0.32
1.6000 0.32
1.6070 0.32
1.6130 0.32
1.6140 0.32
1.6160 0.32
1.6150 0.32
1.6170 0.34
1.6330 0.34
1.6440 0.32
1.6590 0.34
1.6690 0.32
1.6780 0.34
1.6800 0.32
1.6800 0.32
1.6750 0.32
1.6500 0.32
1.6680 0.32
1.6970 0.32
1.6960 0.32
1.6960 0.32
1.6940 0.32
1.6910 0.32
1.6870 0.34
1.6820 0.32
1.6730 0.32
1.6690 0.32
1.6620 0.32
1.6390 0.32
1.6210 0.34
1.6100 0.34
1.6120 0.34
1.6120 0.34
1.6100 0.34
1.6070 0.34
1.6050 0.32
1.6070 0.32
1.6010 0.34
1.6420 0.32
1.6520 0.34
1.6730 0.32
1.6900 0.32
1.6960 0.32
1.6970 0.32
1.7010 0.34
1.6960 0.32
1.6900 0.34
1.6840 0.32
1.6850 0.32
1.6820 0.32
1.6750 0.37
1.6720 0.37
1.6770 0.32
1.6810 0.34
1.6780 0.37
1.6750 0.34
1.6750 0.34
1.6740 0.34
1.6730 0.34
1.6720 0.34
1.6790 0.34
1.7050 0.34
1.7050 0.34
1.7040 0.34
1.7030 0.34
1.7000 0.34
1.6970 0.34
1.6960 0.34
1.7050 0.34
1.7090 0.34
1.7050 0.32
1.7040 0.34
1.7100 0.37
1.7180 0.34
1.7180 0.34
1.7170 0.34
1.7140 0.34
1.7100 0.34
1.7100 0.37
1.7090 0.37
1.7070 0.34
1.7050 0.34
1.7120 0.34
1.7120 0.34
1.7100 0.34
1.7100 0.34
1.7070 0.37
1.7160 0.37
1.7160 0.37
1.7140 0.34
1.7140 0.34
1.7130 0.34
1.7090 0.34
1.7060 0.34
1.7060 0.34
1.7030 0.34
1.6990 0.34
1.6880 0.34
1.6710 0.34
1.6580 0.47
1.6530 0.40
1.6550 0.37
1.6540 0.40
1.6530 0.37
1.6530 0.34
1.6510 0.34
1.6510 0.34
1.6520 0.34
1.6520 0.34
1.6460 0.34
1.6450 0.34
1.6430 0.34
1.6230 0.34
1.6200 0.34
1.6140 0.43
1.6100 0.37
1.6140 0.37
1.6150 0.37
1.6160 0.37
1.6150 0.34
1.6140 0.34
1.6090 0.34
1.6030 0.34
1.5960 0.34
1.5960 0.34
1.6000 0.34
1.6020 0.34
1.6020 0.34
1.6010 0.37
1.6020 0.31
1.5990 0.29
1.5980 0.26
1.5960 0.31
1.5940 0.34
1.5910 0.37
1.5830 0.34
1.5810 0.40
1.5770 0.37
1.5750 0.34
1.5760 0.37
1.5760 0.34
1.5730 0.34
1.5730 0.34
1.5720 0.31
1.5720 0.34
1.5720 0.34
1.5700 0.34
1.5700 0.31
1.5700 0.34
1.5680 0.34
1.5680 0.34
1.5670 0.34
1.5670 0.34
1.5660 0.34
1.5650 0.29
1.5640 0.31
1.5640 0.34
1.5630 0.34
1.5610 0.37
1.5580 0.34
1.5540 0.37
1.5540 0.37
1.5530 0.34
1.5520 0.34
1.5500 0.34
1.5490 0.34
1.5500 0.34
1.5490 0.34
1.5480 0.34
1.5480 0.34
1.5470 0.34
1.5470 0.31
1.5470 0.34
1.5450 0.34
1.5460 0.34
1.5460 0.34
1.5460 0.31
1.5430 0.31
1.5410 0.26
1.5400 0.24
1.5400 0.34
1.5390 0.26
1.5390 0.37
1.5390 0.34
1.5300 0.40
1.5320 0.34
1.5370 0.34
1.5370 0.34
1.5360 0.34
1.5360 0.31
1.5350 0.34
1.5350 0.31
1.5350 0.31
1.5340 0.31
1.5340 0.31
1.5350 0.31
1.5340 0.34
1.5330 0.31
1.5330 0.31
1.5320 0.31
1.5330 0.31
1.5310 0.31
1.5320 0.29
1.5310 0.29
1.5310 0.34
1.5300 0.26
1.5280 0.31
1.5250 0.34
1.5190 0.34
1.5180 0.34
1.5170 0.34
1.5170 0.34
1.5190 0.31
1.5160 0.31
1.5180 0.31
1.5170 0.31
1.5180 0.31
1.5190 0.31
1.5150 0.31
1.5170 0.31
1.5180 0.28
1.5170 0.28
1.5170 0.28
1.5160 0.28
1.5530 0.31
1.6210 0.31
1.6490 0.31
1.6640 0.31
1.6780 0.28
1.6800 0.26
1.6800 0.31
1.6800 0.34
1.6800 0.31
1.6570 0.31
1.6340 0.31
1.6590 0.34
1.6760 0.31
1.6760 0.31
1.6760 0.28
1.6750 0.31
1.6790 0.31
1.6780 0.31
1.6780 0.31
1.6780 0.31
1.6770 0.31
1.6760 0.31
1.6750 0.31
1.6740 0.31
1.6730 0.28
1.6710 0.28
1.6690 0.28
1.6690 0.28
1.6670 0.28
1.6600 0.24
1.6610 0.33
1.6610 0.31
1.6630 0.31
1.6590 0.31
1.6610 0.33
1.6690 0.33
1.6690 0.31
1.6700 0.31
1.6690 0.31
1.6680 0.31
1.6670 0.31
1.6670 0.31
1.6670 0.31
1.6640 0.31
1.6650 0.31
1.6700 0.31
1.6750 0.31
1.6940 0.31
1.6940 0.28
1.6860 0.31
1.6880 0.26
1.6870 0.28
1.6880 0.28
1.6880 0.26
1.6810 0.31
1.6720 0.33
1.6630 0.39
1.6690 0.33
1.6660 0.33
1.6640 0.31
1.6630 0.33
1.6610 0.31
1.6600 0.31
1.6590 0.31
1.6580 0.31
1.6580 0.33
1.6570 0.28
1.6510 0.28
1.6460 0.31
1.6440 0.31
1.6430 0.28
1.6430 0.31
1.6420 0.31
1.6410 0.31
1.6390 0.31
1.6380 0.31
1.6360 0.28
1.6350 0.33
1.6320 0.36
1.6310 0.33
1.6310 0.33
1.6310 0.31
1.6290 0.31
1.6270 0.31
1.6270 0.33
1.6190 0.33
1.6150 0.28
1.6120 0.31
1.6180 0.33
1.6150 0.31
1.6160 0.33
1.6140 0.31
1.6150 0.31
1.6140 0.31
1.6150 0.31
1.6150 0.31
1.6140 0.28
1.6140 0.28
1.6140 0.31
1.6140 0.31
1.6120 0.28
1.6110 0.33
1.6080 0.31
1.6100 0.31
1.6090 0.31
1.6100 0.33
1.6440 0.33
1.6880 0.33
1.7000 0.31
1.7110 0.31
1.7260 0.31
1.7560 0.31
1.7720 0.31
1.8110 0.31
1.8370 0.31
1.8440 0.31
1.8570 0.31
1.8720 0.31
1.8670 0.31
1.8650 0.31
1.8660 0.31
1.8750 0.28
1.9010 0.28
1.8950 0.31
1.9000 0.28
1.8920 0.31
1.8900 0.31
1.8740 0.33
1.9260 0.33
1.9330 0.33
1.9360 0.33
1.9370 0.33
1.9320 0.33
1.9290 0.33
1.9240 0.33
1.9180 0.30
1.9120 0.30
1.9070 0.30
1.9020 0.33
1.8990 0.30
1.8970 0.33
1.8910 0.30
1.8880 0.30
1.8860 0.30
1.8830 0.30
1.8780 0.30
1.8730 0.26
1.8670 0.28
1.8630 0.33
1.8570 0.26
1.8510 0.39
1.8450 0.39
1.8360 0.33
1.8300 0.33
1.8270 0.36
1.8230 0.33
1.8210 0.33
1.8180 0.33
1.8150 0.33
1.8130 0.33
1.8100 0.30
1.8190 0.33
1.8380 0.30
1.8450 0.33
1.8420 0.33
1.8390 0.30
1.8380 0.30
1.8350 0.30
1.8310 0.30
1.8280 0.30
1.8270 0.26
1.8240 0.28
1.8200 0.30
1.8180 0.28
1.8120 0.28
1.8000 0.39
1.7840 0.39
1.7810 0.36
1.7810 0.36
1.7800 0.36
1.7790 0.36
1.7780 0.33
1.7760 0.33
1.7740 0.30
1.7740 0.30
1.7720 0.30
1.7710 0.33
1.7690 0.33
1.7680 0.30
1.7670 0.30
1.7730 0.33
1.7770 0.33
1.7750 0.33
1.7720 0.30
1.7610 0.30
1.7730 0.30
1.7740 0.33
1.7720 0.30
1.7690 0.30
1.7670 0.33
1.7660 0.33
1.7670 0.33
1.7790 0.33
1.7810 0.33
1.7800 0.33
1.7770 0.33
1.7730 0.33
1.7640 0.33
1.7710 0.33
1.7800 0.33
1.7800 0.33
1.7660 0.33
1.7520 0.33
1.7520 0.33
1.7680 0.33
1.7690 0.33
1.7680 0.30
1.7740 0.30
1.7720 0.28
1.7720 0.30
1.7690 0.21
1.7620 0.28
1.7550 0.36
1.7520 0.36
1.7480 0.42
1.7440 0.38
1.7410 0.36
1.7400 0.36
1.7390 0.33
1.7370 0.33
1.7350 0.33
1.7340 0.33
1.7340 0.33
1.7330 0.33
1.7300 0.33
1.7270 0.33
1.7340 0.33
1.7330 0.33
1.7330 0.33
1.7320 0.33
1.7320 0.33
1.7310 0.30
1.7300 0.30
1.7290 0.33
1.7260 0.30
1.7200 0.23
1.7100 0.28
1.6990 0.35
1.6850 0.38
1.6850 0.35
1.6830 0.35
1.6810 0.33
1.6800 0.33
1.6770 0.33
1.6750 0.33
1.6740 0.33
1.6730 0.33
1.6720 0.33
1.6710 0.33
1.6690 0.33
1.6690 0.33
1.6690 0.33
1.6690 0.33
1.6680 0.33
1.6670 0.33
1.6650 0.33
1.6640 0.30
1.6620 0.28
1.6600 0.33
1.6540 0.30
1.6420 0.33
1.6330 0.33
1.6240 0.41
1.6200 0.38
1.6190 0.35
1.6160 0.35
1.6170 0.35
1.6180 0.35
1.6180 0.33
1.6150 0.33
1.6130 0.33
1.6140 0.33
1.6160 0.33
1.6110 0.33
1.6090 0.33
1.6090 0.33
1.6070 0.33
1.6080 0.33
1.6080 0.33
1.6020 0.30
1.6010 0.28
1.6010 0.25
1.6000 0.33
1.5980 0.35
1.5900 0.35
1.5780 0.38
1.5710 0.45
1.5630 0.38
1.5620 0.35
1.5630 0.35
1.5640 0.35
1.5660 0.33
1.5690 0.35
1.5650 0.33
1.5630 0.33
1.5630 0.33
1.5610 0.35
1.5590 0.35
1.5620 0.33
1.5630 0.33
1.5630 0.33
1.5640 0.33
1.5640 0.33
1.5650 0.33
1.5630 0.33
1.5590 0.30
1.5520 0.35
1.5550 0.33
1.5560 0.35
1.5540 0.35
1.5420 0.35
1.5380 0.38
1.5380 0.35
1.5370 0.35
1.5380 0.35
1.5390 0.35
1.5380 0.35
1.5380 0.36
1.5380 0.33
1.5370 0.33
1.5370 0.33
1.5370 0.36
1.5380 0.33
1.5370 0.33
1.5370 0.33
1.5370 0.36
1.5360 0.36
1.5350 0.33
1.5340 0.33
1.5340 0.30
1.5330 0.39
1.5350 0.33
1.5320 0.36
1.5320 0.36
1.5320 0.36
1.5300 0.36
1.5290 0.36
1.5290 0.36
1.5330 0.33
1.5630 0.33
1.5900 0.33
1.6130 0.33
1.6300 0.33
1.6430 0.33
1.6540 0.33
1.6620 0.33
1.6750 0.33
1.6870 0.33
1.6940 0.33
1.7010 0.33
1.7020 0.33
1.6980 0.33
1.6920 0.33
1.6890 0.33
1.6800 0.30
1.6690 0.33
1.6540 0.39
1.6440 0.33
1.6500 0.33
1.6520 0.36
1.6490 0.33
1.6440 0.33
1.6440 0.33
1.6440 0.33
1.6440 0.33
1.6470 0.33
1.6900 0.33
1.7180 0.33
1.7150 0.33
1.7310 0.33
1.7480 0.33
1.7440 0.33
1.7420 0.33
1.7480 0.33
1.7600 0.33
1.7580 0.33
1.7580 0.33
1.7630 0.36
1.7610 0.33
1.7550 0.33
1.7360 0.36
1.7210 0.42
1.7140 0.36
1.7110 0.36
1.7080 0.36
1.7170 0.36
1.7240 0.36
1.7230 0.33
1.7210 0.36
1.7200 0.36
1.7180 0.33
1.7180 0.36
1.7170 0.33
1.7170 0.33
1.7160 0.36
1.7150 0.33
1.7140 0.36
1.7090 0.33
1.7070 0.33
1.7060 0.33
1.7050 0.36
1.7030 0.33
1.7010 0.33
1.7000 0.36
1.6990 0.36
1.6970 0.36
1.6900 0.36
1.6870 0.33
1.6850 0.36
1.6830 0.36
1.6810 0.36
1.6810 0.33
1.6790 0.36
1.6820 0.36