0.8 1.00
5.1 0.98
4.4 0.96
2.4 0.96
4.6 0.96
3.7 0.94
6.3 0.93
5.2 0.94
2.0 0.93
5.2 0.92
1.4 0.92
1.5 0.92
0.9 0.92
1.2 0.92
1.7 0.91
1.9 0.91
1.6 0.91
3.4 0.91
1.0 0.90
1.5 0.90
1.0 0.90
2.1 0.90
1.0 0.90
3.3 0.89
0.6 0.90
2.0 0.90
0.3 0.88
1.8 0.88
0.7 0.89
0.2 0.89
1.1 0.88
0.6 0.89
1.0 0.89
0.6 0.88
0.6 0.89
1.4 0.89
1.2 0.89
1.5 0.88
3.7 0.89
1.8 0.88
0.3 0.89
0.4 0.89
1.0 0.89
0.8 0.89
1.7 0.89
0.8 0.89
1.4 0.89
2.7 0.88
3.5 0.88
1.4 0.89
0.5 0.88
2.1 0.88
0.4 0.88
0.6 0.88
0.5 0.87
0.7 0.88
0.2 0.88
0.8 0.88
3.3 0.88
0.2 0.88
0.8 0.87
1.4 0.87
0.8 0.88
2.7 0.88
7.5 0.88
2.2 0.87
1.9 0.87
2.5 0.87
0.6 0.87
1.0 0.87
3.1 0.87
1.7 0.87
1.3 0.88
0.4 0.87
1.1 0.88
1.2 0.87
1.1 0.87
1.1 0.87
0.7 0.87
2.0 0.87
0.8 0.87
0.3 0.87
1.7 0.86
3.0 0.87
1.9 0.86
2.1 0.86
3.6 0.86
2.6 0.86
4.1 0.86
0.8 0.87
1.9 0.85
0.8 0.86
0.4 0.86
0.6 0.86
1.8 0.85
0.4 0.85
1.3 0.86
1.3 0.85
0.5 0.86
1.3 0.86
0.3 0.86
1.3 0.86
0.3 0.85
0.9 0.85
0.7 0.86
1.2 0.86
2.6 0.86
1.1 0.85
1.9 0.85
3.3 0.85
3.7 0.87
3.1 0.86
7.6 0.86
2.5 0.85
4.8 0.85
0.8 0.85
3.2 0.85
0.6 0.85
1.6 0.85
1.9 0.84
3.5 0.85
1.1 0.85
2.5 0.85
2.7 0.85
1.4 0.85
1.9 0.85
3.4 0.85
4.3 0.85
0.7 0.94
2.3 0.93
1.0 0.97
0.7 1.02
0.8 1.03
1.8 1.07
1.5 1.13
1.0 1.24
0.9 1.32
2.6 1.42
1.9 1.48
1.6 1.53
1.4 1.50
2.1 1.48
1.1 1.46
1.4 1.46
1.3 1.48
1.7 1.52
0.2 1.62
0.5 1.73
1.5 1.78
3.3 1.83
1.5 1.86
4.6 1.93
1.7 2.14
1.1 2.33
0.5 2.28
3.5 2.23
3.5 2.15
2.7 2.12
4.4 2.04
1.3 1.99
2.9 1.93
2.8 1.88
4.2 1.83
2.5 1.76
3.9 1.74
7.7 1.71
5.6 1.69
6.7 1.64
5.9 1.62
3.9 1.60
3.4 1.57
7.4 1.56
1.5 1.53
1.2 1.51
1.8 1.49
0.4 1.47
2.7 1.46
1.8 1.45
7.8 1.43
7.9 1.42
1.9 1.42
7.0 1.39
4.5 1.36
5.7 1.37
3.3 1.36
1.6 1.36
5.2 1.34
1.1 1.32
3.6 1.33
3.2 1.33
2.4 1.31
4.7 1.29
5.1 1.27
4.3 1.27
0.7 1.26
1.5 1.27
0.8 1.25
0.9 1.24
0.7 1.24
0.7 1.24
1.9 1.25
2.1 1.21
0.8 1.23
3.1 1.22
2.6 1.21
1.1 1.21
2.6 1.21
1.2 1.19
0.8 1.19
0.5 1.19
4.8 1.19
1.4 1.18
1.1 1.17
1.9 1.19
0.6 1.15
1.3 1.17
0.8 1.16
0.6 1.17
1.3 1.16
0.7 1.15
0.5 1.16
1.1 1.14
0.9 1.15
0.3 1.14
0.9 1.14
2.0 1.13
3.7 1.13
1.3 1.13
2.8 1.13
1.5 1.12
5.8 1.13
1.3 1.13
2.3 1.13
4.2 1.13
1.7 1.12
2.1 1.13
1.6 1.16
1.0 1.16
2.5 1.17
0.9 1.15
1.8 1.16
1.0 1.15
1.0 1.16
3.4 1.14
1.1 1.14
2.0 1.12
1.5 1.11
2.1 1.11
2.9 1.10
1.4 1.09
4.5 1.09
4.3 1.10
2.4 1.10
3.0 1.08
4.1 1.09
4.3 1.09
7.3 1.10
5.2 1.08
5.2 1.07
1.9 1.06
2.1 1.06
3.2 1.07
1.1 1.06
4.7 1.06
2.4 1.07
4.5 1.08
5.4 1.06
5.6 1.05
1.7 1.05
1.4 1.06
2.5 1.05
3.6 1.04
1.7 1.05
6.3 1.04
3.4 1.05
2.4 1.04
4.7 1.04
3.6 1.03
5.2 1.04
6.0 1.04
5.8 1.04
4.9 1.03
8.7 1.03
7.6 1.03
2.0 1.03
1.3 1.04
3.3 1.03
6.8 1.03
2.0 1.01
1.1 1.01
1.4 1.02
1.1 1.01
1.4 1.02
1.0 1.01
0.6 1.01
1.5 1.01
0.7 1.01
1.8 1.01
1.1 1.00
1.8 1.01
3.1 1.00
1.0 1.01
1.9 1.01
3.3 1.01
4.4 0.99
3.0 1.01
3.1 1.00
2.6 1.00
1.7 1.01
0.5 0.99
1.0 1.00
1.1 1.01
1.4 0.99
1.1 1.00
2.4 0.99
1.7 1.01
1.7 1.00
2.9 1.00
1.8 1.00
1.1 1.00
3.1 1.00
2.4 1.00
1.1 0.99
6.4 0.99
4.7 0.99
6.2 1.00
4.2 0.99
4.2 0.99
2.5 0.99
3.5 0.99
5.7 0.99
2.3 0.99
1.1 0.99
1.2 0.98
0.4 0.99
1.7 0.98
1.1 0.98
2.2 0.97
4.0 0.98
4.2 0.98
0.7 0.98
2.4 0.98
6.7 0.98
3.7 0.97
2.6 0.97
9.8 0.98
3.9 1.01
6.8 1.00
8.7 0.97
9.8 0.96
7.3 0.96
8.7 0.97
6.1 0.94
1.2 0.95
8.8 0.93
2.8 0.92
4.0 0.93
2.2 0.93
0.9 0.94
3.8 0.94
3.4 0.94
1.9 0.95
1.7 0.94
3.1 0.95
0.8 0.95
1.6 0.95
2.3 0.96
1.9 0.95
2.7 0.94
4.2 0.94
8.0 0.94
6.5 0.93
3.1 0.94
5.9 0.95
2.3 0.94
7.7 0.94
5.1 0.94
2.5 0.93
7.3 0.93
5.6 0.93
2.5 0.93
1.4 0.93
2.3 0.93
1.0 0.94
2.6 0.95
1.0 0.93
0.9 0.94
2.5 0.93
2.1 0.93
0.6 0.93
1.0 0.94
1.5 0.94
0.7 0.92
0.7 0.92
1.9 0.93
2.5 0.92
3.7 0.93
4.6 0.93
3.4 0.93
1.2 0.92
2.5 0.92
3.6 0.93
1.4 0.92
2.2 0.92
0.9 0.91
0.8 0.92
1.8 0.92
0.6 0.92
1.4 0.92
1.4 0.92
1.3 0.91
1.5 0.92
0.3 0.92
0.7 0.92
1.2 0.92
0.8 0.92
0.7 0.92
0.4 0.92
1.0 0.91
0.4 0.92
2.0 0.92
7.4 0.92
7.1 0.92
0.9 0.91
7.3 0.91
3.2 0.91
1.0 0.90
1.0 0.91
1.2 0.91
1.4 0.90
2.9 0.91
1.9 0.90
0.5 0.91
1.7 0.91
1.1 0.90
0.4 0.90
1.1 0.90
1.5 0.91
1.0 0.90
0.5 0.91
1.5 0.90
0.7 0.90
3.1 0.91
5.0 0.91
2.4 0.91
5.4 0.90
4.4 0.90
2.6 0.91
1.0 0.90
1.9 0.91
1.4 0.90
1.6 0.90
0.6 0.90
0.9 0.89
1.3 0.89
0.4 0.89
1.0 0.90
0.6 0.89
1.9 0.91
2.7 0.90
0.5 0.89
1.4 0.90
1.7 0.89
0.5 0.90
1.7 0.90
0.7 0.91
0.4 0.90
1.8 0.90
3.1 0.89
1.9 0.90
4.2 0.90
2.2 0.90
3.3 0.89
1.0 0.89
2.9 0.88
0.4 0.88
0.8 0.89
0.7 0.89
1.3 0.88
0.4 0.89
1.0 0.87
1.1 0.89
0.4 0.89
1.0 0.89
1.3 0.89
1.9 0.88
2.3 0.89
1.4 0.89
0.3 0.89
1.5 0.89
4.8 0.88
0.7 0.89
4.2 0.89
1.3 0.88
1.2 0.88
2.0 0.89
4.9 0.89
1.2 0.89
5.1 0.88
3.3 0.88
0.8 0.88
0.5 0.88
1.1 0.87
0.6 0.87
1.7 0.88
0.5 0.88
0.8 0.88
0.7 0.88
0.6 0.88
1.2 0.88
1.1 0.88
2.9 0.88
5.3 0.88
1.1 0.89
1.4 0.92
1.9 0.95
1.4 0.96
2.0 0.98
1.3 1.06
0.4 1.10
0.5 1.07
1.2 1.04
1.7 1.03
1.3 1.02
1.6 1.00
1.4 0.98
1.0 0.96
0.6 0.95
1.3 0.93
1.4 0.93
1.1 0.92
0.8 0.91
1.6 0.90
1.4 0.91
0.6 0.91
0.6 0.90
1.1 0.91
1.7 0.90
1.3 0.91
3.2 0.90
0.6 0.90
2.7 0.89
3.4 0.89
1.0 0.89
1.0 0.89
0.9 0.89
0.6 0.88
1.1 0.88
2.0 0.89
1.9 0.94
0.9 1.06
1.0 1.29
1.4 1.28
1.3 1.26
1.6 1.27
1.7 1.25
1.0 1.18
1.2 1.13
0.2 1.09
0.5 1.06
0.8 1.04
1.0 1.03
1.1 1.01
1.0 1.01
0.7 1.00
1.1 1.00
2.0 0.98
2.1 0.98
0.9 0.98
0.8 0.98
1.2 0.96
1.4 0.97
0.7 0.97
0.3 0.96
0.8 0.96
0.6 0.95
4.2 0.96
0.8 0.95
0.5 0.95
0.5 0.95
1.2 1.02
0.8 1.13
0.9 1.12
0.6 1.08
2.1 1.07
1.0 1.04
1.9 1.03
0.4 1.03
2.9 1.01
1.0 1.00
1.1 0.99
1.5 0.99
1.8 0.98
2.7 0.97
0.6 0.98
0.8 0.97
1.3 0.99
0.4 1.05
3.4 1.43
2.2 2.50
0.2 3.03
1.8 2.71
1.4 2.56
1.2 2.38
1.7 2.22
1.4 2.13
1.1 2.05
1.4 1.97
0.7 1.91
1.2 1.85
1.6 1.79
1.8 1.76
0.9 1.71
0.6 1.68
2.6 1.65
6.2 1.63
2.0 1.57
3.0 1.58
1.2 1.55
1.1 1.52
0.9 1.50
0.9 1.50
1.5 1.49
0.6 1.47
2.5 1.44
2.9 1.44
2.2 1.43
1.9 1.41
1.4 1.41
2.3 1.38
2.1 1.38
3.4 1.38
0.9 1.36
2.3 1.35
0.8 1.34
1.0 1.33
1.1 1.33
1.4 1.33
5.2 1.31
2.0 1.31
3.7 1.29
0.7 1.28
2.5 1.29
3.0 1.27
0.3 1.26
1.9 1.26
1.0 1.25
0.4 1.25
1.5 1.25
1.7 1.23
2.3 1.23
1.2 1.22
1.6 1.21
2.0 1.22
0.6 1.21
1.0 1.21
2.2 1.21
2.0 1.20
1.0 1.19
1.3 1.20
3.1 1.19
0.7 1.18
4.5 1.18
1.8 1.18
1.9 1.17
2.9 1.16
1.7 1.16
1.2 1.15
0.6 1.15
1.1 1.15
2.1 1.15
0.4 1.16
0.6 1.15
1.4 1.14
1.9 1.14
2.2 1.13
0.4 1.14
0.4 1.13
0.8 1.13
0.5 1.13
2.3 1.12
0.6 1.13
0.5 1.12
1.7 1.12
2.4 1.12
0.9 1.13
1.2 1.11
1.1 1.11
1.6 1.12
7.9 1.11
3.9 1.10
1.6 1.10
1.3 1.10
0.7 1.09
0.8 1.10
1.5 1.10
0.5 1.09
1.3 1.09
0.2 1.08
0.4 1.09
1.2 1.09
0.6 1.08
0.8 1.09
0.3 1.09
0.6 1.09
1.1 1.08
1.5 1.08
3.4 1.08
2.6 1.08
1.6 1.08
1.1 1.08
2.8 1.07
1.4 1.07
2.4 1.06
1.7 1.06
2.7 1.05
1.2 1.05
1.2 1.06
1.0 1.05
0.6 1.06
1.0 1.05
0.5 1.05
1.1 1.05
0.8 1.05
0.7 1.05
1.5 1.05
1.6 1.06
1.5 1.05
1.1 1.05
0.5 1.05
0.6 1.06
1.4 1.07
0.6 1.10
1.7 1.11
1.9 1.13
1.1 1.12
1.6 1.11
3.4 1.09
2.3 1.08
0.8 1.06
0.8 1.06
2.8 1.05
1.3 1.07
1.4 1.10
1.2 1.09
0.8 1.08
0.7 1.08
0.7 1.06
0.6 1.06
1.1 1.05
0.9 1.05
0.7 1.04
1.1 1.04
1.9 1.04
2.2 1.04
2.0 1.03
2.0 1.04
0.6 1.08
1.2 1.22
1.7 1.18
0.8 1.14
2.1 1.12
0.8 1.11
1.1 1.10
1.8 1.09
2.1 1.16
3.5 1.21
0.9 1.27
0.7 1.33
2.3 1.35
0.4 1.36
1.4 1.29
1.9 1.22
1.2 1.20
0.3 1.16
0.8 1.15
1.4 1.13
1.2 1.13
0.5 1.12
0.4 1.11
1.2 1.12
1.0 1.12
1.4 1.11
1.7 1.10
0.7 1.10
1.0 1.11
1.2 1.10
1.0 1.10
3.6 1.10
2.7 1.20
2.2 1.30
0.3 1.42
1.7 1.52
1.5 1.51
0.7 1.45
3.4 1.40
2.7 1.34
2.3 1.31
3.3 1.29
1.7 1.28
2.8 1.27
3.6 1.27
1.2 1.24
1.1 1.25
2.4 1.25
2.3 1.23
4.5 1.23
4.4 1.22
5.0 1.21
3.4 1.20
3.2 1.20
3.7 1.19
1.4 1.18
1.9 1.18
2.0 1.18
1.1 1.18
0.8 1.16
1.3 1.16
0.6 1.16
0.6 1.15
0.4 1.15
1.1 1.16
0.9 1.15
1.4 1.15
0.3 1.15
0.6 1.14
0.9 1.14
7.1 1.14
1.7 1.13
2.3 1.14
1.6 1.12
3.5 1.13
2.2 1.11
0.9 1.11
2.2 1.11
2.5 1.11
1.8 1.11
1.7 1.11
0.3 1.11
2.1 1.10
1.5 1.10
1.5 1.10
0.3 1.10
0.8 1.09
0.6 1.09
1.2 1.09
1.0 1.09
1.6 1.09
0.7 1.10
0.3 1.08
2.7 1.08
4.4 1.09
1.4 1.08
1.2 1.08
1.3 1.07
2.9 1.08
2.3 1.07
3.8 1.06
8.8 1.06
2.7 1.06
1.0 1.06
0.8 1.05
0.6 1.05
1.2 1.05
0.6 1.05
0.5 1.05
1.4 1.05
1.3 1.05
1.0 1.05
1.0 1.05
0.4 1.06
0.7 1.04
1.2 1.04
1.4 1.05
1.2 1.06
1.0 1.06
1.4 1.05
1.5 1.05
0.8 1.07
1.4 1.05
0.7 1.07
0.9 1.07
0.9 1.07
1.1 1.08
1.3 1.07
0.4 1.06
1.6 1.05
0.6 1.05
0.7 1.04
1.2 1.04
1.2 1.05
0.1 1.04
1.5 1.04
0.8 1.04
0.8 1.04
1.2 1.04
0.7 1.04
1.6 1.05
2.3 1.04
1.0 1.04
3.0 1.03
2.2 1.03
4.8 1.04
4.8 1.02
1.1 1.02
4.1 1.02
6.2 1.01
0.7 1.02
0.5 1.01
1.0 1.01
2.2 1.02
1.1 1.01
2.4 1.02
5.5 1.01
2.6 1.03
2.7 1.02
0.8 1.03
1.9 1.03
1.4 1.03
0.8 1.02
0.9 1.02
1.9 1.01
0.6 1.02
3.6 1.01
4.5 1.00
3.7 1.00
3.9 0.99
1.4 0.98
5.6 0.99
4.5 0.99
0.9 0.99
2.2 0.99
0.6 0.97
1.1 0.98
2.0 0.98
0.7 0.99
0.9 0.97
0.6 0.97
1.1 0.98
0.7 0.98
1.2 0.98
1.7 0.98
0.8 0.98
3.1 0.99
0.9 0.98
0.6 0.98
0.7 0.98
1.9 0.98
2.2 0.98
2.0 0.97
3.2 0.98
3.1 0.98
1.7 0.99
0.8 0.98
0.8 0.98
1.8 0.98
0.8 0.98
0.6 0.99
1.0 0.99
1.9 0.99
0.4 0.99
0.5 0.99
1.6 0.99
1.0 0.98
1.5 0.98
0.7 0.98
1.3 0.98
1.9 0.97
1.4 0.98
1.6 0.97
3.7 0.97
2.7 0.98
1.9 0.98
5.5 0.98
3.4 0.96
1.2 0.97
0.7 0.97
0.7 0.97
3.1 0.99
1.5 1.01
1.7 1.00
2.7 1.03
1.2 1.03
2.9 1.05
1.2 1.04
3.0 1.03
1.0 1.05
3.1 1.06
1.5 1.06
4.0 1.07
3.6 1.09
1.0 1.13
2.2 1.22
1.9 1.32
0.8 1.45
0.5 1.53
2.5 1.77
1.6 1.91
2.8 2.12
1.3 2.79
1.9 2.63
1.9 2.37
0.4 2.25
0.7 2.13
1.2 2.25
1.1 2.59
0.4 2.72
1.1 2.68
1.1 2.62
1.0 2.51
1.1 2.44
1.5 2.35
0.4 2.31
1.4 2.25
0.8 2.19
0.8 2.16
0.4 2.09
0.6 2.04
4.0 2.04
1.8 1.97
1.6 1.96
7.6 1.94
1.9 1.94
3.8 1.94
2.6 1.92
0.8 1.90
1.1 1.87
2.1 1.85
2.2 1.82
3.5 1.80
1.5 1.80
1.3 1.78
0.3 1.75
1.7 1.82
1.7 2.18
0.4 2.22
0.5 2.10
0.9 2.01
1.6 1.96
0.8 1.91
1.4 1.89
2.6 1.86
1.5 1.86
2.0 1.83
1.9 1.83
1.2 1.81
2.8 1.79
2.5 1.78
3.7 1.77
1.5 1.74
1.7 1.74
0.5 1.74
1.0 1.71
0.6 1.71
2.1 1.68
1.1 1.69
1.0 1.67
0.8 1.65
0.9 1.65
1.2 1.63
2.0 1.64
1.0 1.63
0.5 1.61
1.5 1.61
1.1 1.61
1.6 1.60
3.7 1.59
1.6 1.59
4.2 1.58
3.9 1.56
7.0 1.57
4.0 1.54
5.4 1.54
2.5 1.52
0.3 1.52
2.6 1.52
1.9 1.49
1.7 1.50
1.2 1.51
3.1 1.49
0.9 1.48
1.8 1.49
1.0 1.47
2.3 1.47
1.3 1.46
0.9 1.47
2.4 1.45
2.9 1.46
1.0 1.46
2.3 1.45
3.3 1.46
0.7 1.45
1.5 1.45
2.3 1.42
4.6 1.42
3.4 1.41
4.2 1.41
1.4 1.40
2.0 1.40
0.9 1.40
1.0 1.39
1.2 1.38
0.6 1.38
0.5 1.38
0.7 1.38
0.3 1.37
2.5 1.38
4.3 1.37
2.2 1.37
4.2 1.37
5.0 1.37
0.3 1.38
1.5 1.38
0.9 1.39
0.7 1.40
2.5 1.38
2.6 1.37
2.3 1.35
1.3 1.35
12.0 1.33
4.2 1.33
4.2 1.33
2.8 1.29
4.7 1.29
2.4 1.30
1.2 1.30
1.0 1.30
1.2 1.30
0.7 1.30
2.1 1.30
1.6 1.29
2.0 1.29
1.2 1.29
1.9 1.29
1.7 1.29
1.8 1.29
1.1 1.29
6.1 1.28
1.3 1.28
1.4 1.27
2.1 1.27
5.1 1.26
5.1 1.26
4.4 1.23
0.4 1.24
3.4 1.24
2.7 1.23
1.5 1.24
0.9 1.24
0.5 1.24
0.7 1.24
1.1 1.23
1.8 1.24
0.7 1.23
1.0 1.23
1.0 1.24
2.0 1.24
1.8 1.24
0.4 1.23
0.9 1.23
0.7 1.23
0.8 1.24
0.9 1.23
1.4 1.23
1.6 1.22
1.7 1.23
3.0 1.23
3.9 1.23
1.5 1.21
2.5 1.21
1.4 1.20
1.3 1.19
1.0 1.19
2.1 1.19
1.0 1.19
0.8 1.20
1.7 1.19
2.0 1.19
1.7 1.19
1.1 1.20
1.3 1.20
0.8 1.19
0.8 1.21
0.2 1.19
0.9 1.20
2.4 1.19
2.3 1.18
2.8 1.19
2.5 1.19
4.4 1.17
2.7 1.18
4.4 1.17
5.9 1.16
4.7 1.16
0.5 1.16
1.2 1.15
0.6 1.14
1.6 1.14
0.6 1.15
1.2 1.16
8.0 1.34
0.4 1.45
1.9 1.70
1.0 1.74
0.5 1.64
1.0 1.51
2.9 1.41
1.2 1.34
3.8 1.30
1.9 1.29
2.7 1.27
2.6 1.26
3.8 1.26
7.5 1.24
4.1 1.23
2.6 1.21
1.5 1.21
4.7 1.19
4.5 1.19
4.7 1.17
3.7 1.18
2.5 1.17
2.9 1.17
2.5 1.17
1.7 1.18
2.3 1.18
1.9 1.17
0.7 1.17
2.3 1.16
1.8 1.16
1.5 1.17
1.6 1.17
2.9 1.17
9.8 1.17
3.7 1.16
8.9 1.17
1.7 1.16
2.7 1.14
8.4 1.14
5.2 1.13
3.6 1.12
2.9 1.12
2.4 1.11
4.3 1.12
2.9 1.11
0.6 1.11
0.6 1.11
4.7 1.12
4.9 1.13
2.0 1.13
1.0 1.12
0.6 1.12
0.9 1.12
1.4 1.12
1.5 1.12
2.3 1.12
1.8 1.11
5.4 1.12
5.1 1.11
5.2 1.11
3.2 1.11
6.0 1.11
1.1 1.11
8.0 1.09
2.7 1.09
4.5 1.08
3.8 1.08
1.8 1.06
2.2 1.06
0.9 1.07
3.0 1.07
2.2 1.08
0.7 1.07
2.8 1.08
2.8 1.07
0.9 1.08
0.9 1.09
1.2 1.08
1.1 1.08
1.2 1.08
0.5 1.08
1.7 1.09
0.6 1.08
0.9 1.09
1.5 1.08
3.7 1.08
2.9 1.08
0.7 1.07
3.7 1.06
2.8 1.08
2.3 1.06
2.1 1.06
0.3 1.06
1.5 1.06
2.1 1.07
2.8 1.06
0.6 1.06
0.5 1.07
1.7 1.09
3.1 1.14
0.5 1.19
0.6 1.25
0.7 1.25
0.6 1.20
0.3 1.18
0.6 1.16
0.9 1.13
2.3 1.12
2.4 1.12
1.9 1.10
0.8 1.10
1.4 1.10
1.1 1.09
2.3 1.10
0.9 1.09
1.1 1.08
3.5 1.11
0.7 1.11
1.2 1.15
0.6 1.15
1.3 1.14
0.9 1.12
0.2 1.11
0.8 1.10
1.0 1.10
2.5 1.11
0.5 1.11
0.5 1.12
0.1 1.11
1.2 1.12
0.8 1.11
0.8 1.10
0.6 1.09
2.7 1.09
0.4 1.09
2.2 1.08
1.5 1.08
0.6 1.08
1.0 1.07
2.8 1.06
4.2 1.07
1.6 1.07
4.5 1.09
2.8 1.08
3.2 1.08
1.1 1.09
0.6 1.20
1.3 1.24
1.0 1.25
2.0 1.22
1.0 1.21
0.9 1.18
1.4 1.15
1.2 1.14
1.2 1.13
0.9 1.12
2.6 1.12
1.9 1.11
0.7 1.11
3.6 1.10
3.0 1.10
0.4 1.13
0.3 1.17
0.5 1.20
0.4 1.23
2.2 1.22
0.8 1.21
1.8 1.18
0.8 1.17
0.4 1.15
1.0 1.15
0.4 1.14
0.9 1.13
0.5 1.14
1.7 1.12
1.4 1.12
1.3 1.11
0.6 1.13
1.8 1.11
0.5 1.11
1.7 1.10
1.7 1.11
4.9 1.11
4.0 1.10
3.0 1.10
3.4 1.10
1.5 1.10
0.6 1.11
1.3 1.09
2.2 1.10
2.9 1.09
0.4 1.09
0.2 1.08
0.8 1.08
1.0 1.08
1.0 1.09
1.0 1.08
1.1 1.09
0.6 1.09
0.4 1.08
0.3 1.08
1.8 1.08
1.7 1.08
1.2 1.07
3.0 1.07
1.7 1.09
1.7 1.09
2.0 1.11
0.7 1.08
1.4 1.09
0.7 1.08
1.1 1.09
0.9 1.08
1.1 1.08
1.1 1.08
1.5 1.08
0.6 1.06
1.5 1.07
1.8 1.06
0.8 1.08
1.3 1.07
1.5 1.07
0.4 1.07
0.4 1.07
0.6 1.07
2.0 1.07
1.4 1.07
5.1 1.07
2.0 1.15
3.5 1.26
3.9 1.21
4.9 1.20
5.0 1.20
4.0 1.18
2.3 1.13
3.8 1.11
1.3 1.10
2.1 1.08
3.2 1.08
4.8 1.07
2.6 1.07
4.7 1.08
1.5 1.06
0.7 1.06
3.7 1.06
2.9 1.07
5.5 1.06
3.6 1.06
4.8 1.06
4.0 1.06
1.8 1.05
2.9 1.05
3.2 1.05
3.9 1.04
1.3 1.05
5.8 1.06
4.1 1.05
2.7 1.02
3.2 1.01
2.6 1.01
1.1 1.01
1.1 1.02
0.6 1.01