59.9 982.7
59.9 983.1
60.1 983.3
60.1 983.1
60.1 983.3
60.1 983.2
60.3 983.0
60.3 982.8
60.3 982.7
60.3 983.1
60.3 983.9
60.4 984.2
60.3 984.1
60.4 984.2
60.4 984.3
60.4 984.1
60.4 984.7
60.4 985.1
60.4 985.4
60.6 985.4
60.6 985.3
60.6 985.2
60.6 985.2
60.6 985.3
60.6 985.3
60.4 985.5
60.3 985.8
60.3 986.0
60.3 986.3
60.3 986.4
60.3 986.8
60.4 986.8
60.6 987.0
60.8 987.3
61.0 987.3
61.3 987.2
61.5 987.4
62.1 987.6
62.4 987.4
63.1 987.6
63.9 987.6
64.0 987.7
64.6 987.8
65.5 987.9
66.4 988.0
67.1 988.1
67.6 988.1
68.0 988.0
68.7 988.0
68.5 988.0
68.5 987.8
69.3 987.8
69.4 987.7
69.8 987.6
70.0 987.3
70.0 987.2
70.5 987.0
70.7 986.9
71.1 986.8
71.6 986.6
71.8 986.4
71.4 986.4
71.8 986.3
72.7 986.1
72.5 985.9
72.3 985.7
72.3 985.5
71.6 985.4
70.9 985.3
71.4 985.1
72.1 985.2
72.5 985.3
72.5 985.2
73.2 985.2
72.1 985.2
73.8 984.8
73.0 984.6
72.7 984.4
72.3 984.1
71.4 983.6
70.2 983.8
69.6 983.8
69.4 984.1
68.2 984.1
68.0 984.3
67.5 984.4
68.0 984.8
68.5 985.2
69.1 985.2
68.7 985.3
68.5 985.3
68.4 985.2
68.7 985.2
68.7 985.2
68.9 985.3
68.7 985.3
68.5 985.6
68.4 985.6
68.2 985.6
67.8 985.6
67.8 985.5
68.0 985.3
68.2 984.7
68.2 984.2
68.0 983.1
67.5 982.7
67.1 982.8
66.6 983.1
65.7 982.8
64.8 982.2
64.2 982.1
64.0 982.3
64.0 982.8
63.5 983.0
63.1 983.0
62.8 985.1
65.1 985.8
66.9 986.4
65.1 985.8
64.2 985.2
63.7 985.2
63.7 985.5
63.9 986.0
64.6 986.1
64.2 986.0
63.9 986.2
63.5 986.7
63.5 987.2
63.7 987.8
63.3 988.0
64.4 987.7
64.2 987.6
63.5 986.8
63.3 987.7
62.8 988.0
62.2 987.6
61.7 988.3
61.3 987.8
61.2 987.8
60.8 988.0
61.0 988.1
60.8 988.4
60.8 988.5
60.8 988.7
60.6 988.1
61.2 988.7
60.8 988.7
60.6 989.3
60.4 989.7
60.6 989.7
60.4 989.5
60.6 989.5
60.8 988.4
60.8 987.4
61.2 988.4
61.2 988.3
61.0 988.3
60.8 987.4
60.8 986.1
61.2 986.0
62.1 986.7
62.1 986.8
63.3 986.4
64.2 986.1
65.7 985.8
66.2 985.9
65.8 986.2
65.8 985.9
65.3 986.0
65.3 985.8
64.9 985.5
64.9 985.1
64.8 985.4
64.6 985.6
64.4 985.8
63.9 986.4
63.3 986.6
62.8 986.9
62.2 987.1
61.7 987.3
61.3 987.5
61.2 987.7
61.3 988.2
61.5 988.6
61.7 988.8
61.5 989.1
61.5 989.1
61.3 989.2
60.6 989.3
61.0 989.2
60.8 989.1
60.6 989.1
59.9 989.1
59.5 989.2
59.0 989.2
58.3 989.2
57.7 989.2
57.0 989.0
56.5 989.0
55.8 988.9
54.9 988.8
54.3 988.7
54.0 988.6
53.6 988.5
53.4 988.5
53.1 988.5
52.5 988.5
52.2 988.4
51.8 988.5
51.8 988.5
51.4 988.6
51.1 988.7
51.3 988.7
51.6 988.8
51.4 989.1
51.4 989.3
51.4 989.3
50.7 989.5
51.1 989.6
51.3 989.7
51.8 989.8
51.8 990.0
53.1 990.1
54.0 990.4
54.9 990.6
55.6 990.6
56.1 990.8
56.8 990.8
57.7 991.0
58.5 991.0
58.8 991.3
59.9 991.4
60.6 991.3
61.0 991.3
62.1 991.2
61.9 991.2
62.2 991.2
63.5 991.5
63.5 991.5
63.7 991.6
64.4 991.6
65.3 991.4
65.5 991.3
65.5 991.1
66.4 991.0
66.2 990.9
66.7 990.8
67.1 990.8
67.3 990.8
68.0 990.8
68.2 990.7
68.0 990.6
68.9 990.4
69.1 990.3
68.7 990.2
69.4 990.1
68.7 989.8
69.6 989.5
69.6 989.4
69.4 989.3
69.4 989.3
69.3 989.1
69.8 989.1
70.0 988.9
69.8 988.9
69.3 988.7
68.9 988.7
68.5 988.7
68.5 988.6
67.8 988.6
66.7 988.6
65.1 988.6
63.3 988.5
60.8 988.7
58.5 988.8
57.6 989.0
56.7 989.1
56.1 989.2
55.9 989.3
54.9 989.5
55.4 989.5
54.3 989.6
53.4 989.8
53.1 989.8
52.9 989.8
52.5 989.7
52.0 989.7
51.6 989.6
51.1 989.7
50.5 989.7
50.2 989.7
50.0 989.7
49.6 989.7
49.1 989.6
48.9 989.4
49.5 989.5
49.1 989.4
49.1 989.3
48.7 989.2
48.2 989.2
47.8 989.0
47.3 989.1
46.8 988.9
47.3 988.9
47.5 988.8
46.8 988.8
46.9 988.7
46.6 988.6
46.6 988.7
46.9 988.6
46.8 988.5
46.6 988.6
46.0 988.6
46.2 988.7
46.0 988.8
46.6 989.2
47.3 989.3
49.5 989.3
51.1 989.4
54.3 989.5
57.0 989.5
59.7 989.7
61.5 989.8
63.3 990.0
63.9 990.2
64.4 990.2
65.7 990.1
66.4 990.2
67.6 990.3
67.5 990.3
68.0 990.5
68.9 990.5
68.7 990.5
69.4 990.5
69.8 990.4
69.6 990.4
70.0 990.2
70.3 990.2
70.7 990.0
71.2 989.8
70.7 989.7
71.1 989.7
70.9 989.4
71.2 989.2
71.2 989.1
72.0 988.9
71.4 988.7
73.2 988.6
72.7 988.4
72.3 988.2
72.7 988.0
72.3 987.8
72.3 987.6
72.9 987.3
73.9 987.2
73.0 987.0
72.9 986.8
72.9 986.8
72.9 986.7
72.7 986.6
72.9 986.3
72.0 986.2
72.0 986.2
71.6 986.0
68.7 985.9
69.3 985.9
68.0 985.8
66.7 985.9
65.3 986.0
63.9 986.1
61.9 986.0
60.3 986.2
59.4 986.3
63.7 986.5
62.4 986.5
62.6 986.6
62.4 986.8
61.2 987.2
60.4 987.3
60.8 987.2
62.4 987.3
61.0 987.2
60.8 987.3
61.7 987.2
60.6 987.2
61.3 987.2
61.2 987.1
60.4 987.2
60.4 987.0
57.0 987.0
56.5 987.2
57.4 987.1
58.3 986.9
57.0 986.8
53.8 986.6
54.3 986.5
54.0 986.5
54.5 986.7
55.4 986.9
54.1 986.9
53.2 987.1
52.9 987.0
53.8 987.2
53.8 987.2
54.5 987.0
54.5 986.9
52.7 986.8
53.2 986.9
52.3 986.9
52.9 987.3
53.4 987.6
52.5 987.9
52.9 987.8
54.5 987.9
56.3 987.9
57.2 988.1
57.9 988.1
58.3 988.0
58.6 988.1
59.2 988.0
61.0 988.0
62.4 988.0
63.1 987.8
63.7 987.6
66.0 987.8
67.1 987.6
68.7 987.4
69.4 987.2
70.2 987.0
70.9 987.4
69.8 987.3
69.1 987.6
68.7 987.7
67.8 987.0
66.7 987.1
66.2 987.0
65.1 987.3
64.6 988.2
63.7 989.1
63.1 988.9
62.8 988.9
62.4 989.2
62.1 988.8
61.5 988.4
61.2 988.1
61.0 987.7
61.0 988.3
60.6 986.9
61.7 987.2
62.6 987.4
63.9 987.6
64.2 987.6
63.9 986.9
64.0 987.0
64.6 986.6
66.2 986.7
64.4 986.7
64.0 986.7
63.7 986.2
63.3 986.0
63.3 985.8
63.3 985.9
62.6 985.8
62.2 985.9
61.3 985.8
61.2 985.8
60.6 985.6
60.6 985.8
60.1 986.0
59.7 986.3
59.7 986.4
59.9 986.6
59.7 986.8
59.2 986.8
58.3 986.8
58.5 986.8
58.8 986.6
58.6 986.3
57.7 986.3
57.0 986.0
57.0 986.4
57.0 986.2
56.7 986.3
57.6 986.2
58.5 986.0
58.1 985.6
58.5 985.6
58.8 985.4
59.2 985.4
59.4 985.2
59.4 985.4
59.4 985.2
59.4 985.1
59.5 985.5
60.3 985.9
60.6 985.4
60.6 985.1
60.3 984.8
60.3 985.1
60.4 984.9
60.8 984.1
61.2 984.2
61.3 984.1
61.2 983.8
61.2 984.8
59.9 984.9
59.9 985.2
59.7 985.0
59.5 984.9
59.5 985.3
59.0 985.3
58.8 985.4
58.6 984.9
58.5 985.2
58.3 984.9
58.3 985.2
57.9 984.7
57.7 984.3
57.6 983.9
57.7 983.7
57.7 983.5
57.9 983.0
57.9 982.8
57.9 982.4
57.7 981.9
57.6 981.7
57.4 982.3
57.4 988.2
57.4 985.8
57.2 984.7
57.2 984.0
57.2 983.7
57.4 982.8
57.7 982.2
58.3 982.0
58.6 981.7
59.0 981.8
59.5 981.7
59.7 982.1
59.5 981.8
59.7 981.7
60.1 981.8
61.3 981.8
62.2 981.7
63.1 982.4
63.5 982.5
63.0 982.7
62.4 983.0
62.2 982.4
62.1 982.4
61.7 982.6
61.3 982.7
61.2 982.9
61.0 983.1
60.6 982.9
60.4 982.7
60.3 982.5
60.1 982.7
59.7 983.1
59.9 983.3
59.5 983.3
59.5 983.8
59.7 984.1
59.5 984.1
59.5 984.2
59.5 984.9
59.5 984.9
59.5 985.1
59.5 985.4
59.7 985.5
59.7 985.5
59.7 985.6
59.7 985.6
59.5 985.6
59.5 985.9
59.7 985.8
59.5 985.8
59.5 985.6
59.5 985.5
59.4 985.3
59.2 985.2
59.4 985.2
59.2 985.2
59.4 985.1
59.4 985.0
59.2 984.7
59.0 984.7
58.8 984.8
59.0 985.1
59.0 985.1
59.2 984.7
59.2 984.3
59.2 984.1
59.2 984.2
59.2 984.1
59.2 984.5
59.4 984.6
59.4 984.9
59.4 985.4
59.5 985.9
59.4 986.8
58.8 987.0
57.7 986.9
58.6 987.2
59.0 987.4
59.4 987.4
59.5 987.5
59.9 987.8
60.3 987.8
60.6 987.7
61.2 987.6
61.5 987.4
62.1 987.5
62.8 987.6
63.3 987.8
63.7 987.8
64.2 987.9
65.1 988.1
65.7 988.1
66.7 988.4
67.5 988.5
67.6 988.4
69.1 988.4
68.9 988.5
69.8 988.7
70.3 988.7
70.0 988.5
71.2 988.5
71.1 988.5
71.4 988.5
72.5 988.4
73.2 988.1
73.8 988.1
73.4 988.1
73.2 988.1
74.1 988.0
74.3 987.8
73.4 987.9
73.9 987.7
74.5 987.7
74.8 987.4
75.0 987.4
74.5 987.6
75.0 987.4
75.0 987.4
75.7 987.3
75.6 987.4
75.2 987.4
75.0 987.5
74.8 987.6
74.5 987.6
74.1 987.6
74.1 987.6
73.6 987.7
72.3 987.8
71.2 988.0
69.8 988.0
68.5 988.1
67.5 988.3
66.0 988.4
64.4 988.6
63.3 988.8
62.4 988.9
62.1 989.1
61.5 989.2
62.1 989.2
62.6 989.3
62.6 989.3
61.7 989.4
61.0 989.5
60.4 989.5
59.7 989.6
59.2 989.6
59.4 989.5
60.1 989.4
61.2 989.4
60.4 989.4
59.5 989.3
59.4 989.3
59.4 989.3
58.6 989.1
58.6 989.1
58.1 989.1
57.6 989.0
57.0 988.9
56.5 989.0
56.5 989.0
56.7 988.9
56.8 989.1
56.7 989.2
57.2 989.3
57.0 989.3
57.0 989.3
56.8 989.3
57.2 989.4
56.7 989.5
56.3 989.5
55.9 989.7
55.6 989.8
56.3 990.0
57.2 990.3
58.1 990.5
59.0 990.7
60.1 990.9
61.5 991.1
62.6 991.3
63.9 991.6
64.4 991.6
65.7 991.7
66.6 991.8
66.9 991.9
67.5 992.0
68.0 992.0
68.7 992.0
69.8 992.0
70.2 991.8
70.2 991.9
69.4 991.9
70.5 991.9
70.7 991.8
70.9 991.5
70.7 991.4
70.9 991.3
70.9 991.3
72.1 991.2
70.7 991.0
71.6 991.0
70.7 991.3
70.0 991.0
72.0 990.8
71.2 990.7
71.6 990.7
71.4 990.7
71.1 990.8
70.5 990.7
70.7 990.6
71.6 990.4
71.2 990.3
71.1 989.9
71.6 989.8
72.1 989.7
71.2 989.7
71.2 989.7
70.9 989.7
70.9 989.5
70.7 989.5
70.3 989.7
70.2 989.9
69.8 989.8
69.3 989.8
68.9 989.8
68.4 989.8
67.3 989.9
65.8 990.2
64.8 990.3
63.7 990.3
62.8 990.8
62.2 990.9
62.2 991.2
61.9 991.1
61.5 991.1
61.3 991.3
61.2 991.6
60.8 991.7
60.4 991.8
59.9 991.7
59.9 991.8
59.2 991.7
58.8 991.8
58.6 991.8
58.5 991.8
58.6 991.7
58.6 991.9
58.3 991.8
58.5 991.8
58.3 991.8
57.7 991.6
57.9 991.3
58.1 991.1
58.1 990.9
58.1 990.8
58.1 990.7
58.3 990.6
58.1 990.5
58.1 990.4
57.7 990.3
57.6 990.3
57.4 990.0
57.2 990.1
57.4 990.1
57.2 990.2
57.2 990.2
57.6 990.2
57.7 990.1
57.9 990.2
58.1 990.4
58.3 990.6
59.0 990.8
59.5 991.0
60.1 991.3
60.8 991.6
61.5 991.6
62.4 991.8
63.0 991.8
63.7 992.0
64.6 992.0
65.1 992.0
65.3 992.2
66.2 992.3
67.1 992.2
67.6 992.3
68.4 992.3
69.3 992.3
69.8 992.2
69.3 992.3
70.5 992.2
72.5 992.3
72.7 992.3
71.6 992.2
72.9 991.8
72.5 991.8
71.4 991.8
73.9 991.5
73.8 991.4
72.5 991.4
75.7 991.3
74.1 991.2
73.0 991.2
75.6 991.0
75.4 991.0
74.7 990.9
74.8 990.9
73.2 990.9
75.0 990.9
73.0 990.8
75.0 990.4
75.9 990.5
74.8 990.6
74.7 990.5
75.6 990.5
72.7 990.8
70.0 990.6
69.3 990.6
70.9 990.8
71.6 990.8
71.1 990.9
70.7 990.9
69.4 991.2
68.7 991.3
67.5 991.6
65.8 991.8
66.7 992.0
66.2 992.0
65.3 992.0
64.9 992.1
63.9 992.2
63.0 992.4
62.6 992.5
62.1 992.6
61.9 992.6
61.5 992.7
60.6 992.7
59.9 992.6
59.7 992.6
59.4 992.5
59.5 992.4
59.2 992.4
58.8 992.4
59.7 992.3
60.6 992.2
60.8 992.1
60.3 992.0
59.9 992.0
59.4 991.8
58.6 991.6
58.6 991.6
59.0 991.5
58.8 991.4
58.6 991.4
59.0 991.5
59.4 991.5
59.4 991.5
60.4 991.5
61.3 991.4
60.8 991.4
60.3 991.4
59.7 991.4
59.4 991.3
59.0 991.3
58.8 991.4
58.3 991.6
58.3 991.8
58.1 992.0
58.5 992.0
59.4 992.3
60.3 992.3
61.2 992.3
62.1 992.5
63.1 992.6
64.2 992.6
64.6 992.7
66.2 992.7
66.7 992.8
67.1 992.9
68.4 993.0
68.7 992.9
69.3 993.0
70.2 993.0
70.3 993.1
71.4 993.1
72.1 993.1
72.1 993.1
72.5 993.0
72.9 993.0
72.0 992.9
72.9 992.8
73.0 992.7
73.8 992.5
73.9 992.3
74.7 992.2
74.8 992.1
73.4 992.0
73.6 991.9
74.1 991.8
73.9 991.8
73.2 991.6
73.9 991.6
75.2 991.6
75.0 991.6
74.1 991.5
74.3 991.2
73.4 991.2
72.9 991.4
73.2 991.2
72.7 991.3
72.5 991.4
72.5 991.3
70.9 991.4
70.3 991.6
70.0 991.6
69.8 991.6
69.1 991.8
68.2 991.8
67.3 991.9
67.1 991.8
66.4 991.9
65.8 992.1
64.9 992.3
64.4 992.6
64.0 992.7
62.8 992.8
62.8 992.8
63.3 992.8
63.3 993.0
62.8 993.1
61.9 993.1
61.2 993.2
60.4 993.2
59.7 993.2
59.2 993.1
59.2 993.1
59.4 993.0
59.5 992.8
59.2 992.8
58.8 992.8
58.5 992.7
58.5 992.6
58.3 992.6
58.1 992.4
57.7 992.2
57.6 992.1
56.5 991.9
55.6 991.8
55.0 991.5
54.7 991.3
54.1 991.1
53.6 991.0
53.1 990.8
53.1 990.8
53.1 990.6
53.1 990.6
53.4 990.7
53.4 990.7
54.0 990.7
54.1 990.7
54.5 990.8
54.7 990.6
54.5 990.8
55.2 990.9
56.3 990.9
57.2 990.8
57.9 990.6
58.8 990.8
60.1 990.6
60.3 990.7
62.1 990.8
64.0 990.8
65.3 990.9
64.9 991.0
66.4 990.9
67.1 990.9
67.1 990.9
67.3 990.9
68.4 990.9
68.4 991.0
69.1 991.0
69.8 990.8
70.9 990.6
71.6 990.5
71.8 990.4
72.7 990.2
73.2 990.2
71.2 990.0
70.5 990.1
70.9 990.1
69.3 990.1
66.7 990.0
68.5 989.8
70.5 989.5
70.7 989.5
70.7 989.3
70.0 989.3
70.2 989.3
72.0 989.1
71.8 988.8
72.3 988.7
73.2 988.4
72.9 988.4
73.4 988.3
73.9 988.3
74.5 988.3
73.9 988.1
73.4 988.1
71.6 988.0
69.8 988.1
68.7 988.1
67.8 988.1
67.5 988.1
67.5 988.2
66.9 988.3
66.4 988.4
65.8 988.5
65.3 988.5
64.9 988.6
64.4 988.5
63.3 988.5
62.6 988.5
61.9 988.7
60.6 988.8
59.5 988.8
58.6 988.8
59.4 988.8
60.8 988.8
60.8 988.8
60.4 988.7
60.3 988.7
59.2 988.7
58.3 988.5
57.6 988.5
56.8 988.4
56.7 988.4
56.5 988.4
56.3 988.3
55.8 988.2
55.4 987.9
55.2 987.6
55.2 987.4
55.0 987.4
54.7 987.3
55.0 987.2
55.0 987.2
55.0 987.2
55.0 987.2
54.7 987.1
54.5 987.3
54.3 987.4
54.5 987.4
54.5 987.4
54.1 987.4
54.1 987.4
54.3 987.4
54.1 987.4
54.1 987.4
54.9 987.6
55.2 987.6
56.7 987.6
58.1 987.8
59.5 987.8
61.5 987.7
63.5 987.8
64.9 987.8
66.4 988.0
67.5 987.9
68.9 988.1
69.4 988.1
70.3 988.0
70.9 987.9
71.8 987.9
72.1 987.8
72.5 987.8
72.5 987.7
73.6 987.4
74.1 987.5
74.8 987.3
75.4 987.2
75.2 987.0
75.0 986.8
76.6 986.8
75.0 986.5
76.8 986.4
78.6 986.2
76.1 985.9
77.9 985.7
77.7 985.6
79.7 985.4
77.7 985.2
80.1 984.9
79.3 984.7
80.2 984.3
80.4 984.1
80.2 983.9
80.4 983.5
79.3 983.4
79.2 983.3
80.6 983.0
81.1 983.0
79.5 982.8
80.6 982.5
80.6 982.4
80.4 982.1
80.4 982.0
79.7 981.9
79.7 981.9
78.8 982.0
78.4 982.0
76.6 982.1
74.1 982.1
71.8 982.3
69.6 982.4
68.4 982.5
67.5 982.7
66.6 982.7
65.8 982.7
67.1 983.0
66.9 983.0
66.0 983.0
64.0 983.1
64.2 983.0
64.0 983.0
66.7 983.1
68.0 983.0
67.8 983.0
68.0 982.8
67.1 982.5
66.7 982.4
66.4 982.3
65.8 982.1
65.8 982.0
65.8 981.8
65.3 981.8
64.6 981.8
64.2 981.6
64.0 981.6
63.9 981.6
63.5 981.6
63.3 981.6
63.1 981.6
63.0 981.4
62.8 981.4
62.6 981.4
62.4 981.4
62.8 981.5
63.1 981.5
63.1 981.5
62.6 981.6
62.4 981.4
62.1 981.6
62.1 981.6
62.1 981.5
62.4 981.6
62.6 981.4
63.3 981.5
64.4 981.6
65.1 981.3
66.2 981.0
67.8 981.2
69.1 981.0
70.3 980.9
71.8 980.9
73.4 980.8
74.1 980.6
75.2 980.5
76.1 980.1
77.5 980.0
78.6 979.9
79.3 980.0
79.5 979.7
80.1 979.6
80.6 979.3
81.0 979.0
81.1 978.9
82.0 978.8
82.0 978.3
83.1 978.3
83.3 978.3
83.5 978.1
84.0 977.9
84.6 977.7
84.4 977.5
84.9 977.6
85.5 977.3
86.2 977.1
87.3 977.0
87.3 976.7
87.6 976.4
88.0 976.3
88.0 976.2
88.3 975.8
88.3 976.0
88.7 975.8
89.1 975.4
89.2 975.2
89.4 975.2
89.4 975.1
89.1 974.9
88.7 974.6
88.3 974.7
87.8 974.6
87.4 974.6
86.5 974.7
86.0 974.6
84.9 974.5
83.3 974.6
82.4 974.6
81.7 974.7
81.3 974.7
81.1 974.8
81.3 974.9
81.0 975.0
80.2 975.0
79.5 975.1
79.0 975.1
78.4 975.2
77.7 975.3
77.5 975.3
77.4 975.4
77.4 975.3
77.2 975.3
76.8 975.2
76.6 975.2
76.6 975.0
76.6 974.9
76.6 974.8
76.5 974.8
76.3 974.8
76.3 974.6
75.9 974.6
75.6 974.4
75.4 974.4
75.2 974.3
74.8 974.3
74.8 974.3
74.5 974.2
74.3 974.1
73.9 974.1
73.8 974.1
73.6 974.1
73.4 974.2
73.2 974.1
73.2 974.2
73.0 974.2
72.9 974.2
72.7 974.1
72.3 974.1
72.3 974.2
72.3 974.2
72.3 974.5
72.5 974.8
72.9 974.8
73.4 974.9
73.9 975.0
74.7 975.3
75.4 975.3
76.6 975.5
77.7 975.8
78.8 975.8
79.9 975.8
81.1 975.9
82.4 976.0
83.7 976.0
84.2 976.0
84.9 976.0
85.6 976.1
86.9 976.2
88.3 976.2
89.4 976.3
90.5 976.2
91.2 976.0
89.8 976.0
91.2 976.0
90.9 975.8
91.8 976.0
92.1 975.9
91.9 975.8
91.9 975.8
90.5 975.8
90.9 975.8
88.9 975.8
88.7 975.8
87.8 975.8
87.8 975.9
88.7 975.8
88.2 975.7
88.3 975.4
88.7 975.4
88.5 975.4
88.3 975.3
88.0 975.3
87.4 975.2
87.4 975.4
87.1 975.4
86.4 975.3
85.6 975.3
84.9 975.3
84.2 975.4
83.8 975.3
83.5 975.2
82.8 975.3
82.4 975.3
81.7 975.4
81.0 975.4
81.0 975.4
80.4 975.4
79.7 975.6
79.3 975.8
78.8 975.8
78.3 976.1
78.1 976.2
77.9 976.2
77.9 976.1
78.6 976.2
79.0 976.2
79.2 976.0
79.2 976.2
78.8 976.1
78.6 976.1
78.4 975.9
78.1 976.0
77.9 975.9
77.7 976.0
77.5 975.8
77.5 975.8
77.5 975.8
77.5 975.8
77.2 975.8
76.8 975.9
76.5 975.8
76.1 976.0
75.7 976.2
75.6 976.4
75.2 976.6
75.0 976.7
74.7 976.7
74.3 976.7
73.9 976.6
73.6 976.5
73.2 976.7
72.9 976.8
72.7 977.1
72.5 976.9
72.3 977.1
72.3 977.2
72.3 977.6
72.5 978.0
72.7 978.0
73.2 978.2
72.9 978.8
73.9 978.9
74.7 978.9
75.4 979.2
76.3 979.3
76.1 979.5
77.2 979.5
77.5 979.7
78.3 979.9
78.6 979.7
79.3 980.0
79.3 980.2
80.1 980.3
80.4 980.6
81.5 980.5
81.7 980.6
81.1 980.6
80.8 981.6
80.1 982.8
81.3 981.9
82.6 981.5
82.4 980.4
82.6 981.3
82.2 981.3
84.2 981.3
82.6 981.4
82.8 981.4
82.2 981.2
82.2 982.0
81.3 981.2
80.4 981.0
80.4 980.6
80.2 980.0
80.4 980.9
82.2 980.6
82.9 980.8
83.1 981.3
82.4 980.8
81.7 980.8
81.3 980.6
80.4 981.1
79.7 981.2
79.7 980.9
78.3 980.8
76.8 980.8
75.9 980.9
75.0 980.9
74.1 980.9
73.8 980.9
73.4 980.7
73.0 980.8
72.5 981.0
72.3 981.3
72.1 981.2
71.8 981.5
72.0 981.7
72.1 981.6
71.8 981.8
71.6 982.0
71.4 982.3
71.1 982.3
70.5 982.3
70.0 982.2
69.6 982.1
69.6 981.9
69.6 981.8
69.4 981.7
68.9 981.6
69.1 981.6
69.3 981.4
68.5 981.1
68.4 981.2
68.4 981.2
68.2 981.3
68.5 981.3
68.4 981.3
68.5 981.0
68.9 980.8
70.0 980.6
71.1 980.6
72.5 980.6
72.5 980.5
72.9 980.4
72.9 980.4
72.9 980.6
72.9 980.5
73.6 980.7
73.9 980.6
74.3 980.6
74.5 980.6
74.7 980.6
74.8 980.8
74.8 980.8
75.0 981.0
74.8 980.9
74.8 981.0
75.0 981.4
75.2 981.4
75.2 981.6
75.7 981.7
76.3 981.8
76.8 981.8
77.4 982.0
78.8 982.1
79.3 981.9
80.4 982.0
80.2 982.4
81.1 982.3
81.1 982.1
81.3 982.2
81.0 982.6
81.3 982.7
81.1 982.5
81.1 982.5
81.0 982.4
82.6 982.1
83.3 982.0
84.4 982.0
83.8 981.8
84.4 981.8
85.3 981.8
86.2 981.7
84.7 981.7
85.6 981.6
85.3 981.5
86.2 981.4
86.2 981.4
86.5 981.5
85.5 981.3
85.5 981.4
86.0 981.3
85.3 981.2
85.5 981.1
85.8 980.9
85.1 980.9
85.1 981.2
84.9 981.3
84.2 981.1
83.5 980.8
83.3 981.2
83.1 981.3
82.8 981.5
82.8 981.7
82.6 981.4
82.0 981.6
81.1 981.7
80.2 981.9
79.3 981.7
78.6 982.0
77.7 982.3
77.5 982.7
77.0 983.3
77.9 983.7
78.1 983.8
76.5 984.1
75.7 984.1
75.4 984.4
74.7 984.8
73.8 984.8
73.9 984.8
74.8 984.8
73.2 985.1
72.3 984.7
71.2 984.7
70.0 984.5
69.6 984.4
69.1 984.4
68.9 984.3
69.3 984.4
70.9 984.5
70.9 984.5
70.9 984.5
70.9 984.5
70.5 984.5
70.9 984.5
69.8 984.2
70.0 984.1
70.0 984.1
70.0 984.1
71.6 984.0
71.2 984.3
71.1 984.3
71.1 984.4
70.5 984.2
71.1 984.2
71.2 984.1
71.6 984.2
72.3 984.4
72.7 984.5
73.0 984.7
73.4 984.8
73.4 984.9
74.1 985.1
74.7 985.1
75.4 985.1
76.1 985.1
76.6 985.2
77.4 985.3
77.7 985.5
78.1 985.4
78.6 985.5
79.3 985.4
79.2 985.4
80.2 985.3
81.5 985.3
82.2 985.2
82.9 985.1
84.4 984.9
85.6 984.8
85.5 984.8
85.6 984.8
86.2 984.8
86.0 984.6
86.0 984.7
86.2 984.5
85.8 984.5
86.5 984.3
85.8 984.2
86.0 984.3
86.4 984.3
86.4 984.1
86.0 983.9
86.5 983.8
85.8 983.4
85.6 983.5
85.8 983.0
87.4 982.4
87.4 982.5
86.5 982.1
85.6 981.3
85.1 981.7
83.8 981.5
82.9 981.2
82.4 981.5
82.2 981.0
82.0 980.4
82.0 982.8
81.7 983.1
79.9 983.1
79.3 982.5
77.5 982.3
77.2 981.8
77.2 981.6
77.9 982.0
77.9 982.1
77.0 982.3
76.1 982.3
74.8 982.4
73.9 982.4
73.0 982.5
72.5 982.8
71.8 983.1
71.4 983.3
71.6 983.1
71.6 983.1
71.6 983.3
71.6 983.5
71.6 983.4
72.0 983.5
72.5 983.3
72.3 983.1
72.3 983.0
72.1 983.0
72.1 983.1
72.1 983.1
71.6 983.0
71.4 982.8
71.4 982.6
71.6 982.5
72.5 982.5
72.9 982.1
72.9 982.0
72.7 982.0
72.5 981.9
72.7 982.0
72.9 981.9
73.2 981.8
73.4 981.9
73.8 982.0
73.9 982.3
74.1 982.2
74.1 982.1
74.1 982.1
74.7 982.3
75.0 982.7
75.2 982.9
75.2 983.1
75.2 983.4
75.2 983.5
74.8 983.6
74.3 983.9
73.8 984.2
73.8 984.4
73.8 984.3
74.1 984.2
74.5 984.2
74.8 984.1
74.8 984.1
75.7 983.8
75.6 983.8
76.1 983.7
76.5 983.5
76.6 983.6
76.8 983.5
77.5 983.0
78.3 983.0
78.1 983.3
78.3 983.3
78.3 983.1
77.5 982.9
79.5 982.6
81.0 982.2
81.3 982.1
81.0 982.3
81.9 982.0
83.5 981.8
82.2 982.0
81.3 982.0
81.0 982.0
81.3 981.9
82.0 981.7
82.0 981.7
81.9 981.3
82.0 980.6
82.8 980.0
81.3 979.9
80.8 979.6
80.4 979.6
79.7 980.0
79.3 979.3
79.2 978.8
79.7 978.3
79.7 978.3
79.7 978.6
79.3 978.9
78.6 979.5
77.4 979.5
76.6 981.6
76.1 982.2
75.6 982.6
75.0 982.5
74.5 982.3
74.5 982.4
74.5 983.4
74.3 984.3
74.3 984.7
74.3 982.1
75.0 980.4
75.2 980.3
75.9 980.2
75.7 979.6
75.7 979.1
75.6 979.5
75.6 979.6
75.6 978.9
75.6 979.8
75.6 979.9
75.0 979.9
75.0 979.6
74.8 980.0
74.7 979.7
74.7 979.2
74.3 979.3
74.1 978.8
73.6 978.9
73.6 978.8
73.4 978.7
73.4 978.8
73.4 978.7
73.6 978.8
73.6 978.8
73.9 978.8
74.3 978.7
74.3 978.7
74.1 978.7
73.9 978.9
73.9 979.1
74.1 979.0
74.1 978.9
74.1 979.1
74.5 979.2
74.5 979.1
74.8 979.4
75.0 979.2
75.2 979.3
75.4 979.3
75.6 979.1
76.8 979.1
76.6 979.2
76.6 979.5
76.3 979.6
76.3 979.3
76.6 979.2
77.0 979.2
77.2 979.9
77.2 980.2
76.8 979.6
76.6 979.2
76.8 978.6
77.7 978.6
78.1 978.6
78.4 978.5
77.9 978.5
78.1 978.5
77.4 978.8
76.8 978.5
77.2 978.6
77.5 978.3
79.7 977.8
80.8 977.7
80.6 977.3
81.5 977.1
80.8 977.0
80.4 976.6
80.8 976.2
80.2 975.8
81.0 975.5
80.2 975.2
80.2 975.2
81.3 974.9
81.7 974.8
81.9 974.6
81.5 974.3
81.3 974.3
81.1 974.0
81.3 973.9
81.1 974.3
80.8 974.6
80.6 974.9
79.7 974.3
79.5 974.5
80.2 974.6
79.5 974.3
79.5 974.8
79.5 974.8
79.3 975.2
79.3 975.6
79.2 975.8
78.8 975.4
78.6 975.8
78.4 975.7
78.1 976.0
78.1 976.2
78.1 976.6
77.9 976.6
77.9 976.7
77.7 976.7
77.5 976.8
77.4 976.5
77.5 976.7
77.5 977.0
77.5 977.3
77.2 977.4
77.0 977.3
76.6 977.3
76.1 977.3
75.7 976.8
74.8 976.8
73.2 977.4
71.6 977.5
71.1 977.4
70.3 977.4
70.0 977.4
69.6 977.4
68.9 977.1
68.5 977.1
68.4 977.3
68.4 977.4
68.7 977.6
69.1 977.8
69.4 977.9
69.4 978.1
69.8 978.3
70.2 978.5
70.3 978.8
70.0 979.2
69.6 979.6
69.4 980.0
69.1 980.4
68.5 980.7
68.2 981.0
68.0 981.3
68.2 981.7
68.5 981.8
68.9 982.0
69.4 982.2
69.6 982.4
70.2 982.7
71.2 982.9
70.9 983.0
71.6 983.2
72.0 983.3
72.3 983.4
73.4 983.5
74.3 983.7
74.1 983.9
74.5 984.1
76.5 984.2
77.0 984.3
77.7 984.3
77.4 984.3
77.0 984.5
77.7 984.5
78.1 984.5
77.5 984.6
77.5 984.7
78.8 984.8
78.3 984.9
79.2 984.9
78.6 984.9
79.3 985.1
78.8 985.1
79.3 985.0
79.0 984.9
79.2 984.8
79.5 984.7
79.2 984.6
79.5 984.7
79.2 984.7
79.2 984.7
79.2 984.8
79.2 984.8
78.8 984.8
78.6 984.8
78.1 984.8
77.7 984.8
76.6 984.9
75.0 985.1
73.4 985.2
72.0 985.3
69.4 985.6
67.6 985.9
66.6 986.0
65.3 986.2
64.4 986.5
63.5 986.8
63.0 987.0
62.2 987.2
61.7 987.3
61.9 987.3
61.0 987.4
60.8 987.6
61.2 987.4
60.8 987.5
60.3 987.5
62.2 987.6
66.4 987.6
66.4 987.6
64.8 987.4
61.5 987.3
60.1 987.4
60.1 987.2
62.2 987.2
62.8 987.0
63.0 987.0
63.7 986.8
63.7 986.7
62.2 986.8
61.7 986.8
59.0 986.8
58.6 986.9
58.1 987.1
59.2 987.1
58.3 987.2
57.2 987.4
56.7 987.4
58.3 987.4
57.2 987.4
57.2 987.4
59.9 987.6
63.3 987.7
60.3 987.9
61.7 988.0
65.3 988.3
65.3 988.4
65.5 988.7
65.5 989.0
66.9 989.3
67.8 989.3
69.6 989.5
70.9 989.5
71.2 989.7
71.8 989.7
73.2 989.8
73.8 989.9
74.8 990.2
75.7 990.2
77.0 990.2
78.1 990.2
78.8 990.3
79.3 990.4
79.7 990.3
80.4 990.2
80.4 990.1
80.8 989.8
81.5 989.7
82.4 989.6
83.5 989.4
83.5 989.3
84.4 988.9
84.9 988.8
85.5 988.5
86.4 988.5
86.0 988.4
86.5 988.3
86.4 988.1
86.2 988.0
86.7 987.7
86.2 987.6
86.7 987.3
86.5 987.0
86.4 987.0
86.2 986.9
85.6 986.8
85.8 986.8
85.8 986.7
85.6 986.7
85.5 986.7
84.9 986.6
84.6 986.7
84.4 986.8
83.5 986.8
82.6 986.9
81.1 986.9
79.2 987.0
77.9 987.0
76.5 987.2
74.8 987.2
73.4 987.3
74.5 987.3
74.3 987.4
71.6 987.7
72.0 987.8
70.5 988.0
70.0 988.2
71.4 988.3
71.4 988.4
71.1 988.4
71.2 988.3
70.3 988.3
70.5 988.3
69.8 988.2
69.6 988.1
69.8 988.0
69.1 987.8
69.3 987.7
69.1 987.7
69.4 987.4
69.6 987.3
69.3 987.3
69.6 987.0
69.3 987.2
68.5 987.2
67.5 987.3
66.6 987.5
65.8 987.6
65.3 987.7
65.3 987.8
65.5 988.0
66.0 988.0
66.0 988.1
65.5 988.4
65.1 988.4
64.8 988.4
64.6 988.5
64.4 988.5
64.8 988.5
65.5 988.7
65.7 988.8
66.6 989.0
67.6 989.3
68.7 989.4
69.6 989.5
70.3 989.5
71.2 989.7
72.3 989.7
73.0 989.7
74.1 989.6
76.1 989.5
76.8 989.4
78.1 989.4
78.1 989.5
79.7 989.7
77.7 989.8
76.8 989.5
76.5 989.8
76.3 989.9
75.9 990.2
76.3 990.1
76.3 989.6
75.9 989.9
75.9 989.7
75.7 990.1
75.2 989.9
74.8 990.1
73.9 990.1
73.8 990.9
73.8 990.8
74.3 989.6
76.5 989.9
79.0 988.9
80.6 988.4
81.1 988.3
82.4 988.3
83.3 988.7
84.2 988.4
82.2 988.4
81.3 988.6
81.0 988.6
80.1 988.4
79.0 988.3
78.4 988.3
77.7 988.3
77.0 988.0
76.8 988.4
77.2 989.4
77.0 988.1
76.5 987.0
75.9 986.1
76.1 986.0
75.9 986.5
75.0 987.3
73.9 987.9
73.4 988.0
73.0 988.7
72.7 989.2
72.0 989.3
71.2 989.1
71.1 989.3
71.1 989.1
71.4 988.6
70.9 988.1
71.2 988.1
70.9 987.8
70.7 988.0
70.5 987.7
70.2 988.0
70.0 987.9
69.8 988.1
69.8 988.1
70.2 988.1
69.8 988.1
69.6 988.0
69.8 988.0
69.8 988.0
69.4 988.0
69.3 987.8
69.1 988.0
68.9 987.8
68.7 987.7
68.4 987.7
68.4 987.7
68.9 987.4
68.7 987.3
68.7 987.3
68.5 987.3
68.7 987.6
68.4 987.5
68.0 987.4
67.8 987.5
67.6 987.6
67.5 987.6
67.3 987.8
67.8 988.1
68.0 988.2
68.5 988.5
68.9 988.4
70.0 988.4
70.9 988.4
72.1 988.5
73.2 988.5
74.7 988.7
75.7 988.7
75.9 988.9
77.0 989.1
78.1 989.1
79.3 989.1
79.9 989.3
81.3 989.3
82.2 989.3
82.4 989.3
83.5 989.3
83.5 989.1
84.7 988.9
85.5 988.7
86.0 988.6
86.4 988.4
87.4 988.3
87.4 988.2
88.3 988.0
89.4 987.9
89.1 987.8
89.6 987.8
89.8 987.7
90.1 987.6
90.3 987.3
89.4 987.3
90.0 987.2
91.2 986.8
90.7 986.6
90.9 986.5
90.0 986.4
90.9 986.3
90.7 986.0
90.7 985.9
90.5 985.7
90.0 985.5
89.8 985.3
90.0 985.1
89.4 984.9
89.2 984.8
88.9 984.8
88.5 984.6
87.8 984.7
87.1 984.8
86.0 984.7
84.6 984.8
83.5 984.9
82.9 985.1
82.6 985.1
82.0 985.2
81.9 985.1
81.5 985.2
81.5 985.5
81.0 985.5
81.0 985.7
80.4 985.9
79.9 985.9
79.7 986.1
79.5 986.0
79.5 986.2
79.3 986.2
79.3 986.3
79.0 986.3
78.8 986.1
78.6 986.0
78.4 985.8
77.9 985.6
77.7 985.6
77.5 985.8
77.7 985.8
77.5 986.0
77.2 985.8
77.0 985.6
76.6 985.5
76.6 985.4
76.5 985.3
76.3 985.1
75.9 984.8
75.7 984.7
75.4 984.9
75.2 985.4
74.8 985.7
74.1 985.8
73.9 985.9
73.4 986.0
73.0 986.1
73.2 986.0
73.2 986.2
73.4 986.3
73.8 986.3
74.3 986.4
75.0 986.4
75.6 986.9
75.9 986.8
76.1 986.8
76.5 986.4
77.0 986.8
77.2 987.4
77.5 987.4
78.4 987.0
79.2 986.9
79.9 987.3
80.1 987.8
79.9 988.3
80.1 988.5
80.2 988.9
80.2 989.1
79.7 989.3
79.5 989.1
79.7 989.2
79.9 988.9
81.5 988.6
80.8 988.4
82.0 988.1
83.8 987.7
84.6 987.2
85.3 986.8
85.5 986.5
85.8 986.4
86.5 986.4
86.9 986.3
87.6 986.2
87.1 986.1
88.7 985.6
87.6 985.6
88.9 985.4
88.2 985.4
87.6 985.3
87.8 985.3
88.0 985.2
88.3 985.1
88.9 984.8
88.5 984.5
88.3 984.4
88.2 984.2
88.2 984.3
87.8 984.2
87.4 984.1
86.9 984.2
86.4 984.3
85.5 984.4
84.6 984.5
83.7 984.8
83.1 984.8
82.2 985.0
81.5 985.1
80.6 985.2
80.1 985.2
79.3 985.2
79.5 985.2
79.7 985.5
79.9 985.9
79.9 985.9
79.9 986.0
80.4 986.2
80.4 986.3
79.9 986.7
79.5 987.1
79.3 987.0
78.6 986.8
78.3 986.9
77.5 986.9
77.5 987.1
77.7 987.3
77.5 987.7
77.4 987.7
77.0 987.4
77.0 987.2
77.0 986.9
77.0 986.8
77.0 987.4
77.0 987.6
77.0 987.4
76.8 987.0
76.6 987.0
76.5 986.9
76.6 987.1
76.5 986.8
76.1 986.7
76.1 986.3
75.7 986.2
75.6 986.1
75.4 985.9
75.7 985.8
75.6 985.8
75.6 985.7
75.9 985.9
76.5 985.6
77.2 985.9
77.0 986.2
76.8 986.6
77.0 986.9
77.5 987.1
78.3 987.4
78.1 987.3
78.3 987.3
79.0 987.5
80.4 987.1
79.9 987.4
80.2 987.4
81.3 987.4
81.9 987.4
82.9 987.6
83.8 987.8
84.7 987.8
84.7 987.7
84.7 987.9
85.3 988.0
85.3 987.8
86.5 987.7
86.5 987.6
87.6 987.6
87.3 987.6
88.3 987.3
89.2 987.2
89.1 987.1
89.6 986.8
89.4 986.6
90.0 986.5
90.5 986.4
90.7 985.9
90.7 985.8
91.4 985.4
91.6 985.2
91.8 985.1
91.4 985.1
91.8 984.9
91.2 984.8
91.6 984.7
91.6 984.5
91.2 984.0
90.5 983.8
89.8 983.5
88.9 983.8
87.6 983.8
86.7 983.8
86.2 983.7
85.6 984.0
85.1 984.4
84.6 984.7
83.7 984.7
83.3 984.8
83.5 985.5
82.6 985.5
82.2 985.1
81.7 984.8
81.5 985.1
81.7 984.9
81.9 984.3
82.0 984.2
82.4 984.8
82.2 985.5
81.7 985.3
81.5 985.4
81.3 985.5
81.0 985.8
80.6 985.6
80.6 985.5
80.2 985.1
75.9 986.9
68.5 986.8
66.4 987.3
65.3 987.3
65.3 987.8
65.8 987.0
66.4 987.3
66.7 987.8
66.7 988.0
66.7 987.8
66.7 987.4
66.7 986.9
66.9 987.6
66.6 987.7
66.2 988.4
66.0 988.4
65.7 988.0
65.3 987.4
64.9 986.6
64.9 986.9
64.8 986.0
64.9 985.9
64.9 986.3
64.9 984.8
65.1 982.6
65.3 981.7
66.2 982.4
66.6 983.0
67.1 984.0
67.6 986.3
67.5 987.1
67.1 987.6
67.5 987.3
67.8 987.6
68.5 987.7
68.5 988.0
68.7 988.0
68.4 987.8
68.2 987.7
68.2 987.3
68.5 986.4
69.1 986.3
70.0 986.5
70.2 987.9
71.1 988.0
71.4 987.6
72.0 987.2
72.9 987.1
73.0 987.0
73.8 986.8
73.9 986.6
73.2 986.2
73.8 986.7
74.5 986.8
74.1 987.2
74.8 987.4
74.7 987.0
74.5 988.0
73.4 988.3
72.9 988.4
72.5 987.8
71.8 986.6
71.1 985.3
70.7 984.2
70.2 985.9
70.0 987.0
69.8 987.2
69.6 986.8
69.6 987.2
69.6 987.0
69.8 987.2
69.4 987.2
68.9 985.7
68.7 986.0
68.4 986.7
68.2 985.2
68.4 986.6
68.2 988.2
68.2 988.1
68.4 986.9
68.0 986.1
68.0 987.6
67.8 985.6
67.6 986.7
67.5 987.4
67.3 987.7
67.5 987.8
67.3 987.6
67.3 987.2
67.3 987.7
67.3 987.8
67.1 987.3
67.1 987.2
67.1 986.9
66.9 987.4
66.9 987.4
66.9 987.4
66.9 987.4
66.7 987.4
66.6 987.2
66.9 986.8
67.3 986.9
67.6 987.0
67.6 987.0
67.8 987.0
67.8 986.8
67.8 987.0
67.6 987.3
67.5 987.7
67.3 988.0
67.3 988.0
67.1 988.0
67.1 988.0
66.7 987.4
66.6 987.7
66.2 988.0
66.2 988.2
66.4 988.4
66.7 988.3
66.7 988.4
66.7 988.5
66.9 988.7
67.1 988.8
67.6 989.1
67.8 989.2
68.2 989.5
68.7 989.6
69.3 989.8
70.2 989.9
70.0 989.8
70.5 990.2
70.9 990.3
71.2 990.3
71.6 990.3
71.6 990.6
72.3 990.7
72.7 990.9
73.2 990.9
73.8 990.9
72.3 991.0
73.4 991.1
71.8 991.5
71.1 991.5
71.2 991.5
71.4 991.6
71.8 991.4
72.0 991.4
72.7 991.2
73.9 991.3
74.3 991.0
74.3 990.9
74.7 990.8
76.3 990.5
76.8 990.3
76.6 990.1
77.5 990.0
78.1 989.9
78.4 989.8
78.1 989.7
77.0 989.8
77.4 989.7
77.5 989.5
78.3 989.5
77.7 989.4
77.2 989.5
77.4 989.3
77.0 989.3
76.6 989.3
75.7 989.4
75.0 989.7
74.1 990.0
72.7 990.2
72.1 990.2
71.6 990.3
71.6 990.5
70.9 990.6
70.3 990.8
69.4 990.8
68.5 990.9
68.2 991.0
68.0 991.2
68.2 991.3
68.4 991.3
67.8 991.4
67.5 991.4
67.3 991.4
67.1 991.3
67.5 991.5
67.1 991.5
67.5 991.0
67.3 991.2
67.1 991.5
66.7 991.8
66.6 991.8
66.4 992.2
66.0 992.2
65.5 992.0
65.3 992.2
65.1 992.0
64.9 991.8
64.8 992.0
64.4 992.0
64.2 991.6
64.2 991.8
64.0 991.9
63.9 992.2
63.5 992.3
63.5 992.3
63.3 992.1
63.1 992.1
63.1 992.0
63.1 992.2
63.0 992.0
63.0 992.2
63.1 992.0
63.3 992.0
63.5 992.0
63.5 991.9
63.7 991.8
64.2 992.3
64.4 992.0
64.6 992.2
65.1 992.4
66.0 992.3
66.2 992.2
66.7 992.2
68.0 992.4
68.9 992.8
69.8 992.8
70.7 992.6
70.9 992.2
72.7 992.6
73.6 992.4
73.6 992.4
75.0 992.7
75.2 992.9
74.3 993.5
74.5 993.5
74.5 993.5
75.0 993.0
75.4 993.0
75.6 992.8
76.3 992.6
75.6 992.2
77.5 992.1
77.4 992.0
78.3 991.8
78.3 991.8
79.0 991.8
78.3 991.7
78.3 991.5
78.3 991.2
77.9 991.1
79.3 991.0
79.0 990.5
77.9 990.4
79.9 989.9
78.6 989.8
79.3 989.6
78.6 989.6
76.3 989.4
75.9 989.3
75.0 989.0
75.2 988.8
73.9 988.7
73.6 988.5
72.9 988.6
72.0 988.5
71.2 988.5
70.3 988.7
69.6 988.8
68.9 988.8
68.9 988.8
68.9 989.0
68.5 989.1
68.2 989.5
67.8 989.9
67.8 990.3
67.3 989.9
67.5 990.3
67.1 990.2
66.7 989.9
66.6 989.7
66.9 990.1
66.7 990.6
66.4 990.5
66.2 990.5
65.8 990.4
65.1 990.2
64.9 990.1
64.8 989.9
64.6 989.5
64.9 989.2
64.8 989.4
64.4 989.5
64.4 989.6
64.2 989.7
64.2 989.9
64.0 989.8
63.9 990.1
64.2 990.0
64.6 990.3
64.8 990.1
64.8 990.6
64.9 990.8
64.9 991.0
65.3 991.2
65.3 991.0
65.5 990.9
65.3 991.0
65.7 991.3
65.7 991.6
66.0 991.8
67.1 991.8
68.0 991.8
68.4 991.6
68.4 991.0
69.1 991.3
68.9 991.3
69.3 991.4
70.3 990.6
70.9 990.5
72.7 990.5
73.6 990.4
73.8 990.3
74.1 990.3
73.8 990.2
74.1 990.2
75.0 990.2
74.8 990.2
75.9 990.6
78.1 991.2
78.6 991.2
78.1 991.2
79.7 991.0
81.5 990.9
81.0 990.7
82.4 990.5
82.4 990.6
82.9 989.8
83.5 989.8
83.8 989.6
84.2 989.3
82.9 988.4
83.7 989.5
75.9 990.0
76.8 990.1
77.5 989.8
77.7 989.8
78.1 989.7
78.1 989.7
79.0 989.7
78.8 989.3
79.3 989.1
78.4 989.0
78.3 988.9
78.3 988.9
78.3 988.8
77.9 988.9
77.7 989.1
76.8 989.3
76.1 989.4
75.6 989.4
74.8 989.3
74.1 989.5
74.1 989.7
74.1 989.9
74.1 989.9
73.4 990.1
73.0 990.2
73.4 990.3
72.5 990.4
71.8 990.3
71.2 990.3
70.9 991.0
70.5 990.9
69.6 991.2
68.5 991.5
68.2 991.6
68.0 991.2
67.8 991.4
67.5 991.2
67.3 991.0
67.1 991.0
66.6 991.1
65.8 991.6
64.9 993.1
64.0 991.2
63.5 991.8
63.0 991.7
62.8 991.8
62.6 992.2
62.4 991.0
62.2 990.0
62.2 990.3
62.2 990.5
62.2 991.2
62.1 991.1
62.2 991.2
62.2 991.3
62.2 991.4
62.1 991.4
62.2 991.8
62.2 991.5
62.2 991.8
62.2 991.5
62.4 991.8
62.6 992.0
62.8 992.1
63.3 992.1
64.0 992.2
64.2 992.5
64.0 992.9
64.6 992.9
66.0 993.0
66.9 992.7
67.6 993.0
68.2 993.0
69.1 993.1
69.8 993.2
70.9 993.2
71.6 993.2
71.8 993.4
72.7 993.4
72.7 993.5
74.1 993.4
73.9 993.2
73.9 993.2
75.4 993.1
75.4 993.0
75.2 992.7
75.4 992.6
75.9 992.2
76.5 992.1
76.8 991.9
76.5 991.8
77.5 991.6
77.5 991.4
76.6 991.3
78.1 991.1
78.4 991.0
79.3 991.0
76.6 990.9
78.3 990.6
79.9 990.4
77.9 990.5
80.2 990.2
79.2 990.3
79.0 990.2
79.3 989.9
78.8 989.8
78.8 989.8
78.4 989.8
78.3 989.8
78.1 989.6
77.4 989.5
76.8 989.5
75.7 989.5
74.5 989.5
72.5 989.6
70.5 989.7
68.9 989.8
67.8 989.8
66.9 990.1
66.6 990.3
66.0 990.5
65.7 990.6
64.9 990.6
64.2 990.8
64.0 990.9
64.4 990.9
64.0 990.9
63.7 991.2
62.8 991.0
62.4 991.0
62.1 991.0
61.7 991.2
61.9 991.2
61.0 991.1
60.8 991.0
60.6 990.9
60.3 990.8
59.9 990.8
59.9 990.7
59.5 990.6
60.3 990.6
59.5 990.7
59.2 990.8
59.0 990.6
58.8 990.6
59.0 990.5
58.5 990.6
58.6 990.6
58.5 990.8
58.3 990.8
58.1 990.6
58.5 990.6
58.3 990.7
58.1 990.6
57.7 990.6
57.6 990.6
58.6 990.6
60.1 990.7
61.7 990.8
64.0 990.8
66.7 990.9
68.4 990.9
69.8 991.1
71.1 991.1
72.0 991.2
72.9 991.2
73.2 991.2
74.5 991.0
75.4 991.0
76.3 990.9
76.6 991.0
77.0 991.0
77.5 990.7
78.3 990.7
78.8 990.7
79.0 990.7
79.0 990.6
79.3 990.5
80.2 990.3
80.4 990.1
81.0 989.8
80.4 989.5
81.0 989.3
81.1 988.9
81.7 988.9
81.9 988.7
82.2 988.5
82.8 988.4
82.6 988.2
82.9 988.0
82.8 987.8
82.6 987.7
83.3 987.6
83.1 987.4
83.7 987.3
84.0 987.0
83.1 986.9
84.2 986.8
84.6 986.8
84.0 986.6
83.3 986.6
83.8 986.5
83.7 986.3
84.0 986.1
83.8 986.1
82.9 986.0
82.0 986.0
81.3 986.0
80.4 986.0
78.3 986.0
75.9 986.1
73.9 986.2
72.5 986.2
73.8 986.2
73.6 986.3
72.9 986.4
72.7 986.4
72.0 986.6
72.3 986.7
71.6 986.8
72.0 986.8
72.0 986.8
71.4 987.0
71.1 986.9
70.7 986.8