11.9 0.01
11.4 0.01
10.6 0.01
11.1 0.01
11.5 0.01
12.1 0.01
12.0 0.01
12.8 0.03
13.7 0.06
15.3 0.07
16.9 0.18
19.3 0.23
22.9 0.32
26.3 0.56
26.9 0.51
26.4 0.33
26.5 0.49
27.2 0.44
26.0 0.22
20.0 0.08
17.6 0.02
16.8 0.01
16.3 0.01
15.8 0.01
15.4 0.01
15.1 0.01
15.0 0.01
14.8 0.00
14.8 0.00
15.1 0.01
15.4 0.01
15.4 0.01
15.6 0.05
16.2 0.06
17.6 0.18
19.4 0.26
20.7 0.33
21.4 0.32
22.8 0.48
23.6 0.42
23.2 0.17
18.4 0.08
16.7 0.08
17.6 0.08
17.2 0.03
16.6 0.00
16.1 0.00
16.1 0.01
15.9 0.01
15.4 0.00
15.2 0.00
14.9 0.00
14.8 0.00
14.8 0.00
14.8 0.00
14.7 0.01
14.8 0.03
15.2 0.06
15.7 0.06
15.9 0.07
16.0 0.09
16.2 0.11
14.7 0.06
12.4 0.05
12.3 0.08
12.8 0.10
13.0 0.06
13.0 0.04
12.9 0.02
12.8 0.01
12.8 0.00
12.7 0.00
12.7 0.00
12.6 0.00
12.4 0.01
10.8 0.01
10.2 0.00
10.2 0.01
10.4 0.00
10.8 0.00
11.0 0.01
11.5 0.04
12.8 0.09
14.1 0.12
15.6 0.19
17.2 0.23
17.7 0.16
17.6 0.13
18.4 0.17
19.1 0.17
19.4 0.15
18.4 0.15
15.9 0.05
11.6 0.01
10.7 0.00
10.1 0.00
9.8 0.00
9.8 0.00
9.6 0.00
8.9 0.00
8.5 0.00
8.7 0.00
8.7 0.00
8.6 0.01
8.9 0.05
10.6 0.09
13.6 0.18
16.2 0.36
19.7 0.49
20.7 0.46
20.3 0.22
21.6 0.54
22.0 0.26
22.1 0.20
21.9 0.16
17.6 0.09
12.7 0.04
12.0 0.01
11.5 0.00
11.5 0.01
11.7 0.00
11.8 0.01
11.8 0.01
11.1 0.01
10.9 0.01
10.9 0.01
10.4 0.01
10.3 0.01
10.2 0.04
11.2 0.08
12.3 0.13
13.9 0.24
14.9 0.20
14.8 0.15
13.9 0.09
13.0 0.13
12.0 0.10
11.7 0.06
11.3 0.03
11.3 0.02
11.4 0.02
11.7 0.00
11.8 0.00
11.8 0.00
11.6 0.00
10.8 0.00
11.0 0.00
11.3 0.00
11.2 0.00
10.9 0.00
10.6 0.00
10.8 0.01
11.8 0.05
12.7 0.09
14.0 0.18
16.0 0.31
17.3 0.29
18.2 0.38
19.5 0.55
20.9 0.55
22.2 0.53
22.8 0.36
22.7 0.26
22.4 0.13
20.7 0.04
17.6 0.01
15.4 0.00
13.8 0.00
12.5 0.00
11.7 0.00
11.2 0.00
10.7 0.00
9.9 0.00
9.3 0.00
9.1 0.00
9.1 0.01
9.8 0.03
11.7 0.10
14.3 0.24
16.8 0.38
19.2 0.49
19.6 0.45
20.0 0.34
21.1 0.47
21.8 0.49
20.0 0.25
19.1 0.30
17.1 0.17
14.7 0.08
12.3 0.04
10.9 0.03
10.3 0.04
9.3 0.04
8.4 0.03
7.0 0.02
5.8 0.01
4.7 0.00
4.1 0.00
3.7 0.00
3.4 0.01
4.3 0.03
6.5 0.10
9.9 0.28
11.3 0.32
12.3 0.34
13.6 0.42
14.3 0.43
15.3 0.44
16.4 0.50
17.1 0.42
17.2 0.30
16.4 0.18
14.4 0.09
12.1 0.02
9.3 0.01
7.3 0.01
5.4 0.00
4.2 0.00
2.8 0.00
1.9 0.00
1.3 0.00
0.8 0.00
0.5 0.00
0.3 0.00
1.6 0.02
6.2 0.08
12.6 0.27
16.3 0.40
18.8 0.50
20.2 0.56
21.0 0.59
21.8 0.57
23.3 0.54
24.0 0.43
24.2 0.31
23.8 0.16
21.9 0.10
19.2 0.02
16.3 0.02
14.7 0.01
13.1 0.00
11.6 0.00
10.5 0.00
9.0 0.00
8.2 0.00
7.6 0.00
7.0 0.00
6.8 0.01
7.4 0.03
10.7 0.08
15.9 0.28
19.7 0.41
22.3 0.52
23.8 0.58
23.9 0.60
25.0 0.59
25.7 0.55
26.6 0.40
26.1 0.32
25.3 0.18
23.4 0.12
21.2 0.06
17.5 0.03
15.2 0.01
13.5 0.00
12.2 0.00
11.1 0.00
10.7 0.00
10.8 0.00
10.3 0.00
10.2 0.00
9.5 0.01
9.6 0.05
12.1 0.10
18.2 0.25
22.4 0.46
24.4 0.46
24.7 0.33
24.3 0.24
23.9 0.22
23.8 0.22
22.5 0.15
21.0 0.08
19.1 0.05
17.8 0.01
17.6 0.01
17.4 0.01
17.4 0.02
17.4 0.02
17.6 0.02
17.8 0.02
17.8 0.02
17.5 0.03
17.0 0.02
16.9 0.02
16.9 0.02
17.1 0.03
17.5 0.08
18.6 0.16
19.6 0.19
20.2 0.20
20.5 0.19
20.5 0.19
20.7 0.19
20.7 0.18
20.7 0.24
21.9 0.23
21.2 0.13
20.4 0.08
19.6 0.02
19.0 0.01
18.4 0.02
17.9 0.03
17.3 0.02
16.3 0.00
15.2 0.00
13.9 0.00
13.2 0.00
13.5 0.00
13.9 0.01
14.7 0.04
15.6 0.08
16.9 0.13
19.6 0.35
21.4 0.30
22.1 0.27
22.6 0.32
22.1 0.27
23.7 0.32
22.4 0.13
22.8 0.26
23.7 0.14
21.4 0.02
19.7 0.03
18.2 0.02
16.6 0.00
15.9 0.00
15.0 0.00
15.0 0.00
15.4 0.00
15.3 0.00
15.4 0.00
15.0 0.00
14.9 0.02
15.8 0.04
16.6 0.09
18.7 0.29
21.6 0.42
23.9 0.54
24.8 0.41
26.4 0.54
27.5 0.48
28.9 0.60
29.2 0.35
28.8 0.31
29.0 0.18
27.1 0.07
25.2 0.02
22.5 0.01
22.3 0.02
22.8 0.02
22.1 0.02
21.6 0.00
22.0 0.00
21.6 0.01
21.8 0.02
21.7 0.02
21.6 0.04
21.9 0.07
22.6 0.14
24.2 0.27
25.6 0.32
26.4 0.39
26.6 0.34
26.1 0.26
25.9 0.25
25.6 0.31
24.6 0.31
25.5 0.34
25.0 0.19
23.3 0.11
22.3 0.05
21.2 0.03
20.9 0.03
20.7 0.04
17.7 0.02
17.3 0.03
18.0 0.04
18.6 0.05
17.6 0.03
17.3 0.03
17.1 0.04
17.3 0.07
18.4 0.15
19.8 0.18
20.2 0.28
21.9 0.42
22.1 0.35
21.8 0.39
22.5 0.36
22.6 0.40
20.9 0.22
19.6 0.16
18.5 0.13
17.8 0.09
17.3 0.06
16.8 0.05
16.6 0.04
16.1 0.04
15.7 0.03
15.4 0.04
15.1 0.03
14.8 0.03
14.6 0.03
14.3 0.02
14.3 0.02
14.7 0.09
15.9 0.16
17.7 0.29
19.1 0.43
19.7 0.41
20.1 0.37
20.0 0.34
20.5 0.31
20.5 0.26
20.6 0.24
20.4 0.19
20.0 0.13
19.3 0.09
17.8 0.02
15.4 0.00
13.2 0.00
11.8 0.00
10.8 0.00
10.5 0.00
9.7 0.00
8.8 0.00
8.2 0.00
7.5 0.00
7.2 0.01
8.4 0.03
9.7 0.07
11.7 0.15
13.5 0.18
14.4 0.22
15.5 0.35
16.0 0.39
17.6 0.49
18.6 0.45
19.1 0.41
19.0 0.30
18.7 0.18
16.6 0.08
15.1 0.04
12.6 0.02
10.1 0.00
9.1 0.00
8.5 0.00
7.8 0.00
7.1 0.00
6.5 0.00
5.9 0.00
5.7 0.00
5.7 0.02
7.6 0.06
9.6 0.11
11.2 0.12
12.1 0.14
13.7 0.21
15.5 0.29
16.9 0.35
16.6 0.19
17.1 0.20
17.4 0.18
16.4 0.08
14.1 0.04
13.6 0.02
13.4 0.02
13.1 0.02
13.4 0.04
13.7 0.04
14.0 0.04
14.3 0.05
14.8 0.02
14.2 0.01
13.2 0.01
13.5 0.00
13.7 0.01
14.1 0.03
14.6 0.08
16.2 0.16
19.2 0.24
20.4 0.31
21.4 0.28
21.4 0.23
18.8 0.06
15.8 0.09
17.5 0.22
17.1 0.10
16.2 0.08
14.8 0.05
14.6 0.03
13.4 0.02
13.1 0.02
13.0 0.01
12.3 0.02
11.7 0.02
11.1 0.01
10.4 0.02
9.9 0.01
9.5 0.01
9.3 0.01
9.5 0.03
9.6 0.04
10.1 0.08
10.8 0.13
10.6 0.10
10.6 0.12
10.6 0.12
11.0 0.13
11.3 0.12
11.4 0.12
11.8 0.10
11.1 0.06
10.6 0.03
10.2 0.01
9.9 0.01
9.7 0.01
9.6 0.00
9.1 0.01
8.5 0.01
8.4 0.01
8.0 0.01
7.6 0.01
7.4 0.01
7.0 0.02
7.4 0.05
8.5 0.11
10.0 0.14
10.4 0.17
10.8 0.20
12.2 0.34
13.1 0.27
13.9 0.32
13.7 0.22
13.4 0.15
13.0 0.11
12.0 0.08
12.1 0.07
10.8 0.02
8.5 0.00
7.2 0.00
6.2 0.00
5.5 0.00
4.9 0.00
5.1 0.00
4.9 0.00
4.2 0.00
4.1 0.00
4.7 0.01
6.2 0.03
7.8 0.07
10.5 0.20
12.3 0.20
14.0 0.32
15.1 0.38
15.9 0.37
16.2 0.36
17.3 0.35
17.5 0.33
17.5 0.25
16.3 0.15
15.3 0.10
13.7 0.04
10.7 0.02
8.3 0.00
7.0 0.00
6.0 0.00
5.3 0.00
4.6 0.00
4.6 0.00
5.2 0.00
5.1 0.00
5.1 0.01
5.8 0.04
8.2 0.12
13.0 0.27
16.0 0.39
17.5 0.35
17.6 0.40
17.8 0.28
17.9 0.26
17.6 0.18
17.0 0.15
17.2 0.16
17.0 0.12
16.6 0.07
14.7 0.03
13.2 0.02
11.8 0.01
9.5 0.00
7.6 0.00
6.2 0.00
5.2 0.00
4.6 0.00
4.0 0.00
3.5 0.00
3.4 0.01
4.9 0.02
8.8 0.10
14.4 0.30
16.5 0.41
17.3 0.47
17.9 0.58
18.4 0.54
19.5 0.58
20.7 0.49
21.0 0.42
21.5 0.29
20.3 0.16
19.3 0.11
17.3 0.03
13.8 0.01
12.1 0.00
11.1 0.00
10.5 0.00
9.8 0.00
9.5 0.00
9.5 0.00
9.3 0.00
9.5 0.00
9.6 0.02
10.4 0.05
13.6 0.12
15.8 0.19
17.4 0.28
17.6 0.27
17.1 0.19
17.3 0.21
16.6 0.19
15.8 0.17
13.7 0.11
12.9 0.07
12.7 0.05
12.7 0.04
12.9 0.03
12.6 0.03
12.2 0.02
11.8 0.02
11.5 0.02
11.6 0.02
11.5 0.02
11.2 0.01
11.2 0.01
11.3 0.01
11.4 0.01
11.6 0.03
12.0 0.05
12.5 0.07
13.2 0.08
13.9 0.08
14.3 0.07
15.0 0.09
15.6 0.08
15.7 0.06
15.8 0.04
16.0 0.05
16.3 0.06
16.3 0.03
15.7 0.01
14.9 0.00
14.7 0.00
14.6 0.00
14.5 0.00
14.4 0.00
13.9 0.00
13.0 0.00
13.0 0.00
12.8 0.00
12.9 0.01
13.3 0.04
14.0 0.08
14.9 0.11
16.0 0.16
17.5 0.22
20.0 0.40
20.6 0.29
21.7 0.39
22.4 0.33
21.8 0.19
22.2 0.26
21.8 0.14
20.6 0.07
18.8 0.02
16.2 0.00
14.6 0.00
13.2 0.00
12.1 0.00
12.1 0.00
12.5 0.00
12.5 0.00
12.5 0.00
12.5 0.00
12.4 0.02
12.9 0.06
15.0 0.10
15.8 0.06
16.0 0.07
15.2 0.08
14.8 0.06
14.5 0.11
14.3 0.09
13.9 0.08
13.3 0.04
13.0 0.05
13.3 0.07
13.5 0.04
13.2 0.01
12.6 0.01
12.8 0.01
13.0 0.00
12.9 0.00
13.0 0.00
13.1 0.01
12.9 0.00
12.7 0.00
12.6 0.00
12.3 0.01
12.4 0.05
13.2 0.12
12.8 0.12
12.1 0.14
12.8 0.20
13.2 0.22
13.5 0.30
14.5 0.36
15.3 0.37
15.1 0.32
14.5 0.19
13.9 0.13
13.5 0.11
11.8 0.03
8.7 0.01
6.9 0.00