5.5 28.2
5.3 28.2
5.1 28.3
5.0 28.4
4.9 28.4
4.7 28.5
4.7 28.6
4.6 28.6
4.5 28.7
4.5 29.0
4.4 29.3
4.9 29.8
6.2 29.8
7.3 29.6
8.1 29.6
8.4 29.4
9.1 29.3
9.1 29.2
8.9 29.2
8.7 29.1
8.2 29.1
7.3 29.1
6.8 29.2
6.4 29.1
5.8 29.1
5.4 29.1
5.0 29.0
4.6 29.0
4.2 28.9
3.9 28.8
3.6 28.8
3.4 28.7
3.2 28.6
3.4 28.7
3.8 28.9
4.8 28.8
6.5 28.7
8.1 28.6
9.4 28.4
10.4 28.3
11.0 28.2
11.1 28.1
10.6 28.0
10.0 28.0
9.2 27.9
8.1 27.9
7.2 27.9
6.5 27.9
5.8 27.8
5.3 27.8
4.9 27.7
4.5 27.6
4.2 27.6
3.9 27.6
3.6 27.5
3.4 27.4
3.4 27.4
3.6 27.4
4.2 27.6
5.6 27.6
7.4 27.4
9.3 27.4
11.0 27.2
12.0 27.1
12.6 27.0
12.8 26.8
12.3 26.8
11.6 26.8
10.5 26.8
9.7 26.8
8.9 26.7
8.2 26.7
7.6 26.6
7.0 26.6
6.5 26.6
6.0 26.6
5.6 26.6
5.3 26.6
5.1 26.6
4.8 26.6
4.8 26.6
5.1 26.6
6.1 26.6
7.6 26.5
9.2 26.4
9.5 26.3
9.4 26.3
10.2 26.3
10.9 26.3
11.3 26.2
10.7 26.1
10.3 26.0
9.5 26.1
8.8 26.0
8.3 26.0
7.7 26.0
7.3 26.0
6.9 26.0
6.4 26.0
6.0 26.0
5.8 26.0
5.6 25.9
5.3 25.9
5.1 25.9
5.1 25.9
5.8 25.9
6.8 25.9
8.2 25.9
9.7 25.7
10.6 25.7
11.4 25.6
11.2 25.7
11.2 25.7
10.6 25.7
10.3 25.6
10.0 25.6
9.4 25.6
8.9 25.6
8.5 25.7
8.1 25.7
7.7 25.7
7.2 25.7
6.8 25.7
6.4 25.7
5.9 25.6
5.6 25.6
5.5 25.6
5.4 25.6
5.3 25.8
5.7 25.8
6.1 25.8
6.4 25.8
6.8 25.8
6.8 26.1
6.8 26.4
6.7 27.1
6.2 27.9
6.2 28.2
6.5 28.4
6.2 28.7
5.9 28.8
5.7 28.9
5.4 29.0
5.2 29.0
5.0 29.1
4.9 29.2
4.7 29.2
4.6 29.3
4.5 29.4
4.4 29.4
4.4 29.5
4.4 29.6
4.4 29.6
4.4 29.8
4.4 30.2
4.6 32.0
5.4 31.6
6.5 31.3
6.9 31.3
7.4 31.2
8.3 31.0
9.0 30.8
8.7 30.8
8.3 30.7
7.9 30.7
7.1 30.7
6.5 30.7
5.9 30.7
5.5 30.7
5.1 30.6
4.7 30.5
4.4 30.5
4.2 30.4
3.9 30.4
3.6 30.3
3.5 30.2
3.4 30.2
3.5 30.4
4.1 30.5
5.6 30.3
7.5 30.1
9.3 30.0
10.4 29.9
10.6 29.8
10.8 29.7
10.7 29.6
10.5 29.6
10.3 29.6
9.7 29.6
8.9 29.6
8.2 29.6
7.5 29.6
6.9 29.6
6.4 29.6
5.9 29.6
5.6 29.6
5.3 29.5
5.0 29.5
4.8 29.4
4.6 29.4
4.6 29.4
4.8 29.6
5.7 29.5
7.0 29.4
8.4 29.3
9.8 29.2
10.4 29.1
10.2 29.1
11.2 29.0
11.2 28.9
11.0 28.8
10.4 28.8
9.9 28.8
9.3 28.8
8.6 28.8
7.9 28.8
7.2 28.8
6.7 28.7
6.2 28.7
5.8 28.7
5.5 28.6
5.2 28.6
4.8 28.6
4.6 28.5
4.6 28.5
4.9 28.6
5.8 28.6
7.4 28.4
9.2 28.3
11.0 28.2
12.6 28.0
13.6 27.9
14.4 27.7
14.4 27.6
13.8 27.6
13.3 27.6
12.4 27.4
11.4 27.4
10.4 27.4
9.8 27.4
9.0 27.4
8.4 27.4
7.8 27.4
7.3 27.4
6.9 27.4
6.5 27.3
6.2 27.3
5.9 27.3
5.9 27.3
6.3 27.3
7.3 27.3
8.8 27.2
10.3 27.1
11.6 27.0
12.4 26.8
13.0 26.8
13.5 26.7
13.7 26.5
13.2 26.5
13.0 26.5
12.4 26.5
11.5 26.5
10.8 26.4
10.1 26.4
9.5 26.4
9.0 26.4
8.4 26.3
7.9 26.3
7.5 26.4
7.1 26.3
6.7 26.3
6.4 26.3
6.4 26.3
6.8 26.3
7.7 26.3
9.1 26.2
10.6 26.1
12.4 26.0
13.6 25.8
14.4 25.7
15.0 25.6
15.0 25.5
14.7 25.4
14.5 25.3
13.6 25.3
12.4 25.2
11.5 25.2
10.7 25.3
10.0 25.2
9.4 25.2
8.8 25.2
8.4 25.1
8.0 25.1
7.7 25.1
7.4 25.1
7.2 25.1
7.2 25.1
7.5 25.1
7.9 25.1
8.5 25.1
9.1 25.1
9.8 25.0
10.6 25.0
11.1 25.0
12.4 24.9
13.0 24.8
12.7 24.7
12.8 24.6
12.2 24.6
11.1 24.6
10.1 24.6
9.3 24.5
8.7 24.5
8.1 24.5
7.6 24.4
7.2 24.4
6.8 24.4
6.4 24.4
6.0 24.4
5.8 24.4
5.8 24.4
6.1 24.4
6.9 24.4
8.1 24.3
9.7 24.3
10.6 24.2
10.4 24.2
9.5 24.2
8.8 24.4
8.0 24.9
7.7 25.0
7.4 25.1
7.3 25.2
7.1 25.3
6.8 25.5
6.7 25.6
6.6 25.8
6.5 25.9
6.3 26.0
6.2 26.1
6.1 26.2
6.0 26.3
5.9 26.4
5.8 26.5
5.8 26.6
5.7 26.8
5.6 27.0
5.6 27.4
3.3 30.7
4.9 30.9
6.3 30.4
7.4 30.2
7.8 30.0
7.5 30.0
7.5 29.9
7.2 30.1
6.7 30.2
6.4 30.2
6.1 30.2
6.0 30.2
5.8 30.3
5.7 30.3
5.6 30.3
5.5 30.4
5.4 30.4
5.3 30.5
5.2 30.5
5.2 30.5
5.2 30.6
5.1 30.9
5.4 32.1
6.0 31.8
7.5 31.2
8.1 30.9
8.1 30.8
8.2 30.8
8.5 30.7
8.5 30.6
8.4 30.5
8.3 30.5
8.0 30.5
7.7 30.5
7.3 30.5
6.9 30.5
6.5 30.5
6.1 30.4
5.8 30.4
5.6 30.3
5.4 30.3
5.2 30.3
5.0 30.3
4.9 30.4
5.2 30.3
6.0 30.2
7.5 30.1
8.7 29.9
9.5 29.9
10.1 29.8
10.3 29.7
10.7 29.7
10.9 29.6
11.0 29.6
11.0 29.5
10.4 29.6
9.7 29.5
9.1 29.5
8.4 29.5
8.0 29.5
7.4 29.5
7.1 29.4
6.6 29.4
6.3 29.4
6.1 29.4
5.7 29.4
5.5 29.4
5.4 29.4
5.7 29.4
6.6 29.3
7.9 29.2
8.5 29.1
8.8 29.0
9.2 29.0
9.5 28.9
9.8 28.8
9.4 28.8
9.3 28.8
9.2 28.8
8.8 28.8
8.4 29.0
7.7 29.5
7.3 29.6
7.0 29.7
6.8 29.8
6.6 29.9
6.3 30.0
6.0 30.0
5.8 30.0
5.6 30.0
5.6 30.1
5.6 30.1
5.6 30.1
5.5 30.2
5.6 30.2
5.8 30.4
6.4 30.3
7.6 30.2
8.5 30.1
8.8 29.9
9.1 29.9
9.0 29.8
9.0 29.8
8.4 29.8
7.8 29.8
7.2 29.7
6.9 29.7
6.7 29.7
6.5 29.7
6.2 29.7
6.0 29.7
5.7 29.6
5.4 29.6
5.1 29.6
5.0 29.6
4.8 29.6
4.8 29.6
4.8 29.6
5.6 29.5
6.5 29.4
7.2 29.3
7.7 29.2
8.0 29.2
8.5 29.1
8.5 29.0
8.6 29.0
8.4 28.9
8.2 28.9
7.9 28.8
7.6 28.8
7.2 28.8
7.0 28.8
6.8 28.8
6.4 28.8
6.1 28.8
5.9 28.8
5.8 28.8
5.7 28.8
5.6 28.8
5.6 28.8
5.8 28.8
6.3 28.8
7.1 28.7
8.0 28.6
8.4 28.6
8.9 28.4
10.1 28.3
10.9 28.2
10.8 28.2
10.7 28.0
10.7 28.0
10.3 27.9
9.5 27.9
8.7 27.9
8.2 27.8
7.7 27.9
7.3 27.9
6.8 27.9
6.4 27.8
5.9 27.8
5.6 27.7
5.3 27.7
5.0 27.6
5.0 27.7
5.3 27.7
6.2 27.6
7.8 27.6
9.4 27.4
10.3 27.4
11.0 27.3
11.6 27.2
11.7 27.1
11.7 27.1
11.6 27.0
11.4 27.0
11.0 26.9
10.4 26.9
9.9 26.8
9.5 26.8
9.0 26.8
8.5 26.9
8.1 26.8
7.7 26.8
7.2 26.8
6.8 26.8
6.4 26.8
6.2 26.8
6.2 26.8
6.6 26.8
7.6 26.7
8.9 26.6
10.2 26.5
11.7 26.3
12.5 26.3
13.4 26.1
13.3 26.0
12.9 25.9
12.9 25.8
12.9 25.7
12.5 25.7
11.7 25.7
10.9 25.7
10.5 25.6
10.1 25.6
9.7 25.6
9.2 25.5
8.6 25.5
8.1 25.5
7.7 25.5
7.3 25.5
7.0 25.5
7.0 25.5
7.4 25.5
8.2 25.4
9.6 25.3
11.3 25.2
12.3 25.1
12.8 25.0
13.2 25.0
13.5 24.9
13.4 24.8
13.3 24.8
13.0 24.8
12.5 24.8
11.8 24.7
11.3 24.7
10.7 24.6
10.1 24.6
9.6 24.6
9.1 24.6
8.6 24.6
8.2 24.6
7.7 24.6
7.4 24.5
7.2 24.5
7.2 24.5
7.6 24.5
8.5 24.5
10.0 24.4
11.5 24.4
12.3 24.3
13.2 24.2
13.2 24.1
12.8 24.2
12.5 24.2
12.2 24.1
11.7 24.1
11.2 24.0
10.8 24.0
10.4 24.4
10.0 24.8
9.7 25.0
9.4 25.0
9.0 24.9
8.6 24.9
8.3 24.8
8.2 24.9
8.1 24.8
8.0 24.8
8.0 24.8
8.2 24.8
8.8 24.8
9.7 24.7
10.9 24.7
11.9 24.6
12.7 24.6
12.5 24.6
12.9 24.5
12.8 24.4
12.1 24.4
12.1 24.4
11.8 24.4
11.1 24.4
10.3 24.4
9.6 24.4
9.0 24.3
8.5 24.3
8.1 24.3
7.6 24.2
7.3 24.2
6.9 24.2
6.7 24.2
6.5 24.2
6.5 24.2
6.9 24.2
7.8 24.2
9.2 24.2
10.8 24.1
12.0 24.0
12.0 24.2
11.5 25.1
12.3 25.0
12.6 24.9
13.0 24.8
12.4 24.8
11.8 24.7
11.3 24.6
10.7 24.6
10.2 24.6
9.8 24.6
9.6 24.5
9.3 24.5
9.0 24.4
8.6 24.4
8.2 24.4
7.8 24.4
7.5 24.4
7.5 24.3
7.8 24.3
8.7 24.3
10.1 24.2
11.3 24.2
12.0 24.1
12.5 24.1
12.7 24.0
13.0 23.9
13.1 23.9
12.7 23.8
12.1 24.0
11.8 24.0
11.2 25.9
10.3 28.3
10.3 28.2
10.1 28.4
9.9 28.6
9.8 28.6
9.6 28.5
9.5 28.4
9.3 28.4
9.2 28.3
9.1 28.2
9.2 28.2
9.4 28.1
10.0 28.0
10.8 28.0
11.6 27.9
12.6 27.7
13.8 27.5
14.0 27.9
13.1 29.4
13.0 29.7
13.4 29.5
13.5 29.4
13.1 29.3
12.6 29.3
12.0 29.2
11.4 29.2
10.8 29.2
10.2 29.1
9.7 29.0
9.2 29.0
8.9 29.0
8.4 29.0
8.2 28.9
8.1 28.9
8.2 28.8
8.4 28.8
9.1 28.7
10.4 28.6
12.0 28.4
13.6 28.2
14.5 28.1
14.9 28.1
14.5 28.0
14.2 27.9
14.0 27.9
13.9 27.8
13.7 27.9
13.3 27.8
12.8 27.8
12.1 27.7
11.4 27.7
10.9 27.6
10.4 27.6
9.9 27.6
9.5 27.6
9.1 27.6
8.8 27.5
8.6 27.4
8.6 27.4
9.1 27.4
9.9 27.4
11.4 27.1
13.0 27.1
14.5 26.8
15.8 26.5
16.6 26.4
16.9 26.2
16.2 26.1
16.2 26.0
16.1 25.9
15.6 25.8
14.8 25.8
14.0 25.8
13.4 25.8