78.7 -0.002
77.8 -0.001
78.3 -0.008
79.6 0.012
79.9 -0.000
78.5 0.000
81.5 0.003
83.2 -0.001
75.8 -0.002
69.2 0.012
68.1 0.006
67.9 0.018
67.3 0.013
60.2 0.008
49.8 0.053
30.8 0.086
24.6 0.133
21.4 0.183
18.0 0.133
18.3 0.185
16.5 0.241
17.4 0.292
18.6 0.310
20.2 0.271
23.3 0.401
24.7 0.303
25.1 0.405
25.8 0.333
27.4 0.235
28.1 0.327
29.4 0.157
30.3 0.112
31.2 0.129
30.3 0.178
31.1 0.136
31.8 0.138
30.9 0.067
30.5 0.062
31.7 0.042
33.1 0.042
32.9 0.042
31.4 0.064
29.9 0.035
30.0 0.037
31.4 0.022
37.8 0.076
44.7 0.022
54.6 -0.000
63.1 -0.014
70.8 0.027
79.0 0.020
79.7 -0.007
82.4 -0.005
83.1 0.005
85.7 -0.004
87.1 -0.001
87.5 0.005
88.9 -0.011
88.9 0.001
91.4 0.003
91.7 0.012
90.6 0.005
89.0 0.005
87.5 0.028
84.0 0.062
77.2 0.084
71.9 0.123
71.7 0.112
67.3 0.092
63.2 0.173
59.3 0.322
54.0 0.318
53.2 0.174
48.8 0.243
47.1 0.311
46.9 0.323
44.8 0.324
43.4 0.318
42.5 0.321
54.4 0.166
60.1 0.106
46.1 0.259
43.2 0.126
43.7 0.087
44.8 0.066
47.0 0.011
61.0 -0.002
76.3 0.003
81.0 0.003
83.1 0.001
85.6 0.002
88.6 0.000
89.2 -0.002
91.4 0.004
93.2 0.001
92.8 -0.003
97.1 0.007
99.9 -0.002
100 0.005
100 -0.000
100 -0.003
100 -0.005
100 0.002
100 0.001
100 0.001
100 0.006
100 0.009
100 0.003
100 -0.002
100 -0.001
99.5 -0.014
98.1 0.023
95.1 -0.016
85.4 0.060
74.7 0.118
59.9 0.247
60.0 0.178
62.6 0.147
64.5 0.148
67.2 0.091
66.6 0.203
65.5 0.180
67.6 0.258
93.9 0.114
83.4 0.377
70.9 0.425
67.1 0.291
66.5 0.114
67.3 0.161
67.5 0.197
67.3 0.096
68.3 0.048
72.6 0.033
84.2 -0.003
90.3 -0.000
94.3 -0.001
96.2 -0.001
98.2 -0.006
98.8 -0.001
99.8 -0.001
100 0.002
100 0.003
99.7 0.002
99.4 0.003
99.9 0.001
99.9 -0.000
86.3 -0.003
95.0 0.030
99.7 0.033
100 0.006
98.7 0.065
100 0.006
100 0.040
96.7 0.029
93.1 -0.005
96.9 0.025
92.1 0.098
92.0 0.028
96.2 0.009
95.1 -0.003
96.2 0.051
99.9 -0.002
65.4 0.000
95.8 0.044
98.4 0.066
97.5 0.024
88.8 0.070
86.7 0.065
86.9 0.062
85.7 0.075
91.4 0.035
92.7 0.056
91.1 -0.012
89.7 0.201
94.2 0.075
97.7 0.023
64.3 0.000
59.5 0.004
66.0 -0.003
64.8 0.000
92.8 0.022
98.9 -0.014
100 0.035
97.6 0.008
94.7 0.031
95.8 0.015
92.8 0.050
95.2 0.027
95.5 0.030
91.1 0.016
97.3 0.050
95.4 0.041
90.4 0.114
85.4 0.280
86.3 0.073
86.3 0.173
86.2 0.096
90.7 0.008
92.5 0.025
91.1 0.016
88.9 0.029
87.0 0.282
91.7 0.031
94.2 0.090
89.3 0.087
87.2 0.106
83.1 0.135
76.3 0.198
74.4 0.164
68.8 0.220
68.9 0.144
68.8 0.248
68.6 0.155
67.9 0.158
66.1 0.113
67.8 0.148
68.7 0.098
67.9 0.173
69.0 0.190
73.1 0.081
80.7 0.102
88.2 0.052
84.4 0.184
81.7 0.038
82.6 0.014
85.3 0.053
92.0 0.006
95.0 -0.006
96.9 0.004
98.8 0.001
98.9 -0.000
98.8 -0.001
98.3 0.002
98.2 0.001
98.6 0.001
99.7 -0.003
99.8 -0.000
99.3 0.003
99.3 -0.002
99.1 0.010
99.1 -0.005
99.4 0.004
99.5 0.004
99.9 0.001
99.8 0.000
99.3 0.009
99.0 0.002
99.1 0.000
99.6 -0.002
100 0.001
98.6 -0.027
91.5 0.003
84.8 0.066
78.6 0.157
67.3 0.096
66.0 0.151
68.4 0.182
63.0 0.175
58.6 0.100
58.1 0.220
56.0 0.238
56.2 0.296
56.5 0.442
61.5 0.174
57.7 0.215
62.3 0.221
64.0 0.199
66.7 0.098
69.2 0.083
71.7 0.113
79.8 0.068
85.2 0.052
83.1 0.057
80.6 0.050
81.4 0.043
82.1 0.028
90.8 0.021
61.5 0.000
64.0 0.002
56.3 0.000
65.0 -0.000
85.6 -0.007
91.6 -0.001
93.8 0.010
93.7 0.066
92.7 -0.014
91.5 0.029
90.5 0.014
89.4 0.016
86.2 0.030
88.3 -0.005
83.6 0.054
78.0 0.064
71.7 0.060
65.9 0.151
61.7 0.194
60.1 0.294
56.1 0.350
50.9 0.316
47.8 0.407
44.3 0.354
38.5 0.220
33.2 0.489
30.4 0.612
28.2 0.352
26.6 0.355
21.3 0.385
23.8 0.471
24.5 0.307
25.5 0.170
25.8 0.131
27.7 0.135
31.3 -0.053
39.4 0.180
53.7 -0.129
63.5 -0.004
71.4 0.003
78.1 -0.007
85.2 0.001
88.6 0.001
90.9 0.001
92.0 0.002
92.9 0.007
93.3 0.000
93.5 0.004
93.6 0.003
93.6 0.001
93.5 0.001
93.5 -0.000
93.6 -0.000
93.6 -0.002
93.7 0.001
93.2 0.001
93.9 0.004
94.4 0.007
93.7 0.001
90.9 -0.027
81.5 0.035
52.9 0.142
47.6 0.172
45.5 0.211
43.9 0.278
42.3 0.351
37.1 0.331
25.4 0.364
19.2 0.340
17.7 0.437
14.9 0.326
14.7 0.339
13.7 0.357
13.0 0.435
13.3 0.428
12.4 0.460
11.1 0.256
11.3 0.294
11.2 0.328
10.9 0.202
11.6 0.187
11.8 0.088
14.7 0.074
21.3 0.022
40.4 0.012
47.1 -0.001
51.7 -0.001
54.3 -0.001
59.4 -0.000
64.3 0.001
69.1 0.003
73.7 0.000
76.1 0.002
79.0 0.001
82.1 0.002
84.3 0.001
85.4 0.001
86.3 0.002
86.2 0.002
86.3 0.002
86.4 0.001
86.7 0.001
87.4 -0.000
87.7 0.001
88.1 0.000
87.0 0.005
83.2 -0.003
74.9 0.003
61.0 0.004
48.9 0.027
35.8 0.104
24.6 0.233
25.0 0.249
27.0 0.229
28.6 0.269
28.7 0.249
28.4 0.327
27.7 0.348
28.8 0.445
29.7 0.409
29.8 0.436
30.2 0.339
30.7 0.283
30.0 0.399
29.5 0.354
29.7 0.327
30.0 0.224
30.6 0.220
30.9 0.149
31.0 0.143
32.7 0.106
41.2 0.013
57.8 0.008
67.4 0.004
73.3 0.019
79.0 -0.004
82.7 -0.001
85.9 0.001
86.9 -0.001
89.0 0.002
89.8 0.001
90.3 -0.001
91.4 0.000
92.2 0.003
92.7 0.002
93.9 0.001
95.2 0.004
95.7 0.002
95.7 0.001
95.5 0.005
95.4 0.001
95.3 0.005
96.0 0.001
95.6 0.000
93.9 0.002
91.9 -0.006
87.9 0.009
84.3 0.020
76.1 0.070
57.3 0.189
45.9 0.295
47.0 0.178
47.4 0.220
51.4 0.133
53.5 0.201
56.9 0.141
59.7 0.173
62.3 0.186
63.8 0.070
65.7 0.091
68.2 0.101
68.1 0.102
67.1 0.095
69.0 0.093
61.2 0.135
66.7 0.115
66.0 -0.012
76.5 0.007
80.4 -0.022
81.0 0.031
82.1 -0.012
85.6 0.047
85.8 0.005
85.7 0.006
86.6 0.031
88.4 0.013
88.8 0.024
87.9 -0.008
87.7 -0.017
90.6 -0.002
91.3 -0.009
94.4 0.012
79.7 0.058
81.1 0.033
69.4 -0.003
72.1 0.025
61.4 -0.004
92.8 -0.004
94.0 -0.002
93.8 0.016
91.7 0.009
90.8 0.002
85.3 0.053
85.1 0.144
87.4 0.107
89.3 0.070
90.3 0.019
90.2 0.029
91.8 -0.001
91.7 -0.035
92.5 0.015
79.5 -0.069
85.4 0.077
89.6 0.057
89.3 -0.023
89.2 0.079
89.7 -0.003
92.8 0.050
64.6 0.000
94.8 -0.013
98.8 0.049
92.7 0.068
84.1 0.282
80.1 0.145
78.8 0.241
75.3 0.308
70.9 0.339
71.4 0.280
68.0 0.303
66.4 0.214
63.0 0.375
61.9 0.171
62.6 0.238
63.1 0.199
62.3 0.353
61.2 0.217
62.5 0.149
67.2 0.074
69.5 0.062
75.6 0.021
79.4 0.026
90.4 0.006
93.7 0.009
95.7 0.003
98.4 0.006
99.7 0.005
99.6 0.007
99.6 -0.005
99.4 0.006
99.6 0.002
99.1 0.008
98.9 -0.003
99.0 0.002
99.1 0.002
99.1 0.006
98.6 0.003
99.1 -0.001
99.8 -0.004
100 0.002
99.9 0.001
99.8 0.001
99.8 0.003
99.9 -0.001
99.4 -0.008
98.8 -0.003
93.4 -0.007
89.9 0.023
84.7 0.046
81.7 0.103
79.0 0.156
74.5 0.110
75.2 0.052
79.9 0.117
83.5 0.079
85.2 -0.004
80.4 0.173
77.2 0.137
73.3 0.248
65.6 0.455
58.1 0.250
58.8 0.323
57.9 0.269
58.3 0.229
60.6 0.213
62.7 0.101
63.2 0.141
67.6 0.063
72.8 0.046
79.0 0.010
86.3 0.010
89.6 -0.004
89.7 0.015
92.4 0.004
92.5 -0.001
92.0 -0.007
91.7 0.006
92.8 0.006
94.0 0.003
95.1 0.001
97.0 0.001
97.7 -0.001
97.5 -0.002
98.5 0.011
99.2 -0.000
99.3 -0.001
99.0 -0.000
98.4 -0.001
99.4 0.003
99.6 0.002
100 0.003
99.1 -0.011
96.2 0.009
94.6 0.013
91.8 0.037
89.3 0.056
86.9 0.056
86.1 0.052
83.8 0.091
80.4 0.249
72.4 0.319
65.8 0.470
63.0 0.354
52.5 0.369
50.5 0.590
47.7 0.464
51.3 0.348
54.8 0.341
57.1 0.374
44.0 0.242
42.0 0.455
44.1 0.298
46.2 0.170
46.5 0.309
48.8 0.187
48.6 0.144
50.4 0.059
64.0 0.143
86.9 -0.343
85.2 0.000
87.8 0.042
94.0 0.027
94.4 -0.000
97.5 -0.006
99.0 -0.012
99.4 0.002
91.8 0.002
90.8 0.009
90.0 0.047
81.5 0.048
82.2 0.051
81.3 0.042
80.7 0.057
79.7 0.007
79.9 0.042
85.3 0.027
85.8 0.012
84.5 0.035
84.4 0.022
87.1 0.020
88.4 0.014
90.9 0.019
91.4 0.021
90.6 0.023
88.3 0.030
89.5 0.032
84.1 0.050
81.3 0.077
78.1 0.081
79.2 0.098
78.4 0.089
78.4 0.059
78.9 0.034
84.4 0.024
88.6 0.020
88.8 0.003
89.4 0.026
74.8 -0.042
77.6 0.029
91.0 0.551
91.5 0.011
90.7 0.026
91.1 0.004
87.8 -0.008
89.1 0.005
86.7 0.008
87.3 0.002
87.2 -0.021
87.1 0.012
86.2 0.017
84.1 0.022
81.8 -0.015
79.0 0.056
78.2 0.092
75.9 0.071
76.3 0.067
74.6 0.132
72.3 0.093
67.8 0.171
64.1 0.196
64.6 0.254
63.0 0.270
61.7 0.274
58.6 0.267
56.1 0.290
52.8 0.318
50.3 0.372
47.6 0.370
44.6 0.326
43.5 0.275
43.9 0.406
44.1 0.221
43.5 0.351
44.5 0.172
48.8 0.167
53.0 0.183
56.3 0.124
61.2 0.100
66.5 0.051
69.8 0.037
71.5 0.052
73.9 0.023
74.2 0.055
74.6 0.025
74.8 0.032
74.7 0.042
74.9 0.047
74.5 0.019
73.8 0.047
73.8 0.034
74.6 0.037
74.4 0.043
73.9 0.032
75.0 0.046
75.3 0.038
75.2 0.028
76.1 0.034
76.7 0.027
76.8 0.043
77.5 0.026
78.2 0.029
77.6 0.030
77.2 0.026
76.1 0.038
75.6 0.045
72.3 0.084
69.7 0.117
67.7 0.130
64.6 0.153
62.1 0.221
59.6 0.206
57.4 0.264
55.9 0.309
54.4 0.339
52.3 0.256
51.8 0.466
50.9 0.338
50.1 0.401
49.5 0.224
48.7 0.274
48.7 0.251
49.5 0.236
51.8 0.169
54.9 0.122
57.9 0.149
58.9 0.086
60.3 0.083
62.8 0.055
68.9 0.015
72.8 0.008
75.5 0.002
82.2 -0.012
87.7 -0.001
88.6 0.000
90.7 0.000
91.2 0.003
91.4 0.006
91.4 0.001
89.5 0.012
87.9 0.014
88.2 0.004
88.3 0.014
83.0 0.042
79.6 0.023
80.5 0.024
82.5 0.029
84.1 0.014
84.9 0.005
87.8 0.021
90.6 0.012
91.6 0.046
91.2 0.032
88.1 0.007
88.7 0.023
90.2 0.053
92.0 0.014
90.0 0.024
88.9 0.031
88.5 0.019
87.5 0.028
88.8 0.040
89.7 0.035
86.7 0.004
86.5 0.024
85.7 -0.033
73.8 0.000
91.9 0.026
77.3 0.009
57.3 0.000
58.1 0.046
58.1 -0.013
57.1 -0.010
69.0 -0.006
86.9 -0.015
90.3 0.028
74.9 0.013
50.4 -0.000
83.1 0.037
87.5 0.078
88.4 0.066
88.6 0.047
87.3 0.034
85.9 0.077
85.5 0.052
81.4 0.088
78.6 0.101
81.6 0.098
82.2 0.037
83.0 0.057
88.1 0.018
92.2 0.055
67.3 0.000
69.8 0.021
66.2 0.001
66.1 -0.075
70.3 0.000
60.6 0.011
91.9 0.055
96.6 0.047
97.2 0.033
85.5 0.025
82.8 0.064
86.5 0.192
83.1 0.024
78.3 0.161
75.2 0.266
75.6 0.058
76.3 0.031
79.7 0.070
89.0 0.016
79.6 0.093
75.6 0.059
77.0 0.004
75.6 0.120
72.4 0.076
75.0 0.028
76.5 0.017
77.7 0.027
77.8 0.058
77.1 0.039
79.3 0.032
80.5 0.031
81.7 0.022
84.3 0.014
88.3 0.016
88.0 0.011
90.2 0.023
90.4 0.011
89.5 0.016
89.8 0.046
85.0 0.025
83.4 0.021
82.4 -0.010
81.4 0.093
81.6 -0.017
83.6 0.038
81.5 0.063
81.5 0.074
76.9 0.134
76.2 0.224
80.1 0.258
78.8 0.226
83.2 -0.185
80.5 -0.076
84.1 0.009
78.0 0.181
81.9 -0.006
82.0 -0.035
72.1 0.030
77.9 -0.112
82.4 -0.033
81.5 -0.064
82.7 0.058
84.2 0.228
89.6 0.059
85.3 0.010
85.5 -0.032
84.6 0.013
87.7 0.055
91.5 -0.003
93.2 -0.006
76.8 -0.104
84.7 0.040
86.4 -0.007
77.0 0.038
74.9 -0.162
71.5 -0.066
84.6 0.357
86.1 -0.030
87.1 0.007
86.2 0.040
85.2 0.005
82.0 0.007
82.3 0.019
81.5 0.035
80.6 0.046
80.3 0.024
83.2 0.048
80.5 0.048
77.8 0.116
78.2 0.114
76.7 0.045
76.8 0.048
75.6 0.068
72.5 0.071
69.4 0.120
67.0 0.145
68.6 0.088
69.1 0.109
65.5 0.175
64.7 0.115
69.5 0.077
65.4 0.141
56.8 0.421
57.5 0.220
64.5 0.379
59.3 0.282
58.3 0.220
80.2 -0.022
71.2 0.177
75.1 0.069
84.7 0.020
85.4 0.010
88.6 0.027
92.4 0.003
95.1 0.005
95.8 0.004
96.3 0.011
96.0 0.046
96.1 0.001
96.2 0.001
96.2 0.001
96.1 0.001
96.2 0.006
95.9 -0.004
95.9 0.012
96.3 -0.002
95.8 0.002
95.1 0.004
95.6 0.003
95.0 0.002
95.0 0.003
95.9 0.001
97.1 0.002
97.7 -0.008
91.9 -0.007
78.8 0.029
74.9 0.117
69.8 0.172
63.5 0.289
58.6 0.149
59.1 0.169
57.3 0.343
55.4 0.336
52.6 0.446
49.9 0.210
46.3 0.233
44.9 0.233
44.6 0.220
43.6 0.456
42.1 0.413
41.0 0.441
42.4 0.477
39.2 0.341
36.5 0.367
37.2 0.203
38.9 0.258
45.7 0.160
68.8 0.038
83.5 0.050
82.7 0.085
93.6 0.021
92.5 0.020
91.1 0.007
93.3 -0.003
95.3 0.009
95.5 0.003
95.1 -0.008
95.1 0.015
95.1 -0.028
94.8 0.002
94.3 0.006
94.5 0.001
94.2 0.007
94.0 0.002
94.2 0.001
94.3 0.003
94.3 0.000
94.5 0.001
94.2 0.004
94.5 0.001
95.1 0.004
94.1 -0.006
90.4 -0.016
86.9 0.001
82.7 -0.006
74.0 0.045
51.1 0.276
41.9 0.136
38.9 0.269
37.3 0.345
37.0 0.368
35.0 0.301
35.7 0.426
40.5 0.361
40.6 0.464
38.5 0.252
39.2 0.169
40.1 0.204
38.8 0.164
37.5 0.234
35.5 0.191
37.0 0.139
40.3 0.107
42.9 0.153
43.0 0.110
47.9 0.127
63.3 0.207
70.9 0.007
73.3 -0.002
75.9 0.002
79.8 -0.002
82.8 -0.002
84.9 -0.008
86.0 -0.002
88.9 -0.004
90.9 -0.001
92.6 0.001
93.1 -0.001
94.0 0.003
94.5 0.006
94.9 0.004
95.0 0.003
95.0 0.005
95.0 0.006
95.0 0.002
95.0 -0.001
95.4 -0.000
95.6 0.001
94.3 -0.002
92.7 0.001
91.6 0.007
86.5 0.006
79.2 0.083
70.2 0.107
55.3 0.146
56.5 0.127
55.9 0.176
54.7 0.158
50.8 0.301
51.9 0.186
50.2 0.232
47.7 0.278
44.7 0.378
46.0 0.294
44.9 0.348
44.4 0.157
44.4 0.209
47.3 0.135
51.8 0.133
54.8 0.121
55.5 0.075
70.7 0.076
76.5 0.038
80.1 0.043
85.9 0.053
90.9 0.067
93.0 0.019
93.3 0.019
94.4 0.017
93.8 0.012
95.7 0.012
96.4 0.006
96.0 0.013
96.6 0.010
96.9 0.011
96.5 0.008
96.1 0.005
96.7 0.009
97.9 0.004
98.2 0.003
97.2 0.005
96.9 0.009
98.0 0.002
98.9 0.005
99.1 0.002
98.7 0.004
98.5 0.001
98.2 0.024
97.6 0.011
94.8 0.037
94.8 0.044
94.0 0.037
91.1 0.067
91.6 0.065
89.2 0.092
90.4 0.072
86.2 0.112
86.7 0.161
87.0 0.163
83.9 0.216
86.4 0.113
86.0 0.071
89.0 0.054
91.5 0.038
84.3 0.107
81.3 0.078
87.7 0.026
89.0 0.104
77.9 0.124
74.9 0.117
82.0 0.184
82.7 0.077
88.3 0.007
92.7 -0.000
97.7 0.014
98.8 0.004
98.4 0.007
98.5 0.001
98.6 0.002
98.5 -0.000
98.4 0.000
98.4 0.003
98.2 0.002
97.9 0.001
97.9 0.002
97.9 0.000
97.9 -0.001
97.8 0.000
97.3 0.002
97.1 0.003
97.6 0.000
97.4 0.001
97.5 0.003
96.9 0.003
96.6 0.014
96.0 0.014
93.9 -0.002
87.4 0.000
76.1 0.060
67.1 0.135
61.1 0.294
58.9 0.200
56.6 0.303
51.8 0.302
49.2 0.373
48.6 0.343
48.8 0.370
48.7 0.289
47.1 0.325
44.9 0.400
45.3 0.425
44.9 0.221
45.5 0.215
45.5 0.348
47.7 0.130
49.1 0.073
49.8 0.137
57.5 -0.031
70.0 0.066
73.4 0.012
77.2 -0.010
80.3 0.002
81.3 -0.000
85.7 0.009
91.8 -0.004
94.1 0.004
93.8 0.001
93.9 0.003
93.4 0.000
93.3 -0.001
93.6 0.000
93.5 -0.001
96.6 -0.000
97.6 0.001
97.9 -0.002
90.1 0.131
90.2 0.051
90.1 0.102
84.2 0.053
72.9 0.516
85.6 0.064
86.7 0.142
84.2 0.071
83.0 0.112
82.4 0.048
82.9 0.095
82.7 0.041
82.3 0.136
81.5 0.041
83.8 -0.004
84.9 0.031
87.4 -0.000
87.8 0.011
88.4 -0.006
88.3 0.034
90.5 0.033
88.3 0.018
87.4 0.002