0 21.0
0 20.8
0 20.6
0 20.5
0 20.4
0 20.4
0 21.0
0 20.6
0 20.6
0 20.5
0 20.7
0 20.8
0 20.5
0 20.7
0 20.9
0 20.8
0 20.9
1 20.6
0 20.6
0 20.5
0 20.3
0 20.2
0 20.0
0 19.9
0 19.6
0 19.5
1 18.6
7 18.0
18 17.8
28 17.6
93 17.6
108 17.8
175 18.0
236 18.5
342 19.1
230 19.0
444 19.6
445 19.6
359 19.9
299 20.0
586 20.4
601 20.7
654 21.3
768 21.8
325 21.8
337 22.1
517 22.1
704 23.3
413 23.2
405 23.4
137 22.8
95 22.6
1050 22.8
420 23.4
304 23.4
457 23.5
983 24.3
297 24.3
486 24.3
435 24.9
518 24.8
430 24.8
434 24.6
342 24.8
333 24.8
263 24.9
301 24.9
339 25.1
349 25.2
589 25.6
182 25.4
220 25.5
265 25.6
142 25.5
137 25.4
112 25.3
88 24.9
90 24.8
65 24.6
37 24.4
11 24.1
3 23.6
0 23.3
0 23.1
0 23.0
0 22.7
0 22.5
0 22.7
0 23.1
0 23.2
0 23.2
0 23.3
0 22.6
0 22.7
0 22.1
0 21.9
0 21.7
0 21.4
0 21.2
0 20.9
0 19.9
0 19.9
1 20.7
0 19.7
0 19.2
0 19.8
0 19.4
0 20.0
0 19.3
0 19.0
1 18.6
1 18.4
0 18.7
0 18.8
0 18.6
0 18.6
0 17.9
0 17.9
0 17.4
0 17.2
0 17.1
0 17.5
1 18.0
5 18.4
15 18.7
22 18.7
29 18.7
136 19.0
184 19.3
228 19.8
293 20.2
307 20.5
362 20.8
406 21.2
456 21.6
525 22.0
570 22.4
609 22.6
671 23.0
707 23.1
741 23.7
781 24.2
822 24.9
862 25.1
264 24.6
563 24.7
922 25.0
980 26.0
904 26.3
917 26.3
956 26.7
1010 26.9
361 25.1
167 22.9
65 22.3
3 19.6
7 18.2
28 18.1
122 17.7
501 18.4
188 19.4
83 19.1
100 19.5
450 19.1
330 18.7
469 19.3
151 19.6
189 19.5
163 19.8
149 19.8
105 19.6
59 19.7
39 19.7
30 19.1
22 18.3
14 18.5
7 18.2
2 17.8
1 17.9
1 18.0
0 18.0
0 18.0
0 18.2
0 18.1
0 18.1
0 18.3
0 18.1
0 18.0
0 18.9
0 20.0
0 20.1
0 20.3
0 20.0
0 18.1
0 17.7
0 17.9
0 17.1
0 16.8
1 16.7
0 16.6
0 16.6
0 16.2
0 16.2
0 15.9
0 16.0
0 15.8
0 15.9
0 15.8
0 16.0
0 16.1
0 16.0
0 16.2
0 16.7
0 16.7
0 17.1
0 16.9
0 16.8
1 16.9
1 17.0
4 17.3
19 17.4
42 17.3
63 17.5
97 17.6
101 17.8
116 17.8
163 17.8
96 17.9
192 17.9
339 18.1
204 18.2
277 18.0
256 18.0
393 18.3
275 18.7
333 18.6
398 18.8
304 18.9
296 19.3
438 19.7
531 20.2
492 20.1
492 20.3
385 20.8
518 20.7
358 20.9
225 21.1
196 20.9
102 20.6
205 20.4
150 20.5
149 20.5
115 20.4
122 20.2
166 20.4
180 20.5
251 20.6
146 20.6
183 20.7
197 20.7
125 20.7
74 20.7
75 20.6
113 20.7
132 20.8
51 20.7
143 20.7
119 20.8
86 20.8
59 20.8
54 20.6
26 20.0
18 19.9
3 19.7
0 19.5
0 19.7
0 19.9
0 19.8
0 20.0
0 18.6
0 15.5
0 15.4
0 14.8
0 14.5
0 14.3
1 14.3
0 14.3
0 14.4
1 14.3
0 14.1
0 14.0
1 14.0
1 14.4
0 14.2
0 14.3
0 14.6
0 15.0
0 15.0
1 14.7
0 14.3
0 14.3
1 14.2
0 14.4
0 14.6
0 14.6
0 14.9
0 14.5
0 14.4
0 14.4
0 14.3
0 14.3
0 14.1
1 13.9
0 13.6
1 13.5
4 13.4
12 13.5
23 13.3
106 13.4
47 13.6
239 13.5
278 13.9
319 13.9
370 14.4
419 14.4
471 14.9
518 14.9
562 15.4
608 15.9
649 15.9
690 16.0
727 16.5
760 16.7
792 17.2
835 17.5
855 17.8
947 18.0
960 18.1
946 18.4
712 18.6
1080 18.9
1050 19.4
287 19.5
442 19.3
961 19.5
928 19.6
981 19.9
989 20.0
951 20.5
162 20.5
885 20.9
176 20.8
804 21.0
791 20.8
632 21.1
191 21.1
612 21.4
569 21.2
508 21.2
453 21.1
415 21.3
78 21.3
83 20.8
74 20.6
79 20.5
48 20.4
23 20.3
22 20.2
14 20.0
4 19.9
0 19.8
0 19.7
0 19.5
0 19.2
0 19.2
0 18.6
0 18.5
0 18.3
0 17.9
0 17.5
0 17.5
0 17.2
0 17.1
0 17.1
0 16.9
0 16.6
0 16.6
0 16.5
0 16.5
1 16.4
0 16.1
0 15.9
0 15.4
0 14.9
0 14.6
0 14.1
0 14.1
0 13.9
0 13.9
0 13.2
0 13.1
0 14.1
0 14.3
0 14.3
0 14.3
0 13.0
0 12.4
0 12.3
0 12.4
0 13.0
2 12.9
10 12.8
29 12.8
37 12.7
76 13.0
129 13.0
183 13.4
238 14.2
307 14.5
358 14.8
411 14.8
461 14.9
509 15.1
563 15.5
591 16.3
673 16.4
693 17.2
720 17.5
759 17.6
658 18.3
894 18.2
905 18.4
503 18.6
965 18.6
1060 18.9
287 19.1
296 18.8
468 19.1
921 19.3
283 19.4
265 19.5
908 20.0
951 20.0
139 20.0
879 20.4
927 20.8
926 20.9
243 20.5
717 20.9
765 20.7
688 20.8
642 20.8
597 21.0
569 20.8
515 20.8
117 21.0
287 20.4
119 20.7
94 20.5
41 20.4
44 20.3
33 20.3
28 20.1
23 20.0
16 19.8
6 19.6
2 19.3
0 19.1
0 18.9
0 18.9
0 18.5
0 18.3
0 18.3
0 18.2
0 18.1
0 17.8
0 17.5
0 17.4
0 17.3
0 17.1
0 16.9
0 16.7
0 16.5
0 16.6
0 16.1
0 15.2
1 14.6
0 15.0
0 15.0
0 14.9
0 14.2
0 15.3
0 14.6
0 14.4
0 14.0
0 14.4
1 14.6
0 14.4
0 14.7
0 14.5
0 14.6
1 15.1
0 14.7
0 14.5
0 14.0
1 14.1
2 13.3
8 14.0
16 13.3
24 13.4
122 13.7
160 14.3
208 14.9
260 14.9
310 15.0
362 15.4
413 15.9
463 16.3
511 16.5
557 17.0
602 17.2
643 17.9
684 18.3
721 19.0
756 19.0
788 19.7
812 20.1
838 20.4
856 20.7
876 20.9
895 21.2
905 21.5
976 21.5
918 22.0
947 22.1
992 22.5
1000 22.6
266 22.8
983 23.0
681 23.0
252 23.2
875 23.3
837 23.7
140 23.6
740 23.7
694 23.9
650 24.1
608 24.2
566 24.2
526 24.3
476 24.3
439 24.3
385 24.3
163 24.3
44 24.2
41 24.2
38 24.0
34 24.0
30 23.8
24 23.8
12 23.5
5 23.3
1 23.0
0 22.7
0 21.9
0 22.2
0 22.0
0 21.6
0 21.1
0 20.8
0 19.9
1 19.4
0 20.1
0 19.6
0 18.6
0 18.6
0 18.9
0 18.8
0 18.5
0 18.5
0 18.7
0 18.1
0 19.1
0 19.1
0 18.9
0 18.6
0 18.2
0 17.6
0 17.5
0 16.7
0 16.7
0 16.9
0 16.6
0 16.6
0 16.6
0 16.4
0 16.4
0 16.7
0 16.5
0 16.2
0 16.2
0 16.3
4 16.1
6 16.3
10 16.3
16 16.5
26 17.2
56 17.3
79 17.4
92 17.6
64 17.6
79 17.7
112 17.6
105 17.4
128 17.5
172 17.5
228 17.6
202 17.9
228 18.1
272 18.2
243 18.2
278 18.4
297 18.2
302 18.0
352 18.1
391 18.2
346 18.3
377 18.4
257 18.7
150 18.8
207 18.9
489 18.8
243 18.7
249 18.6
260 18.8
270 18.7
224 18.4
239 18.6
523 18.9
391 19.5
128 19.6
235 19.7
158 19.7
144 19.5
292 19.3
82 19.0
90 19.1
75 19.3
57 19.2
29 19.2
36 19.0
40 18.9
30 18.9
39 18.8
31 18.5
23 18.3
15 18.3
5 18.3
1 18.0
0 17.8
0 18.0
0 17.9
0 17.9
0 17.9
0 17.6
0 17.3
0 17.7
0 18.0
0 17.4
0 17.6
0 18.2
0 18.4
0 18.4
0 18.4
0 18.2
0 18.4
0 18.2
0 18.2
0 18.5
0 18.5
0 18.4
0 18.4
1 18.3
0 18.1
0 18.0
0 18.0
0 18.0
0 17.2
0 17.2
0 17.0
0 16.9
0 17.0
0 17.2
0 17.1
0 17.3
0 17.3
0 17.5
0 17.9
1 18.0
3 17.6
8 17.6
42 18.0
72 18.1
122 18.2
70 18.4
174 18.4
218 18.4
193 18.7
285 19.0
395 19.3
393 19.8
303 20.1
616 20.2
543 20.2
680 20.5
751 20.9
903 21.2
745 21.6
870 22.0
984 22.1
920 22.6
999 23.2
334 23.1
796 23.6
520 24.1
382 23.9
622 24.3
1070 24.4
387 24.7
431 24.9
865 25.6
848 26.3
828 26.1
800 26.4
775 26.6
749 26.9
710 27.1
678 27.4
641 27.9
597 27.9
559 27.6
509 27.7
458 27.9
416 28.0
370 27.8
146 27.7
63 27.7
58 27.6
51 27.4
44 27.4
38 27.0
30 26.8
17 26.6
7 26.2
1 26.0
0 25.7
0 25.4
0 24.9
0 24.1
0 23.9
1 23.1
0 23.0
0 23.3
0 23.8
0 23.5
0 23.1
0 23.0
0 22.6
0 22.6
0 23.0
0 22.6
0 22.8
0 22.8
0 22.4
0 21.9
0 21.1
0 20.8
0 20.8
0 20.0
0 19.5
0 19.0
0 18.5
0 18.1
0 17.8
0 17.5
0 17.3
0 17.0
0 16.9
0 17.0
0 17.0
0 16.9
0 16.7
0 16.8
0 16.8
1 16.8
7 17.0
24 17.1
24 17.1
31 17.0
52 17.0
71 17.1
51 17.2
56 17.2
71 17.3
89 17.4
72 17.5
61 17.5
77 17.6
74 17.7
77 17.7
93 18.0
97 18.1
116 18.3
157 18.7
358 19.0
364 19.2
265 19.3
263 19.5
480 19.7
501 20.4
770 20.7
926 21.1
852 21.5
834 21.9
778 22.1
766 22.4
752 23.0
867 23.2
842 23.8
761 23.9
745 24.1
760 24.5
731 24.8
685 25.1
653 25.4
615 25.8
207 26.2
255 26.3
366 25.2
389 25.9
308 26.3
173 26.5
119 25.6
101 25.5
72 24.9
37 24.3
25 23.8
24 23.5
17 22.7
5 23.0
1 22.2
0 22.6
0 22.4
0 22.2
0 22.0
0 21.8
0 21.5
0 21.5
0 21.6
0 21.4
0 21.4
0 21.5
0 21.5
0 21.5
0 21.1
0 20.6
0 20.4
0 20.7
0 20.7
0 20.5
0 20.4
0 20.4
0 20.5
0 20.4
0 20.1
0 20.1
0 20.0
0 19.7
0 19.7
0 19.0
0 18.8
0 18.5
0 18.3
0 18.1
0 17.9
0 17.8
0 17.6
0 17.4
0 17.2
0 17.0
1 16.9
7 16.8
22 16.5
36 16.4
50 16.3
49 16.1
56 16.0
66 16.0
86 16.0
108 16.0
89 16.0
105 16.1
134 16.1
82 16.1
122 16.0
158 16.1
184 16.2
299 16.4
242 16.6
227 16.5
191 16.6
267 16.8
193 16.8
85 16.7
77 16.4
180 15.7
262 15.6
209 16.0
297 16.2
247 16.3
201 16.3
157 15.9
87 15.8
91 15.4
215 15.1
162 15.2
142 15.2
138 15.5
116 15.4
75 15.4
71 15.0
52 14.8
63 14.8
62 15.1
109 15.0
90 14.9
53 15.1
34 15.1
20 14.7
15 14.4
16 14.2
17 14.2
5 14.3
5 14.3
4 13.8
1 13.6
0 13.6
0 13.4
0 13.3
0 13.4
0 13.6
1 13.7
0 13.9
0 14.1
0 13.9
0 13.9
0 13.9
0 13.8
0 14.0
0 13.8
0 13.7
0 13.7
0 13.7
0 13.5
0 13.5
0 13.3
0 13.4
0 13.4
0 13.4
0 13.5
0 13.4
0 13.5
0 13.5
0 13.5
0 13.7
0 13.7
0 13.7
0 13.8
0 14.1
0 14.1
0 14.2
0 14.0
0 14.0
0 14.1
1 14.1
0 14.1
0 14.1
3 14.1
13 14.2
13 14.1
21 14.2
33 14.2
55 14.3
71 14.4
84 14.5
169 14.6
143 14.9
161 15.0
235 15.2
322 15.4
285 15.7
212 16.4
384 16.4
162 16.6
192 16.4
244 16.7
307 17.0
185 17.2
225 17.3
286 17.4
561 18.0
326 18.0
443 18.4
218 18.6
166 18.8
164 18.7
117 18.7
101 18.5
148 18.2
82 17.8
117 17.8
139 18.0
134 18.1
193 18.1
205 18.3
168 18.4
77 18.4
54 18.2
52 18.2
49 18.0
42 17.7
53 17.7
41 17.7
32 17.6
30 17.5
20 17.4
14 17.4
12 17.3
5 17.3
5 17.2
5 17.1
1 17.1
0 17.1
0 17.1
0 17.1
0 17.2
0 17.2
0 17.2
0 17.1
0 17.2
0 17.2
0 17.2
0 17.2
0 17.2
0 17.2
0 17.1
0 17.1
0 17.1
0 17.1
0 17.1
0 17.1
0 17.2
2 17.2
1 17.3
0 17.3
0 17.4
0 17.5
0 17.6
0 17.7
0 17.7
0 17.8
0 17.9
0 18.0
1 18.0
0 18.1
0 18.1
0 18.1
0 18.2
0 18.3
0 18.3
0 18.3
0 18.3
0 18.4
2 18.4
1 18.5
4 18.6
28 18.7
30 18.8
42 18.9
40 19.0
37 19.1
184 19.3
118 19.4
144 19.6
239 20.0
736 20.6
296 21.0
263 21.0
201 20.9
220 20.9
148 20.7
217 20.4
220 20.5
251 20.3
257 20.1
172 19.9
157 19.8
237 19.8
202 19.9
168 20.2
115 20.2
86 20.3
120 20.1
70 20.0
42 20.0
24 20.1
10 20.1
25 20.2
24 20.0
32 20.0
167 20.2
645 20.6
756 21.3
356 22.0
242 22.4
106 22.0
72 21.7
30 21.4
29 21.2
40 21.0
104 21.0
83 21.1
82 21.1
36 21.1
13 20.9
5 20.8
20 20.8
6 20.9
0 20.9
0 20.9
0 20.7
0 20.4
0 20.2
1 20.2
0 19.8
1 19.6
0 19.3
0 19.1
0 18.9
0 18.7
0 18.6
0 18.5
0 18.5
0 18.5
0 18.4
0 18.4
0 18.4
0 18.3
0 18.4
0 18.4
0 18.3
0 18.3
0 18.3
0 18.3
0 18.3
0 18.3
0 18.3
0 18.4
0 18.5
0 18.5
0 18.6
0 18.6
0 18.6
0 18.6
0 17.5
0 17.1
0 16.8
1 16.7
2 16.7
5 16.7
20 16.8
43 16.8
133 17.2
198 17.7
103 18.4
297 18.6
342 19.2
108 19.7
240 20.1
169 19.7
105 19.4
232 19.9
140 19.7
690 20.4
808 21.4
423 21.3
777 21.3
789 21.9
822 21.7
851 21.8
884 22.3
910 22.9
989 23.4
1080 23.5
938 23.7
947 24.1
923 24.2
1030 24.2
922 24.4
940 24.8
894 24.9
906 25.0
875 25.1
886 25.3
846 25.3
797 25.4
780 25.7
185 25.2
120 25.5
669 25.6
639 25.6
204 25.7
197 25.3
35 24.8
15 23.6
15 20.8
61 20.2
86 20.2
111 19.7
67 20.1
41 19.9
24 20.1
9 19.9
3 19.5
1 19.4
0 19.9
0 19.7
0 19.4
0 20.2
1 20.3
0 20.2
0 20.0
0 18.9
0 18.3
0 17.9
0 18.1
0 17.8
0 17.8
0 17.7
0 17.7
0 17.9
0 18.0
0 18.1
0 18.2
0 18.2
0 18.2
1 18.1
0 18.1
0 18.3
0 18.3
0 18.6
0 18.7
0 18.5
0 18.4
0 18.4
0 18.3
0 18.3
0 18.3
0 18.3
0 18.4
0 18.5
0 18.5
0 18.0
0 18.2
2 18.8
7 18.8
16 18.7
32 18.6
81 18.5
85 18.3
96 18.3
100 18.2
137 18.0
91 18.2
438 18.4
256 18.9
524 19.4
357 19.7
613 19.5
643 19.5
682 20.1
730 20.5
774 21.4
698 21.6
613 22.0
884 23.0
909 23.1
896 23.3
958 23.8
997 23.8
559 24.1
903 24.7
905 24.8
902 25.1
916 25.3
892 25.3
878 25.7
873 26.0
369 26.2
307 26.3
377 26.7
901 26.5
546 26.7
677 26.9
479 26.9
429 27.1
271 27.1
338 26.5
184 26.2
267 26.3
216 26.3
377 26.7
99 26.6
177 26.5
49 26.3
102 26.1
64 26.0
43 25.9
24 25.7
9 24.9
2 24.5
0 24.3
0 23.6
0 23.3
1 23.8
0 23.8
0 23.3
0 23.2
0 23.0
0 22.7
0 22.2
0 21.8
0 21.7
0 21.4
0 21.3
0 21.3
0 21.6
0 22.0
0 22.5
0 22.8
0 22.5
0 22.6
0 22.3
0 22.3
0 22.2
0 21.8
0 21.4
0 21.4
0 20.9
0 21.1
0 21.1
0 21.1
0 20.7
0 20.8
0 21.1
0 21.1
0 20.3
0 20.0
0 19.8
0 19.9
4 20.1
15 20.0
32 20.4
58 20.5
84 20.5
121 20.6
156 20.8
208 21.0
258 21.1
323 21.2
385 21.5
453 21.9
386 22.1
564 22.8
521 23.4
631 23.6
654 23.7
701 23.8
305 24.3
773 24.5
783 25.0
278 25.1
395 25.2
356 25.3
671 25.4
348 25.5
416 25.3
428 25.1
899 25.3
368 25.3
770 25.3
820 25.4
934 25.3
945 25.3
848 25.6
764 26.0
403 25.9
658 26.3
526 26.5
611 26.5
585 26.7
561 26.8
524 26.8
487 26.9
435 27.3
449 27.3
406 27.5
299 27.6
106 27.3
180 27.3
73 27.3
67 27.0
47 26.7
31 26.7
21 26.5
9 26.3
1 26.5
0 25.9
0 25.4
0 25.4
0 25.2
0 25.4
0 25.3
0 25.1
0 24.9
0 24.8
1 24.8
0 25.0
0 24.8
0 24.7
0 25.0
0 25.0
0 24.7
0 24.7
0 24.8
0 24.9
0 25.2
0 25.5
0 25.5
0 25.4
0 25.2
0 25.1
0 24.9
0 24.9
0 24.7
0 24.6
0 24.6
0 24.3
0 24.3
0 24.2
0 24.1
0 23.9
0 23.8
0 23.5
0 23.4
1 23.3
1 23.2
5 23.2
16 23.1
25 23.1
36 23.2
49 23.2
72 23.1
85 23.2
155 23.4
186 23.5
134 23.7
159 23.9
191 24.0
195 24.1
208 24.4
221 24.6
283 24.6
357 24.8
358 25.1
203 25.3
226 25.4
194 25.5
232 25.6
325 25.8
287 26.1
259 26.4
277 26.6
273 26.5
187 26.5
309 26.5
323 26.9
444 26.9
404 27.3
758 27.6
553 28.0
688 28.5
313 28.9
564 29.0
454 29.2
500 29.2
634 29.3
252 28.8
277 28.6
207 28.2
172 27.9
145 27.8
139 27.5
126 27.6
89 27.4
114 27.4
96 27.5
56 27.1
38 26.9
23 26.5
11 26.2
4 26.1
1 26.2
0 25.9
0 25.5
1 25.4
0 25.4
0 25.1
0 24.8
0 25.0
0 25.5
0 25.2
0 25.2
0 25.1
0 25.0
0 25.0
0 24.9
0 24.7
0 24.8
0 24.9
0 24.9
0 25.1
0 24.9
0 24.6
0 24.4
0 24.6
0 24.6
0 24.3
0 24.0
0 23.7
0 23.4
0 23.0
0 22.7
0 22.7
0 22.8
0 23.0
0 23.1
0 23.4
1 23.4
0 23.4
0 23.2
1 23.1
1 22.9
6 22.9
20 23.3
21 23.6
29 23.7
11 23.7
26 23.4
59 23.0
75 22.6
64 22.7
69 22.4
89 22.6
75 22.5
99 22.2
178 22.2
243 22.6
569 23.2
181 23.8
253 23.9
358 24.2
351 24.2
426 24.4
992 24.6
635 25.3
804 25.8
1060 25.6
885 25.9
864 25.9
925 26.0
926 26.4
750 26.6
510 26.5
394 26.7
511 26.9
821 27.4
793 27.5
774 27.9
747 27.7
664 27.9
677 28.2
643 28.5
601 28.5
568 28.6
522 28.6
456 28.7
469 28.7
422 28.7
344 28.7
207 28.5
104 28.4
92 28.2
69 27.9
57 27.9
50 27.3
30 27.2
16 26.9
3 26.8
0 26.6
0 26.3
0 26.3
0 26.2
0 26.2
0 25.9
0 25.8
0 25.8
0 25.4
0 25.1
0 25.1
0 25.0
0 24.8
0 24.5
0 24.3
0 24.0
0 23.8
0 23.7
0 23.5
0 23.3
0 23.1
0 22.9
0 22.7
0 22.7
0 22.5
0 22.4
0 22.2
0 22.1
0 22.0
0 21.9
0 21.9
0 21.9
0 21.9
0 21.9
0 21.7
0 21.7
0 21.8
0 21.8
1 21.6
3 21.5
16 21.5
42 21.4
105 21.6
75 21.8
124 21.8
129 22.1
170 22.4
127 22.6
148 22.6
165 22.7
450 	
654 	
210 	
157 	
191 24.3
201 24.2
191 23.8
213 23.6
279 23.7
399 23.8
445 24.3
307 24.5
350 24.9
310 25.0
387 25.2
380 25.3
454 25.4
920 25.6
786 25.6
902 26.1
633 26.6
478 26.9
409 27.1
466 27.4
408 27.3
904 27.3
835 27.9
722 28.4
685 28.4
641 28.4
276 28.2
325 28.0
194 28.1
148 27.9
409 27.7
156 27.3
469 27.3
305 27.5
125 27.6
109 27.5
93 27.2
36 27.2
36 26.7
26 26.4
12 26.1
2 25.6
1 25.3
0 25.0
0 25.0
0 24.9
0 24.6
0 24.4
0 24.2
0 24.1
0 23.9
0 23.4
0 23.1
0 23.2
0 23.0
0 23.1
0 22.8
0 22.8
0 22.6
0 22.4
0 22.3
0 22.2
0 22.1
1 22.1
0 22.1
0 22.0
0 21.9
0 21.6
0 21.2
0 21.2
0 21.3
0 21.3
0 21.3
0 20.8
0 20.7
0 20.6
0 20.6
0 20.5
0 20.3
0 20.2
1 20.4
2 20.4
10 20.8
24 20.8
36 21.0
51 20.9
53 21.0
55 21.1
64 21.1
61 21.1
53 21.3
77 21.4
172 21.4
123 21.9
53 21.9
57 21.5
104 21.7
109 22.0
154 22.3
241 22.4
204 22.3
164 22.5
263 22.7
415 23.0
565 23.5
457 23.2
561 24.1
547 24.4
578 25.2
1020 25.7
415 26.6
313 27.1
1090 27.1
855 27.6
905 28.0
374 28.0
345 27.9
195 27.7
283 27.5
461 27.9
564 28.0
634 28.3
591 28.1
549 28.0
508 28.7
464 29.2
416 29.2
340 28.7
330 28.7
121 28.4
107 28.1
165 27.8
60 28.0
51 27.8
49 26.9
26 26.7
7 26.3
2 25.6
0 25.3
0 25.2
0 24.4
0 23.9
0 23.9
0 23.7
0 23.9
0 23.4
0 23.6
0 23.4
0 23.4
0 23.2
0 22.9
0 22.8
0 22.8
0 23.2
0 22.9
0 22.6
0 22.9
0 22.6
0 22.8
0 22.8
0 22.8
0 22.8
0 22.5
0 22.6
0 22.3
0 22.2
0 22.1
0 22.8
0 22.7
0 22.7
0 22.6
0 22.6
0 22.4
0 22.3
1 22.0
0 21.8
1 21.7
3 21.5
24 21.5
44 21.8
63 22.0
38 21.9
45 22.1
133 22.2
145 22.8
89 23.0
305 23.5
443 23.1
427 22.8
179 22.9
556 23.1
556 23.5
596 23.7
637 24.0
651 24.3
689 24.9
762 25.7
783 26.0
814 26.7
843 27.9
850 28.3
907 28.4
952 28.2
917 28.4
267 28.9
317 29.5
890 29.7
228 29.7
274 29.4
239 29.4
239 29.2
894 30.1
888 30.1
795 30.3
753 30.3
721 30.5
697 30.6
678 30.6
497 30.7
600 30.8
516 30.8
477 30.7
379 30.7
266 30.5
126 30.5
118 30.3
94 30.0
164 29.9
51 29.6
43 29.3
34 29.0
16 28.6
9 28.2
2 27.9
1 27.7
0 27.4
0 27.3
0 27.2
0 27.2
0 27.1
0 27.0
0 27.0
0 26.8
0 26.4
0 26.3
0 26.3
0 26.1
0 26.0
0 26.0
0 25.9
0 25.9
1 25.9
0 25.8
0 25.2
0 24.4
1 23.8
0 22.8
0 22.0
0 21.2
0 21.4
1 21.4
0 21.5
0 21.8
0 21.8
0 21.6
0 21.5
0 21.2
0 21.2
0 21.0
0 20.8
0 20.8
0 20.8
1 20.8
6 20.7
11 20.8
27 20.8
38 20.7
57 20.6
75 20.7
111 20.8
77 20.9
122 21.0
174 21.2
426 21.6
518 21.9
198 22.1
603 22.6
617 22.9
668 23.3
695 23.6
737 23.8
777 24.2
615 24.6
830 25.0
884 25.4
875 25.6
952 25.8
1040 25.8
284 26.0
907 26.0
443 26.0
376 26.1
834 26.5
906 26.7
902 27.0
886 27.0
915 27.3
848 27.4
833 27.5
804 27.7
771 27.9
738 27.8
713 28.0
677 28.2
640 28.2
594 28.4
554 28.3
506 28.3
461 28.1
416 28.0
366 27.9
315 27.6
78 27.2
127 27.2
34 26.6
32 26.4
34 26.1
23 25.9
14 25.9
6 25.4
1 25.2
0 25.1
0 24.8
0 24.5
0 23.8
1 23.4
0 23.1
0 23.0
0 22.8
0 22.8
0 22.5
0 22.3
0 22.0
0 21.9
0 21.7
0 21.7
1 21.7
0 21.7
0 21.6
0 21.5
0 21.7
0 21.5
0 21.1
0 20.8
0 20.6
0 20.6
0 20.6
0 20.4
0 20.4
0 20.2
0 19.9
0 19.8
0 19.6
0 19.4
0 19.2
0 19.2
0 19.3
0 19.6
2 19.6
7 19.4
14 19.5
20 19.5
103 19.5
145 19.4
192 20.1
240 20.2
291 20.4
340 20.5
390 21.1
439 21.6
488 21.7
539 22.0
597 22.5
296 22.9
854 23.1
772 23.4
921 23.4
343 23.3
944 23.4
846 23.9
849 24.1
867 24.2
884 24.5
900 24.5
909 24.7
914 25.0
920 25.4
921 25.6
912 25.9
906 25.9
896 26.1
887 26.4
873 26.4
852 26.6
830 26.8
801 27.0
777 27.0
742 27.1
712 27.2
676 26.9
634 27.1
592 27.1
550 27.1
512 27.0
466 27.0
443 26.5
384 26.4
182 26.4
182 26.4
215 26.3
44 26.0
44 25.7
29 25.5
26 25.4
16 25.3
5 25.1
1 24.7
0 24.5
0 24.3
0 23.9
0 23.7
0 23.6
0 23.4
0 23.1
0 22.9
0 22.9
0 22.7
 22.2
0 21.9
0 21.9
0 21.7
0 21.5
0 21.5
0 21.6
0 21.6
0 21.5
0 21.5
0 21.5
0 21.2
0 21.1
0 20.8
0 20.1
0 20.3
0 20.0
1 20.0
0 19.6
0 19.6
0 19.5
0 19.4
0 19.1
0 18.7
0 18.4
0 17.8
0 17.1
2 16.9
6 17.1
16 17.3
27 17.2
100 17.4
140 17.4
181 18.6
286 18.9
292 19.4
325 19.3
270 19.3
190 19.3
397 19.2
513 19.5
585 19.5
276 20.5
321 19.8
696 20.5
710 21.2
587 21.4
947 21.8
365 21.8
303 21.6
508 21.7
904 22.2
380 22.4
450 22.5
1090 23.1
1110 23.1
1200 23.8
1090 23.7
986 23.8
1030 24.1
906 23.9
878 23.9
904 24.2
833 24.3
795 24.8
776 25.2
746 25.1
710 25.2
675 25.2
632 25.1
590 25.2
549 25.6
504 25.5
462 25.7
417 25.8
365 25.4
258 25.4
254 25.0
55 24.7
34 24.5
35 24.2
27 23.9
28 23.6
15 23.3
6 23.0
1 22.6
0 22.3
0 22.3
0 22.2
0 21.6
0 21.6
0 21.5
0 21.3
0 20.8
0 20.5
0 20.5
0 20.7
0 20.5
0 19.3
1 18.3
1 17.8
0 17.7
0 17.3
0 17.1
0 16.5
1 16.4
0 16.3
0 16.6
0 16.2
0 15.9
0 16.0
0 16.7
0 16.6
0 16.1
0 15.4
0 15.2
0 15.2
0 15.7
0 15.2
1 14.9
0 15.5
0 15.8
0 16.3
1 16.2
5 15.6
13 15.4
23 15.2
110 15.5
61 15.7
215 15.7
139 16.2
276 16.0
299 16.6
379 17.1
420 17.2
463 17.6
511 17.5
564 18.5
604 19.3
481 19.2
157 19.1
283 19.1
773 19.8
970 19.7
816 20.3
715 20.2
259 20.0
440 19.8
574 19.8
217 20.2
560 20.7
848 20.8
720 20.6
656 21.3
518 22.1
459 21.9
433 21.6
354 21.5
435 21.8
500 22.0
553 22.3
373 22.0
733 22.3
560 23.6
651 23.8
656 23.8
288 22.9
410 23.0
216 23.3
196 23.9
134 23.5
162 23.1
155 23.0
116 22.9
41 22.3
77 22.4
48 22.2
37 22.0
19 22.0
5 21.4
3 21.3
0 21.1
0 21.4
0 21.9
0 21.4
0 22.0
0 22.0
0 21.5
0 20.8
0 21.1
0 20.6
0 20.5
0 20.3
0 20.3
0 20.1
0 20.3
0 20.3
0 20.3
0 20.2
0 20.3
0 20.3
0 20.4
0 20.4
0 20.4
0 20.0
0 20.0
0 20.0
0 18.5
0 18.0
0 17.7
0 17.5
0 17.4
0 17.1
0 17.0
0 17.1
0 16.9
0 16.7
0 16.7
0 16.7
2 16.6
2 16.6
19 16.9
46 16.9
31 17.0
25 17.0
39 17.3
47 17.2
45 17.2
120 17.3
71 17.3
118 17.5
125 17.7
140 17.7
100 17.8
143 17.8
85 17.8
143 17.9
242 18.1
258 18.1
387 19.0
300 19.4
276 19.6
447 19.8
161 19.8
329 19.9
249 19.9
199 20.3
340 20.4
279 20.7
507 20.7
780 20.8
289 20.9
344 20.8
396 21.5
271 21.8
307 21.7
171 21.7
134 21.8
188 21.8
152 22.0
169 22.0
168 22.2
239 22.3
323 22.4
498 23.1
471 22.9
182 22.8
123 22.9
82 22.3
61 22.2
46 21.9
49 21.9
21 21.9
9 21.8
5 21.8
4 21.3
2 21.3
0 21.2
0 21.0
0 20.8
0 20.7
0 20.4
0 20.1
0 20.0
0 19.8
0 19.9
0 19.9
0 19.9
0 19.5
0 19.5
0 19.4
1 19.2
0 19.1
0 19.1
0 18.9
1 18.8
1 18.8
0 18.8
0 18.8
0 19.0
0 19.0
0 18.9
0 19.0
0 19.0
0 18.9
0 19.0
0 19.0
0 19.2
0 19.2
0 19.3
0 19.5
0 19.7
0 19.7
0 19.7
0 19.6
0 19.5
2 19.3
10 19.2
16 19.2
30 19.2
40 19.4
55 19.5
87 19.4
112 19.5
159 19.8
173 20.1
197 20.4
185 20.7
177 20.8
163 20.9
240 21.0
278 21.2
416 21.4
248 21.7
383 21.8
290 21.7
313 22.3
862 22.8
310 22.8
612 22.8
1010 23.1
245 23.2
315 23.5
940 23.9
801 24.4
646 24.9
413 25.0
1010 25.4
839 26.1
909 26.5
918 26.5
946 26.5
856 26.7
273 26.6
679 26.6
721 27.1
298 26.5
540 26.4
289 26.8
613 26.3
524 26.1
327 25.7
214 25.4
166 25.2
26 24.5
10 23.4
10 22.5
2 21.8
4 21.0
5 20.1
6 19.6
4 19.6
1 19.0
0 18.6
0 18.0
0 17.4
0 16.9
0 16.6
0 16.1
0 15.9
0 15.9
0 16.0
0 15.7
1 15.6
0 15.4
0 15.3
1 15.3
0 15.2
0 15.3
0 15.2
0 15.1
0 15.0
0 15.0
0 15.2
0 15.1
0 15.2
0 15.0
0 15.0
0 15.0
0 15.0
0 15.2
0 15.2
0 14.9
0 14.9
0 15.1
0 15.0
0 15.2
0 15.0
0 15.0
0 15.5
0 15.4
0 15.4
0 15.3
2 15.3
7 15.0
6 15.0
14 15.0
30 15.2
24 15.4
71 15.2
45 15.3
51 15.1
83 15.2
49 15.3
63 15.3
103 15.4
80 15.4
150 15.4
216 15.7
163 15.6
111 15.7
112 15.6
177 15.7
155 15.7
119 15.8
117 15.9
99 15.8
124 15.7
159 15.7
119 15.7
156 15.7
182 15.6
151 15.6
101 15.7
105 15.6
120 15.6
124 15.7
106 15.7
131 15.7
162 15.7
81 15.7
80 15.8
68 15.9
81 15.9
93 15.9
45 15.8
45 15.8
56 15.8
41 15.8
31 15.7
18 15.6
44 15.4
45 15.2
30 15.2
25 15.3
14 15.0
7 15.1
5 15.0
1 15.1
0 14.9
0 15.0
0 14.8
0 14.8
0 14.9
0 14.8
0 14.8
0 14.8
0 14.6
0 14.6
1 14.5
0 14.5
0 14.4
0 14.4
0 14.5
0 14.5
0 14.3
0 14.2
0 14.3
0 14.3
0 14.3
0 14.2
0 14.2
0 14.4
0 14.4
0 14.1
0 14.1
0 14.1
0 14.1
0 14.0
0 14.0
0 14.0
0 14.0
0 14.0
0 13.8
0 13.9
0 14.0
0 13.9
0 13.8
0 13.8
9 13.8
9 13.8
36 13.9
37 14.0
77 14.2
125 14.3
76 14.3
117 14.8
130 14.8
132 15.0
128 15.2
110 15.2
112 15.6
145 15.7
169 16.1
375 16.3
451 16.9
368 17.2
236 17.1
607 17.6
587 17.9
863 18.3
617 18.4
568 18.7
601 18.9
930 19.2
862 19.2
912 19.5
475 20.3
615 20.7
399 20.9
430 21.0
497 21.5
442 21.9
491 22.2
356 22.6
502 22.6
640 22.6
719 23.9
391 23.7
219 23.7
587 24.3
580 24.5
298 24.1
447 24.5
317 24.4
398 24.5
367 24.8
202 24.8
155 24.8
59 24.6
42 24.5
20 24.2
17 23.9
13 23.7
6 22.6
1 22.6
0 21.8
0 22.1
0 21.7
0 21.3
0 21.3
0 21.4
0 21.6
0 21.3
0 21.3
0 21.2
0 21.1
0 20.9
0 20.6
0 20.4
0 20.5
0 20.3
0 20.5
0 20.2
0 20.8
0 21.1
0 20.8
0 20.8
0 20.5
0 20.5
0 20.4
0 20.4
0 20.4
0 20.3
0 20.4
1 20.2
0 20.0
0 20.0
0 20.0
0 20.0
0 20.0
0 20.1
0 20.1
0 20.2
4 20.4
13 20.4
18 20.4
40 20.5
84 20.7
85 20.9
119 21.2
95 21.5
109 21.7
144 21.7
139 21.9
161 22.1
179 22.1
214 22.3
464 22.4
273 22.8
198 22.3
234 22.5
353 22.6
347 22.9
308 23.4
310 24.1
262 23.8
222 23.9
286 24.1
294 24.1
229 24.1
343 23.9
414 24.1
203 24.2
295 24.1
226 24.1
210 24.1
225 23.5
177 23.5
129 23.4
232 23.2
185 23.1
205 22.7
233 22.7
202 22.6
207 22.7
203 22.7
194 22.5
162 22.7
96 22.4
96 22.3
56 22.2
44 22.1
43 22.1
35 21.7
31 21.4
14 21.2
9 20.8
23 20.5
7 20.6
5 20.5
0 20.4
0 20.5
0 20.6
0 20.4
0 20.4
0 20.4
0 20.2
0 20.2
0 19.9
0 20.0
0 19.9
0 19.8
0 19.9
0 20.0
0 19.9
0 20.1
0 20.0
0 19.9
0 19.8
0 19.6
0 19.3
1 19.2
0 19.2
0 19.2
0 19.3
0 19.3
0 19.4
0 19.2
0 19.2
0 19.0
0 19.1
0 19.1
0 19.1
0 19.1
0 19.0
0 18.9
0 18.7
0 18.5
2 18.5
8 18.3
19 18.3
28 18.3
106 18.2
119 18.1
155 18.3
165 18.4
313 18.6
181 18.8
362 19.2
275 19.6
149 20.0
71 20.0
76 20.2
89 20.2
212 20.5
142 20.6
98 20.7
175 20.9
396 21.0
239 21.4
249 21.4
492 21.8
301 22.0
258 22.2
186 22.5
217 23.1
297 23.1
234 22.8
244 22.9
223 23.1
220 22.6
205 22.4
280 22.3
476 22.3
509 22.6
832 22.9
320 23.3
376 23.4
955 23.8
844 24.3
176 24.1
407 24.3
451 24.9
618 25.3
321 25.6
472 25.5
392 25.2
328 24.7
133 24.4
158 24.1
36 24.1
34 23.7
28 23.5
23 23.1
19 22.9
9 22.5
2 22.2
0 21.9
0 21.4
0 21.0
0 20.6
0 20.3
0 20.0
0 19.7
0 19.5
0 19.6
0 19.4
0 19.2
0 18.9
0 18.7
0 18.6
0 18.5
0 18.4
0 18.3
0 18.0
0 17.9
0 17.5
0 17.5
0 17.8
0 17.6
0 17.4
0 17.4
0 17.5
0 17.1
0 16.8
0 16.5
0 16.4
0 16.1
0 16.0
0 15.9
1 15.8
0 15.8
0 15.8
1 15.8
2 15.5
9 15.6
22 15.5
38 15.8
67 16.1
94 16.3
127 16.0
162 16.1
191 16.5
245 16.7
276 17.1
311 17.6
351 18.0
423 18.5
468 18.9
502 19.3
507 19.6
538 19.6
536 20.4
574 20.7
611 21.0
622 21.4
638 21.7
657 22.0
694 22.3
707 22.3
712 22.6
726 22.9
725 23.0
757 23.4
748 23.6
741 23.7
736 23.7
725 23.9
749 24.1
737 24.2
725 24.4
711 24.5
669 24.9
625 25.4
588 25.7
564 25.8
545 25.8
519 25.9
465 25.9
432 25.9
377 25.9
354 25.8
305 25.7
271 25.7
147 25.5
153 25.3
87 25.1
70 24.9
51 24.7
41 24.6
20 24.4
6 24.2
1 24.0
0 23.7
0 23.5
0 23.1
0 22.8
0 22.8
0 22.6
0 22.3
0 22.0
0 21.8
0 21.8
0 21.6
0 21.4