10.9 0.00
10.4 0.00
9.9 0.00
9.9 0.00
10.0 0.00
9.9 0.00
9.7 0.00
10.1 0.01
11.9 0.06
15.7 0.07
15.5 0.11
19.2 0.25
22.5 0.33
24.9 0.52
25.8 0.49
25.9 0.50
25.6 0.51
26.0 0.46
23.8 0.18
18.6 0.06
17.0 0.00
16.4 0.00
16.0 0.00
15.6 0.00
15.2 0.00
14.8 0.00
14.6 0.00
14.6 0.00
14.6 0.00
14.9 0.00
15.1 0.00
15.3 0.00
15.6 0.05
16.0 0.06
16.5 0.11
18.2 0.28
19.4 0.25
20.6 0.36
21.7 0.40
22.0 0.25
20.7 0.09
17.1 0.05
15.7 0.08
17.0 0.08
16.5 0.03
15.6 0.00
15.2 0.00
15.0 0.00
15.5 0.00
15.3 0.00
14.8 0.00
14.6 0.00
14.6 0.00
14.5 0.00
14.5 0.00
14.4 0.00
14.5 0.02
14.8 0.05
15.3 0.06
15.3 0.05
15.4 0.07
14.7 0.06
12.1 0.05
11.5 0.06
11.6 0.06
11.9 0.09
12.0 0.06
12.1 0.04
12.0 0.01
11.9 0.01
11.9 0.01
12.0 0.01
12.0 0.00
11.8 0.00
10.1 0.00
8.9 0.00
8.9 0.00
9.2 0.00
9.7 0.00
10.0 0.00
10.3 0.01
10.8 0.03
11.6 0.07
13.6 0.24
15.6 0.16
17.0 0.38
17.9 0.21
17.3 0.14
17.9 0.15
18.4 0.12
18.6 0.14
18.1 0.07
16.9 0.05
11.5 0.01
10.6 0.00
9.6 0.00
8.8 0.00
8.4 0.00
9.0 0.00
8.8 0.00
7.5 0.00
7.5 0.00
7.6 0.00
7.6 0.01
7.5 0.04
9.5 0.10
12.7 0.22
16.6 0.38
18.4 0.28
19.2 0.22
20.3 0.45
21.2 0.54
21.7 0.30
21.4 0.27
21.2 0.14
19.5 0.11
12.9 0.03
12.1 0.00
11.4 0.00
11.1 0.00
11.2 0.00
11.2 0.00
11.6 0.00
11.1 0.00
10.8 0.00
10.9 0.00
10.6 0.00
10.3 0.01
10.5 0.05
11.0 0.08
11.8 0.12
13.5 0.32
14.0 0.26
14.4 0.18
13.2 0.08
12.3 0.08
11.4 0.09
11.2 0.05
10.8 0.04
10.8 0.02
10.9 0.01
11.0 0.00
11.1 0.00
11.1 0.00
10.4 0.00
9.8 0.00
10.2 0.00
10.2 0.00
9.9 0.00
9.6 0.00
8.8 0.00
8.3 0.01
9.5 0.04
11.0 0.11
12.8 0.16
14.8 0.30
16.3 0.33
17.6 0.47
18.2 0.32
19.6 0.45
20.0 0.44
21.0 0.32
20.2 0.11
20.4 0.09
19.3 0.04
16.9 0.01
14.4 0.00
12.9 0.00
12.0 0.00
11.2 0.00
10.3 0.00
9.7 0.00
9.0 0.00
8.4 0.00
7.9 0.00
8.0 0.01
9.1 0.05
10.5 0.10
12.6 0.25
14.5 0.36
16.0 0.42
17.3 0.43
18.2 0.46
18.9 0.45
19.0 0.31
18.0 0.32
16.9 0.24
15.0 0.12
12.7 0.03
10.8 0.01
9.8 0.00
9.0 0.00
8.1 0.00
7.0 0.00
5.7 0.00
4.6 0.00
3.8 0.00
3.2 0.00
2.9 0.00
2.4 0.01
4.0 0.06
7.5 0.16
8.8 0.15
10.3 0.30
11.6 0.29
12.4 0.47
13.2 0.36
14.0 0.38
14.8 0.34
15.7 0.36
15.7 0.26
15.4 0.12
13.5 0.03
11.1 0.00
7.8 0.00
5.7 0.00
3.9 0.00
2.5 0.00
1.4 0.00
0.7 0.00
0.2 0.00
-0.2 0.00
-0.5 0.00
-0.2 0.01
1.3 0.05
6.3 0.14
12.3 0.26
15.3 0.37
17.5 0.42
18.5 0.52
19.8 0.55
21.1 0.54
21.9 0.49
22.6 0.40
22.8 0.30
22.4 0.14
20.5 0.05
18.0 0.01
15.2 0.00
12.7 0.00
10.9 0.00
10.5 0.00
8.8 0.00
7.9 0.00
7.4 0.00
6.4 0.00
6.1 0.00
5.6 0.01
7.0 0.07
11.4 0.14
14.1 0.26
17.3 0.38
19.7 0.43
21.0 0.54
22.3 0.56
23.0 0.54
23.5 0.48
23.9 0.40
24.1 0.29
23.8 0.13
21.8 0.04
19.0 0.01
16.1 0.00
13.8 0.00
12.1 0.00
10.6 0.00
9.8 0.00
9.1 0.00
8.6 0.00
8.1 0.00
7.8 0.00
8.0 0.01
8.7 0.05
10.6 0.10
16.6 0.27
21.6 0.43
23.6 0.46
24.2 0.34
24.1 0.28
23.1 0.22
23.2 0.18
22.5 0.12
21.2 0.08
19.0 0.03
17.0 0.01
16.8 0.00
16.8 0.00
16.9 0.00
17.0 0.00
17.1 0.00
17.2 0.00
17.2 0.00
16.9 0.00
16.3 0.00
16.2 0.00
16.3 0.01
16.4 0.03
16.8 0.06
18.0 0.19
19.1 0.19
19.8 0.20
19.9 0.16
20.0 0.16
19.8 0.15
19.9 0.15
19.8 0.19
20.4 0.21
20.3 0.10
19.6 0.08
19.1 0.03
18.1 0.00
17.5 0.00
17.2 0.00
16.6 0.00
15.6 0.00
14.2 0.00
13.1 0.00
12.8 0.00
12.7 0.00
12.6 0.02
14.8 0.08
15.8 0.07
16.6 0.13
18.6 0.28
21.1 0.35
22.1 0.28
22.6 0.32
23.4 0.44
24.1 0.37
23.1 0.16
22.0 0.08
22.0 0.11
21.4 0.03
19.5 0.00
18.8 0.01
16.8 0.00
15.5 0.00
14.5 0.00
13.9 0.00
13.7 0.00
13.4 0.00
13.0 0.00
12.7 0.00
12.9 0.03
14.5 0.03
16.2 0.12
18.9 0.24
20.9 0.37
23.3 0.46
24.9 0.57
26.0 0.58
26.8 0.46
27.1 0.36
27.2 0.26
27.4 0.24
27.1 0.14
25.7 0.04
23.5 0.01
21.2 0.00
20.7 0.00
21.9 0.00
20.8 0.00
20.1 0.00
20.9 0.00
21.3 0.00
21.7 0.02
21.7 0.02
21.4 0.03
21.7 0.06
22.2 0.12
23.2 0.23
24.6 0.36
25.7 0.39
25.5 0.32
25.3 0.25
25.0 0.26
25.0 0.30
24.2 0.35
24.3 0.34
24.2 0.16
22.9 0.07
21.8 0.01
20.8 0.00
20.5 0.00
20.2 0.08
17.8 0.02
18.0 0.00
17.9 0.03
18.7 0.05
17.4 0.04
16.5 0.02
16.6 0.02
16.9 0.07
17.8 0.15
18.5 0.16
19.0 0.23
20.8 0.40
20.8 0.28
21.2 0.42
21.7 0.48
21.0 0.39
19.9 0.30
18.4 0.13
17.4 0.10
17.0 0.10
16.5 0.06
16.1 0.06
15.7 0.02
15.2 0.00
14.9 0.04
14.8 0.05
14.5 0.01
14.2 0.04
13.9 0.01
13.0 0.00
12.6 0.02
14.2 0.09
15.5 0.15
16.3 0.22
17.8 0.38
18.5 0.34
18.9 0.39
19.0 0.27
19.1 0.22
19.7 0.28
19.6 0.18
19.4 0.15
19.3 0.13
18.6 0.05
17.0 0.01
14.6 0.00
12.3 0.00
11.0 0.00
10.7 0.00
9.8 0.00
8.8 0.00
8.0 0.00
7.2 0.00
6.4 0.00
6.2 0.01
8.1 0.04
9.8 0.08
11.5 0.16
12.8 0.20
13.4 0.18
14.1 0.28
15.7 0.38
16.9 0.48
17.1 0.46
17.8 0.39
18.0 0.30
17.3 0.11
15.5 0.04
13.6 0.01
11.0 0.00
8.9 0.00
7.9 0.00
7.5 0.00
7.3 0.00
6.6 0.00
6.2 0.00
6.0 0.00
6.6 0.00
6.9 0.02
7.6 0.07
8.4 0.11
9.6 0.13
10.9 0.14
12.6 0.20
14.6 0.29
15.5 0.30
15.6 0.11
16.3 0.15
16.7 0.13
16.4 0.05
13.6 0.03
12.4 0.01
12.6 0.00
12.5 0.00
12.6 0.00
12.8 0.00
13.4 0.04
13.9 0.01
14.3 0.00
13.6 0.00
12.5 0.00
12.9 0.00
13.2 0.00
13.3 0.03
14.2 0.08
15.4 0.14
17.2 0.15
19.1 0.25
20.3 0.27
20.3 0.23
19.0 0.08
15.8 0.05
16.4 0.14
17.5 0.17
16.4 0.11
15.2 0.03
14.2 0.00
12.7 0.00
12.7 0.00
12.5 0.00
12.0 0.00
11.3 0.00
10.4 0.00
10.2 0.00
9.6 0.00
9.2 0.00
9.0 0.00
9.1 0.02
9.4 0.05
9.8 0.08
10.0 0.12
9.8 0.10
9.8 0.09
9.7 0.08
9.9 0.07
10.3 0.09
11.0 0.12
10.9 0.08
10.4 0.05
10.1 0.02
9.7 0.00
9.5 0.00
9.3 0.00
9.1 0.00
8.9 0.00
8.8 0.00
8.7 0.00
8.4 0.00
8.1 0.00
7.4 0.00
6.8 0.01
7.2 0.05
8.1 0.10
9.0 0.14
9.4 0.15
10.2 0.26
11.4 0.34
12.5 0.30
13.0 0.21
13.2 0.24
12.6 0.15
12.0 0.08
11.1 0.06
8.9 0.04
8.0 0.01
6.8 0.00
5.9 0.00
5.5 0.00
4.6 0.00
4.3 0.00
4.7 0.00
4.2 0.00
3.5 0.00
4.2 0.00
5.3 0.01
6.5 0.03
7.6 0.11
9.8 0.13
11.5 0.25
12.7 0.34
13.8 0.33
15.1 0.48
15.5 0.35
16.4 0.41
16.7 0.30
16.6 0.24
16.4 0.17
15.0 0.05
12.4 0.01
9.4 0.00
7.3 0.00
5.8 0.00
5.1 0.00
4.4 0.00
3.9 0.00
3.9 0.00
4.1 0.00
3.3 0.00
3.3 0.01
4.5 0.07
7.6 0.16
12.7 0.27
15.2 0.38
16.2 0.37
16.3 0.26
16.5 0.19
16.4 0.15
16.5 0.15
16.7 0.19
16.8 0.16
17.0 0.12
15.2 0.03
13.8 0.01
11.6 0.00
9.6 0.00
7.5 0.00
5.7 0.00
4.7 0.00
4.0 0.00
3.4 0.00
2.8 0.00
2.4 0.00
2.5 0.02
4.6 0.08
9.0 0.17
13.1 0.29
14.8 0.39
15.8 0.46
16.4 0.54
17.3 0.53
18.2 0.48
19.1 0.50
19.6 0.42
19.7 0.31
19.7 0.17
18.2 0.06
16.0 0.01
12.9 0.00
11.9 0.00
10.7 0.00
9.5 0.00
9.1 0.00
8.7 0.00
8.4 0.00
8.2 0.00
8.2 0.00
8.1 0.02
10.3 0.06
13.8 0.14
15.1 0.20
16.6 0.32
17.5 0.32
17.5 0.20
17.2 0.22
16.8 0.21
16.1 0.17
14.1 0.12
12.5 0.07
12.3 0.05
12.3 0.02
12.0 0.02
11.4 0.01
11.4 0.01
11.4 0.00
11.0 0.00
10.8 0.00
10.8 0.00
10.4 0.00
10.2 0.00
10.3 0.00
10.4 0.01
10.6 0.02
11.0 0.05
11.7 0.07
12.4 0.08
13.0 0.08
13.4 0.06
13.9 0.08
14.5 0.07
14.9 0.07
15.1 0.05
15.2 0.05
15.3 0.04
15.4 0.03
15.0 0.00
14.5 0.00
14.1 0.00
14.0 0.00
13.8 0.00
13.7 0.00
12.9 0.00
12.2 0.00
11.5 0.00
12.0 0.00
12.3 0.01
12.7 0.06
13.4 0.09
14.1 0.09
15.0 0.11
16.6 0.24
18.2 0.32
19.7 0.41
20.8 0.45
20.2 0.16
21.0 0.26
21.4 0.18
20.6 0.08
18.1 0.01
15.3 0.00
13.4 0.00
12.0 0.00
11.2 0.00
11.0 0.00
11.2 0.00
11.2 0.00
11.2 0.00
11.2 0.00
11.2 0.03
12.9 0.10
15.1 0.14
16.3 0.13
16.4 0.11
15.2 0.09
14.5 0.06
14.1 0.10
14.1 0.07
13.3 0.08
12.9 0.05
12.7 0.05
13.0 0.07
13.4 0.04
12.9 0.01
12.4 0.00
12.6 0.00
12.4 0.00
12.3 0.00
12.4 0.00
12.4 0.00
12.2 0.00
12.0 0.00
11.8 0.00
11.8 0.01
12.0 0.04
12.2 0.10
12.0 0.14
12.0 0.16
12.1 0.17
11.9 0.16
12.3 0.25
13.7 0.37
14.4 0.39
13.9 0.21
13.6 0.14
13.5 0.10
12.9 0.06
10.7 0.01
7.2 0.00
5.5 0.00