0.00 122
0.00 122
0.00 123
0.00 123
0.00 123
0.00 122
0.00 122
0.00 123
0.00 123
0.00 123
0.00 123
0.00 123
0.00 123
0.00 123
0.00 123
0.00 123
0.00 123
0.00 123
0.00 124
0.00 123
0.00 124
0.00 124
0.00 124
0.00 124
0.00 124
0.01 124
0.00 124
0.00 125
0.00 125
0.02 125
0.01 125
0.00 125
0.00 125
0.00 125
0.00 125
0.00 126
0.00 126
0.00 126
0.00 126
0.00 126
0.00 126
0.00 126
0.00 126
0.00 126
0.00 126
0.00 127
0.00 127
0.00 127
0.00 127
0.00 127
0.00 127
0.00 127
0.00 127
0.00 127
0.00 127
0.00 127
0.00 127
0.00 127
0.00 127
0.00 127
0.00 127
0.00 127
0.00 127
0.00 127
0.00 127
0.00 127
0.00 127
0.00 127
0.00 127
0.00 127
0.00 127
0.00 127
0.00 127
0.00 127
0.00 127
0.00 127
0.00 127
0.00 127
0.00 127
0.00 127
0.00 127
0.00 127
0.00 127
0.00 127
0.00 127
0.00 127
0.00 127
0.00 127
0.00 127
0.00 127
0.00 127
0.00 127
0.00 127
0.00 126
0.00 126
0.00 126
0.00 126
0.00 126
0.00 126
0.00 126
0.00 126
0.00 126
0.00 126
0.00 126
0.00 126
0.01 126
0.00 126
0.00 126
0.00 125
0.00 126
0.00 126
0.00 125
0.00 125
0.00 125
0.00 125
0.00 125
0.00 125
0.00 125
0.00 125
0.00 125
0.00 125
0.00 125
0.00 125
0.00 125
0.00 125
0.00 125
0.00 124
0.00 125
0.00 124
0.00 124
0.00 124
0.00 124
0.00 124
0.00 124
0.00 124
0.00 124
0.00 124
0.00 124
0.00 124
0.00 124
0.00 124
0.00 124
0.00 124
0.00 124
0.00 124
0.00 124
0.00 124
0.00 124
0.00 124
0.00 124
0.00 124
0.00 124
0.00 124
0.00 124
0.00 125
0.00 125
0.00 124
0.00 124
0.00 124
0.00 124
0.00 124
0.00 124
0.00 124
0.00 124
0.00 125
0.00 124
0.00 125
0.00 125
0.00 124
0.00 124
0.00 124
0.00 125
0.00 125
0.00 124
0.00 125
0.00 125
0.00 125
0.00 125
0.00 125
0.00 125
0.00 125
0.00 125
0.00 125
0.00 125
0.00 125
0.00 125
0.01 124
0.04 124
0.05 123
0.02 122
0.00 123
0.00 119
0.00 119
0.00 121
0.00 118
0.00 119
0.00 118
0.00 118
0.00 118
0.00 119
0.00 119
0.00 120
0.00 120
0.00 120
0.00 121
0.00 122
0.00 122
0.00 122
0.00 122
0.00 121
0.00 120
0.00 118
0.00 118
0.00 117
0.00 117
0.00 118
0.00 118
0.00 118
0.00 118
0.00 119
0.00 119
0.00 119
0.00 119
0.00 119
0.00 119
0.00 120
0.00 120
0.00 120
0.00 120
0.00 120
0.00 120
0.00 120
0.00 120
0.00 120
0.00 120
0.00 121
0.00 120
0.00 120
0.00 121
0.00 121
0.00 120
0.00 121
0.00 121
0.00 121
0.00 121
0.00 121
0.01 120
0.00 120
0.01 120
0.00 120
0.01 120
0.00 120
0.00 120
0.00 120
0.00 120
0.00 121
0.00 120
0.00 121
0.00 121
0.00 121
0.00 121
0.00 121
0.00 122
0.00 122
0.00 122
0.00 122
0.00 125
0.00 128
0.00 130
0.00 129
0.00 130
0.00 129
0.00 129
0.00 130
0.06 130
0.17 140
0.11 82
0.03 84
0.06 84
0.06 84
0.07 92
0.04 73
0.01 70
0.00 77
0.00 70
0.00 64
0.00 57
0.00 49
0.00 45
0.00 49
0.00 52
0.00 53
0.00 53
0.00 53
0.00 55
0.00 56
0.00 57
0.00 59
0.00 60
0.00 62
0.00 64
0.00 64
0.00 65
0.00 66
0.00 67
0.00 68
0.00 69
0.00 70
0.00 71
0.00 72
0.00 73
0.00 74
0.00 75
0.00 75
0.00 76
0.00 76
0.00 77
0.00 77
0.00 78
0.00 78
0.00 78
0.00 78
0.00 78
0.00 79
0.00 79
0.00 79
0.00 79
0.00 79
0.00 80
0.00 80
0.00 80
0.00 80
0.00 80
0.00 81
0.00 81
0.00 81
0.00 81
0.00 81
0.00 82
0.00 82
0.00 82
0.00 82
0.00 82
0.00 83
0.00 83
0.00 83
0.00 84
0.00 83
0.00 83
0.00 84
0.00 84
0.00 85
0.00 84
0.00 85
0.00 85
0.00 85
0.00 85
0.00 85
0.00 86
0.00 86
0.00 86
0.00 86
0.00 86
0.00 87
0.00 87
0.00 87
0.00 87
0.00 87
0.00 88
0.00 89
0.00 88
0.00 88
0.00 89
0.00 89
0.00 89
0.00 89
0.00 89
0.00 90
0.00 90
0.00 90
0.00 90
0.00 90
0.00 90
0.00 91
0.00 91
0.00 91
0.00 91
0.00 91
0.00 92
0.00 91
0.00 92
0.00 92
0.00 92
0.00 92
0.00 92
0.00 92
0.00 92
0.00 92
0.00 93
0.00 93
0.00 93
0.00 93
0.00 93
0.00 93
0.00 94
0.00 94
0.00 94
0.00 94
0.00 94
0.00 94
0.00 94
0.00 95
0.00 95
0.00 95
0.00 95
0.00 95
0.00 95
0.00 95
0.00 95
0.00 95
0.00 96
0.00 96
0.00 96
0.00 96
0.00 96
0.00 96
0.00 96
0.00 96
0.00 96
0.00 96
0.00 96
0.00 96
0.00 96
0.00 96
0.00 96
0.00 97
0.00 96
0.00 97
0.00 97
0.00 97
0.00 97
0.00 97
0.00 97
0.00 97
0.00 97
0.00 97
0.00 97
0.00 97
0.00 98
0.00 98
0.00 98
0.00 98
0.00 98
0.00 98
0.00 98
0.00 98
0.00 99
0.00 99
0.00 99
0.00 99
0.00 99
0.00 99
0.00 99
0.00 99
0.00 99
0.00 100
0.00 100
0.00 100
0.00 100
0.00 100
0.00 100
0.00 100
0.00 101
0.00 101
0.00 101
0.00 101
0.00 101
0.00 101
0.00 101
0.00 101
0.00 102
0.00 102
0.00 102
0.00 102
0.00 102
0.00 102
0.00 102
0.00 102
0.00 102
0.00 102
0.00 102
0.00 102
0.00 103
0.00 103
0.00 103
0.00 103
0.00 103
0.00 103
0.00 103
0.00 103
0.00 103
0.00 103
0.00 103
0.00 104
0.00 103
0.00 104
0.00 104
0.00 104
0.00 104
0.00 104
0.00 104
0.00 104
0.00 104
0.00 104
0.00 104
0.00 104
0.00 104
0.00 104
0.00 105
0.00 105
0.00 105
0.00 105
0.00 105
0.00 105
0.00 105
0.00 105
0.00 105
0.00 105
0.00 105
0.00 105
0.00 105
0.00 105
0.00 105
0.00 105
0.00 105
0.00 106
0.00 105
0.00 105
0.00 106
0.00 106
0.00 106
0.00 106
0.00 106
0.00 106
0.00 106
0.00 106
0.00 106
0.00 106
0.00 106
0.00 106
0.00 107
0.00 107
0.00 107
0.00 107
0.00 107
0.00 107
0.00 107
0.00 107
0.00 107
0.00 107
0.00 108
0.00 107
0.00 108
0.00 108
0.00 108
0.00 108
0.00 108
0.00 108
0.00 108
0.00 108
0.00 108
0.00 108
0.00 108
0.00 109
0.00 109
0.00 108
0.00 108
0.00 109
0.00 109
0.00 109
0.00 109
0.00 109
0.00 109
0.00 109
0.00 109
0.00 109
0.00 109
0.00 109
0.00 109
0.00 109
0.00 110
0.00 110
0.00 110
0.00 110
0.00 110
0.00 110
0.00 110
0.00 110
0.00 110
0.00 110
0.00 110
0.03 110
0.05 110
0.04 109
0.01 109
0.00 107
0.02 106
0.00 106
0.01 105
0.01 105
0.00 104
0.01 105
0.01 105
0.00 106
0.01 106
0.00 106
0.00 107
0.00 107
0.00 108
0.00 109
0.00 110
0.00 110
0.00 109
0.00 108
0.00 107
0.00 107
0.00 107
0.00 108
0.00 108
0.01 108
0.00 109
0.00 109
0.00 109
0.00 109
0.00 110
0.00 110
0.00 111
0.00 111
0.00 112
0.00 112
0.00 112
0.00 112
0.00 112
0.00 113
0.00 113
0.00 113
0.00 113
0.00 113
0.00 113
0.00 113
0.00 113
0.00 113
0.00 113
0.00 113
0.00 113
0.00 113
0.00 113
0.00 113
0.00 113
0.00 113
0.00 113
0.00 113
0.00 113
0.00 113
0.00 113
0.00 113
0.00 113
0.00 113
0.00 113
0.00 113
0.00 113
0.00 113
0.00 113
0.00 113
0.00 113
0.00 112
0.00 113
0.00 112
0.00 112
0.00 112
0.00 112
0.00 112
0.00 112
0.00 112
0.00 112
0.00 111
0.00 111
0.00 111
0.00 111
0.00 111
0.00 111
0.00 111
0.00 110
0.00 110
0.00 110
0.00 110
0.00 110
0.00 109
0.00 109
0.00 109
0.00 109
0.00 109
0.00 109
0.00 109
0.00 109
0.00 109
0.00 108
0.00 108
0.00 108
0.00 108
0.00 108
0.00 108
0.00 108
0.00 108
0.00 108
0.00 108
0.00 108
0.00 108
0.00 108
0.00 108
0.00 108
0.00 108
0.00 108
0.00 108
0.00 108
0.00 109
0.00 109
0.00 109
0.00 109
0.00 109
0.00 109
0.00 109
0.00 109
0.00 109
0.00 110
0.00 109
0.00 110
0.00 110
0.00 110
0.00 110
0.00 110
0.00 110
0.00 110
0.00 111
0.00 110
0.00 111
0.00 111
0.00 111
0.00 111
0.00 111
0.00 111
0.00 111
0.00 111
0.00 111
0.00 111
0.00 112
0.00 112
0.00 112
0.00 112
0.00 112
0.00 112
0.00 112
0.00 112
0.00 112
0.00 112
0.00 112
0.00 112
0.00 112
0.00 112
0.00 112
0.00 112
0.00 113
0.00 113
0.00 113
0.00 113
0.00 112
0.00 113
0.00 113
0.00 113
0.00 113
0.00 113
0.00 113
0.00 113
0.00 113
0.00 113
0.00 113
0.00 113
0.00 113
0.00 113
0.00 113
0.00 113
0.00 113
0.00 113
0.00 113
0.00 113
0.00 113
0.00 113
0.00 113
0.00 113
0.00 113
0.00 113
0.00 113
0.00 113
0.00 113
0.00 113
0.00 113
0.00 113
0.00 113
0.00 113
0.00 113
0.00 113
0.00 113
0.00 113
0.00 113
0.00 113
0.00 113
0.00 113
0.00 113
0.00 113
0.00 113
0.00 113
0.00 113
0.00 113
0.00 113
0.00 113
0.00 113
0.00 113
0.00 113
0.00 113
0.00 113
0.00 114
0.00 114
0.00 113
0.00 114
0.00 114
0.00 114
0.00 114
0.00 114
0.00 114
0.00 114
0.00 114
0.00 114
0.00 114
0.00 115
0.00 115
0.00 115
0.00 115
0.00 115
0.00 115
0.00 115
0.00 115
0.00 115
0.00 115
0.00 115
0.00 115
0.00 115
0.00 115
0.00 115
0.00 115
0.00 115
0.00 115
0.00 115
0.00 115
0.00 115
0.00 115
0.00 115
0.00 115
0.00 115
0.00 115
0.00 115
0.00 115
0.00 115
0.00 115
0.00 115
0.00 115
0.00 115
0.00 115
0.00 115
0.00 115
0.00 115
0.00 115
0.00 115
0.00 115
0.01 115
0.00 115
0.01 115
0.03 115
0.15 111
0.06 73
0.01 102
0.14 94
0.46 61
0.69 34
0.08 31
0.03 31
0.00 42
0.02 41
0.00 35
0.00 35
0.02 40
0.01 41
0.01 37
0.01 37
0.05 38
0.02 38
0.01 38
0.01 39
0.01 40
0.03 41
0.02 43
0.03 45
0.02 48
0.02 52
0.02 53
0.00 55
0.00 56
0.00 56
0.00 56
0.00 55
0.00 54
0.00 54
0.00 53
0.00 53
0.00 53
0.00 52
0.00 52
0.00 54
0.00 53
0.00 53
0.00 53
0.00 54
0.00 54
0.00 54
0.01 55
0.15 55
0.00 52
0.02 52
0.00 56
0.00 56
0.00 56
0.00 56
0.03 56
0.05 56
0.05 54
0.02 53
0.00 56
0.00 57
0.00 57
0.00 56
0.00 57
0.00 56
0.00 56
0.00 58
0.00 59
0.01 59
0.00 58
0.01 58
0.03 58
0.01 58
0.00 59
0.00 60
0.00 60
0.00 60
0.00 60
0.00 61
0.00 60
0.00 60
0.00 60
0.00 60
0.00 60
0.00 60
0.00 61
0.00 61
0.00 61
0.00 61
0.00 62
0.00 62
0.00 62
0.00 63
0.00 63
0.00 63
0.00 64
0.00 65
0.00 65
0.00 66
0.00 67
0.00 67
0.00 68
0.00 68
0.00 69
0.00 70
0.00 70
0.00 71
0.00 71
0.00 72
0.00 72
0.00 73
0.00 73
0.00 74
0.00 74
0.00 75
0.00 75
0.00 75
0.00 76
0.00 76
0.00 76
0.00 77
0.00 77
0.00 77
0.00 77
0.00 78
0.00 78
0.00 78
0.00 78
0.00 78
0.00 79
0.00 79
0.00 79
0.00 80
0.00 80
0.00 80
0.00 80
0.00 80
0.00 81
0.00 81
0.00 81
0.00 81
0.00 82
0.01 82
0.00 82
0.00 83
0.00 83
0.00 83
0.04 83
0.04 83
0.03 84
0.02 81
0.00 80
0.01 80
0.01 76
0.01 72
0.01 73
0.02 73
0.02 72
0.01 70
0.03 66
0.00 60
0.00 57
0.00 56
0.00 55
0.00 55
0.00 55
0.00 55
0.00 54
0.00 54
0.01 55
0.00 55
0.00 55
0.00 56
0.00 56
0.00 57
0.00 57
0.00 58
0.00 58
0.00 59
0.01 59
0.04 59
0.03 59
0.02 58
0.00 57
0.00 60
0.00 61
0.00 60
0.01 60
0.00 60
0.00 60
0.00 59
0.00 60
0.00 61
0.01 61
0.00 61
0.01 61
0.00 61
0.01 61
0.03 61
0.02 61
0.00 60
0.02 60
0.00 61
0.01 63
0.01 64
0.00 64
0.00 64
0.00 64
0.00 63
0.00 63
0.01 63
0.00 63
0.00 62
0.00 62
0.00 62
0.00 62
0.00 62
0.00 62
0.00 63
0.00 64
0.00 65
0.00 65
0.00 66
0.00 66
0.00 66
0.00 66
0.00 66
0.00 66
0.00 66
0.00 66
0.00 66
0.00 66
0.00 66
0.00 66
0.00 66
0.11 66
0.00 66
0.00 66
0.01 66
0.00 66
0.00 67
0.00 68
0.00 69
0.00 69
0.00 70
0.00 70
0.00 71
0.00 72
0.00 72
0.00 73
0.00 74
0.00 74
0.00 75
0.00 75
0.00 76
0.00 76
0.00 77
0.00 77
0.00 78
0.00 78
0.00 78
0.00 79
0.00 79
0.00 79
0.00 79
0.00 80
0.00 80
0.00 80
0.00 81
0.00 81
0.00 81
0.00 81
0.00 81
0.01 82
0.00 82
0.00 82
0.00 82
0.00 82
0.00 83
0.00 83
0.00 83
0.00 83
0.00 84
0.00 84
0.00 84
0.00 85
0.00 85
0.00 85
0.00 85
0.00 85
0.00 86
0.00 86
0.00 86
0.00 86
0.00 87
0.00 87
0.00 87
0.00 87
0.00 87
0.00 87
0.00 88
0.00 88
0.00 88
0.00 88
0.00 88
0.00 89
0.00 89
0.00 89
0.00 89
0.00 89
0.00 90
0.00 90
0.00 90
0.00 90
0.00 90
0.00 91
0.00 91
0.00 91
0.00 91
0.00 91
0.00 92
0.00 92
0.00 92
0.00 92
0.00 92
0.00 92
0.00 93
0.00 93
0.00 93
0.00 93
0.00 93
0.00 94
0.00 94
0.00 94
0.00 94
0.00 94
0.00 95
0.00 95
0.00 95
0.00 95
0.00 95
0.00 95
0.00 96
0.00 96
0.00 96
0.00 96
0.00 96
0.00 96
0.00 96
0.00 97
0.00 97
0.00 97
0.00 97
0.00 97
0.00 97
0.00 97
0.00 98
0.00 98
0.00 98
0.00 98
0.00 98
0.00 98
0.00 99
0.00 99
0.00 99
0.00 99
0.00 99
0.00 100
0.00 100
0.00 100
0.00 100
0.00 100
0.00 100
0.00 100
0.00 100
0.00 100
0.00 101
0.00 101
0.00 101
0.00 101
0.00 101
0.00 101
0.01 101
0.01 101
0.00 101
0.00 102
0.01 102
0.02 102
0.04 101
0.01 100
0.00 100
0.00 100
0.00 98
0.00 99
0.00 99
0.00 100
0.00 101
0.00 101
0.00 102
0.00 102
0.00 101
0.00 98
0.00 97
0.00 99
0.00 101
0.00 101
0.00 101
0.00 101
0.00 100
0.00 100
0.00 101
0.00 101
0.00 100
0.00 100
0.00 100
0.00 99
0.00 98
0.00 98
0.00 97
0.00 98
0.00 97
0.00 97
0.00 98
0.00 98
0.00 98
0.00 98
0.00 99
0.00 99
0.00 99
0.00 99
0.00 98
0.00 98
0.00 97
0.00 97
0.00 96
0.00 95
0.00 95
0.00 94
0.00 94
0.00 93
0.00 92
0.00 92
0.00 92
0.00 91
0.00 91
0.00 91
0.00 91
0.00 91
0.00 91
0.00 91
0.00 91
0.00 91
0.00 91
0.00 92
0.00 92
0.00 92
0.00 92
0.00 93
0.00 93
0.00 93
0.00 94
0.00 94
0.00 94
0.00 94
0.00 95
0.00 95
0.00 95
0.00 96
0.00 96
0.00 96
0.00 97
0.00 97
0.00 97
0.00 98
0.00 98
0.00 98
0.00 98
0.00 99
0.00 99
0.00 99
0.00 99
0.00 99
0.00 99
0.00 100
0.00 100
0.00 100
0.00 100
0.00 100
0.00 100
0.00 101
0.00 101
0.00 101
0.00 101
0.00 101
0.00 101
0.00 101
0.00 101
0.00 101
0.00 102
0.00 102
0.00 102
0.00 102
0.00 102
0.00 102
0.00 102
0.00 102
0.00 102
0.00 102
0.00 102
0.00 102
0.00 102
0.00 102
0.00 102
0.00 102
0.00 103
0.00 103
0.00 103
0.00 103
0.00 103
0.00 103
0.00 103
0.00 103
0.00 103
0.00 103
0.00 103
0.00 103
0.00 103
0.00 104
0.00 103
0.00 103
0.00 103
0.00 104
0.00 104
0.00 104
0.00 104
0.00 104
0.00 104
0.00 104
0.00 104
0.00 104
0.00 104
0.00 104
0.00 104
0.00 104
0.00 104
0.00 104
0.00 104
0.00 104
0.00 105
0.00 105
0.00 105
0.00 105
0.00 105
0.00 105
0.00 105
0.00 105
0.00 105
0.00 105
0.00 105
0.00 105
0.00 105
0.00 105
0.00 105
0.00 105
0.00 105
0.00 106
0.00 106
0.00 106
0.00 106
0.00 106
0.00 106
0.00 106
0.00 106
0.00 106
0.00 106
0.00 106
0.00 106
0.00 106
0.00 106
0.00 107
0.00 107
0.00 107
0.00 107
0.00 107
0.00 107
0.00 107
0.00 107
0.00 107
0.00 107
0.00 107
0.00 108
0.00 108
0.00 108
0.00 108
0.00 108
0.00 108
0.00 108
0.00 108
0.00 108
0.00 108
0.00 108
0.00 108
0.00 108
0.00 108
0.00 108
0.00 109
0.00 109
0.00 109
0.00 109
0.00 109
0.00 109
0.00 109
0.00 109
0.00 109
0.00 109
0.00 109
0.00 109
0.00 109
0.00 109
0.00 111
0.00 112
0.00 112
0.00 111
0.00 111
0.00 111
0.00 111
0.00 110
0.00 111
0.00 110
0.00 110
0.00 110
0.00 110
0.00 110
0.00 110
0.00 110
0.00 110
0.00 110
0.00 110
0.00 111
0.00 111
0.00 111
0.00 111
0.00 111
0.00 111
0.00 111
0.00 111
0.00 111
0.00 111
0.00 111
0.00 111
0.00 111
0.00 111
0.00 111
0.00 111
0.00 111
0.00 112
0.00 112
0.00 112
0.00 112
0.00 112
0.00 112
0.00 112
0.00 112
0.00 112
0.00 112
0.00 112
0.00 112
0.00 112
0.00 112
0.00 112
0.00 112
0.00 112
0.00 112
0.00 112
0.00 112
0.00 112
0.00 113
0.00 113
0.00 113
0.00 113
0.00 113
0.00 113
0.00 113
0.00 113
0.02 113
0.04 113
0.00 113
0.00 113
0.02 113
0.00 113
0.00 113
0.00 113
0.00 113
0.00 113
0.00 113
0.00 113
0.00 113
0.00 113
0.00 113
0.00 113
0.00 114
0.00 114
0.00 114
0.00 115
0.00 115
0.00 115
0.00 115
0.00 115
0.00 115
0.00 115
0.00 115
0.00 115
0.00 115
0.00 115
0.00 115
0.00 116
0.00 116
0.00 116
0.00 116
0.00 116
0.00 116
0.00 116
0.00 116
0.00 116
0.00 116
0.00 116
0.00 116
0.00 116
0.00 116
0.00 116
0.00 116
0.00 116
0.00 116
0.00 116
0.00 116
0.00 117
0.00 116
0.00 116
0.00 116
0.00 116
0.00 117
0.00 117
0.00 117
0.00 117
0.00 117
0.00 117
0.00 117
0.00 117
0.00 117
0.00 117
0.00 117
0.00 117
0.00 117
0.00 117
0.00 117
0.00 117
0.00 117
0.00 118
0.00 118
0.00 118
0.00 119
0.00 119
0.00 119
0.00 120
0.00 120
0.00 120
0.00 120
0.00 121
0.00 121
0.00 121
0.00 121
0.00 121
0.00 121
0.00 121
0.00 121
0.00 121
0.00 121
0.00 121
0.00 121
0.00 121
0.00 121
0.00 121
0.00 121
0.00 121
0.00 121
0.01 121
0.02 121
0.03 121
0.03 120
0.02 119
0.01 114
0.00 114
0.00 114
0.00 114
0.00 115
0.00 114
0.00 114
0.00 115
0.00 115
0.00 115
0.00 116
0.00 116
0.00 117
0.00 116
0.00 114
0.00 111
0.00 110
0.00 110
0.00 111
0.00 112
0.00 112
0.00 113
0.00 113
0.00 113
0.00 113
0.00 113
0.00 113
0.00 113
0.00 113
0.00 114
0.00 114
0.00 114
0.00 114
0.00 115
0.00 115
0.00 115
0.00 115
0.00 115
0.00 115
0.00 115
0.00 115
0.00 115
0.00 114
0.00 114
0.00 114
0.00 114
0.00 114
0.00 114
0.00 114
0.00 114
0.00 113
0.00 113
0.00 113
0.00 113
0.00 113
0.00 113
0.00 113
0.00 113
0.00 113
0.00 113
0.00 113
0.00 113
0.00 113
0.00 113
0.00 113
0.00 113
0.00 113
0.00 113
0.00 113
0.00 113
0.00 113
0.00 113
0.00 113
0.00 113
0.00 113
0.00 113
0.00 113
0.00 113
0.00 113
0.00 113
0.00 113
0.00 113
0.00 113
0.00 113
0.00 113
0.00 112
0.00 112
0.00 112
0.00 112
0.00 112
0.00 112
0.00 112
0.00 111
0.00 111
0.00 111
0.00 111
0.00 111
0.00 111
0.00 111
0.00 111
0.00 110
0.00 110
0.00 110
0.00 110
0.00 110
0.00 110
0.00 110
0.00 110
0.00 109
0.00 109
0.00 109
0.00 109
0.00 109
0.00 110
0.00 110
0.00 110
0.00 110
0.00 110
0.00 110
0.00 110
0.00 110
0.00 110
0.00 110
0.00 110
0.00 111
0.00 111
0.00 111
0.00 111
0.00 111
0.00 111
0.00 111
0.00 111
0.00 112
0.00 112
0.00 112
0.00 112
0.00 112
0.00 112
0.00 113
0.00 113
0.00 113
0.00 113
0.00 113
0.00 113
0.00 113
0.00 113
0.00 113
0.00 114
0.00 114
0.00 114
0.00 114
0.00 114
0.00 114
0.00 114
0.00 114
0.00 114
0.00 114
0.00 114
0.00 114
0.00 114
0.00 114
0.00 114
0.00 115
0.00 115
0.00 115
0.00 115
0.00 115
0.00 115
0.00 115
0.00 115
0.00 115
0.00 115
0.00 115
0.00 115
0.00 115
0.00 115
0.00 115
0.00 115
0.00 115
0.00 115
0.00 115
0.00 115
0.00 115
0.00 115
0.00 115
0.00 115
0.00 115
0.00 115
0.00 115
0.00 115
0.00 115
0.00 115
0.00 115
0.00 115
0.00 115
0.00 116
0.00 116
0.00 115
0.00 116
0.00 116
0.00 116
0.00 116
0.00 116
0.00 116
0.00 116
0.00 116
0.00 116
0.00 116
0.00 116
0.00 116
0.00 116
0.00 116
0.00 117
0.00 116
0.00 116
0.00 116
0.00 116
0.00 116
0.00 116
0.00 116
0.00 117
0.00 117
0.00 117
0.00 116
0.00 117
0.00 117
0.00 117
0.00 117
0.00 117
0.00 117
0.00 117
0.00 117
0.00 117
0.00 117
0.00 117
0.00 117
0.00 117
0.00 118
0.00 117
0.00 117
0.00 117
0.00 117
0.00 117
0.00 117
0.00 117
0.00 117
0.00 118
0.00 118
0.00 117
0.01 117
0.39 66
0.46 61
0.31 51
0.26 40
0.06 45
0.00 38
0.00 34
0.07 38
0.19 35
0.00 36
0.00 36
0.00 40
0.00 41
0.00 42
0.00 41
0.00 42
0.00 44
0.00 46
0.00 46
0.00 47
0.00 47
0.00 47
0.00 47
0.00 48
0.00 48
0.00 48
0.00 48
0.00 48
0.00 49
0.00 50
0.00 50
0.00 52
0.00 53
0.00 54
0.00 54
0.00 54
0.00 55
0.00 55
0.00 55
0.01 56
0.00 56
0.00 56
0.00 56
0.00 56
0.00 56
0.00 56
0.00 58
0.00 57
0.00 57
0.00 57
0.00 57
0.00 58
0.00 58
0.00 59
0.00 59
0.00 59
0.00 59
0.00 59
0.00 61
0.00 60
0.00 60
0.00 60
0.00 60
0.00 60
0.00 60
0.00 61
0.00 61
0.00 61
0.00 62
0.00 62
0.00 62
0.00 62
0.00 63
0.00 63
0.00 63
0.00 64
0.00 64
0.00 64
0.00 65
0.00 65
0.00 65
0.00 66
0.00 66
0.00 67
0.00 67
0.00 68
0.00 68
0.00 68
0.00 68
0.00 68
0.00 69
0.00 70
0.00 70
0.00 70
0.00 71
0.00 71
0.00 71
0.00 72
0.00 72
0.00 72
0.00 73
0.00 73
0.00 74
0.00 74
0.00 74
0.00 74
0.00 75
0.00 75
0.00 75
0.00 76
0.00 76
0.00 76
0.00 76
0.00 77
0.00 77
0.00 77
0.00 78
0.00 78
0.00 78
0.00 79
0.00 79
0.00 79
0.00 79
0.00 80
0.00 80
0.00 80
0.00 81
0.00 81
0.00 81
0.00 81
0.00 82
0.00 82
0.00 82
0.00 82
0.00 83
0.00 83
0.00 84
0.00 83
0.00 84
0.00 84
0.00 84
0.00 84
0.00 85
0.00 85
0.00 85
0.00 85
0.00 86
0.00 86
0.00 86
0.00 86
0.00 87
0.00 87
0.00 87
0.00 88
0.00 88
0.00 88
0.00 89
0.00 89
0.00 89
0.00 89
0.00 89
0.00 91
0.00 90
0.00 90
0.00 90
0.00 91
0.00 91
0.00 91
0.00 91
0.00 91
0.00 93
0.00 92
0.00 92
0.00 92
0.00 92
0.00 92
0.00 93
0.00 93
0.00 85
0.00 93
0.00 93
0.00 94
0.00 94
0.00 94
0.00 94
0.00 95
0.00 95
0.00 95
0.00 96
0.00 95
0.00 96
0.00 96
0.00 96
0.00 96
0.00 96
0.00 97
0.00 97
0.00 97
0.00 97
0.00 98
0.00 98
0.00 98
0.00 98
0.00 98
0.00 98
0.00 99
0.00 99
0.00 99
0.00 99
0.00 99
0.00 99
0.00 99
0.00 99
0.00 99
0.00 100
0.00 100
0.00 100
0.00 100
0.00 100
0.00 100
0.00 100
0.00 101
0.00 101
0.00 101
0.00 101
0.00 101
0.00 101
0.00 101
0.00 101
0.00 101
0.00 101
0.00 102
0.00 102
0.00 102
0.00 102
0.00 102
0.00 102
0.00 102
0.00 102
0.00 102
0.00 103
0.00 103
0.00 103
0.00 103
0.00 103
0.00 103
0.00 104
0.00 104
0.00 104
0.00 105
0.00 104
0.00 104
0.00 105
0.00 105
0.00 105
0.00 105
0.00 105
0.00 105
0.00 105
0.00 105
0.00 105
0.00 105
0.00 105
0.00 106
0.00 106
0.00 106
0.00 106
0.00 106
0.00 106
0.00 106
0.00 106
0.00 106
0.00 106
0.00 106
0.00 107
0.00 106
0.00 106
0.00 106
0.00 106
0.00 107
0.00 107
0.00 107
0.00 107
0.00 107
0.00 107
0.00 107
0.00 107
0.00 107
0.00 107
0.00 107
0.00 108
0.00 107
0.00 107
0.00 107
0.00 107
0.00 108
0.00 108
0.00 108
0.00 108
0.00 108
0.00 108
0.00 108
0.00 108
0.00 108
0.00 108
0.00 108
0.00 108
0.00 108
0.00 109
0.00 109
0.00 109
0.00 109
0.00 109
0.00 109
0.00 109
0.00 109
0.00 109
0.00 109
0.00 109
0.00 110
0.00 110
0.00 110
0.00 110
0.00 110
0.00 110
0.00 110
0.00 110
0.00 110
0.00 110
0.00 110
0.00 110
0.00 110
0.00 110
0.00 110
0.00 110
0.00 110
0.00 110
0.00 110
0.00 111
0.00 111
0.00 111
0.00 111
0.00 111
0.00 111
0.00 111
0.00 111
0.00 111
0.00 111
0.00 111
0.00 111
0.00 111
0.00 111
0.00 111
0.00 111
0.00 111
0.00 111
0.00 111
0.00 111
0.00 111
0.00 111
0.00 111
0.00 112
0.00 112
0.00 112
0.00 112
0.00 112
0.00 112
0.00 112
0.00 112
0.00 112
0.00 112
0.00 112
0.00 112
0.00 112
0.00 112
0.00 112
0.00 112
0.00 112
0.00 112
0.00 112
0.00 112
0.00 112
0.00 112
0.00 112
0.00 112
0.15 109
0.20 61
0.03 98
0.26 65
0.10 77
0.18 67
0.07 51
0.02 62
0.00 54
0.00 43
0.00 44
0.00 42
0.00 40
0.00 40
0.00 41
0.00 44
0.00 45
0.00 45
0.00 45
0.00 45
0.00 45
0.00 45
0.00 46
0.00 46
0.00 47
0.00 48
0.00 49
0.00 50
0.00 50
0.00 51
0.00 52
0.00 52
0.00 53
0.00 54
0.00 54
0.00 55
0.00 55
0.00 55
0.00 55
0.00 56
0.00 56
0.00 56
0.00 56
0.00 57
0.00 57
0.00 57
0.00 57
0.00 57
0.00 58
0.00 58
0.00 58
0.00 58
0.00 59
0.00 59
0.00 59
0.00 59
0.00 60
0.00 60
0.00 60
0.00 60
0.00 61
0.00 61
0.00 61
0.00 62
0.00 62
0.00 62
0.00 63
0.00 63
0.00 63
0.00 64
0.00 64
0.00 64
0.00 65
0.00 65
0.00 66
0.00 66
0.00 66
0.00 67
0.04 67
0.23 61
0.00 52
0.00 61
0.00 61
0.00 60
0.00 56
0.00 60
0.00 58
0.00 59
0.00 60
0.00 60
0.01 58
0.02 56
0.00 55
0.00 55
0.00 55
0.00 54
0.00 54
0.04 55
0.05 55
0.07 55
0.03 52
0.02 52
0.02 54
0.01 54
0.01 54
0.01 57
0.03 56
0.01 57
0.01 57
0.02 57
0.04 56
0.03 55
0.02 54
0.01 54
0.02 54
0.01 53
0.02 53
0.01 52
0.00 52
0.01 51
0.00 50
0.00 51
0.00 51
0.00 51
0.00 51
0.00 51
0.00 52
0.00 52
0.00 53
0.00 53
0.00 54
0.00 54
0.00 54
0.00 55
0.00 55
0.00 56
0.00 56
0.00 57
0.00 58
0.00 58
0.00 59
0.00 60
0.00 60
0.00 61
0.00 61
0.00 62
0.00 62
0.00 63
0.00 63
0.00 64
0.00 64
0.00 64
0.00 65
0.00 65
0.00 66
0.00 66
0.00 66
0.00 67
0.00 67
0.00 67
0.00 68
0.00 68
0.00 68
0.00 69
0.00 69
0.00 69
0.00 70
0.01 70
0.00 70
0.00 71
0.00 71
0.00 72
0.00 72
0.00 72
0.00 73
0.00 73
0.00 73
0.00 74
0.00 74
0.00 74
0.00 75
0.00 75
0.00 75
0.00 76
0.00 76
0.06 76
0.67 52
0.05 37
0.01 33
0.01 33
0.00 32
0.01 29
0.01 30
0.00 32
0.00 36
0.00 37
0.00 34
0.00 34
0.01 36
0.00 37
0.00 38
0.00 41
0.00 42
0.00 43
0.00 45
0.00 46
0.00 47
0.00 48
0.00 49
0.00 49
0.00 50
0.00 51
0.00 51
0.00 52
0.00 52
0.00 53
0.00 53
0.00 54
0.00 54
0.00 55
0.00 55
0.00 56
0.00 56
0.00 57
0.00 58
0.00 58
0.00 59
0.00 60
0.00 60
0.01 60
0.00 61
0.00 61
0.00 62
0.00 62
0.00 63
0.00 63
0.00 64
0.00 64
0.00 64
0.00 65
0.00 65
0.00 66
0.00 67
0.00 69
0.00 71
0.00 72
0.00 73
0.00 73
0.00 73
0.00 73
0.11 72
0.02 72
0.02 69
0.06 67
0.03 69
0.02 66
0.01 67
0.01 67
0.01 67
0.00 66
0.00 63
0.00 62
0.00 64
0.00 65
0.00 62
0.00 60
0.00 61
0.00 63
0.00 63
0.00 61
0.00 60
0.00 60
0.00 60
0.00 60
0.00 61
0.00 61
0.00 62
0.00 62
0.00 62
0.00 62
0.00 62
0.00 62
0.00 63
0.00 63
0.00 64
0.00 65
0.00 65
0.00 66
0.00 67
0.00 68
0.00 69
0.00 70
0.00 71
0.00 72
0.00 72
0.00 73
0.04 73
0.02 74
0.00 74
0.00 74
0.00 74
0.00 75
0.00 75
0.01 76
0.00 76
0.00 77
0.00 77
0.00 77
0.00 77
0.00 78
0.00 78
0.00 78
0.00 78
0.00 78
0.00 78
0.00 78
0.00 78
0.00 79
0.00 79
0.00 79
0.00 79
0.00 79
0.00 79
0.00 80
0.00 80
0.00 80
0.00 81
0.00 81
0.00 81
0.00 82
0.00 82
0.00 83
0.00 83
0.00 84
0.00 85
0.00 85
0.00 86
0.00 86
0.00 87
0.00 87
0.00 87
0.00 87
0.00 87
0.00 87
0.00 87
0.00 87
0.00 87
0.00 87
0.00 88
0.02 87
0.12 87
0.00 87
0.00 83
0.00 81
0.00 81
0.00 85
0.00 86
0.00 87
0.00 87
0.00 87
0.00 86
0.00 86
0.00 86
0.00 86
0.00 86
0.00 85
0.00 85
0.00 85
0.00 86
0.00 86
0.00 87
0.00 87
0.00 87
0.00 88
0.00 88
0.00 88
0.00 88
0.00 89
0.00 89
0.00 89
0.00 89
0.00 90
0.00 90
0.00 90
0.00 90
0.00 91
0.00 91
0.00 91
0.00 92
0.00 92
0.00 92
0.00 93
0.00 93
0.00 93
0.00 94
0.00 94
0.00 94
0.00 95
0.00 95
0.00 95
0.00 95
0.00 96
0.00 96
0.00 96
0.00 96
0.00 96
0.00 96
0.00 97
0.00 97
0.01 97
0.00 97
0.01 98
0.00 98
0.00 98
0.01 98
0.00 99
0.00 99
0.00 99
0.01 99
0.00 99
0.00 99
0.00 100
0.00 100
0.00 100
0.03 100
0.03 100
0.00 101
0.00 100
0.01 98
0.00 99
0.00 99
0.00 99
0.01 100
0.00 101
0.01 101
0.01 101
0.03 101
0.06 100
0.09 96
0.02 82
0.01 83
0.00 85
0.01 86
0.01 81
0.00 83
0.02 76
0.03 81
0.07 83
0.03 77
0.00 73
0.00 70
0.00 65
0.00 62
0.00 58
0.00 60
0.00 62
0.01 61
0.00 61
0.00 59
0.00 57
0.00 56
0.00 58
0.00 59
0.00 61
0.00 63
0.00 64
0.00 65
0.00 66
0.00 66
0.00 66
0.00 66
0.00 67
0.00 67
0.00 67
0.00 68
0.00 68
0.00 69
0.00 70
0.00 70
0.00 71
0.00 71
0.00 72
0.00 72
0.00 73
0.00 73
0.00 73
0.00 74
0.00 74
0.00 74
0.00 75
0.00 75
0.00 75
0.00 76
0.00 76
0.00 76
0.00 77
0.00 77
0.00 78
0.00 78
0.00 78
0.00 79
0.00 79
0.00 80
0.00 80
0.00 80
0.00 81
0.00 81
0.00 82
0.00 82
0.00 82
0.00 83
0.00 83
0.00 83
0.00 84
0.00 84
0.00 84
0.00 85
0.00 85
0.00 85
0.00 86
0.00 86
0.00 86
0.00 87
0.00 87
0.00 87
0.00 88
0.00 88
0.05 88
0.13 82
0.14 73
0.04 67
0.00 58
0.00 53
0.00 43
0.00 42
0.00 43
0.00 46
0.00 43
0.00 41
0.00 42
0.00 43
0.00 44
0.00 45
0.00 47
0.00 50
0.00 53
0.00 55
0.00 57
0.00 58
0.00 59
0.00 60
0.00 60
0.00 60
0.00 61
0.00 61
0.00 62
0.00 62
0.00 62
0.00 63
0.00 63
0.00 64
0.00 64
0.00 65
0.00 65
0.00 66
0.00 66
0.00 66
0.00 67
0.00 67
0.00 68
0.00 68
0.00 69
0.00 69
0.00 69
0.00 70
0.00 70
0.00 71
0.00 71
0.00 72
0.00 72
0.00 73
0.00 73
0.00 73
0.00 74
0.00 74
0.00 75
0.00 75
0.00 75
0.00 76
0.00 76
0.00 77
0.00 77
0.00 77
0.00 78
0.00 78
0.00 78
0.00 79
0.00 79
0.00 80
0.00 80
0.00 80
0.00 81
0.00 81
0.00 82
0.00 82
0.00 82
0.00 83
0.00 83
0.00 83
0.00 84
0.00 84
0.00 84
0.00 85
0.00 85
0.00 85
0.00 86
0.00 86
0.00 86
0.00 87
0.00 87
0.00 87
0.00 88
0.00 88
0.00 88
0.00 88
0.00 89
0.00 89
0.00 89
0.00 90
0.00 90
0.00 90
0.00 90
0.00 91
0.00 91
0.00 91
0.00 91
0.00 91
0.00 92
0.00 92
0.00 92
0.00 92
0.00 93
0.00 93
0.00 93
0.00 93
0.00 93
0.00 94
0.00 94
0.00 94
0.00 94
0.00 94
0.00 95
0.00 95
0.00 95
0.00 95
0.00 96
0.00 96
0.00 96
0.00 96
0.00 97
0.00 97
0.00 97
0.00 98
0.00 97
0.00 98