312000 24.84
312000 24.86
312000 24.84
312000 24.84
313000 24.83
313000 24.85
312000 24.84
313000 24.86
313000 24.86
313000 24.85
314000 24.85
313000 24.89
313000 24.88
314000 24.88
314000 24.88
314000 24.90
313000 24.92
315000 24.91
315000 24.86
315000 24.93
316000 24.92
315000 24.92
316000 24.90
316000 24.93
316000 24.97
316000 24.98
317000 24.98
317000 24.98
317000 24.98
317000 24.99
318000 25.02
317000 25.03
319000 25.06
320000 25.07
320000 25.08
319000 25.10
320000 25.11
320000 25.12
320000 25.15
321000 25.17
321000 25.19
322000 25.21
323000 25.23
323000 25.25
323000 25.27
324000 25.30
324000 25.33
325000 25.31
325000 25.35
326000 25.35
326000 25.39
327000 25.44
328000 25.42
328000 25.46
329000 25.47
329000 25.49
329000 25.53
330000 25.56
331000 25.56
330000 25.59
331000 25.61
332000 25.63
332000 25.65
332000 25.68
333000 25.69
334000 25.71
333000 25.74
335000 25.74
335000 25.78
335000 25.82
336000 25.83
336000 25.85
337000 25.87
338000 25.90
338000 25.93
337000 25.94
339000 25.99
339000 25.98
340000 26.00
340000 26.04
341000 26.05
341000 26.06
341000 26.06
343000 26.10
342000 26.11
342000 26.13
343000 26.16
343000 26.18
343000 26.18
344000 26.21
344000 26.20
344000 26.23
345000 26.25
344000 26.25
345000 26.27
345000 26.28
345000 26.30
346000 26.30
345000 26.34
346000 26.34
346000 26.36
346000 26.38
346000 26.36
347000 26.37
347000 26.39
347000 26.38
348000 26.41
348000 26.40
347000 26.41
348000 26.42
349000 26.42
349000 26.40
349000 26.45
349000 26.44
349000 26.45
349000 26.45
349000 26.47
350000 26.47
349000 26.47
349000 26.48
350000 26.49
349000 26.51
350000 26.52
350000 26.49
350000 26.53
351000 26.50
350000 26.53
351000 26.52
351000 26.54
351000 26.53
351000 26.53
351000 26.52
352000 26.55
351000 26.54
351000 26.54
352000 26.56
351000 26.56
350000 26.56
352000 26.57
351000 26.55
351000 26.56
352000 26.56
352000 26.55
351000 26.60
352000 26.61
353000 26.60
352000 26.63
353000 26.60
353000 26.62
352000 26.66
353000 26.62
353000 26.64
354000 26.66
353000 26.67
354000 26.65
354000 26.68
355000 26.69
355000 26.69
355000 26.71
355000 26.69
355000 26.73
356000 26.74
356000 26.76
356000 26.77
357000 26.77
356000 26.78
358000 26.77
357000 26.81
357000 26.84
359000 26.73
359000 26.82
358000 26.86
359000 26.86
359000 26.88
360000 26.88
360000 26.90
360000 26.93
360000 26.91
361000 26.94
361000 26.95
362000 26.94
361000 26.97
362000 27.02
362000 27.01
363000 26.97
362000 27.02
363000 27.03
363000 27.04
363000 27.07
364000 27.05
364000 27.09
364000 27.09
365000 27.09
364000 27.11
364000 27.11
364000 27.14
364000 27.13
365000 27.11
365000 27.15
365000 27.18
365000 27.15
365000 27.18
365000 27.16
365000 27.17
365000 27.20
366000 27.19
366000 27.17
366000 27.21
366000 27.20
366000 27.20
366000 27.21
365000 27.21
364000 27.23
365000 27.22
365000 27.21
366000 27.23
365000 27.23
365000 27.22
365000 27.25
365000 27.23
365000 27.24
365000 27.23
365000 27.24
365000 27.24
365000 27.23
365000 27.22
365000 27.21
365000 27.23
364000 27.23
365000 27.22
365000 27.22
364000 27.21
363000 27.19
362000 27.21
363000 27.20
363000 27.19
363000 27.19
364000 27.17
364000 27.16
363000 27.16
362000 27.17
363000 27.16
362000 27.13
362000 27.15
361000 27.14
361000 27.11
361000 27.13
361000 27.11
360000 27.11
360000 27.08
360000 27.09
360000 27.07
360000 27.07
359000 27.07
359000 27.04
359000 27.05
359000 27.05
359000 27.02
358000 27.03
358000 27.00
357000 27.01
357000 26.99
357000 26.99
357000 26.99
356000 26.97
355000 26.99
355000 26.99
355000 26.97
355000 26.94
354000 26.96
354000 26.94
354000 26.92
354000 26.92
353000 26.90
353000 26.88
353000 26.92
352000 26.88
352000 26.88
352000 26.86
352000 26.84
352000 26.82
351000 26.82
351000 26.81
351000 26.80
350000 26.79
350000 26.78
349000 26.78
350000 26.75
349000 26.76
348000 26.75
348000 26.74
348000 26.73
347000 26.74
348000 26.69
347000 26.70
346000 26.68
346000 26.66
346000 26.65
346000 26.65
345000 26.62
345000 26.61
344000 26.63
344000 26.59
344000 26.60
343000 26.57
344000 26.57
343000 26.55
343000 26.56
342000 26.53
342000 26.53
342000 26.50
341000 26.51
341000 26.50
341000 26.49
341000 26.48
340000 26.48
340000 26.45
340000 26.45
339000 26.40
339000 26.40
338000 26.40
338000 26.39
338000 26.35
337000 26.36
337000 26.34
337000 26.33
336000 26.32
336000 26.30
336000 26.30
335000 26.28
335000 26.25
334000 26.24
335000 26.23
334000 26.25
334000 26.19
333000 26.21
333000 26.18
334000 26.19
333000 26.18
332000 26.15
332000 26.14
331000 26.15
331000 26.10
331000 26.07
331000 26.07
330000 26.04
330000 26.02
330000 26.02
330000 26.00
329000 25.99
329000 25.99
329000 25.97
328000 25.95
328000 25.94
328000 25.91
327000 25.90
327000 25.90
327000 25.87
326000 25.88
326000 25.86
326000 25.85
326000 25.88
326000 25.84
326000 25.82
326000 25.83
325000 25.81
325000 25.82
325000 25.84
324000 25.81
325000 25.80
324000 25.79
325000 25.79
324000 25.77
324000 25.76
325000 25.74
324000 25.74
323000 25.76
323000 25.75
324000 25.73
324000 25.72
323000 25.72
324000 25.67
324000 25.68
324000 25.70
322000 25.68
323000 25.68
322000 25.69
322000 25.66
322000 25.66
323000 25.65
322000 25.66
322000 25.67
322000 25.65
322000 25.63
322000 25.64
321000 25.63
322000 25.61
321000 25.61
321000 25.60
321000 25.61
321000 25.58
321000 25.60
321000 25.57
321000 25.58
321000 25.59
320000 25.57
320000 25.58
321000 25.54
320000 25.55
320000 25.54
320000 25.54
320000 25.50
320000 25.53
320000 25.53
319000 25.53
320000 25.50
319000 25.50
319000 25.48
319000 25.49
318000 25.49
319000 25.47
318000 25.45
318000 25.42
318000 25.45
318000 25.37
317000 25.40
317000 25.41
318000 25.39
317000 25.38
317000 25.38
317000 25.35
316000 25.35
316000 25.32
317000 25.33
316000 25.31
316000 25.29
315000 25.29
315000 25.30
316000 25.27
315000 25.26
315000 25.27
314000 25.25
314000 25.24
314000 25.21
314000 25.23
313000 25.22
314000 25.18
313000 25.17
313000 25.18
312000 25.14
313000 25.14
312000 25.13
312000 25.12
312000 25.12
311000 25.10
311000 25.07
311000 25.09
311000 25.07
310000 25.05
310000 25.04
310000 25.00
310000 25.02
309000 25.00
309000 24.99
308000 24.95
309000 24.99
308000 24.93
308000 24.93
307000 24.88
307000 24.88
307000 24.87
307000 24.87
306000 24.84
306000 24.81
306000 24.82
305000 24.79
305000 24.78
304000 24.73
305000 24.74
304000 24.73
304000 24.71
303000 24.68
303000 24.67
303000 24.64
303000 24.64
302000 24.62
302000 24.61
301000 24.57
301000 24.56
301000 24.55
301000 24.53
300000 24.52
300000 24.47
300000 24.47
299000 24.42
299000 24.44
298000 24.39
298000 24.36
298000 24.36
297000 24.34
297000 24.33
297000 24.30
296000 24.26
296000 24.25
295000 24.22
295000 24.21
294000 24.18
294000 24.19
294000 24.15
294000 24.15
293000 24.11
293000 24.11
292000 24.06
292000 24.06
291000 24.00
291000 24.00
291000 23.97
290000 23.95
290000 23.95
290000 23.92
289000 23.88
289000 23.88
288000 23.82
288000 23.82
288000 23.80
287000 23.76
287000 23.76
286000 23.73
286000 23.69
286000 23.69
285000 23.69
284000 23.57
284000 23.59
284000 23.62
283000 23.55
284000 23.57
283000 23.55
283000 23.55
283000 23.53
282000 23.49
282000 23.46
281000 23.43
281000 23.44
281000 23.39
281000 23.40
280000 23.36
280000 23.36
280000 23.33
279000 23.32
279000 23.30
278000 23.25
278000 23.26
278000 23.26
278000 23.24
278000 23.22
278000 23.23
277000 23.19
277000 23.21
276000 23.12
276000 23.13
276000 23.15
276000 23.15
276000 23.11
275000 23.09
275000 23.05
275000 23.05
274000 23.03
274000 23.02
274000 23.02
273000 22.94
273000 22.97
273000 22.94
273000 22.92
273000 22.92
273000 22.92
272000 22.89
273000 22.92
272000 22.87
272000 22.88
272000 22.86
271000 22.85
271000 22.82
270000 22.78
271000 22.80
271000 22.80
270000 22.77
270000 22.75
270000 22.75
269000 22.70
269000 22.71
269000 22.71
269000 22.70
269000 22.70
269000 22.70
268000 22.65
268000 22.66
268000 22.63
267000 22.61
268000 22.62
267000 22.60
267000 22.58
267000 22.57
267000 22.56
267000 22.56
266000 22.55
266000 22.54
266000 22.53
266000 22.52
266000 22.51
265000 22.49
265000 22.47
265000 22.45
264000 22.42
264000 22.43
264000 22.42
263000 22.36
263000 22.37
263000 22.35
263000 22.34
263000 22.32
263000 22.32
262000 22.31
262000 22.29
262000 22.26
262000 22.25
261000 22.25
261000 22.20
261000 22.19
260000 22.17
258000 22.01
260000 22.15
260000 22.14
259000 22.12
259000 22.12
259000 22.10
259000 22.08
258000 22.06
258000 22.03
258000 22.03
258000 22.02
257000 22.00
257000 21.99
257000 21.97
257000 21.96
256000 21.93
256000 21.93
256000 21.93
256000 21.91
256000 21.90
256000 21.88
255000 21.87
255000 21.84
255000 21.85
255000 21.83
255000 21.82
254000 21.80
254000 21.78
254000 21.76
253000 21.73
253000 21.75
253000 21.73
253000 21.70
253000 21.70
252000 21.68
252000 21.64
252000 21.63
252000 21.64
252000 21.65
251000 21.62
251000 21.61
251000 21.59
251000 21.57
251000 21.59
250000 21.56
250000 21.56
251000 21.57
250000 21.51
250000 21.53
250000 21.52
249000 21.49
249000 21.48
248000 21.43
249000 21.45
248000 21.42
248000 21.43
248000 21.37
247000 21.36
247000 21.36
247000 21.36
247000 21.34
247000 21.32
246000 21.30
246000 21.30
246000 21.27
246000 21.28
245000 21.22
245000 21.23
245000 21.18
244000 21.16
245000 21.19
244000 21.17
244000 21.14
243000 21.08
243000 21.06
242000 21.02
242000 21.01
242000 21.00
241000 20.98
241000 20.96
241000 20.93
240000 20.90
239000 20.85
239000 20.84
239000 20.84
239000 20.80
238000 20.76
238000 20.74
237000 20.71
237000 20.69
237000 20.66
236000 20.64
236000 20.62
235000 20.58
235000 20.58
235000 20.53
234000 20.52
234000 20.50
234000 20.49
233000 20.47
233000 20.43
233000 20.41
232000 20.38
232000 20.36
232000 20.35
231000 20.32
231000 20.30
230000 20.30
231000 20.27
230000 20.24
230000 20.22
229000 20.19
229000 20.15
229000 20.15
228000 20.15
228000 20.11
228000 20.07
227000 20.05
227000 20.03
227000 20.00
226000 19.99
226000 19.97
226000 19.95
226000 19.95
226000 19.93
225000 19.90
224000 19.85
225000 19.87
224000 19.84
224000 19.84
224000 19.84
224000 19.82
224000 19.81
224000 19.80
223000 19.79
223000 19.77
222000 19.77
223000 19.74
222000 19.73
222000 19.70
221000 19.69
221000 19.66
221000 19.63
221000 19.62
221000 19.59
220000 19.57
219000 19.53
218000 19.50
218000 19.52
218000 19.46
218000 19.44
217000 19.42
218000 19.41
216000 19.40
216000 19.36
215000 19.33
217000 19.32
216000 19.29
216000 19.26
215000 19.24
215000 19.21
214000 19.20
214000 19.16
214000 19.14
214000 19.13
214000 19.10
214000 19.09
213000 19.06
213000 19.02
212000 19.00
212000 18.98
212000 18.97
211000 18.94
211000 18.91
211000 18.89
211000 18.88
210000 18.86
210000 18.83
209000 18.81
208000 18.80
209000 18.76
208000 18.73
208000 18.71
208000 18.68
206000 18.67
207000 18.63
206000 18.61
206000 18.59
206000 18.56
205000 18.54
205000 18.51
204000 18.51
205000 18.46
204000 18.46
204000 18.42
203000 18.39
203000 18.37
203000 18.32
203000 18.31
202000 18.29
202000 18.27
200000 18.27
201000 18.23
201000 18.20
201000 18.18
201000 18.15
200000 18.14
200000 18.13
200000 18.10
199000 18.13
199000 18.07
199000 18.04
199000 18.05
199000 18.01
199000 18.00
199000 18.00
198000 17.97
198000 17.96
198000 17.94
198000 17.93
197000 17.92
197000 17.89
197000 17.88
197000 17.87
197000 17.86
197000 17.86
196000 17.82
196000 17.80
196000 17.77
196000 17.77
195000 17.75
195000 17.74
195000 17.73
195000 17.73
195000 17.72
195000 17.71
195000 17.71
195000 17.71
194000 17.64
194000 17.67
194000 17.66
194000 17.63
193000 17.61
194000 17.62
193000 17.61
193000 17.59
193000 17.59
193000 17.60
193000 17.51
193000 17.57
193000 17.59
193000 17.55
192000 17.52
192000 17.53
192000 17.52
192000 17.50
192000 17.50
192000 17.47
192000 17.47
191000 17.45
191000 17.45
191000 17.44
191000 17.43
191000 17.41
191000 17.40
190000 17.38
190000 17.38
190000 17.36
190000 17.34
190000 17.34
190000 17.32
190000 17.32
189000 17.26
189000 17.27
189000 17.25
189000 17.24
189000 17.23
188000 17.20
188000 17.20
188000 17.19
188000 17.17
188000 17.16
188000 17.15
188000 17.15
187000 17.14
187000 17.13
187000 17.12
187000 17.11
187000 17.12
187000 17.13
187000 17.12
187000 17.13
187000 17.14
188000 17.15
188000 17.18
188000 17.19
188000 17.18
188000 17.17
188000 17.21
188000 17.19
188000 17.20
188000 17.22
188000 17.19
188000 17.20
188000 17.17
188000 17.18
188000 17.17
188000 17.17
188000 17.18
188000 17.18
188000 17.17
188000 17.15
188000 17.17
188000 17.19
189000 17.23
189000 17.23
188000 17.20
188000 17.20
189000 17.22
188000 17.20
189000 17.25
188000 17.21
189000 17.23
189000 17.24
189000 17.26
189000 17.24
189000 17.24
189000 17.27
189000 17.26
189000 17.26
189000 17.25
189000 17.25
189000 17.28
189000 17.27
190000 17.29
190000 17.29
190000 17.31
190000 17.31
190000 17.31
190000 17.33
190000 17.33
190000 17.34
190000 17.36
191000 17.36
191000 17.40
191000 17.40
191000 17.42
192000 17.44
192000 17.46
192000 17.45
192000 17.47
193000 17.51
193000 17.52
193000 17.55
194000 17.59
194000 17.61
195000 17.63
195000 17.67
196000 17.70
197000 17.75
197000 17.78
198000 17.79
198000 17.86
199000 17.88
200000 17.94
200000 17.99
201000 18.02
202000 18.07
203000 18.09
203000 18.15
204000 18.20
205000 18.23
205000 18.27
206000 18.33
207000 18.38
208000 18.43
208000 18.47
208000 18.51
209000 18.55
210000 18.61
210000 18.64
211000 18.68
212000 18.73
212000 18.77
213000 18.84
214000 18.89
214000 18.92
214000 18.96
215000 19.00
215000 19.04
216000 19.07
216000 19.11
216000 19.16
217000 19.20
217000 19.22
218000 19.26
218000 19.28
219000 19.32
220000 19.35
220000 19.38
220000 19.41
220000 19.48
221000 19.48
221000 19.51
221000 19.54
222000 19.57
222000 19.58
222000 19.60
222000 19.62
223000 19.64
223000 19.68
223000 19.69
224000 19.72
224000 19.73
224000 19.77
224000 19.77
224000 19.77
225000 19.81
225000 19.80
225000 19.82
225000 19.84
225000 19.84
226000 19.87
226000 19.87
226000 19.88
226000 19.89
226000 19.91
226000 19.91
227000 19.92
227000 19.94
227000 19.96
227000 19.96
227000 19.96
227000 19.97
228000 19.99
228000 19.99
228000 20.02
228000 20.02
228000 20.00
228000 20.00
228000 20.00
229000 20.05
228000 20.03
228000 20.04
228000 20.03
229000 20.05
229000 20.07
229000 20.05
229000 20.07
229000 20.06
229000 20.09
229000 20.08
229000 20.11
229000 20.09
230000 20.11
230000 20.13
230000 20.14
230000 20.14
230000 20.16
231000 20.18
230000 20.17
231000 20.18
231000 20.18
230000 20.16
231000 20.20
231000 20.21
231000 20.21
231000 20.21
231000 20.21
231000 20.22
231000 20.23
232000 20.24
232000 20.26
232000 20.25
232000 20.26
232000 20.28
232000 20.27
232000 20.28
232000 20.29
232000 20.28
233000 20.31
233000 20.32
233000 20.34
233000 20.32
233000 20.33
233000 20.35
234000 20.37
233000 20.36
234000 20.38
234000 20.37
234000 20.39
234000 20.38
234000 20.37
234000 20.41
234000 20.41
234000 20.41
234000 20.38
234000 20.39
234000 20.40
234000 20.41
235000 20.44
234000 20.39
234000 20.42
235000 20.43
235000 20.44
235000 20.45
235000 20.46
235000 20.48
235000 20.48
235000 20.47
235000 20.49
236000 20.50
236000 20.49
236000 20.50
236000 20.49
236000 20.51
236000 20.53
236000 20.52
236000 20.52
236000 20.53
236000 20.54
237000 20.58
237000 20.57
237000 20.58
237000 20.60
237000 20.60
237000 20.60
238000 20.62
238000 20.67
238000 20.65
238000 20.67
238000 20.65
239000 20.72
239000 20.71
239000 20.72
240000 20.75
240000 20.77
240000 20.77
240000 20.80
240000 20.80
241000 20.83
241000 20.85
241000 20.85
242000 20.86
242000 20.90
243000 20.91
243000 20.94
244000 20.97
244000 21.01
245000 21.04
245000 21.06
245000 21.08
246000 21.12
246000 21.14
247000 21.12
247000 21.16
247000 21.20
247000 21.19
247000 21.21
248000 21.24
249000 21.26
249000 21.27
249000 21.30
249000 21.31
249000 21.32
250000 21.34
250000 21.33
251000 21.37
251000 21.38
250000 21.41
251000 21.42
252000 21.44
252000 21.42
252000 21.44
252000 21.47
252000 21.48
253000 21.48
253000 21.51
253000 21.51
254000 21.53
253000 21.57
254000 21.55
254000 21.57
254000 21.53
254000 21.59
254000 21.61
253000 21.60
254000 21.62
254000 21.62
254000 21.63
255000 21.62
254000 21.65
254000 21.66
254000 21.62
255000 21.66
255000 21.66
255000 21.66
254000 21.66
255000 21.69
255000 21.66
255000 21.65
255000 21.67
254000 21.65
254000 21.63
254000 21.66
254000 21.64
254000 21.62
254000 21.64
254000 21.66
254000 21.63
254000 21.63
253000 21.60
253000 21.57
253000 21.59
253000 21.58
253000 21.57
253000 21.57
253000 21.56
253000 21.55
252000 21.54
252000 21.51
252000 21.52
252000 21.52
252000 21.50
251000 21.46
251000 21.48
251000 21.44
251000 21.45
251000 21.42
250000 21.40
250000 21.39
250000 21.37
250000 21.36
249000 21.34
249000 21.32
249000 21.32
249000 21.29
249000 21.29
248000 21.27
248000 21.25
248000 21.28
248000 21.24
248000 21.24
247000 21.21
247000 21.17
247000 21.20
247000 21.19
246000 21.15
246000 21.11
246000 21.11
246000 21.11
246000 21.12
245000 21.07
245000 21.06
245000 21.06
245000 21.04
244000 20.99
244000 21.01
244000 20.99
243000 20.97
243000 20.94
243000 20.92
243000 20.91
242000 20.89
242000 20.90
242000 20.88
241000 20.83
241000 20.83
241000 20.83
241000 20.81
241000 20.79
241000 20.78
240000 20.77
240000 20.74
240000 20.74
240000 20.73
239000 20.71
239000 20.70
239000 20.67
239000 20.65
239000 20.66
238000 20.64
238000 20.64
238000 20.58
238000 20.59
238000 20.58
237000 20.58
237000 20.55
237000 20.52
236000 20.51
236000 20.49
236000 20.49
236000 20.48
236000 20.45
236000 20.45
236000 20.47
236000 20.45
235000 20.43
235000 20.42
235000 20.42
235000 20.42
235000 20.41
234000 20.38
234000 20.38
234000 20.36
234000 20.34
234000 20.34
234000 20.35
234000 20.33
234000 20.32
233000 20.30
233000 20.30
233000 20.29
233000 20.27
233000 20.25
233000 20.26
233000 20.26
233000 20.26
232000 20.23
232000 20.23
232000 20.21
232000 20.23
232000 20.23
232000 20.21
231000 20.16
232000 20.20
231000 20.18
232000 20.20
231000 20.18
231000 20.17
231000 20.16
231000 20.16
231000 20.13
231000 20.12
231000 20.13
230000 20.11
230000 20.10
231000 20.12
231000 20.14
230000 20.09
230000 20.09
230000 20.09
230000 20.06
229000 20.05
229000 20.03
229000 20.02
229000 20.00
229000 19.99
229000 20.00
229000 20.00
229000 20.00
228000 19.97
228000 19.97
228000 19.95
228000 19.95
228000 19.92
228000 19.94
228000 19.94
228000 19.92
228000 19.93
228000 19.94
228000 19.97
228000 19.97
229000 19.99
229000 20.01
230000 20.04
230000 20.10
231000 20.16
232000 20.20
232000 20.24
233000 20.27
233000 20.27
234000 20.33
234000 20.32
234000 20.36
234000 20.37
234000 20.38
235000 20.40
234000 20.38
235000 20.40
235000 20.40
235000 20.40
235000 20.40
235000 20.40
235000 20.40
235000 20.45
235000 20.42
235000 20.41
235000 20.41
235000 20.40
235000 20.40
235000 20.40
234000 20.42
234000 20.40
234000 20.38
234000 20.36
234000 20.37
234000 20.35
234000 20.36
234000 20.36
234000 20.35
234000 20.35
234000 20.34
234000 20.33
234000 20.33
234000 20.32
233000 20.30
233000 20.29
233000 20.30
233000 20.27
233000 20.27
233000 20.26
233000 20.28
232000 20.23
232000 20.22
232000 20.19
232000 20.20
232000 20.22
232000 20.20
231000 20.16
231000 20.17
231000 20.15
231000 20.17
231000 20.16
231000 20.15
231000 20.15
231000 20.13
231000 20.15
231000 20.15
231000 20.15
231000 20.14
231000 20.14
231000 20.12
231000 20.14
231000 20.14
231000 20.13
231000 20.15
231000 20.14
231000 20.15
231000 20.13
230000 20.11
231000 20.12
231000 20.13
231000 20.13
231000 20.14
230000 20.11
231000 20.13
230000 20.11
231000 20.12
230000 20.11