7.9 258
7.9 258
7.9 258
7.9 258
7.9 258
7.9 258
7.9 257
7.9 257
7.9 257
7.9 257
7.9 257
7.9 257
7.9 257
7.9 257
7.9 257
7.9 257
7.9 257
7.9 257
7.9 257
7.9 257
7.9 257
7.9 257
7.9 257
7.9 257
7.9 258
7.8 257
7.9 257
7.9 258
7.9 258
7.9 257
7.9 257
7.9 257
7.9 257
7.9 257
8.0 257
8.0 257
8.0 257
8.1 257
8.1 256
8.1 256
8.2 256
8.2 256
8.3 256
8.3 255
8.3 255
8.3 255
8.3 255
8.4 255
8.4 255
8.4 254
8.5 254
8.5 254
8.5 254
8.5 254
8.5 254
8.6 254
8.6 254
8.5 254
8.6 254
8.6 254
8.6 254
8.6 254
8.6 254
8.6 254
8.6 254
8.6 254
8.6 254
8.6 254
8.5 254
8.5 255
8.5 255
8.4 255
8.4 255
8.4 255
8.3 256
8.3 256
8.2 256
8.2 256
8.1 256
8.1 257
8.1 257
8.1 257
8.0 257
8.0 257
8.0 257
8.0 257
8.0 257
8.0 256
8.0 256
7.9 256
7.9 257
7.9 256
7.9 256
7.9 255
7.9 255
7.9 255
7.9 254
7.9 252
7.9 251
7.9 251
7.9 250
7.9 250
7.9 249
7.9 248
7.9 248
7.9 247
7.8 246
7.8 246
7.9 245
7.9 245
7.9 245
7.9 246
7.8 246
7.8 247
7.8 247
7.8 248
7.9 248
7.8 248
7.8 249
7.9 249
7.9 250
7.9 250
7.8 251
7.9 251
7.9 251
7.9 252
7.9 252
7.9 252
7.9 252
7.9 252
7.9 252
7.9 252
7.9 252
8.0 252
8.0 252
8.0 252
8.0 252
8.1 251
8.1 251
8.2 250
8.2 250
8.2 250
8.3 250
8.3 249
8.3 249
8.3 248
8.3 248
8.3 248
8.4 248
8.4 248
8.4 247
8.4 248
8.4 247
8.4 247
8.4 247
8.4 248
8.4 248
8.4 248
8.4 248
8.4 248
8.4 248
8.4 248
8.4 248
8.3 249
8.4 249
8.3 249
8.3 249
8.3 249
8.3 250
8.3 250
8.2 250
8.2 250
8.1 250
8.1 250
8.1 250
8.1 251
8.0 251
8.0 251
8.0 251
8.0 251
8.0 252
7.9 251
7.9 251
7.9 251
7.9 251
7.9 252
7.9 252
7.9 252
7.9 252
7.9 252
7.9 252
7.8 252
7.9 251
7.8 251
7.9 251
7.9 251
7.8 251
7.8 251
7.9 251
7.9 251
7.9 251
7.9 251
7.8 251
7.9 251
7.8 251
7.9 251
7.8 251
7.9 251
7.9 251
7.9 251
7.9 250
7.9 250
7.8 250
7.9 250
7.9 250
7.9 250
7.9 250
7.9 250
7.9 250
7.8 250
7.8 250
7.9 250
7.9 250
7.8 250
7.9 250
7.9 250
7.9 250
7.9 250
7.9 250
7.9 249
7.9 249
7.9 249
7.9 249
7.9 248
7.9 248
7.9 247
7.9 247
8.0 247
8.0 247
8.1 247
8.1 247
8.2 247
8.2 247
8.3 247
8.2 247
8.3 247
8.3 247
8.3 247
8.3 247
8.3 247
8.4 247
8.3 247
8.3 247
8.3 247
8.3 247
8.2 247
8.2 247
8.3 247
8.2 247
8.3 247
8.3 247
8.2 247
8.2 247
8.2 247
8.2 247
8.2 247
8.2 247
8.1 247
8.1 247
8.1 247
8.0 247
8.0 247
8.0 247
8.0 247
8.0 247
7.9 247
7.9 247
7.9 247
7.9 247
7.9 247
7.8 246
7.9 246
7.9 246
7.9 246
7.8 246
7.9 246
7.8 246
7.8 246
7.8 245
7.8 245
7.8 245
7.8 245
7.8 245
7.8 245
7.8 245
7.8 245
7.8 245
7.8 245
7.8 245
7.8 245
7.8 245
7.8 245
7.8 245
7.8 245
7.8 244
7.8 244
7.8 244
7.8 244
7.8 244
7.8 244
7.9 244
7.8 244
7.8 244
7.8 244
7.8 244
7.8 244
7.8 244
7.8 244
7.9 244
7.9 244
7.9 244
7.9 244
7.9 244
7.9 244
7.9 243
7.9 243
7.9 243
7.9 243
8.0 243
7.9 243
8.0 243
8.0 243
8.0 243
8.0 243
8.1 243
8.0 243
8.1 243
8.1 243
8.1 243
8.1 243
8.1 243
8.1 243
8.1 243
8.1 243
8.1 243
8.1 243
8.1 243
8.0 242
8.0 243
8.1 243
8.0 243
8.0 243
8.0 243
8.0 243
8.0 242
8.0 242
8.0 242
8.1 242
8.1 242
8.1 242
8.1 241
8.1 241
8.1 241
8.1 241
8.1 241
8.1 242
8.0 242
8.0 242
8.0 242
7.9 242
8.0 242
7.9 242
7.9 242
7.9 242
7.9 242
7.9 243
7.9 243
7.9 243
7.9 243
7.8 243
7.9 243
7.8 243
7.8 243
7.8 243
7.8 243
7.9 243
7.8 242
7.8 242
7.8 242
7.8 242
7.8 242
7.9 242
7.8 242
7.8 242
7.8 242
7.8 242
7.8 242
7.8 242
7.8 242
7.8 242
7.9 242
7.8 242
7.8 242
7.8 242
7.8 242
7.8 242
7.8 242
7.8 242
7.8 242
7.8 242
7.8 243
7.8 243
7.8 243
7.8 243
7.8 243
7.8 243
7.8 243
7.9 243
7.9 243
7.9 243
7.9 243
7.9 243
8.0 243
7.9 242
8.0 242
8.0 242
8.0 242
8.0 242
8.0 242
8.0 242
8.0 242
8.0 242
8.0 242
8.0 242
8.0 242
8.1 242
8.0 242
8.0 242
8.1 243
8.1 242
8.1 242
8.2 242
8.1 242
8.1 242
8.1 242
8.0 240
8.0 237
8.0 235
8.0 235
7.9 235
7.9 234
7.9 232
7.9 232
7.9 231
7.9 230
7.9 231
7.8 232
7.9 234
7.9 235
7.9 236
7.9 237
7.9 238
7.9 238
7.8 239
7.9 240
7.8 240
7.8 240
7.9 241
7.9 241
7.9 241
7.9 241
7.8 241
7.9 241
7.8 240
7.8 240
7.8 240
7.8 240
7.8 240
7.9 239
7.8 239
7.8 238
7.8 237
7.8 235
7.8 233
7.8 231
7.8 231
7.8 229
7.8 227
7.8 225
7.8 222
7.8 218
7.8 216
7.8 213
7.8 210
7.7 206
7.7 202
7.7 200
7.7 199
7.7 199
7.7 199
7.7 199
7.7 199
7.7 200
7.7 200
7.7 202
7.7 203
7.7 205
7.7 207
7.7 208
7.7 210
7.7 211
7.7 213
7.7 214
7.7 215
7.7 215
7.7 216
7.8 216
7.8 216
7.8 217
7.8 215
7.8 216
7.8 217
7.8 217
7.8 218
7.8 218
7.8 218
7.8 217
7.8 218
7.9 218
7.8 218
7.8 218
7.8 216
7.9 217
7.9 218
7.8 215
7.9 215
7.9 216
7.9 216
7.9 215
7.9 215
7.8 213
7.8 215
7.8 214
7.8 214
7.9 215
7.8 215
7.8 216
7.8 217
7.8 217
7.8 214
7.8 214
7.8 215
7.8 217
7.8 216
7.8 216
7.8 214
7.8 216
7.7 213
7.8 215
7.8 213
7.8 210
7.7 209
7.7 207
7.7 206
7.7 206
7.7 205
7.7 203
7.7 200
7.7 200
7.7 196
7.7 198
7.7 197
7.7 197
7.7 194
7.7 195
7.7 193
7.7 195
7.6 193
7.7 194
7.6 194
7.7 195
7.7 196
7.6 194
7.7 197
7.6 197
7.7 196
7.7 198
7.7 198
7.7 200
7.6 201
7.7 200
7.6 200
7.7 198
7.6 202
7.7 202
7.7 201
7.7 200
7.7 201
7.7 200
7.7 200
7.7 200
7.6 200
7.7 200
7.6 200
7.7 200
7.7 199
7.7 199
7.7 201
7.7 198
7.7 197
7.7 196
7.7 197
7.7 198
7.7 195
7.7 194
7.7 195
7.7 193
7.8 194
7.7 193
7.8 193
7.7 191
7.8 192
7.8 192
7.8 191
7.8 190
7.8 190
7.9 189
7.9 190
7.9 189
7.9 190
7.8 191
7.8 190
7.8 190
7.9 190
7.9 189
7.8 189
7.9 189
7.9 191
7.9 192
7.9 190
7.9 191
7.8 189
7.8 192
7.8 192
7.8 191
7.9 191
7.9 192
7.8 192
7.8 192
7.8 191
7.8 191
7.8 191
7.8 190
7.7 192
7.7 190
7.8 192
7.7 190
7.8 191
7.7 189
7.7 190
7.7 190
7.7 190
7.7 190
7.7 189
7.7 188
7.7 189
7.7 190
7.7 186
7.7 187
7.7 190
7.7 188
7.7 188
7.7 188
7.6 187
7.7 188
7.7 187
7.7 187
7.7 186
7.7 187
7.7 187
7.7 186
7.7 186
7.7 186
7.7 186
7.7 186
7.7 187
7.6 187
7.7 185
7.6 186
7.7 186
7.7 184
7.7 186
7.7 185
7.7 187
7.6 184
7.7 186
7.7 186
7.7 185
7.7 184
7.7 186
7.7 185
7.7 186
7.7 186
7.7 186
7.7 185
7.7 185
7.7 183
7.7 186
7.8 185
7.8 185
7.8 184
7.8 185
7.8 186
7.8 185
7.8 185
7.9 185
7.8 185
7.9 185
7.9 186
7.9 185
7.9 184
7.9 186
7.9 185
7.9 186
7.9 184
7.9 184
8.0 184
7.9 185
8.0 185
8.0 184
8.0 185
8.0 185
8.0 184
7.9 185
7.9 185
7.9 186
7.9 185
7.8 185
7.9 185
7.8 184
7.8 185
7.8 184
7.8 185
7.8 184
7.8 184
7.8 184
7.7 184
7.8 184
7.7 183
7.7 184
7.7 182
7.8 184
7.7 183
7.7 184
7.7 182
7.7 184
7.7 184
7.7 184
7.7 184
7.7 184
7.7 184
7.7 185
7.7 184
7.7 184
7.7 185
7.7 184
7.7 183
7.7 184
7.7 184
7.7 183
7.7 182
7.7 182
7.7 182
7.7 183
7.7 182
7.7 182
7.7 182
7.7 181
7.7 181
7.7 182
7.7 180
7.7 177
7.7 179
7.7 179
7.7 178
7.7 178
7.7 177
7.7 178
7.7 178
7.7 180
7.7 181
7.7 179
7.7 180
7.7 179
7.7 178
7.7 178
7.8 177
7.7 176
7.7 175
7.7 171
7.6 170
7.7 167
7.6 163
7.7 159
7.7 158
7.7 158
7.6 157
7.6 155
7.6 155
7.6 154
7.6 152
7.6 152
7.6 154
7.6 153
7.6 153
7.6 153
7.6 153
7.6 154
7.6 152
7.6 154
7.6 154
7.6 154
7.6 157
7.6 158
7.6 159
7.6 158
7.6 159
7.6 161
7.6 161
7.7 163
7.7 162
7.7 162
7.7 164
7.7 164
7.7 164
7.6 165
7.6 164
7.7 165
7.7 166
7.6 168
7.7 167
7.7 169
7.7 168
7.7 168
7.7 167
7.7 168
7.6 168
7.7 167
7.7 169
7.7 170
7.7 169
7.7 169
7.6 169
7.7 167
7.6 170
7.7 169
7.7 168
7.6 168
7.7 165
7.7 168
7.7 169
7.7 167
7.7 167
7.6 167
7.7 166
7.7 167
7.7 168
7.7 166
7.7 167
7.7 167
7.6 166
7.7 164
7.7 166
7.7 163
7.6 165
7.6 165
7.6 165
7.6 166
7.6 165
7.7 164
7.7 167
7.6 165
7.6 167
7.7 166
7.7 166
7.7 167
7.7 166
7.7 167
7.6 168
7.7 167
7.7 168
7.7 168
7.6 168
7.7 168
7.6 170
7.6 169
7.7 170
7.7 169
7.7 169
7.7 172
7.7 170
7.7 170
7.7 168
7.7 169
7.7 170
7.7 171
7.7 172
7.7 170
7.8 171
7.7 171
7.8 170
7.8 172
7.8 172
7.8 174
7.8 173
7.8 174
7.8 174
7.8 174
7.9 174
7.8 174
7.8 163
7.9 173
7.8 174
7.9 174
7.8 171
7.8 173
7.8 174
7.9 174
7.9 176
7.8 175
7.8 176
7.8 175
7.9 176
7.8 175
7.8 176
7.8 177
7.8 176
7.8 177
7.8 176
7.8 177
7.8 176
7.8 177
7.8 177
7.8 177
7.8 177
7.8 177
7.7 177
7.7 178
7.7 178
7.8 179
7.7 179
7.7 179
7.7 178
7.7 179
7.7 179
7.7 179
7.7 179
7.7 179
7.7 179
7.7 180
7.7 179
7.7 180
7.7 180
7.7 180
7.7 180
7.7 181
7.7 180
7.7 181
7.7 181
7.7 180
7.7 181
7.7 181
7.7 181
7.7 181
7.7 181
7.7 181
7.7 181
7.7 181
7.7 182
7.7 182
7.7 181
7.7 182
7.6 183
7.7 183
7.7 183
7.7 182
7.7 182
7.7 184
7.7 183
7.7 183
7.7 184
7.7 184
7.7 184
7.7 183
7.7 185
7.7 185
7.7 185
7.8 185
7.8 185
7.8 185
7.8 185
7.8 185
7.8 185
7.8 185
7.8 185
7.9 185
7.8 186
7.9 186
7.9 183
7.9 186
7.9 186
7.9 186
7.9 186
7.9 186
7.9 186
7.9 187
7.9 187
7.9 186
7.9 187
7.9 187
7.9 188
8.0 188
7.9 187
8.0 188
7.9 187
8.0 188
7.9 188
7.9 188
7.9 188
7.9 188
7.9 189
7.9 189
7.8 189
7.9 189
7.9 189
7.9 189
7.8 189
7.9 190
7.9 190
7.8 190
7.8 190
7.8 190
7.8 190
7.8 189
7.8 190
7.8 191
7.8 191
7.8 191
7.7 191
7.7 190
7.8 191
7.8 191
7.7 191
7.8 191
7.8 191
7.8 191
7.8 192
7.7 191
7.7 192
7.8 191
7.7 192
7.7 192
7.7 193
7.7 192
7.7 192
7.7 192
7.8 193
7.8 193
7.8 193
7.7 193
7.7 193
7.8 193
7.8 193
7.8 193
7.7 193
7.7 193
7.8 193
7.8 194
7.8 193
7.8 194
7.7 194
7.7 194
7.7 194
7.8 195
7.8 195
7.7 195
7.7 195
7.8 195
7.8 195
7.8 195
7.8 195
7.8 196
7.8 196
7.8 196
7.8 196
7.9 197
7.8 197
7.8 196
7.9 196
7.9 197
7.9 197
7.9 197
7.9 197
7.9 198
7.9 197
8.0 198
7.9 198
7.9 198
7.9 198
8.0 198
8.0 198
8.0 199
8.0 199
8.0 199
8.0 199
8.0 199
8.0 199
8.0 200
8.0 200
8.0 200
8.0 200
8.0 200
8.0 200
8.0 200
8.0 201
7.9 201
8.0 201
7.9 201
8.0 201
7.9 201
7.9 201
7.9 202
7.9 202
7.9 202
7.9 202
7.9 202
7.9 202
7.9 203
7.8 203
7.8 203
7.8 203
7.8 203
7.8 203
7.8 203
7.8 203
7.8 204
7.8 204
7.8 204
7.7 204
7.8 204
7.8 204
7.8 205
7.8 205
7.7 205
7.8 205
7.8 205
7.8 205
7.7 205
7.7 205
7.8 205
7.7 205
7.7 205
7.7 206
7.8 206
7.8 206
7.7 206
7.7 206
7.7 206
7.8 206
7.7 206
7.7 206
7.8 207
7.8 207
7.8 207
7.7 207
7.8 207
7.7 207
7.8 207
7.8 207
7.8 207
7.8 207
7.8 207
7.7 207
7.7 207
7.8 207
7.7 208
7.8 208
7.8 208
7.8 208
7.8 208
7.8 208
7.8 208
7.8 208
7.8 208
7.8 208
7.8 208
7.9 208
7.9 208
7.9 209
7.8 209
7.8 209
7.8 209
7.8 209
7.8 209
7.9 209
7.8 209
7.9 209
7.8 209
7.8 209
7.9 210
7.9 210
7.8 210
7.8 210
7.9 210
7.9 210
7.8 208
7.9 208
7.8 208
7.8 208
7.8 207
7.9 207
7.9 207
7.8 206
7.9 206
7.8 205
7.8 205
7.8 203
7.8 205
7.8 204
7.8 204
7.8 204
7.8 204
7.8 204
7.8 205
7.8 205
7.8 205
7.8 206
7.8 206
7.8 206
7.7 207
7.8 207
7.8 207
7.8 207
7.7 207
7.8 208
7.8 207
7.8 208
7.8 208
7.8 208
7.8 208
7.8 208
7.8 208
7.8 209
7.8 209
7.8 209
7.8 209
7.8 209
7.8 209
7.8 209
7.7 209
7.8 209
7.8 210
7.8 209
7.8 209
7.8 209
7.7 209
7.8 209
7.8 209
7.8 209
7.8 209
7.7 208
7.8 208
7.8 207
7.7 207
7.7 207
7.7 206
7.7 205
7.7 205
7.7 204
7.7 203
7.7 202
7.7 201
7.7 201
7.8 200
7.7 198
7.8 197
7.8 196
7.7 194
7.8 192
7.8 191
7.8 189
7.7 187
7.7 185
7.7 183
7.7 182
7.8 179
7.7 177
7.7 176
7.7 175
7.7 173
7.7 172
7.7 171
7.6 170
7.7 170
7.6 170
7.7 170
7.7 169
7.6 169
7.7 169
7.7 169
7.7 169
7.7 169
7.6 168
7.7 169
7.7 169
7.7 170
7.6 169
7.6 169
7.6 169
7.6 168
7.6 169
7.7 168
7.6 169
7.6 168
7.6 169
7.7 167
7.7 168
7.7 167
7.7 167
7.7 167
7.6 167
7.7 165
7.6 165
7.6 165
7.6 164
7.7 164
7.7 162
7.6 162
7.6 161
7.7 160
7.6 162
7.6 162
7.7 162
7.6 163
7.6 162
7.7 162
7.6 163
7.6 162
7.6 162
7.6 163
7.6 163
7.6 160
7.6 163
7.6 162
7.6 163
7.6 162
7.6 162
7.6 163
7.6 163
7.6 164
7.6 163
7.5 163
7.5 163
7.6 163
7.6 163
7.6 161
7.6 162
7.6 162
7.6 160
7.6 162
7.5 160
7.6 162
7.5 161
7.6 162
7.6 161
7.6 162
7.6 163
7.5 161
7.6 162
7.6 162
7.6 161
7.7 162
7.7 162
7.6 162
7.6 162
7.7 162
7.7 161
7.6 163
7.7 163
7.7 162
7.7 162
7.6 163
7.6 162
7.6 164
7.7 163
7.7 163
7.7 164
7.7 164
7.7 164
7.7 164
7.7 165
7.8 164
7.7 164
7.7 165
7.7 164
7.8 165
7.8 165
7.7 164
7.7 164
7.7 164
7.8 165
7.8 166
7.7 165
7.7 165
7.7 165
7.6 166
7.7 165
7.7 165
7.7 166
7.7 166
7.7 166
7.7 166
7.7 166
7.6 166
7.7 167
7.7 166
7.6 167
7.6 167
7.7 167
7.6 166
7.7 167
7.6 168
7.6 168
7.6 167
7.7 168
7.7 167
7.6 167
7.6 168
7.6 168
7.6 168
7.7 168
7.6 168
7.6 168
7.6 169
7.7 169
7.6 169
7.6 169
7.6 169
7.6 169
7.6 169
7.6 169
7.6 169
7.6 170
7.6 170
7.6 170
7.7 170
7.5 171
7.7 170
7.6 171
7.6 171
7.6 170
7.7 170
7.6 171
7.7 171
7.6 171
7.6 172
7.6 171
7.7 171
7.7 172
7.6 172
7.7 172
7.7 173
7.6 173
7.7 173
7.6 173
7.6 173
7.7 172
7.7 174
7.7 173
7.6 173
7.6 171
7.6 171
7.6 170
7.6 170
7.6 168
7.6 168
7.7 169
7.6 168
7.6 169
7.7 170
7.6 171
7.7 171
7.7 171
7.7 172
7.7 173
7.8 173
7.8 173
7.8 173
7.7 173
7.7 175
7.7 174
7.8 175
7.7 176
7.8 177
7.8 176
7.7 177
7.7 177
7.7 177
7.7 178
7.8 178
7.7 179
7.8 178
7.8 178
7.7 178
7.7 178
7.7 178
7.8 178
7.7 179
7.6 179
7.7 178
7.7 180
7.7 180
7.7 180
7.7 179
7.7 180
7.7 180
7.7 181
7.7 180
7.6 180
7.7 181
7.6 180
7.6 182
7.6 181
7.7 181
7.6 181
7.6 180
7.7 180
7.7 179
7.7 179
7.6 178
7.6 177
7.7 175
7.6 175
7.6 175
7.7 174
7.6 172
7.7 174
7.6 172
7.7 172
7.7 172
7.7 171
7.7 171
7.7 171
7.7 171
7.6 172
7.7 172
7.6 172
7.6 172
7.7 172
7.6 173
7.7 172
7.6 174
7.7 174
7.7 174
7.6 176
7.7 176
7.7 177
7.6 176
7.7 178
7.7 178
7.7 179
7.6 180
7.7 180
7.7 181
7.7 181
7.8 182
7.7 182
7.8 183
7.7 185
7.7 185
7.8 185
7.8 185
7.8 184
7.7 185
7.7 184
7.8 184
7.8 186
7.7 185
7.8 185
7.9 186
7.8 187
7.9 186
7.8 187
7.9 186
7.8 187
7.9 187
7.8 188
7.8 188
7.8 187
7.9 188
7.8 187
7.9 189
7.8 188
7.8 188
7.8 189
7.8 189
7.8 189
7.8 188
7.8 189
7.7 190
7.8 189
7.7 188
7.7 189
7.8 190
7.8 189
7.7 189
7.8 191
7.8 190
7.7 189
7.8 191
7.7 191
7.7 191
7.8 191
7.8 191
7.8 192
7.8 192
7.7 192
7.8 192
7.8 191
7.7 192
7.7 192
7.8 193
7.8 192
7.8 193
7.7 192
7.7 192
7.7 192
7.8 193
7.8 193
7.8 191
7.7 193
7.8 193
7.8 193
7.8 194
7.7 194
7.8 194
7.8 195
7.8 194
7.7 193
7.8 194
7.7 194
7.7 194
7.8 193
7.8 193
7.8 194
7.7 194
7.7 194
7.8 195
7.7 195
7.7 194
7.8 195
7.7 195
7.8 195
7.8 196
7.8 196
7.7 195
7.8 194
7.7 196
7.8 195
7.8 195
7.8 196
7.8 197
7.8 196
7.8 197
7.8 197
7.8 196
7.9 197
7.9 197
7.8 196
7.8 197
7.9 196
7.8 197
7.8 196
7.9 197
7.9 197
7.9 197
7.9 198
7.9 197
7.9 197
7.9 197
7.9 198
7.9 198
7.9 198
7.9 198
7.9 198
7.9 199
7.9 198
7.9 199
7.9 198
7.9 198
7.9 199
7.9 198
7.9 198
7.9 199
7.9 200
7.9 198
7.9 200
7.9 200
7.9 200
7.9 200
7.8 201
7.9 201
7.8 201
7.8 202
7.8 201
7.8 200
7.8 201
7.8 200
7.8 202
7.8 202
7.8 200
7.8 201
7.8 201
7.7 202
7.8 203
7.8 201
7.7 203
7.8 201
7.8 202
7.8 202
7.8 202
7.8 203
7.8 203
7.7 204
7.8 204
7.8 203
7.8 204
7.8 204
7.8 204
7.8 204
7.8 204
7.8 204
7.8 205
7.8 205
7.8 204
7.8 204
7.8 204
7.8 204
7.8 205
7.8 205
7.8 205
7.8 205
7.8 206
7.8 206
7.8 206
7.8 206
7.8 206
7.8 206
7.8 206
7.8 207
7.8 206
7.8 206
7.8 207
7.8 207
7.8 207
7.8 207
7.8 207
7.8 208
7.8 207
7.9 208
7.8 208
7.9 208
7.9 208
7.9 209
7.9 208
7.9 209
7.9 209
7.9 209
7.9 208
7.9 208
7.9 208
8.0 208
7.9 209
8.0 209
7.9 209
7.9 210
7.9 210
8.0 209
7.9 209
7.9 210
8.0 210
8.0 210
8.0 211
8.0 211
8.0 211
7.9 211
8.0 211
7.9 211
8.0 211
7.9 211
7.9 211
7.9 211
7.9 211
7.9 212
7.9 212
7.9 212
7.9 212
7.9 212
7.9 212
7.9 212
7.8 213
7.8 213
7.8 213
7.9 213
7.8 212
7.8 213
7.8 213
7.8 213
7.8 213
7.8 213
7.9 214
7.8 214
7.8 214
7.8 213
7.8 214
7.8 214
7.8 214
7.8 214
7.9 214
7.8 214
7.8 215
7.8 215
7.8 215
7.8 215
7.8 215
7.8 215
7.8 215
7.8 215
7.8 215
7.8 215
7.9 216
7.8 216
7.8 216
7.8 216
7.8 216
7.8 216
7.8 216
7.8 216
7.8 216
7.8 216
7.8 217
7.8 217
7.9 217
7.9 217
7.8 217
7.8 217
7.9 217
7.9 217
7.8 218
7.9 218
7.9 218
7.9 218
7.9 218
7.9 218
7.9 218
8.0 218
8.0 218
8.0 218
8.0 219
8.0 219
8.0 219
8.0 219
8.0 219
8.0 219
8.0 219
8.1 219
8.0 219
8.1 219
8.1 220
8.0 220
8.1 220
8.0 220
8.1 220
8.1 220
8.1 220
8.0 221
8.1 221
8.1 221
8.0 221
8.1 221
8.1 221
8.1 221
8.0 221
8.1 222
8.1 222
8.0 222
8.0 222
8.0 222
8.0 222
7.9 223
7.9 223
8.0 223
8.0 223
8.0 223
7.9 223
7.9 223
7.9 224
7.9 224
7.9 224
7.9 224
7.9 224
7.9 224
7.9 224
7.8 224
7.9 225
7.9 203
7.9 225
7.9 225
7.9 225
7.9 225
7.9 225
7.9 219
7.8 225
7.9 226
7.8 204
7.9 225
7.9 226
7.9 226
7.9 225
7.9 226
7.8 226
7.9 226
7.9 227
7.9 227
7.9 227
7.9 227
7.8 227
7.9 227
7.9 227
7.9 227
7.9 227
7.8 227
7.8 227
7.9 228
7.9 228
7.9 228
7.8 228
7.9 228
7.9 228
7.9 228
7.9 228
7.9 228
7.9 228
7.8 228
7.9 224
7.9 227
7.9 229
7.9 229
7.8 229
7.9 229
7.9 229
7.9 229
7.9 229
7.9 229
7.9 230
7.9 230
7.9 230
7.9 230
7.9 231
7.9 232
8.0 231
7.9 230
8.0 230
7.9 230
8.0 230
7.9 230
7.9 230
7.9 230
7.9 230
7.9 230
8.0 231
8.0 231
7.9 231
7.9 231
7.9 230
7.9 230
7.9 230
7.9 230
8.0 230
7.9 231
7.9 231
7.9 231
7.9 231
7.9 232
7.9 232
7.9 232
7.9 232
7.9 232
7.9 232
7.9 231
7.9 231
7.9 231
7.9 230
7.9 230
7.9 230
7.9 229
7.9 229
7.8 229
7.9 228
7.9 228
7.9 228
7.9 228
7.8 228
7.9 228
7.8 228
7.9 228
7.9 229
7.9 229
7.9 229
7.9 229
7.8 229
7.9 230
7.9 230
7.9 230
7.8 230
7.9 231
7.9 231
7.9 231
7.9 231
7.9 231
7.9 232
7.9 232
7.8 232
7.9 232
7.9 232
7.8 232
7.9 232
7.8 232
7.9 232
7.9 231
7.9 232
7.8 231
7.9 231
7.9 231
7.9 231
7.9 231
7.9 231
7.9 231
7.9 230
7.9 230
7.9 230
7.9 229
7.9 229
7.9 228
7.9 228
7.9 227
7.9 226
7.9 226
7.9 225
7.9 225
7.9 223
7.9 223
7.9 222
7.9 221
7.9 221
7.9 220
7.9 220
8.0 220
7.9 220
8.0 220
7.9 221
7.9 221
7.9 221
7.9 222
7.9 222
7.9 223
7.9 223
7.9 223
7.9 222
7.9 222
7.9 221
7.9 221
7.9 222
7.9 221
7.9 222
7.9 221
7.9 220
7.9 220
7.9 219
7.9 219
7.8 220
7.9 220
7.8 220
7.8 220
7.9 219
7.8 220
7.8 219
7.9 219
7.8 219
7.8 220
7.8 219
7.8 220
7.8 220
7.8 220
7.8 220
7.8 219
7.8 220
7.8 221
7.8 221
7.8 221
7.7 222
7.8 221
7.8 222
7.8 222
7.8 222
7.7 222
7.8 222
7.8 222
7.8 222
7.8 222
7.8 222
7.8 222
7.8 221
7.8 221
7.8 221
7.8 221
7.8 221
7.8 220
7.8 220
7.8 218
7.8 219
7.7 219
7.8 219
7.7 218
7.8 219
7.8 218
7.8 218
7.7 218
7.8 219
7.8 219
7.7 219
7.8 219
7.8 219
7.8 219
7.8 219
7.8 220
7.8 219
7.8 220
7.8 219
7.8 220
7.8 221
7.8 221
7.9 220
7.8 221
7.9 221
7.9 221
7.9 221
7.8 221
7.9 221
7.9 222
7.9 222
8.0 222
7.9 222
7.9 223
7.9 223
7.9 223
7.9 223
8.0 224
8.0 223
7.9 224
8.0 224
7.9 224
7.9 224
7.9 224
8.0 224
7.9 225
7.9 225
7.9 225
7.9 225
7.9 225
7.9 225
7.9 225
7.9 226
7.9 225
7.9 226
7.9 226
7.9 226
7.9 226
7.9 227
7.9 227
7.8 227
7.9 227
7.8 227
7.8 227
7.9 228
7.8 227
7.8 227
7.9 228
7.8 228
7.8 228
7.8 228
7.8 228
7.8 229
7.8 228
7.8 229
7.8 229
7.8 229
7.8 229
7.8 229
7.8 228
7.8 229
7.8 229
7.8 229
7.8 229
7.8 229
7.8 230
7.8 230
7.8 230
7.8 230
7.8 230
7.8 230
7.8 230
7.8 229
7.8 230
7.8 230
7.8 230
7.8 230
7.8 230
7.8 230
7.8 230
7.8 230
7.8 230
7.8 230
7.8 230
7.8 230
7.8 230
7.8 230
7.8 230
7.8 230
7.8 230
7.9 230
7.9 230
7.9 229
7.9 230
7.9 230
7.9 230
7.8 230
7.9 229
7.9 230
7.9 229
7.9 229
7.9 229
7.9 229
7.9 229
8.0 229
8.0 229
7.9 229
8.0 229
7.9 229
8.0 229
8.0 229
8.0 229
8.0 229
8.0 229
8.0 228
8.0 228
8.0 228
8.0 228
8.0 228
8.0 228
8.0 228
8.0 228
8.0 228
8.0 228
8.0 228
8.0 229
8.0 229
8.0 229
7.9 229
8.0 229
8.0 229
7.9 228
7.9 228
8.0 228
7.9 228
7.9 229
7.9 228
7.9 228
7.9 228
7.9 228
7.9 228
7.9 228
7.9 228
7.9 228
7.9 228
7.9 228
7.9 228
7.9 228
7.9 228
7.8 228
7.9 228
7.8 228
7.8 228
7.8 228
7.8 228
7.8 228
7.9 228
7.9 227
7.8 228
7.9 227
7.8 228
7.8 228
7.8 228
7.9 228
7.9 227
7.8 227
7.8 227
7.8 227
7.8 227
7.9 228
7.8 227
7.8 228
7.8 228
7.9 228
7.8 228
7.8 228
7.9 228
7.9 228
7.9 228
7.8 227
7.8 228
7.9 228
7.8 228
7.9 228
7.8 228
7.8 228
7.9 228
7.9 228
7.9 228
7.9 228
7.9 228
7.9 228
7.9 227
7.9 226
8.0 226
8.0 226
8.0 226
8.0 227
8.0 227
8.0 227
8.0 227
8.0 227
8.0 227
8.0 227
8.0 227
8.0 228
8.0 228
8.1 227
8.0 227
8.0 227
8.1 227
8.0 227
8.0 227
8.1 227
8.1 227
8.0 228
8.0 228
8.1 228
8.1 228
8.1 228
8.1 228
8.1 228
8.0 228
8.1 228
8.1 228
8.0 229
8.0 229
8.0 229
8.0 229
8.0 229
8.0 229
8.0 229
8.0 229
7.9 229
8.0 229
7.9 229
7.9 229
7.9 229
7.9 229
7.9 229
7.9 229
7.9 229
7.8 230
7.8 230
7.9 230
7.9 230
7.8 230
7.9 230
7.9 230
7.9 230
7.8 230
7.9 230
7.9 230
7.8 230
7.9 230
7.9 230
7.8 230
7.8 230
7.9 230
7.8 230
7.8 230
7.9 230
7.9 230
7.9 230
7.8 230
7.8 230
7.9 231
7.9 231
7.9 231
7.9 231
7.8 231
7.9 231
7.9 231
7.9 231
7.8 231
7.9 231
7.8 231
7.8 231
7.9 231
7.8 231
7.9 231
7.9 231
7.8 232
7.9 232
7.9 232
7.9 231
7.9 231
7.9 231
7.9 231
8.0 231
7.9 231
8.0 231
8.0 232
7.9 232
8.0 232
8.0 232
8.0 232
8.0 232
8.0 232
8.1 233
8.0 232
8.0 232
8.1 232
8.0 232
8.0 233
8.1 233
8.0 232
8.1 233
8.1 233
8.1 233
8.1 233
8.1 233
8.0 233
8.1 233
8.0 233
8.0 234
8.1 234
8.1 234
8.1 234
8.1 234
8.1 234
8.1 234
8.0 234
8.0 234
8.0 234
8.0 235
8.0 235
8.0 235
7.9 235
8.0 235
7.9 235
7.9 235
7.9 235
7.9 236
7.9 236
7.9 236
7.9 236
7.9 236
7.9 236
7.9 236
7.9 236
7.9 236
7.8 236
7.9 236
7.8 236
7.9 237
7.9 237
7.9 237
7.8 237
7.9 237
7.9 237
7.9 237
7.9 237
7.8 237
7.9 237
7.9 237
7.9 237
7.9 237
7.9 237
7.9 237
7.8 237
7.8 238
7.8 238
7.9 238
7.9 238
7.9 238
7.8 238
7.9 238
7.9 238
7.9 238
7.9 238
7.9 238
7.8 238
7.9 239
7.8 239
7.9 239
7.9 239
7.9 239
7.9 239
7.9 239
7.9 239
7.9 239
7.9 239
8.0 240
8.0 239
8.0 239
8.0 239
8.0 240
8.0 240
8.0 240
8.0 240
8.1 240
8.1 240
8.1 240
8.1 240
8.1 240
8.1 240
8.1 240
8.1 240
8.1 240
8.1 240
8.1 240
8.1 240
8.1 240
8.1 241
8.1 241
8.1 241
8.1 241
8.1 241
8.1 241
8.1 241
8.1 242
8.0 242
8.0 242
8.1 242
8.1 242
8.0 242
8.0 242
8.1 242
8.0 242
8.0 243
8.0 243
8.0 243
8.0 243
8.0 243
8.0 243
8.0 243
7.9 243
8.0 244
7.9 244
7.9 244
7.9 244
7.9 244
7.9 244
7.9 244
7.9 244
7.9 244
7.9 245
7.9 245
7.9 245
7.9 245
7.9 245
7.9 245
7.9 245
7.9 245
7.9 245
7.9 245
7.9 245
7.9 245
7.9 245
7.9 245
7.9 246
7.9 246
7.9 246
7.9 246
7.9 246
7.9 246
7.9 246
7.9 246
7.9 246
7.9 246
7.9 246
7.9 246
7.9 245
7.9 245
7.9 245
7.9 245
7.9 245
7.9 245
7.9 244
7.9 244
7.9 244
7.9 244
7.9 243
7.9 243
7.9 243
7.9 243
7.9 243
7.9 243
8.0 242
7.9 242
8.0 242
8.0 242
8.0 242
8.0 243
7.9 243
8.0 243
8.0 243
8.0 242
8.0 242
8.0 242
8.0 242
8.0 242
8.0 242
7.9 242
8.0 242
8.0 242
8.0 242
8.0 242
8.0 242
8.0 242
8.0 242
8.0 242
8.0 242
8.0 242
8.0 242
8.0 242
8.0 242
8.0 243
8.0 243
8.0 243
7.9 243
8.0 244
8.0 244
8.0 244
8.0 244
8.0 244
7.9 245
7.9 245
7.9 245
7.9 245
8.0 245
8.0 245
7.9 245
7.9 245
7.9 246
7.9 246
7.9 246
7.9 246
7.9 246
7.9 246
7.9 246
7.9 246
7.9 246
7.9 246
7.9 246
7.9 247
7.9 247
7.9 247
7.9 247
7.9 247
7.9 247
7.9 248
7.9 247
7.9 247
7.9 248
7.9 248
7.9 248
7.9 248
7.9 248
7.9 248
7.9 248
7.9 248
7.9 248
7.9 248
7.9 249
7.9 249
7.9 249
7.9 249
7.9 249
7.9 249
7.9 249
7.9 249
7.9 249
7.9 249
7.9 249
7.9 249
7.9 249
7.9 249
7.9 249
7.9 249
8.0 249
8.0 249
8.0 249
8.0 249
8.0 249
8.0 249
8.0 249
7.9 249
8.0 249
8.0 249
8.0 249
8.1 249
8.1 249
8.0 249
8.1 249
8.1 249
8.1 249
8.1 249
8.1 249
8.1 249
8.1 249
8.1 249
8.1 249
8.1 249
8.1 249
8.2 249
8.2 249
8.1 249
8.2 249
8.1 249
8.2 249
8.1 249
8.1 249
8.2 249
8.1 249
8.1 250
8.1 250
8.1 250
8.1 250
8.1 250
8.0 250
8.0 250
8.0 251
8.1 251
8.0 251
8.0 251
8.0 251
8.0 251
8.0 251
7.9 251
8.0 251
7.9 251
7.9 252
7.9 252
7.9 252
7.9 252
7.9 252
7.9 252
7.9 252
7.9 252
7.9 252
7.9 252
7.9 252
7.8 252
7.9 253
7.8 253
7.9 253
7.9 253
7.9 253
7.8 253
7.9 253
7.9 253
7.9 253
7.9 253
7.8 253
7.9 253
7.8 253
7.9 253
7.9 254
7.9 254
7.9 254
7.9 254
7.8 254
7.9 254
7.8 254
7.9 254
7.9 254
7.9 254
7.9 255
7.9 255
7.9 255
7.8 255
7.9 255
7.9 255
7.9 255
7.9 255
7.9 255
7.9 255
7.9 255
8.0 255
8.0 255
8.0 255
8.0 255
8.0 255
8.0 255
8.0 255
8.1 255
8.1 255
8.1 256
8.1 256
8.1 256
8.1 256
8.1 256
8.2 257
8.2 256
8.1 256
8.2 256
8.2 257
8.2 257
8.2 257
8.2 256
8.2 257
8.2 257
8.2 257
8.2 257
8.2 257
8.2 257
8.1 257
8.1 258
8.1 258
8.1 258
8.1 258
8.1 259
8.0 259
8.0 259
8.0 259
8.0 260
8.0 260
8.0 260
8.0 260
8.0 260
8.0 260
7.9 260
7.9 260
8.0 261
8.0 261
7.9 261
7.9 261
8.0 261
7.9 261
7.9 261
7.9 261
7.9 261
7.9 261
7.9 261
7.9 260
7.9 260
7.9 259
7.9 257
7.9 256
7.9 254
7.9 251
7.9 248
7.9 245
7.9 240
7.8 234
7.8 227
7.8 222
7.8 220
7.8 220
7.8 222
7.8 224
7.8 225
7.8 227
7.8 228
7.8 228
7.8 231
7.8 233
7.8 235
7.8 238
7.8 240
7.8 243
7.8 245
7.8 246
7.8 248
7.8 249
7.9 251
7.8 252
7.8 254
7.8 256
7.8 257
7.9 258
7.8 259
7.8 260
7.8 260
7.9 260
7.8 261
7.9 261
7.9 261
7.9 261
7.9 261
7.9 260
7.9 260
8.0 260
8.0 259
8.0 259
7.9 258
7.9 257
7.9 257
8.0 257
7.9 257
7.9 257
8.0 257
7.9 257
8.0 258
7.9 258
7.9 259
7.9 260
8.0 261
7.9 262
7.9 262
7.9 262
7.9 261
7.9 262
7.9 261
7.9 261
7.9 261
7.9 261
7.9 261
7.9 260
7.9 260
7.9 260
7.9 259
7.9 258
7.8 258
7.9 258
7.9 257
7.9 257
7.9 257
7.9 256
7.9 255
7.8 254
7.8 253
7.9 251
7.9 251
7.8 250
7.9 249
7.8 248
7.8 248
7.8 248
7.9 248
7.9 248
7.9 248
7.8 248
7.8 248