1250 7.0
1250 6.9
1240 6.9
1260 6.8
1270 6.7
1240 6.8
1240 6.8
1260 6.7
1230 6.7
1250 6.7
1240 6.7
1260 6.6
1230 6.7
1260 6.6
1250 6.7
1260 6.6
1260 6.6
1270 6.5
1250 6.6
1250 6.6
1260 6.7
1230 6.7
1270 6.5
1260 6.6
1250 6.7
1270 6.6
1230 6.8
1260 6.7
1260 6.8
1260 6.8
1290 7.0
1260 7.0
1290 7.2
1300 7.2
1280 7.4
1310 7.5
1290 7.7
1280 7.9
1290 8.0
1290 8.3
1300 8.6
1290 8.9
1290 9.0
1290 9.3
1280 9.6
1280 9.8
1290 10.1
1280 10.3
1270 10.6
1270 10.9
1270 11.1
1280 11.4
1230 11.6
1220 11.8
1220 12.0
1220 12.3
1220 12.4
1220 12.5
1220 12.6
1220 12.6
1180 12.8
1180 12.6
1190 12.8
1190 12.8
1180 12.7
1200 12.8
1200 12.6
1190 12.5
1200 12.2
1190 12.2
1180 11.9
1170 11.7
1170 11.5
1160 11.3
1170 10.9
1170 10.6
1200 10.3
1160 10.1
1180 9.9
1170 9.6
1180 9.2
1220 9.1
1160 8.9
1190 8.6
1170 8.5
1210 8.3
1200 8.1
1190 8.0
1210 7.8
1200 7.7
1210 7.5
1190 7.5
1180 7.4
1220 7.2
1190 7.2
1210 7.0
1210 7.0
1200 6.9
1200 6.8
1220 6.8
1200 6.7
1200 6.6
1190 6.6
1190 6.6
1210 6.5
1180 6.5
1200 6.3
1200 6.4
1200 6.3
1180 6.4
1190 6.2
1190 6.3
1190 6.3
1190 6.3
1180 6.4
1200 6.2
1190 6.3
1190 6.2
1200 6.2
1200 6.2
1180 6.2
1180 6.2
1150 6.3
1150 6.3
1190 6.3
1180 6.4
1190 6.4
1210 6.4
1180 6.6
1200 6.7
1190 6.8
1190 6.9
1200 7.0
1190 7.2
1200 7.4
1200 7.6
1180 7.9
1200 8.2
1190 8.5
1220 8.7
1190 8.9
1190 9.2
1190 9.6
1190 9.9
1180 10.3
1190 10.5
1170 10.6
1170 10.9
1170 11.2
1160 11.3
1160 11.4
1160 11.5
1160 11.6
1120 11.8
1120 11.7
1120 11.8
1130 11.9
1130 12.0
1130 12.1
1140 11.8
1140 12.0
1140 11.8
1140 11.9
1140 11.8
1150 11.6
1130 11.3
1140 11.3
1140 11.2
1130 10.9
1110 10.6
1140 10.4
1130 10.1
1120 9.8
1110 9.6
1150 9.4
1140 9.1
1110 8.7
1150 8.6
1150 8.4
1160 8.1
1150 7.9
1140 7.7
1140 7.6
1150 7.4
1140 7.3
1150 7.2
1150 7.0
1160 6.9
1150 6.8
1150 6.7
1150 6.6
1170 6.5
1130 6.5
1150 6.4
1140 6.3
1150 6.3
1160 6.2
1140 6.2
1140 6.1
1150 6.0
1160 6.0
1140 6.0
1160 5.9
1160 5.9
1140 6.0
1140 6.0
1150 5.9
1150 5.8
1150 5.9
1150 5.8
1140 5.9
1160 5.8
1170 5.9
1190 5.9
1160 6.0
1150 5.8
1180 5.9
1170 5.8
1180 6.0
1170 6.0
1180 6.0
1170 6.1
1180 6.1
1180 6.2
1170 6.3
1170 6.4
1180 6.6
1170 6.7
1170 6.8
1180 7.0
1170 7.3
1160 7.6
1180 7.7
1160 7.9
1180 8.0
1180 8.4
1170 8.5
1170 8.8
1180 9.1
1170 9.3
1170 9.7
1160 9.8
1160 10.0
1160 10.4
1160 10.6
1120 11.0
1130 11.1
1120 11.4
1130 11.5
1110 11.5
1120 11.8
1110 11.8
1120 11.8
1120 11.8
1120 11.9
1120 11.9
1120 11.8
1120 11.8
1120 11.8
1090 11.6
1100 11.3
1090 11.2
1090 11.1
1090 10.8
1090 10.6
1100 10.4
1100 10.2
1100 10.0
1110 9.7
1120 9.5
1110 9.2
1150 9.0
1190 8.7
1220 8.4
1270 8.2
1260 7.9
1260 7.8
1260 7.6
1230 7.4
1330 7.3
1320 7.2
1330 7.1
1330 6.9
1310 6.8
1370 6.7
1320 6.6
1340 6.5
1350 6.4
1370 6.4
1390 6.2
1410 6.1
1440 6.0
1520 6.0
1650 5.9
1750 5.8
1760 5.8
1790 5.9
1800 5.8
1810 5.8
1800 5.7
1820 5.7
1780 5.6
1820 5.7
1830 5.9
2010 6.0
2080 6.2
2050 6.2
2050 6.2
2020 6.3
2000 6.1
2050 6.2
2060 6.2
2120 6.2
2110 6.1
2220 6.2
2200 6.2
2330 6.2
2380 6.4
2500 6.4
2880 6.4
3030 6.5
3130 6.6
3100 6.6
3030 6.6
3090 6.6
3030 6.7
3070 6.7
3090 6.8
3220 6.9
3470 7.0
3660 7.1
3960 7.2
4170 7.2
4320 7.3
4670 7.2
4960 7.2
5010 7.2
5150 7.1
5390 7.1
5650 7.2
5770 7.3
6060 7.4
6240 7.5
6430 7.6
6770 7.7
6870 7.7
7080 7.7
7260 7.7
7720 7.7
8220 7.7
8850 7.6
9200 7.6
9540 7.6
9690 7.7
10200 7.7
10600 7.7
11000 7.6
11500 7.6
11600 7.6
12000 7.6
12000 7.6
11900 7.6
12200 7.6
12300 7.7
12300 7.7
12900 7.7
12400 7.7
12500 7.7
12300 7.8
12000 7.7
11900 7.8
11400 7.8
11200 7.7
10800 7.7
11000 7.7
10800 7.8
10400 7.7
10400 7.7
10800 7.7
10300 7.7
10200 7.8
10100 7.8
 7.7
10300 7.8
9920 7.8
9740 7.8
9300 7.8
9430 7.8
9010 7.8
8680 7.8
7780 7.8
7650 7.8
7550 7.7
7290 7.7
7070 7.7
7200 7.7
6710 7.7
6240 7.7
6050 7.7
5840 7.7
5820 7.7
5520 7.7
5470 7.7
4960 7.7
5030 7.7
4890 7.7
4920 7.7
4740 7.7
4700 7.7
4550 7.7
4400 7.7
4440 7.7
4600 7.7
4250 7.7
4410 7.7
4140 7.7
4090 7.7
4160 7.7
4030 7.7
4110 7.7
3990 7.8
4040 7.8
3980 7.8
4090 7.8
3810 7.9
4020 7.9
3720 8.0
3760 8.0
3760 8.0
3830 8.1
3610 8.1
3650 8.0
3670 8.0
3670 8.0
3770 8.0
3540 8.0
3650 8.0
3590 8.0
3550 8.0
3520 8.0
3560 7.9
3620 7.9
3600 7.9
3670 7.9
3450 7.9
3490 7.9
3420 7.9
3510 7.9
3360 7.9
3400 8.0
3420 8.0
3350 8.0
3400 8.0
3420 8.0
3360 7.9
3310 8.0
3240 7.7
3320 7.8
3250 7.9
3190 7.8
3210 7.8
3150 7.8
3160 7.7
3120 7.8
3070 7.7
3200 7.7
3110 7.6
3090 7.6
3040 7.5
3050 7.5
3020 7.5
3020 7.5
3070 7.4
2970 7.4
2960 7.4
2980 7.4
2990 7.4
2960 7.4
2930 7.3
2870 7.4
2870 7.4
2850 7.3
2830 7.3
2910 7.4
2960 7.4
2850 7.2
2950 7.4
2870 7.4
2860 7.4
2800 7.4
2870 7.3
2860 7.4
2830 7.4
2860 7.3
2910 7.4
2820 7.4
2800 7.4
2860 7.4
2860 7.4
2790 7.4
2830 7.4
2770 7.4
2890 7.4
2860 7.4
2810 7.4
2890 7.4
2820 7.4
2750 7.4
2740 7.4
2780 7.5
2840 7.4
2750 7.4
2830 7.5
2730 7.5
2800 7.6
2710 7.7
2740 7.7
2760 7.8
2760 7.9
2740 7.9
2840 7.9
2680 8.1
2660 8.1
2780 8.2
2760 8.2
2820 8.3
2680 8.2
 8.4
2730 8.3
2740 8.3
2680 8.3
2970 8.3
2940 8.4
2980 8.5
3050 8.6
3070 8.6
3120 8.5
3270 8.5
3320 8.5
3390 8.6
3550 8.6
3580 8.6
3330 8.7
3390 8.5
3470 8.4
3600 8.3
3610 8.2
3650 8.2
3500 8.1
3480 8.0
3390 7.9
3460 7.8
3340 7.9
3230 7.8
3070 7.8
3160 7.9
2960 7.8
3050 7.8
3040 7.8
3160 7.7
3140 7.7
3210 7.7
3240 7.7
3280 7.7
3160 7.6
3380 7.6
3290 7.7
3310 7.6
3340 7.7
3460 7.7
3440 7.6
3480 7.6
3670 7.6
3570 7.6
3610 7.6
3600 7.6
3850 7.6
3910 7.6
4130 7.6
4310 7.6
4640 7.6
5100 7.6
5770 7.6
6480 7.6
7010 7.6
7790 7.6
8570 7.7
8760 7.7
9090 7.8
9430 7.9
9440 7.9
9740 8.0
9690 8.0
9530 8.0
9630 8.0
9770 8.1
9440 8.1
9520 8.1
9370 8.2
9670 8.2
9480 8.2
9630 8.3
9540 8.3
9470 8.4
9360 8.4
9470 8.4
9580 8.4
9500 8.4
9510 8.5
9390 8.5
9480 8.5
9450 8.5
9290 8.6
9080 8.6
8970 8.6
8910 8.7
8770 8.7
8610 8.8
8440 8.8
8280 8.9
8180 8.9
7960 9.0
7740 9.0
7600 9.1
7370 9.1
7200 9.2
7030 9.2
6940 9.3
6560 9.3
6450 9.3
6210 9.3
6260 9.3
5970 9.3
5800 9.3
5650 9.3
5580 9.3
5240 9.2
5170 9.2
5160 9.2
4840 9.1
4870 9.1
4600 9.0
4600 9.0
4610 8.9
4660 8.8
4520 8.8
4390 8.7
4320 8.6
4370 8.6
4070 8.5
4090 8.4
4040 8.4
3970 8.3
3990 8.3
3940 8.2
3890 8.2
3810 8.2
3780 8.1
3830 8.1
3710 8.0
3830 8.0
3670 8.0
3720 8.0
3640 7.9
3690 7.9
3630 7.9
3640 7.9
3430 7.9
3480 7.9
3560 7.8
3410 7.8
3370 7.8
3420 7.8
3480 7.8
3550 7.8
3500 7.8
3540 7.8
3410 7.8
3410 7.8
3490 7.8
3440 7.8
3450 7.8
3280 7.8
3400 7.8
3350 7.8
3460 7.8
3290 7.8
3370 7.8
3390 7.8
3410 7.8
3390 7.8
3470 7.8
3460 7.8
3390 7.8
3340 7.8
3310 7.8
3370 7.8
3400 7.8
3350 7.8
3380 7.8
3270 7.8
3370 7.9
3290 7.8
3290 7.9
3370 7.9
3380 7.9
3320 8.0
3290 8.0
3320 8.0
3340 8.1
3250 8.1
3340 8.3
3250 8.3
3260 8.4
3260 8.4
3180 8.5
3290 8.6
3240 8.6
3130 8.8
3270 8.9
3260 9.0
3130 9.0
3110 9.2
3050 9.2
3100 9.3
3110 9.3
3120 9.4
2970 9.4
2960 9.5
3010 9.5
3010 9.5
2940 9.5
2950 9.5
2990 9.5
2940 9.3
2980 9.3
2920 9.2
2800 9.0
2900 9.1
2850 9.0
2750 8.9
2830 8.8
2850 8.8
2710 8.6
2800 8.6
2910 8.5
2810 8.4
2910 8.4
2770 8.3
2750 8.2
2780 8.2
2910 8.1
2790 8.0
2720 7.9
2810 7.9
2770 7.8
2830 7.8
2810 7.8
2760 7.7
2730 7.6
2840 7.7
2680 7.6
2860 7.6
2930 7.5
2820 7.5
2850 7.6
2790 7.6
2820 7.6
3080 7.6
3050 7.7
3100 7.7
3010 7.8
3010 7.7
3050 7.6
3110 7.7
3110 7.6
3210 7.7
3410 7.7
3300 7.6
3460 7.6
3590 7.8
3600 7.7
3810 7.8
3890 7.8
3910 7.9
4180 7.9
4160 7.9
4360 7.9
4590 7.9
4760 7.9
4830 7.9
5100 7.9
5350 7.9
5700 7.9
5630 7.9
5690 7.9
6640 8.0
5570 8.0
5220 8.0
5460 8.0
5010 8.0
4890 8.1
5510 8.0
5190 8.1
5240 8.1
5480 8.1
5980 8.1
5910 8.2
6350 8.2
6910 8.2
7470 8.2
8100 8.2
8890 8.2
9530 8.2
10100 8.2
10900 8.2
10700 8.2
11100 8.2
11100 8.2
12400 8.3
12600 8.3
14300 8.4
14700 8.4
16500 8.4
17700 8.4
19500 8.4
20900 8.5
23200 8.4
23900 8.4
27200 8.4
28700 8.5
30900 8.5
33100 8.5
32600 8.6
31500 8.6
34600 8.7
35000 8.7
34800 8.8
34200 8.8
34400 8.8
32300 8.8
33100 8.9
32700 8.9
32100 8.9
32000 8.9
31400 8.9
30500 9.0
28200 9.0
28200 9.0
25900 9.0
26800 9.0
25900 9.0
25700 9.1
24700 9.1
24400 9.1
23900 9.1
23200 9.1
22400 9.2
22400 9.2
22200 9.2
20200 9.2
21400 9.2
21200 9.3
20600 9.3
20500 9.3
20800 9.3
20600 9.3
19700 9.4
19300 9.4
19100 9.4
18800 9.4
19000 9.4
18500 9.4
17300 9.4
17100 9.4
17900 9.4
16800 9.5
16800 9.5
14900 9.5
16100 9.5
15400 9.5
16100 9.5
15700 9.5
15000 9.5
15000 9.5
14300 9.5
14100 9.5
14500 9.5
13700 9.5
14100 9.5
14300 9.6
13700 9.6
13400 9.6
13200 9.6
13100 9.6
12700 9.6
12800 9.6
12400 9.6
12700 9.6
11900 9.6
12700 9.6
12300 9.6
12300 9.6
12200 9.6
12300 9.6
11800 9.7
11500 9.7
12100 9.7
11700 9.7
11800 9.7
11300 9.7
11000 9.7
10700 9.8
10800 9.8
11400 9.8
11100 9.8
10900 9.8
10500 9.8
10900 9.8
10200 9.8
10200 9.8
10700 9.8
10800 9.9
11200 9.8
10700 9.8
10100 9.8
10500 9.8
10800 9.8
10500 9.7
10400 9.7
10400 9.7
10100 9.7
9840 9.6
10500 9.6
10000 9.6
9800 9.6
9990 9.6
10200 9.6
9820 9.5
9740 9.5
10000 9.5
9680 9.4
10100 9.4
9800 9.4
9540 9.4
9830 9.3
9890 9.3
9490 9.3
9560 9.3
9770 9.3
9620 9.2
9890 9.2
9780 9.2
9510 9.2
9520 9.2
9630 9.2
9510 9.2
9650 9.2
9260 9.2
9280 9.2
9510 9.2
9310 9.2
9450 9.2
9430 9.2
9110 9.2
9150 9.2
9090 9.2
9210 9.2
9320 9.2
9460 9.2
9190 9.2
9020 9.2
9300 9.2
9160 9.2
8930 9.2
8900 9.2
9040 9.2
8810 9.2
8810 9.2
8850 9.2
9020 9.2
8740 9.2
8550 9.2
8950 9.2
9080 9.2
8750 9.3
8630 9.3
8740 9.3
8690 9.3
8570 9.3
8680 9.3
8660 9.3
8780 9.4
8660 9.4
8590 9.4
8710 9.4
8710 9.5
8570 9.5
8470 9.6
8430 9.6
8540 9.6
8530 9.7
8630 9.7
8680 9.8
8330 9.8
8340 9.9
8630 9.9
8540 10.0
8200 10.0
8220 10.1
8340 10.2
8210 10.2
7970 10.2
8220 10.3
8100 10.3
7880 10.2
7940 10.3
8020 10.3
8120 10.3
7870 10.2
7900 10.2
7890 10.2
8110 10.2
7990 10.2
7930 10.1
7800 10.1
8020 10.0
7760 10.0
7810 10.0
7760 9.9
7890 9.8
7830 9.8
7770 9.7
7530 9.7
7830 9.6
7570 9.6
7460 9.5
7570 9.4
7610 9.4
7890 9.4
7740 9.3
7630 9.3
7710 9.2
7470 9.2
7540 9.1
7630 9.1
7490 9.1
7550 9.0
7550 9.0
7270 9.0
7620 8.9
7610 8.9
7450 8.9
7410 8.9
7280 8.9
7320 8.9
7370 8.9
7350 8.9
7210 8.8
7360 8.8
7290 8.8
7290 8.8
7080 8.8
7250 8.8
7200 8.8
7000 8.8
7090 8.8
7120 8.8
6980 8.8
6990 8.8
7060 8.8
6950 8.8
7020 8.9
6950 8.9
7050 8.9
6990 8.9
6910 8.9
6940 8.9
6890 8.9
7010 8.9
7120 8.9
6880 8.9
6880 8.9
6900 9.0
6980 9.0
6860 9.0
6850 9.0
6940 9.0
6800 9.1
6780 9.1
6760 9.2
6820 9.2
6740 9.3
6710 9.3
6750 9.4
6870 9.5
6690 9.5
6690 9.6
6600 9.6
6740 9.7
6640 9.8
6730 9.8
6670 9.9
6420 10.0
6580 10.1
6430 10.1
6350 10.2
6540 10.3
6450 10.3
6440 10.4
6390 10.4
6340 10.4
6340 10.4
6140 10.4
6350 10.4
6230 10.4
6230 10.4
6280 10.3
6170 10.3
6250 10.3
6330 10.2
6230 10.1
6220 10.1
6150 10.0
6240 10.0
6220 9.9
6290 9.8
6060 9.8
6060 9.7
6080 9.7
6060 9.6
6210 9.5
6100 9.5
6050 9.4
6090 9.3
6060 9.2
6030 9.2
6240 9.1
6040 9.0
6090 9.0
5970 9.0
5930 8.9
6110 8.9
6060 8.8
6280 8.8
6070 8.8
6150 8.7
6070 8.7
6120 8.7
5970 8.7
5950 8.6
6160 8.6
6010 8.6
6010 8.6
5890 8.6
5900 8.5
5920 8.5
5840 8.5
6050 8.5
5870 8.5
5860 8.5
5800 8.5
6010 8.5
5880 8.5
5700 8.5
5730 8.5
5760 8.5
5730 8.5
5800 8.4
5760 8.5
5770 8.4
5790 8.5
5740 8.5
5660 8.5
5740 8.5
5770 8.4
5600 8.5
5770 8.4
5580 8.5
5710 8.5
5750 8.5
5720 8.5
5820 8.5
5670 8.5
5760 8.5
5730 8.6
5820 8.6
5860 8.6
5990 8.6
5870 8.6
5830 8.7
5840 8.7
5830 8.8
5970 8.8
5870 8.8
6020 8.9
5850 8.9
5920 9.0
5910 9.0
5890 9.0
6040 9.0
6150 9.0
6160 9.0
6140 9.0
6340 9.0
6190 9.1
6160 9.1
6310 9.1
6280 9.1
6050 9.1
6330 9.1
6310 9.1
6160 9.1
6340 9.1
6250 9.0
6230 9.0
6460 9.0
6390 9.0
6500 9.0
6550 9.0
6700 8.9
6710 8.9
6840 8.9
6940 8.9
6910 8.8
7060 8.8
6890 8.8
7080 8.8
7170 8.8
7320 8.8
7560 8.8
7410 8.7
7560 8.7
7750 8.7
7990 8.7
8070 8.6
7880 8.6
8090 8.6
8260 8.6
8250 8.6
8340 8.6
8520 8.6
8490 8.6
8560 8.6
8750 8.5
8670 8.5
8810 8.5
8860 8.5
9060 8.5
9130 8.6
9110 8.6
9430 8.6
9570 8.6
9680 8.6
9640 8.6
9870 8.6
9980 8.6
10200 8.6
10300 8.6
10200 8.6
10500 8.6
10600 8.6
10700 8.7
11100 8.7
11100 8.7
11100 8.7
11300 8.7
11500 8.7
12000 8.7
12400 8.7
12900 8.7
13300 8.7
13800 8.7
14100 8.7
14400 8.7
14300 8.7
14500 8.7
14300 8.7
14400 8.7
14100 8.7
14200 8.8
14300 8.8
14300 8.8
14400 8.8
14400 8.8
14800 8.8
14700 8.9
15100 8.8
15100 8.9
15400 8.9
15500 8.9
15700 8.9
16000 8.9
16300 9.0
17200 9.0
17900 9.0
18500 9.0
18700 9.0
19900 9.0
20400 9.0
20600 9.0
21400 9.0
22000 9.0
22400 9.1
22900 9.1
23400 9.1
23900 9.1
23700 9.1
24800 9.1
25200 9.1
25500 9.1
25300 9.1
25500 9.1
25200 9.1
25100 9.1
24900 9.1
25100 9.1
25400 9.1
24900 9.1
24800 9.1
24200 9.1
23200 9.1
24000 9.1
23200 9.2
22800 9.2
22400 9.2
22100 9.2
21200 9.2
21100 9.2
20800 9.2
21700 9.2
19600 9.2
19400 9.2
18700 9.2
18200 9.2
17800 9.2
17400 9.2
17100 9.2
17100 9.2
16300 9.2
16100 9.2
16100 9.2
15400 9.2
15500 9.2
15000 9.2
14700 9.2
14400 9.2
14600 9.2
14500 9.2
14100 9.2
13800 9.2
13500 9.1
13200 9.2
13200 9.1
12900 9.1
12600 9.1
12700 9.1
12300 9.1
12500 9.1
12600 9.1
12000 9.1
11900 9.1
12000 9.1
11500 9.1
11600 9.1
4390 9.1
11900 9.1
11300 9.1
11400 9.1
11200 9.1
11900 9.1
11300 9.1
11600 9.1
11100 9.1
11300 9.1
11500 9.1
11100 9.1
11100 9.1
11000 9.1
11100 9.1
10700 9.1
11200 9.1
10800 9.1
10900 9.1
10700 9.1
11000 9.1
10600 9.1
11000 9.2
11100 9.1
10900 9.2
11200 9.2
10900 9.2
10500 9.2
11000 9.3
10600 9.2
10500 9.3
10700 9.3
10700 9.3
10900 9.4
10800 9.4
10700 9.5
10600 9.4
10400 9.4
10600 9.4
10400 9.4
10400 9.4
10300 9.4
10100 9.4
10200 9.4
10200 9.4
10100 9.3
10600 9.4
10300 9.3
10500 9.4
10100 9.3
10100 9.3
10200 9.2
10600 9.2
10200 9.2
10200 9.2
10200 9.2
9890 9.1
9910 9.1
9860 9.1
10200 9.0
9910 9.0
9770 9.0
9690 9.0
9850 9.0
9770 8.9
9870 8.9
9820 8.9
10000 8.9
9710 8.9
9740 8.9
10100 8.8
9790 8.8
10100 8.8
10100 8.8
9780 8.8
9780 8.8
9820 8.8
10200 8.8
9650 8.8
9920 8.8
10000 8.8
9960 8.8
9440 8.8
9770 8.8
9770 8.8
9670 8.8
9730 8.8
9990 8.8
9730 8.8
9680 8.8
9570 8.8
9690 8.8
9550 8.8
9560 8.8
9660 8.8
9490 8.8
9640 8.8
9700 8.8
9590 8.8
9480 8.8
9410 8.8
9630 8.8
9590 8.9
9380 8.9
9660 8.9
9520 8.9
9440 8.9
9270 8.9
9230 9.0
9460 9.0
9360 9.0
9480 9.0
9440 9.0
9160 9.0
9580 9.0
9550 9.0
9660 9.0
9530 9.1
9410 9.1
9800 9.2
9400 9.1
9620 9.1
9680 9.2
9390 9.3
9650 9.3
9790 9.4
10200 9.5
10500 9.5
10200 9.6
10500 9.6
10100 9.6
10400 9.6
10300 9.6
10200 9.6
9890 9.6
9930 9.6
10200 9.6
9850 9.6
9820 9.5
9910 9.5
9950 9.5
10300 9.5
10100 9.4
10300 9.4
10300 9.3
10200 9.3
10100 9.2
10400 9.1
10300 9.0
10400 9.0
10500 8.9
10400 8.9
10700 8.8
10600 8.8
10600 8.8
10800 8.8
10900 8.7
10900 8.7
10700 8.7
10800 8.7
10800 8.6
10800 8.6
10500 8.6
10800 8.6
10700 8.6
10700 8.6
10900 8.5
10900 8.5
11000 8.5
11000 8.5
10900 8.5
11100 8.5
11100 8.5
11200 8.5
11300 8.5
11600 8.5
11300 8.5
11200 8.5
11200 8.5
11200 8.5
11400 8.5
11500 8.5
11300 8.5
11000 8.5
11200 8.5
11000 8.5
10800 8.5
11000 8.5
10900 8.5
10800 8.5
10400 8.5
10600 8.6
10500 8.6
10300 8.6
10400 8.5
10200 8.6
10200 8.6
10100 8.6
10200 8.6
10000 8.6
10100 8.6
9940 8.6
9960 8.6
9910 8.6
9680 8.6
9840 8.6
9800 8.7
10100 8.7
10000 8.7
9870 8.8
9880 8.8
9710 8.8
9740 8.9
9880 8.9
9930 9.0
9870 9.1
9710 9.1
10200 9.2
9590 9.2
9820 9.3
9670 9.4
9670 9.4
9640 9.5
9560 9.6
9620 9.6
9390 9.6
9410 9.6
9340 9.6
9320 9.5
9480 9.5
9210 9.5
9200 9.5
9080 9.5
9050 9.4
9110 9.4
8880 9.4
8860 9.3
8970 9.3
8840 9.2
8790 9.1
8890 9.1
8810 9.1
8800 9.1
8870 9.0
8720 8.9
8590 8.9
8570 8.8
8610 8.8
8480 8.7
8530 8.7
8500 8.6
8650 8.6
8460 8.5
8420 8.5
8440 8.4
8370 8.4
8280 8.4
8340 8.3
8460 8.3
8220 8.3
8450 8.3
8190 8.2
8280 8.2
8140 8.2
8190 8.2
8150 8.2
8220 8.2
8100 8.2
8040 8.2
8010 8.2
8230 8.2
7930 8.2
8150 8.2
7930 8.2
7970 8.2
7850 8.2
7810 8.2
7830 8.2
7720 8.2
7680 8.2
7800 8.2
7610 8.2
7710 8.2
7650 8.2
7610 8.2
7610 8.2
7500 8.2
7600 8.2
7580 8.2
7510 8.2
7420 8.2
7500 8.2
7400 8.3
7360 8.3
7440 8.3
7400 8.3
7330 8.3
7380 8.3
7260 8.4
7040 8.4
7290 8.4
7290 8.4
7380 8.5
7110 8.5
7140 8.6
7200 8.6
6970 8.6
7020 8.7
6930 8.7
7030 8.8
7090 8.9
7150 9.0
7060 9.0
6970 9.1
7040 9.2
6890 9.2
6960 9.2
6850 9.3
6850 9.4
6720 9.5
6880 9.6
6830 9.6
6800 9.6
6750 9.6
6920 9.6
6650 9.5
6640 9.5
6560 9.6
6740 9.6
6640 9.5
6760 9.4
6530 9.3
6670 9.3
6490 9.3
6580 9.2
6630 9.2
6590 9.2
6650 9.2
6640 9.1
6640 9.1
6780 9.0
6550 9.0
6470 8.9
6470 8.9
6540 8.8
6640 8.8
6600 8.8
6590 8.7
6690 8.7
6670 8.6
6490 8.6
6560 8.5
6610 8.5
6520 8.5
6590 8.5
6470 8.4
6560 8.4
6610 8.4
6530 8.4
6540 8.4
6520 8.4
6470 8.4
6290 8.4
6420 8.4
6520 8.4
6460 8.4
6380 8.4
6490 8.4
6450 8.4
6490 8.4
6410 8.4
6470 8.4
6270 8.4
6470 8.4
6350 8.4
6330 8.4
6300 8.4
6320 8.4
6370 8.4
6340 8.4
6290 8.4
6310 8.4
6370 8.4
6100 8.4
6210 8.5
6260 8.5
6330 8.5
6360 8.5
6210 8.5
6120 8.5
6270 8.5
6280 8.6
6180 8.6
6290 8.6
6140 8.6
6240 8.7
6120 8.7
6260 8.8
6210 8.8
6240 8.9
6060 9.0
6130 9.0
6150 9.1
6130 9.2
6150 9.2
6150 9.3
6070 9.3
5980 9.3
6130 9.4
6040 9.5
6080 9.6
6040 9.6
5960 9.6
5950 9.6
5980 9.6
5960 9.6
5900 9.7
6200 9.8
5870 9.9
5840 9.8
5980 10.0
5870 10.0
6000 10.0
5900 9.9
5940 10.0
6000 10.0
5910 10.0
5760 10.0
5680 10.0
5860 10.0
6000 9.9
5710 9.8
5940 9.8
5950 9.7
5860 9.7
5820 9.7
5790 9.6
5810 9.5
5830 9.4
5740 9.4
5730 9.3
5890 9.3
5910 9.3
5840 9.2
5800 9.2
5890 9.1
5880 9.1
5810 9.0
5890 9.0
5870 9.0
5760 9.0
5790 8.9
5730 8.9
5810 8.9
5750 8.8
5870 8.8
5890 8.8
5910 8.8
5910 8.8
5790 8.8
5740 8.8
5850 8.8
5840 8.8
5850 8.8
5770 8.8
5640 8.8
5740 8.8
5760 8.8
5750 8.8
5810 8.8
5730 8.8
5750 8.8
5660 8.8
5770 8.8
5760 8.8
5660 8.8
5680 8.8
5810 8.9
5520 8.9
5640 8.9
5630 8.9
5750 8.9
5560 8.9
5730 8.9
5810 8.9
5680 9.0
5560 9.0
5700 9.0
5700 9.0
5630 9.0
5670 9.1
5710 9.1
5590 9.1
5590 9.2
5680 9.2
5580 9.3
5590 9.4
5590 9.4
5740 9.5
5590 9.6
5570 9.6
5470 9.7
5570 9.8
5610 9.9
5450 10.0
5500 10.1
5470 10.2
5510 10.2
5340 10.4
5480 10.4
5370 10.5
5350 10.6
5380 10.6
5430 10.6
5330 10.7
5340 10.7
5280 10.7
5240 10.7
5340 10.7
5360 10.7
5380 10.7
5300 10.7
5200 10.6
5230 10.6
5270 10.6
5120 10.5
5180 10.4
5170 10.4
5220 10.4
5150 10.2
5210 10.2
5200 10.2
5130 10.1
5160 10.0
5130 10.0
5150 9.9
5210 9.8
5250 9.7
5180 9.7
5160 9.6
5170 9.5
5280 9.5
5070 9.4
5040 9.4
5190 9.3
5080 9.3
5090 9.3
5200 9.2
5110 9.2
5020 9.2
5100 9.1
5020 9.1
5040 9.1
5060 9.0
5210 9.0
5060 9.0
5060 9.0
5140 9.0
5150 9.0
5200 9.0
5180 9.0
5190 9.0
5310 9.0
5160 8.9
5180 8.9
5140 8.9
5150 8.9
5080 8.9
5190 8.9
5050 8.9
5070 8.9
5060 8.9
5190 8.9
5040 8.9
5110 8.9
5080 8.9
5070 8.9
5070 8.9
5130 8.9
5060 8.9
5120 8.9
5100 8.9
5040 8.9
5060 8.9
5050 8.9
5070 9.0
5070 9.0
5090 9.0
5070 9.0
5120 9.0
5030 9.0
5080 9.1
5150 9.1
5080 9.2
5080 9.2
5100 9.2
5140 9.3
5060 9.2
5030 9.2
4980 9.3
5140 9.2
 9.2
5090 9.3
4950 9.3
5040 9.3
5080 9.4
5060 9.5
5170 9.5
5110 9.5
5090 9.6
5050 9.6
5080 9.6
5080 9.6
5080 9.6
5130 9.6
5010 9.6
5130 9.7
5110 9.7
5090 9.7
5100 9.7
5130 9.6
5150 9.6
5090 9.6
5090 9.6
5140 9.6
5080 9.6
5190 9.6
5170 9.6
5190 9.6
5100 9.6
5080 9.6
5180 9.6
5240 9.5
5110 9.5
5270 9.5
5270 9.5
5220 9.4
5160 9.4
5340 9.4
5290 9.4
5330 9.4
5410 9.4
5450 9.4
5490 9.4
5470 9.4
5530 9.4
5650 9.3
5610 9.3
5610 9.3
5780 9.3
5600 9.3
5740 9.3
5860 9.3
5980 9.3
6170 9.2
6100 9.2
6140 9.2
6110 9.2
6250 9.3
6240 9.3
6240 9.2
6320 9.2
6220 9.2
6310 9.3
6240 9.3
6190 9.3
6230 9.3
6270 9.3
6320 9.3
6370 9.3
6210 9.3
6320 9.3
6360 9.3
6350 9.3
6520 9.3
6590 9.3
6610 9.3
6880 9.4
6940 9.4
7070 9.4
7390 9.4
7520 9.4
7830 9.4
7860 9.4
8030 9.4
8110 9.4
8350 9.4
8500 9.5
8470 9.5
8280 9.5
8270 9.6
8330 9.6
8430 9.6
8680 9.7
8600 9.7
8650 9.7
8760 9.8
8600 9.8
8870 9.9
8930 9.9
8890 10.0
9010 10.0
9180 10.0
9050 10.0
9210 10.0
9160 10.0
9320 10.0
9330 10.0
9330 10.0
9440 10.1
9300 10.0
9440 10.0
9370 10.0
9360 10.0
9380 10.0
9380 10.0
9470 10.0
9400 10.0
9280 9.9
9370 9.9
9560 9.9
9390 9.9
9380 9.9
9420 9.9
9190 9.9
9200 9.9
9200 9.9
9190 9.8
9160 9.8
9320 9.8
9300 9.8
9320 9.7
9370 9.7
9150 9.7
9440 9.6
9410 9.6
9360 9.6
9460 9.6
9320 9.6
9520 9.6
9580 9.6
9900 9.5
9670 9.5
9800 9.6
9870 9.5
9870 9.5
10100 9.5
10300 9.5
10300 9.5
10400 9.5
10600 9.5
10600 9.5
10600 9.5
10900 9.5
10900 9.5
11100 9.5
11100 9.5
11100 9.5
11200 9.5
11400 9.5
11300 9.5
11400 9.5
11400 9.5
11500 9.5
11600 9.6
11300 9.6
11400 9.6
11600 9.6
11300 9.6
11200 9.5
11300 9.5
11200 9.5
11000 9.5
10900 9.5
11000 9.5
11000 9.6
10800 9.6
10600 9.6
10700 9.6
10700 9.6
10300 9.6
10400 9.7
10200 9.7
10300 9.7
10400 9.8
10200 9.8
10100 9.8
9950 9.9
9890 9.9
9830 10.0
9710 10.0
9810 10.0
9400 10.1
9420 10.2
9130 10.2
9250 10.3
8960 10.3
9030 10.3
8960 10.3
8730 10.4
8700 10.5
8770 10.5
8740 10.5
8430 10.6
8380 10.5
8370 10.4
8230 10.4
8140 10.4
8130 10.4
8080 10.3
7930 10.3
7860 10.3
7770 10.3
7670 10.3
7710 10.2
7660 10.1
7660 10.1
7680 10.0
7620 10.0
7340 10.0
7470 9.9
7420 9.9
7320 9.9
7370 9.8
7440 9.8
7510 9.7
7070 9.7
7190 9.6
7030 9.6
6930 9.6
6880 9.6
7080 9.5
7110 9.5
6980 9.5
6860 9.5
6840 9.5
6800 9.4
6840 9.4
6720 9.4
6700 9.4
6780 9.4
6670 9.4
6640 9.4
6830 9.4
6620 9.4
6790 9.3
6530 9.4
6600 9.3
6640 9.3
6470 9.3
6370 9.3
6670 9.3
6540 9.3
6660 9.3
6410 9.3
6480 9.3
6620 9.3
6370 9.4
6450 9.4
6380 9.4
6480 9.4
6260 9.4
6440 9.4
6260 9.4
6400 9.4
6350 9.4
6230 9.4
6170 9.4
6240 9.4
6280 9.4
6320 9.4
6070 9.4
6240 9.5
6050 9.5
6310 9.5
5990 9.5
6210 9.6
6060 9.6
6200 9.6
6280 9.7
6010 9.7
6110 9.8
6120 9.8
6030 9.9
5960 10.0
6070 10.0
5960 10.1
6020 10.2
6020 10.2
6090 10.3
6130 10.4
6010 10.5
5970 10.6
5910 10.6
5960 10.7
5960 10.8
5960 10.8
5840 10.9
5960 11.0
5930 11.0
5870 11.0
6010 11.0
5810 11.0
5820 11.0
5840 10.9
5680 10.8
5580 10.8
5780 10.8
5750 10.8
5670 10.7
5900 10.6
5640 10.6
5600 10.6
5600 10.5
5620 10.4
5870 10.4
5840 10.3
5750 10.3
5710 10.2
5610 10.1
5720 10.1
5680 10.0
5740 10.0
5670 9.9
5670 9.8
5750 9.8
5660 9.7
5730 9.7
5620 9.6
5510 9.6
5660 9.6
5670 9.5
5530 9.5
5650 9.5
5630 9.5
5620 9.4
5720 9.4
5700 9.4
5670 9.4
5560 9.4
5670 9.4
5660 9.4
5700 9.4
5670 9.4
5630 9.4
5550 9.4
5570 9.4
5600 9.4
5560 9.4
5580 9.4
5600 9.4
5490 9.4
5650 9.4
5600 9.4
5550 9.4
5640 9.4
5310 9.4
5530 9.4
5420 9.4
5530 9.4
5590 9.4
5300 9.4
5460 9.5
5380 9.5
5390 9.5
5370 9.5
5390 9.5
5510 9.5
5420 9.6
5410 9.6
5410 9.6
5420 9.7
5490 9.7
5530 9.8
5270 9.8
5530 9.9
5410 10.0
5740 10.1
5430 10.1
5440 10.2
5470 10.3
5540 10.4
5440 10.4
5530 10.5
5430 10.6
5420 10.7
5400 10.8
5280 10.9
5310 11.0
5300 11.1
5210 11.2
5340 11.3
5290 11.3
5180 11.4
5240 11.4
5210 11.5
5120 11.5
5180 11.5
5060 11.5
5110 11.5
5230 11.5
5030 11.5
5180 11.4
4970 11.4
5000 11.3
5090 11.2
5080 11.2
5160 11.1
5050 11.0
4970 10.9
5150 10.8
5180 10.8
5120 10.7
5020 10.6
5060 10.5
5110 10.4
5110 10.3
5250 10.2
5020 10.1
5020 10.0
5130 10.0
5140 9.9
5050 9.8
5000 9.8
5040 9.7
5030 9.6
5020 9.6
4900 9.6
5070 9.5
5100 9.5
5090 9.4
5090 9.4
5030 9.4
5110 9.4
5110 9.4
5110 9.3
5030 9.3
5000 9.3
5100 9.3
5040 9.3
5070 9.3
4950 9.3
4990 9.2
5020 9.2
5090 9.2
5090 9.2
5090 9.2
5020 9.2
5040 9.2
4970 9.2
5010 9.2
5000 9.2
4910 9.2
5010 9.2
5010 9.2
4920 9.3
4990 9.3
4950 9.3
5070 9.3
4870 9.3
4910 9.3
4920 9.3
4940 9.4
4860 9.4
4980 9.4
4970 9.4
5060 9.5
4930 9.5
5020 9.6
4920 9.6
4910 9.7
5090 9.7
4950 9.8
5040 9.9
4930 10.0
5000 10.1
4990 10.2
4940 10.2
4790 10.3
4910 10.4
4860 10.6
4930 10.7
4900 10.8
4840 10.9
4890 11.0
4750 11.2
4820 11.3
4930 11.4
4840 11.5
4750 11.5
4780 11.6
4760 11.6
4800 11.7
4620 11.6
4720 11.6
4730 11.6
4710 11.5
4620 11.5
4600 11.4
4610 11.3
4620 11.2
4610 11.1
4580 11.1
4580 11.0
4610 10.9
4640 10.9
4620 10.8
4660 10.7
4670 10.6
4650 10.5
4610 10.4
4670 10.3
4570 10.2
4680 10.1
4650 10.0
4570 9.9
4590 9.8
4580 9.8
4670 9.7
4490 9.6
4590 9.5
4680 9.5
4670 9.4
4590 9.3
4540 9.3
4530 9.3
4570 9.2
4560 9.2
4680 9.2
4530 9.2
4580 9.1
4770 9.1
4670 9.1
4580 9.1
4560 9.1
4530 9.1
4670 9.0
4600 9.0
4570 9.0
4570 9.0
4530 9.0
4670 9.0
4580 9.0
4530 9.0
4580 8.9
4560 9.0
4620 9.0
4600 8.9
4640 8.9
4580 9.0
4650 8.9
4630 8.9
4600 9.0
4570 9.0
4610 9.0
4580 9.0
4700 9.0
4590 9.0
4570 9.0
4650 9.0
4470 9.1
4620 9.2
4590 9.2
4600 9.3
4600 9.4
4560 9.4
4630 9.6
4520 9.6
4600 9.7
4690 9.8
4520 9.9
4600 10.0
4550 10.2
4590 10.2
4610 10.3
4630 10.4
4580 10.5
4650 10.6
4480 10.7
4570 10.8
4480 10.9
4570 11.1
4540 11.2
4420 11.3
4430 11.3
4450 11.4
4550 11.4
4440 11.4
4460 11.5
4400 11.6
4470 11.6
4490 11.7
4460 11.7
4320 11.8
4400 11.8
4410 11.8
4350 11.8
4430 11.6
4330 11.6
4350 11.4
4410 11.3
4330 11.2
4420 11.1
4410 11.0
4380 10.9
4300 10.8
4340 10.6
4270 10.5
4420 10.4
4220 10.3
4340 10.2
4420 10.0
4430 9.9
4400 9.8
4320 9.8
4400 9.7
4390 9.6
4350 9.6
4300 9.5
4350 9.4
4340 9.4
4540 9.3
4450 9.3
4350 9.3
4540 9.2
4590 9.2
4460 9.2
4440 9.2
4580 9.1
4490 9.1
4550 9.1
4570 9.0
4440 9.0
4550 9.0
4480 9.0
4590 8.9
4490 9.0
4450 8.9
4460 8.9
4590 8.9
4490 8.9
4520 8.9
4610 8.9
4580 8.9
4590 8.9
4610 8.9
4620 8.9
4580 8.9
4510 8.9
4540 8.9
4550 8.9
4560 8.9
4570 8.9
4490 8.9
4690 8.9
4640 9.0
4580 9.0
4640 9.0
4710 9.0
4700 9.1
4720 9.1
4660 9.1
4690 9.2
4760 9.2
4830 9.2
4910 9.3
4870 9.4
5000 9.4
4950 9.5
5020 9.5
4950 9.6
4960 9.6
5120 9.7
5000 9.8
5050 9.8
5270 9.8
5330 9.9
5350 9.9
5300 9.9
5420 10.0
5570 10.1
5570 10.2
5690 10.2
5640 10.1
5470 10.1
5610 10.1
5710 10.1
5850 10.1
5750 10.1
5920 10.1
5990 10.2
6030 10.3
6140 10.4
6180 10.4
6510 10.3
6500 10.3
6660 10.2
6700 10.1
7090 10.1
7090 10.1
7130 10.0
7520 10.0
7770 10.0
7880 9.9
8170 9.9
8460 9.8
8530 9.7
8790 9.6
9120 9.6
9200 9.6
9340 9.5
9570 9.5
10100 9.4
10400 9.4
10600 9.4
10600 9.4
11300 9.4
11600 9.4
12000 9.3
12100 9.3
12500 9.3
12800 9.3
13300 9.3
13900 9.3
13900 9.3
14500 9.3
14800 9.3
15400 9.3
15300 9.3
15700 9.3
16400 9.3
16600 9.4
17200 9.4
17200 9.4
17900 9.4
18100 9.4
18000 9.4
18000 9.4
18300 9.4
18800 9.4
18900 9.4
19200 9.5
19300 9.5
19200 9.5
19300 9.5
19100 9.5
19200 9.5
18900 9.5
18800 9.6
19100 9.6
19000 9.6
18600 9.6
18400 9.6
18200 9.6
18000 9.6
18200 9.7
17500 9.7
17500 9.7
16800 9.7
16300 9.7
16300 9.7
15800 9.7
15600 9.8
15300 9.8
15100 9.8
14600 9.8
14000 9.8
13900 9.8
13800 9.8
13500 9.9
13400 9.8
13200 9.9
12500 9.9
12300 9.9
12400 9.9
12200 9.8
11800 9.9
11600 9.9
11600 9.9
11200 9.9
11200 9.9
10900 9.9
10900 9.9
10800 9.9
10300 9.9
10600 9.9
10500 10.0 
10100 10.0 
10100 9.9
9970 9.9
9860 9.9
9830 9.9
9470 9.8
9690 9.8
9300 9.8
9380 9.8
9310 9.7
9300 9.6
9150 9.6
9100 9.6
9040 9.6
9030 9.5
9190 9.5
9040 9.5
8750 9.4
8820 9.4
8650 9.4
8600 9.4
8440 9.4
8640 9.3
8460 9.3
8270 9.3
8570 9.3
8460 9.2
8290 9.2
8210 9.2
8430 9.2
8250 9.2
8090 9.2
8210 9.2
8180 9.2
8060 9.2
8080 9.2
7900 9.1
8230 9.1
8070 9.1
7900 9.1
7860 9.1
7890 9.1
8250 9.1
7770 9.1
8060 9.1
7830 9.1
8150 9.1
7800 9.1
7780 9.1
7800 9.1
8050 9.1
7880 9.1
8090 9.1
7900 9.0
7860 9.0
7910 9.0
7630 9.0
7900 9.0
7950 9.0
7450 9.0
7620 9.0
7440 9.1
7690 9.1
7780 9.1
7660 9.1
7620 9.1
7910 9.2
7640 9.2
7630 9.3
7570 9.3
7750 9.4
7610 9.4
7620 9.5
7330 9.5
7450 9.6
7540 9.6
7350 9.7
7520 9.8
7600 9.9
7360 10.0
7490 10.0
7530 10.1
7440 10.2
7400 10.3
7470 10.4
7420 10.4
7190 10.3
7270 10.4
7150 10.5
7140 10.4
7120 10.5
7380 10.4
7300 10.3
7230 10.2
7080 10.1
7230 10.0
7290 10.0
7390 9.9
7040 9.9
7640 9.9
7220 9.8
7190 9.7
7170 9.6
6920 9.5
6820 9.4
7000 9.4
6900 9.3
7000 9.3
6910 9.3
6880 9.2
6940 9.1
6760 9.1
6860 9.0
6990 9.0
7020 8.9
6920 8.9
7070 8.9
7030 8.8
6980 8.8
7080 8.8
7250 8.8
7060 8.7
7020 8.7
7460 8.7
7260 8.7
7260 8.7
7450 8.7
7780 8.6
7620 8.6
7790 8.6
7650 8.6
7980 8.6
8160 8.6
8420 8.6
8390 8.6
8610 8.6
9070 8.6
9050 8.6
9140 8.6
9570 8.5
9610 8.5
9260 8.6
9550 8.5
9510 8.6
9530 8.6
9740 8.6
10500 8.6
11200 8.6
12900 8.6
17600 8.6
28600 8.6
37700 8.6
45400 8.5
48400 8.6
46400 8.5
38600 8.4
11200 8.2
11700 8.1
12000 8.1
12200 8.0
12700 8.0
12900 8.1
13400 8.2
13800 8.2
14200 8.2
14600 8.1
14800 8.1
14900 8.2
14900 8.2
16600 8.2
14400 8.2
27200 8.4
28700 8.5
27000 8.5
33900 8.6
31200 8.7
34000 8.7
34900 8.8
35600 8.9
35700 8.9
33300 8.9
33000 8.9
32600 8.9
33200 8.9
31500 8.9
29900 8.9
28400 8.9
27300 8.9
26700 8.9
25100 8.9
24100 8.9
23100 8.9
23000 8.9
21300 8.9
21000 8.9
19900 8.9
20900 8.9
20600 8.9
21200 9.0
19300 8.9
18900 9.0
16800 9.0
17600 9.0
14800 9.0
15300 9.0
15700 9.0
15400 9.0
15400 9.0
15400 9.0
15800 9.0
14000 9.0
14400 9.0
15800 9.0
13300 9.1
12900 9.1
14300 9.1
14900 9.1
16200 9.1
14300 9.1
14300 9.1
14900 9.1
15400 9.1
13000 9.1
15200 9.1