0.0 8.8
0.0 8.8
0.0 8.7
0.0 8.7
0.0 8.7
0.0 8.7
0.0 8.7
0.0 8.7
0.0 8.7
0.0 8.6
0.0 8.6
0.0 8.6
0.0 8.5
0.0 8.4
0.0 8.3
0.0 8.3
0.0 8.3
0.0 8.1
0.0 8.2
0.0 8.1
3.5 8.1
14.7 8.0 
39.8 8.0 
73.6 7.9 
90.9 7.9 
106 7.9
99.6 7.9 
218 8.0
274 7.9
344 7.9
363 7.9
420 7.9
553 7.9
495 8.0
633 8.0
649 8.0
509 8.0
830 8.0
616 8.1
708 8.1
1030 8.1 
1100 8.2 
1100 8.2 
1350 8.3 
1940 8.3 
1840 8.4 
1830 8.4 
1860 8.4 
1170 8.5 
1250 8.6 
2420 8.5 
1240 8.6 
1440 8.6 
831 8.8
1850 8.7 
1220 8.8 
910 10.3
665 9.3
547 10.4
554 8.9
813 10.6
945 9.5
557 10.5
562 10.5
624 10.3
584 10.3
446 10.2
405 10.0
356 9.9
258 10.1
144 10.1
119 10.2
64.9 10.2 
38.1 10.2 
19.0 10.2 
10.4 11.0 
6.1 10.7
0.9 10.7
0.0 10.7
0.0 10.9
0.0 10.9
0.0 10.9
0.0 10.8
0.0 10.9
0.0 10.9
0.0 11.0
0.0 10.7
0.0 11.3
0.0 11.4
0.0 10.9
0.0 11.3
0.0 11.3
0.0 11.0
0.0 11.1
0.0 10.7
0.0 11.0
0.0 11.1
0.0 11.0
0.0 10.9
0.0 11.0
0.0 10.9
0.0 10.8
0.0 10.9
0.0 10.8
0.0 10.9
0.0 10.9
0.0 10.8
0.0 10.9
0.0 10.9
0.0 10.9
0.0 10.7
0.0 11.0
0.0 10.8
0.0 10.6
0.0 10.8
0.9 10.8
5.2 10.8
19.0 10.9 
46.7 10.9 
112 10.8
271 11.0
392 11.1
382 11.1
217 11.0
336 11.2
751 11.2
654 11.3
554 11.3
254 11.3
395 11.4
573 11.5
634 11.6
381 11.6
1830 11.8 
1660 11.9 
805 12.0
1990 12.1 
1120 12.2 
763 12.1
464 12.3
338 12.3
969 12.0
2040 12.3 
1520 12.6 
699 13.0
628 12.9
258 12.1
230 11.8
533 12.5
1070 12.0 
737 12.9
1820 12.9 
2020 13.3 
1040 13.3 
467 13.6
1740 13.1 
1110 13.4 
1390 12.1 
511 12.0
519 13.3
315 13.8
306 13.6
912 13.7
519 11.5
716 13.3
557 12.4
175 13.0
130 12.2
96.9 10.4 
29.4 10.3 
19.0 10.1 
20.8 10.0 
7.8 9.9
2.6 10.2
0.0 10.2
0.0 10.3
0.0 10.3
0.0 10.1
0.0 10.3
0.0 10.0
0.0 10.5
0.0 10.3
0.0 10.3
0.0 10.6
0.0 10.5
0.0 10.6
0.0 10.7
0.0 10.6
0.0 10.6
0.0 10.7
0.0 10.7
0.0 11.5
0.0 11.5
0.0 11.4
0.0 11.3
0.0 11.0
0.0 10.9
0.0 10.9
0.0 11.0
0.0 11.0
0.0 10.9
0.0 10.8
0.0 10.6
0.0 10.8
0.0 10.8
0.0 10.4
0.0 10.3
0.0 10.7
0.0 10.7
0.0 10.2
0.0 10.6
0.0 10.2
2.6 10.1
9.5 10.1
21.6 10.0 
26.8 9.3 
32.0 9.4 
64.9 9.4 
60.6 9.4 
77.0 9.4 
113 9.1
103 9.4
139 9.3
205 9.0
200 9.3
100 9.3
141 9.2
138 8.9
266 9.2
225 8.9
184 9.2
262 9.2
340 9.2
356 8.8
229 9.2
276 9.1
325 8.9
221 8.7
198 9.2
283 9.2
384 9.1
394 9.2
350 8.7
507 9.0
307 9.2
678 9.4
667 9.3
667 9.3
682 9.4
510 9.5
335 9.7
492 9.7
346 9.7
393 9.7
130 9.7
165 9.6
169 9.6
158 9.4
346 9.1
223 9.1
157 8.8
143 8.0
84.8 7.9 
49.3 8.5 
64.0 7.9 
39.0 8.1 
18.2 8.1 
20.8 7.6 
6.1 7.4
1.7 7.3
0.0 7.3
0.0 7.2
0.0 7.3
0.0 7.2
0.0 7.4
0.0 7.5
0.0 7.2
0.0 7.2
0.0 7.3
0.0 7.3
0.0 7.1
0.0 7.3
0.0 7.2
0.0 7.2
0.0 7.2
0.0 7.2
0.0 7.2
0.0 8.9
0.0 8.6
0.0 8.7
0.0 8.6
0.0 8.4
0.0 8.5
0.0 8.5
0.0 8.5
0.0 8.4
0.0 8.5
0.0 8.3
0.0 8.1
0.0 8.0
0.0 8.0
0.0 7.8
0.0 7.5
0.0 7.7
0.0 7.4
0.0 7.3
0.0 7.5
0.0 7.3
3.5 7.3
8.7 7.2
13.8 7.2 
23.4 7.5 
47.6 7.0 
47.6 7.5 
80.5 7.1 
101 7.6
106 7.3
119 7.6
209 7.3
304 7.4
398 7.4
366 7.4
577 7.4
434 7.3
374 7.6
310 7.2
400 7.4
439 7.2
281 7.3
286 7.1
332 7.3
270 7.2
267 7.1
318 7.3
240 7.3
222 7.2
230 7.1
228 7.2
233 7.1
343 7.1
317 7.2
267 7.2
252 7.2
294 7.3
258 7.2
248 7.2
191 7.3
209 7.1
147 7.2
170 7.2
189 7.2
208 7.2
152 7.2
145 7.2
120 7.3
126 7.3
91.7 7.3 
85.7 7.3 
82.2 7.3 
70.1 7.4 
51.1 7.4 
30.3 7.4 
16.4 7.4 
8.6 7.3
3.5 7.3
0.9 7.3
0.0 7.3
0.0 7.4
0.0 7.3
0.0 7.3
0.0 7.3
0.0 7.3
0.0 7.3
0.0 7.3
0.0 7.3
0.0 7.3
0.0 7.5
0.0 7.5
0.0 7.5
0.0 7.6
0.0 7.6
0.0 7.7
0.0 7.9
0.0 7.6
0.0 7.7
0.0 7.5
0.0 7.5
0.0 7.4
0.0 7.4
0.0 7.5
0.0 7.4
0.0 7.4
0.0 7.4
0.0 7.5
0.0 7.8
0.0 7.8
0.0 7.7
0.0 7.8
0.0 7.7
0.0 7.9
0.0 7.8
0.0 7.8
0.0 7.8
1.7 7.8
6.1 7.9
11.2 7.8 
24.2 7.8 
44.1 7.8 
47.6 8.3 
57.1 8.5 
88.3 8.5 
67.5 8.6 
102 8.6
224 8.8
336 8.8
367 8.8
744 8.9
746 9.0
987 9.0
1100 9.0 
1520 9.0 
1190 8.4 
1180 9.0 
582 9.0
896 8.7
964 8.6
390 8.2
362 7.9
633 8.1
422 8.0
1070 8.0 
819 8.3
884 8.5
455 8.7
511 8.5
1370 8.8 
673 8.8
736 8.8
280 8.9
216 9.1
426 9.0
518 9.1
390 9.1
692 9.0
367 9.2
345 9.0
559 9.2
350 9.3
373 9.4
298 9.2
282 9.0
274 9.3
249 9.2
211 9.3
192 9.3
101 9.4
135 9.3
59.7 9.4 
27.7 9.3 
14.7 9.3 
5.2 9.4
1.7 9.4
0.0 9.4
0.0 9.3
0.0 9.5
0.0 9.4
0.0 9.5
0.0 9.5
0.0 9.5
0.0 9.5
0.0 9.5
0.0 9.6
0.0 9.4
0.0 9.5
0.0 9.4
0.0 9.4
0.0 9.3
0.0 9.5
0.0 9.2
0.0 9.1
0.0 9.1
0.0 9.0
0.0 8.9
0.0 9.2
0.0 9.3
0.0 9.2
0.0 9.2
0.0 9.2
0.0 9.2
0.0 9.2
0.0 9.2
0.0 9.1
0.0 9.2
0.0 9.2
0.0 9.2
0.0 9.2
0.0 9.2
0.0 9.2
0.0 9.2
2.6 9.2
10.4 9.2 
18.2 9.2 
44.1 9.3 
114 9.3
344 9.3
187 9.3
267 9.4
165 9.5
126 9.6
141 9.7
109 9.8
122 10.4
116 10.6
281 10.7
317 10.8
350 10.9
295 10.9
604 10.4
805 10.3
702 10.7
915 10.7
1160 10.5 
1560 10.4 
1110 10.4 
838 10.4
1130 10.5 
838 10.5
678 10.4
1130 10.6 
1050 10.4 
1590 10.6 
2230 10.8 
1690 10.8 
1910 10.7 
1880 10.8 
2010 11.5 
1850 10.8 
1740 11.1 
794 10.9
360 10.0
170 11.1
107 11.1
24.2 11.8 
22.5 11.6 
10.4 12.1 
13.8 12.5 
12.1 12.2 
14.7 11.5 
25.1 11.5 
33.8 10.5 
25.1 10.6 
35.5 10.9 
24.2 10.7 
9.5 10.9
8.6 10.7
4.3 10.5
2.6 10.4
0.9 9.9
0.0 10.2
0.0 10.1
0.0 10.0
0.0 9.9
0.0 9.9
0.0 9.8
0.0 9.7
0.0 9.7
0.0 9.6
0.0 9.6
0.0 9.5
0.0 9.6
0.0 9.5
0.0 9.5
0.0 9.4
0.0 9.3
0.0 9.3
0.0 9.3
0.0 9.3
0.0 9.4
0.0 9.2
0.0 9.3
0.0 9.3
0.0 9.1
0.0 9.3
0.0 9.3
0.0 9.3
0.0 9.3
0.0 9.1
0.0 9.2
0.0 9.2
0.0 9.2
0.0 9.3
0.0 9.3
0.0 9.3
0.0 9.3
0.0 9.3
2.6 9.4
8.6 9.4
8.6 9.4
16.4 9.4 
13.8 9.4 
32.0 9.3 
33.8 9.3 
37.2 9.4 
67.5 9.3 
92.6 9.3 
96.9 9.3 
132 9.3
108 9.2
107 9.3
109 9.4
110 9.3
96.1 9.3 
130 9.3
127 9.3
136 9.3
159 9.4
427 9.4
234 9.4
564 9.4
435 9.4
325 9.5
256 9.5
212 9.5
291 9.5
344 9.6
289 9.6
316 9.6
433 9.8
384 9.8
254 9.8
269 9.9
462 10.2
371 9.6
675 9.7
878 9.9
1360 9.9 
382 9.9
582 10.3
344 10.5
556 10.1
630 10.7
730 10.4
573 9.5
1150 10.0 
370 9.9
128 10.0
137 10.0
121 9.4
67.5 9.3 
55.4 9.2 
28.6 9.2 
32.9 9.2 
13.0 9.1 
1.7 9.1
0.0 9.2
0.0 9.2
0.0 9.2
0.0 9.4
0.0 9.5
0.0 9.6
0.0 9.6
0.0 9.6
0.0 9.6
0.0 9.7
0.0 9.7
0.0 9.7
0.0 9.7
0.0 9.7
0.0 9.7
0.0 9.7
0.0 9.7
0.0 9.7
0.0 9.7
0.0 9.7
0.0 9.7
0.0 9.7
0.0 9.7
0.0 9.8
0.0 9.8
0.0 9.8
0.0 9.7
0.0 9.8
0.0 9.8
0.0 9.7
0.0 9.6
0.0 9.5
0.0 9.5
0.0 9.4
0.0 9.5
0.0 9.4
0.0 9.3
1.7 9.1
4.3 9.0
11.2 9.0 
25.1 8.9 
26.0 8.8 
40.7 8.7 
52.0 8.7 
96.1 8.7 
72.7 8.7 
126 8.7
149 8.7
163 8.7
274 8.7
408 8.7
309 8.7
283 8.7
411 8.7
638 8.7
886 8.7
548 8.8
764 8.8
489 8.8
482 8.6
588 8.8
506 8.8
634 8.9
537 8.9
680 8.7
470 8.5
832 8.7
419 8.7
565 8.7
320 8.7
661 8.7
350 8.6
661 8.9
421 8.8
572 8.9
440 8.9
418 8.7
453 8.7
484 8.6
423 8.6
155 8.6
475 8.6
206 8.5
276 8.5
334 8.6
370 8.6
150 8.4
189 8.2
135 8.4
90.9 8.5 
69.2 8.3 
52.8 8.3 
45.0 8.5 
20.8 8.3 
16.4 8.2 
4.3 8.2
0.0 8.3
0.0 8.2
0.0 8.1
0.0 8.2
0.0 8.1
0.0 8.1
0.0 8.1
0.0 8.5
0.0 8.6
0.0 8.6
0.0 8.6
0.0 8.6
0.0 8.6
0.0 8.6
0.0 8.6
0.0 8.6
0.0 8.6
0.0 8.5
0.0 8.5
0.0 8.4
0.0 8.5
0.0 8.0
0.0 8.4
0.0 8.2
0.0 7.7
0.0 7.6
0.0 8.2
0.0 7.7
0.0 7.9
0.0 8.2
0.0 7.7
0.0 7.4
0.0 7.6
0.0 7.9
0.0 7.4
0.0 7.7
0.0 7.9
1.7 7.9
5.2 7.8
13.0 7.8 
23.4 7.4 
21.6 7.3 
26.8 7.7 
40.7 7.7 
82.2 7.7 
96.1 7.7 
131 7.6
122 7.6
106 7.6
101 7.6
127 7.6
110 7.6
124 7.7
121 7.7
164 7.6
134 7.5
117 7.0
150 7.0
185 7.0
237 6.9
262 7.0
244 7.0
297 7.0
364 6.8
234 6.8
350 6.1
236 6.4
321 6.5
217 6.4
261 6.6
190 6.5
242 6.0
294 6.1
310 6.2
207 6.1
273 6.2
198 6.3
297 6.2
136 6.3
145 5.9
86.6 6.1 
172 6.0
124 5.8
135 6.0
158 5.9
88.3 5.9 
84.0 5.9 
63.2 5.9 
84.0 5.8 
71.9 5.8 
44.2 5.8 
32.0 5.8 
14.7 5.8 
7.8 5.8
3.5 5.9
1.7 5.8
0.0 5.8
0.0 5.8
0.0 5.8
0.0 5.8
0.0 5.9
0.0 5.9
0.0 5.9
0.0 5.9
0.0 5.9
0.0 5.9
0.0 5.9
0.0 5.9
0.0 5.9
0.0 6.0
0.0 5.8
0.0 5.8
0.0 5.8
0.0 5.8
0.0 5.8
0.0 5.9
0.0 5.9
0.0 5.9
0.0 6.0
0.0 6.1
0.0 6.1
0.0 6.1
0.0 6.1
0.0 6.1
0.0 6.1
0.0 6.1
0.0 6.1
0.0 6.0
0.0 6.1
0.0 6.0
0.0 6.0
0.0 6.0
0.0 6.0
2.6 6.0
19.0 6.1 
43.3 6.1 
68.4 6.1 
96.1 6.1 
124 6.1
115 6.1
134 6.2
404 6.5
671 6.4
792 6.5
896 6.4
989 6.4
1080 6.3 
1170 6.3 
1260 6.4 
1350 6.4 
1420 6.5 
1500 6.6 
1560 6.6 
1620 6.7 
1680 6.8 
1730 6.8 
1770 6.9 
1810 7.0 
1840 7.1 
1860 7.2 
1880 7.2 
1890 7.3 
1900 7.1 
1890 7.7 
1880 7.8 
1860 7.8 
1830 8.0 
1810 8.0 
1780 7.9 
1720 7.9 
1680 8.0 
1620 8.0 
1550 8.1 
1470 8.1 
1370 8.0 
1320 8.2 
1250 7.8 
1160 8.0 
1080 7.7 
987 7.5
895 7.6
808 7.8
708 7.7
595 7.9
511 8.0
419 7.7
332 7.7
248 7.7
159 7.6
86.5 7.3 
34.6 7.4 
9.5 7.2
1.7 7.2
0.0 7.2
0.0 7.3
0.0 7.3
0.0 7.3
0.0 7.3
0.0 7.3
0.0 7.4
0.0 7.4
0.0 7.4
0.0 7.4
0.0 7.4
0.0 7.3
0.0 7.5
0.0 7.4
0.0 7.4
0.0 7.4
0.0 7.4
0.0 7.4
0.0 7.4
0.0 7.4
0.0 7.4
0.0 7.4
0.0 7.4
0.0 7.4
0.0 7.3
0.0 7.3
0.0 7.3
0.0 7.3
0.0 7.3
0.0 7.3
0.0 7.3
0.0 7.3
0.0 7.3
0.0 7.3
0.0 7.3
1.7 7.3
7.8 7.1
28.6 7.2 
60.6 6.7 
140 7.0
218 7.2
310 6.7
410 7.0
508 7.0
612 6.9
718 6.5
818 6.7
917 6.7
1020 6.7 
1110 6.5 
1190 6.8 
1280 6.8 
1360 6.9 
1440 7.0 
1510 6.9 
1570 6.9 
1630 6.9 
1680 6.9 
1740 7.1 
1780 7.3 
1820 7.3 
1850 7.5 
1870 7.7 
1890 7.8 
1900 7.8 
1910 7.8 
1900 7.9 
1890 7.9 
1870 7.4 
1860 7.3 
1400 7.6 
1790 7.8 
1760 7.7 
1710 7.7 
1650 7.7 
1590 7.6 
1530 8.0 
1460 7.6 
1380 7.7 
1300 7.8 
1220 8.0 
1130 7.8 
1040 8.5 
945 8.1
843 8.4
748 7.9
668 8.2
550 7.4
450 7.3
356 7.7
263 7.4
182 7.5
100 7.4
38.1 7.5 
13.8 7.3 
2.6 7.4
0.0 7.4
0.0 7.2
0.0 7.4
0.0 7.6
0.0 7.3
0.0 7.7
0.0 7.7
0.0 7.7
0.0 7.7
0.0 7.7
0.0 7.6
0.0 7.6
0.0 7.6
0.0 7.6
0.0 7.6
0.0 7.6
0.0 7.5
0.0 7.5
0.0 7.5
0.0 7.5
0.0 7.5
0.0 7.4
0.0 7.4
0.0 7.4
0.0 7.4
0.0 7.4
0.0 7.4
0.0 7.4
0.0 7.4
0.0 7.4
0.0 7.4
0.0 7.4
0.0 7.5
0.0 7.5
0.0 7.5
1.7 7.5
9.5 7.6
32.0 7.6 
66.7 7.6 
146 7.5
224 7.6
308 7.5
401 7.5
492 7.5
591 7.5
692 7.5
788 7.5
888 7.5
977 7.5
1070 7.7 
1160 7.8 
1240 7.9 
1320 7.9 
1400 8.0 
1460 8.0 
1540 8.1 
1600 8.2 
1660 8.2 
1710 8.4 
1750 8.4 
1790 8.5 
1820 8.7 
1840 8.8 
1860 9.0 
1880 9.1 
1880 9.3 
1880 9.4 
1850 9.7 
1690 9.7 
1900 9.7 
1850 9.7 
1500 9.7 
1330 9.9 
1440 10.0 
1600 10.0 
1100 9.6 
1620 10.0 
1230 10.5 
1320 11.1 
1220 10.1 
1200 10.7 
576 8.8
1200 8.5 
775 9.1
931 8.5
729 9.0
562 8.8
534 9.4
446 8.6
218 8.9
179 8.9
199 8.7
79.6 8.9 
41.5 9.0 
10.4 9.0 
2.6 8.9
0.0 8.7
0.0 8.9
0.0 8.6
0.0 8.7
0.0 8.9
0.0 8.8
0.0 9.0
0.0 9.1
0.0 9.0
0.0 9.3
0.0 9.2
0.0 9.5
0.0 10.1
0.0 10.1
0.0 10.1
0.0 10.1
0.0 9.7
0.0 10.0
0.0 9.9
0.0 10.0
0.0 10.1
0.0 10.0
0.0 9.7
0.0 10.0
0.0 10.0
0.0 9.2
0.0 9.2
0.0 9.6
0.0 9.0
0.0 9.3
0.0 9.0
0.0 9.0
0.0 9.2
0.0 9.3
0.0 9.5
0.9 9.4
5.2 9.8
22.5 9.5 
58.8 9.3 
121 9.3
185 9.5
218 9.4
338 9.6
324 9.4
470 9.4
415 9.4
472 9.6
531 9.3
570 9.4
839 9.4
1110 9.3 
1030 9.3 
906 9.3
976 9.4
850 9.3
786 9.3
808 9.3
916 9.3
1050 9.3 
715 9.4
635 9.4
670 9.6
922 9.6
1210 9.6 
1070 9.7 
973 9.7
573 10.1
472 10.2
608 10.2
485 10.2
542 10.3
339 10.4
342 10.4
310 10.5
140 10.6
429 10.6
606 10.7
614 10.6
547 10.7
533 10.8
414 11.0
387 11.0
350 10.9
342 10.9
248 11.0
180 11.0
126 10.8
120 10.7
102 10.6
81.4 10.7 
81.4 10.7 
60.6 10.7 
33.8 10.8 
11.2 10.8 
2.6 10.8
0.9 10.8
0.0 10.8
0.0 10.8
0.0 10.7
0.0 10.8
0.0 10.8
0.0 10.9
0.0 11.0
0.0 11.0
0.0 11.0
0.0 11.0
0.0 11.0
0.0 10.7
0.0 10.7
0.0 10.7
0.0 10.8
0.0 10.8
0.0 10.8
0.0 10.8
0.0 10.9
0.0 10.8
0.0 11.0
0.0 10.7
0.0 10.8
0.0 10.8
0.0 10.8
0.0 11.0
0.0 11.1
0.0 11.0
0.0 11.0
0.0 11.1
0.0 11.1
0.0 11.0
0.0 10.8
0.0 10.9
0.0 10.8
0.9 10.9
6.1 10.9
10.4 10.9 
19.9 10.9 
43.3 10.9 
66.6 10.9 
121 10.8
133 10.9
106 11.0
132 11.0
111 11.0
157 10.9
209 11.0
196 10.9
156 11.0
233 11.0
434 11.0
653 11.0
766 11.0
440 11.0
530 10.9
492 10.9
851 11.0
817 10.9
551 11.0
671 11.0
549 11.1
469 11.1
325 11.2
437 11.2
505 11.1
461 10.9
445 10.7
327 11.0
284 11.0
240 11.1
266 11.2
314 11.2
308 11.2
359 11.2
291 11.3
202 11.3
397 11.3
642 11.3
669 11.4
628 11.4
298 11.4
362 11.5
424 11.5
382 11.6
170 11.6
190 11.6
246 11.4
353 11.4
157 11.2
190 10.9
100 10.9
40.7 11.0 
12.1 11.1 
5.2 11.0
0.9 10.9
0.0 10.7
0.0 10.5
0.0 10.6
0.0 10.5
0.0 10.5
0.0 10.4
0.0 10.5
0.0 10.5
0.0 10.5
0.0 10.5
0.0 10.5
0.0 10.5
0.0 10.5
0.0 10.6
0.0 10.5
0.0 10.5
0.0 10.6
0.0 10.7
0.0 10.8
0.0 10.6
0.0 10.6
0.0 10.6
0.0 10.8
0.0 10.9
0.0 10.9
0.0 10.9
0.0 11.0
0.0 11.0
0.0 10.9
0.0 10.9
0.0 10.9
0.0 10.9
0.0 10.9
0.0 10.9
0.0 10.8
0.9 10.8
4.3 10.8
13.8 10.7 
44.1 10.7 
67.5 10.7 
78.8 10.7 
87.4 10.6 
132 10.6
171 10.6
191 10.6
201 10.6
210 10.6
228 10.6
354 10.6
275 10.6
307 10.6
1010 10.7 
616 11.0
523 11.0
639 11.2
654 11.3
689 11.2
857 11.3
652 11.4
1160 11.4 
879 11.4
983 11.6
716 11.7
696 11.6
703 11.0
1100 11.6 
1300 10.9 
1100 11.9 
1580 11.3 
905 11.1
1180 10.9 
735 12.2
502 11.8
467 11.0
481 11.7
1060 11.3 
1470 11.6 
1960 11.4 
505 11.6
498 11.7
921 11.6
935 11.5
467 11.7
338 11.5
225 12.1
350 13.1
557 13.4
594 13.2
343 13.4
190 13.3
123 13.2
81.3 13.2 
125 13.2
50.2 13.2 
19.0 13.1 
3.5 13.0
0.9 13.0
0.0 12.9
0.0 12.9
0.0 12.9
0.0 12.9
0.0 12.9
0.0 12.9
0.0 12.9
0.0 12.9
0.0 12.9
0.0 12.7
0.0 12.8
0.0 12.8
0.0 12.7
0.0 12.9
0.0 13.0
0.0 12.8
0.0 12.8
0.0 12.8
0.0 12.8
0.0 12.8
0.0 12.8
0.0 12.7
0.0 12.7
0.0 12.6
0.0 12.6
0.0 12.5
0.0 12.5
0.0 12.4
0.0 12.3
0.0 12.3
0.0 12.3
0.0 12.3
0.0 12.3
0.0 12.2
2.6 12.1
15.6 12.1 
39.8 12.3 
99.5 12.2 
117 12.2
144 12.4
153 12.4
163 12.3
126 12.5
126 12.6
73.6 12.6 
13.8 12.5 
13.0 12.6 
24.2 12.6 
111 12.6
474 12.2
561 12.2
532 12.3
1280 12.6 
1090 12.3 
1450 12.5 
1670 12.5 
1730 12.2 
1740 12.7 
1730 12.8 
1810 12.6 
1440 12.9 
1940 13.0 
1900 13.3 
1900 13.4 
1900 13.6 
1910 13.7 
1910 13.8 
1040 13.8 
972 13.9
775 14.0
2020 14.1 
1920 14.6 
514 14.9
1730 15.0 
1810 15.0 
476 15.1
549 15.1
408 13.6
469 13.8
493 13.6
1250 12.8 
1140 12.7 
665 12.6
557 13.6
470 12.7
435 12.5
407 12.5
312 12.5
460 12.2
396 12.4
249 12.1
135 12.3
51.9 12.4 
21.6 12.6 
5.2 12.3
0.9 12.4
0.0 12.4
0.0 12.4
0.0 12.2
0.0 12.5
0.0 12.3
0.0 12.5
0.0 12.3
0.0 12.4
0.0 12.4
0.0 12.5
0.0 12.5
0.0 12.5
0.0 12.8
0.0 12.8
0.0 12.7
0.0 12.7
0.0 12.7
0.0 12.7
0.0 12.7
0.0 12.7
0.0 12.7
0.0 12.7
0.0 12.7
0.0 12.8
0.0 12.8
0.0 12.8
0.0 12.8
0.0 12.8
0.0 12.9
0.0 12.9
0.0 12.9
0.0 12.9
0.0 12.9
0.0 12.9
1.7 12.9
5.2 12.9
19.9 12.9 
40.7 12.9 
50.2 12.9 
81.4 12.9 
74.4 13.0 
113 13.0
189 13.0
234 13.0
390 13.0
380 12.9
399 13.0
713 13.0
689 13.0
1360 13.1 
497 13.2
438 13.3
692 13.3
536 13.4
1930 13.4 
483 13.6
704 13.4
2180 13.6 
1450 13.8 
864 13.8
381 13.8
421 13.7
695 13.9
1970 14.1 
2040 14.2 
2030 14.3 
2030 14.4 
2080 14.5 
1990 14.7 
556 14.9
107 14.9
112 14.8
90.0 14.7 
393 14.6
583 14.3
519 14.2
673 14.2
227 14.4
261 14.9
74.4 14.7 
109 14.8
79.6 14.0 
24.2 14.4 
137 14.3
61.4 14.2 
163 13.5
72.7 14.4 
86.5 13.7 
164 13.5
119 13.3
54.5 13.4 
26.0 13.5 
8.6 13.1
5.2 13.3
1.7 13.1
0.0 13.6
0.0 13.5
0.0 13.6
0.0 13.5
0.0 13.2
0.0 13.5
0.0 13.6
0.0 13.6
0.0 13.4
0.0 13.5
0.0 13.4
0.0 13.4
0.0 13.3
0.0 13.3
0.0 13.3
0.0 13.2
0.0 13.3
0.0 13.2
0.0 13.2
0.0 13.1
0.0 13.1
0.0 13.0
0.0 13.1
0.0 13.0
0.0 12.9
0.0 12.9
0.0 12.8
0.0 12.9
0.0 12.8
0.0 12.8
0.0 12.8
0.0 12.8
0.0 12.8
0.0 12.8
0.0 12.5
0.0 12.3
1.7 12.5
3.5 12.4
6.9 12.4
13.8 12.4 
15.6 12.5 
31.2 12.5 
76.2 12.5 
135 12.5
89.1 12.5 
69.2 12.5 
101 12.5
86.5 12.5 
88.3 12.5 
208 12.5
312 12.5
242 12.5
335 12.5
286 12.4
184 12.1
264 12.1
255 11.7
226 12.0
201 11.7
234 11.7
186 11.7
210 11.8
243 11.9
215 11.9
180 12.0
177 11.7
183 11.6
304 11.8
209 11.2
231 12.1
125 11.3
120 12.0
88.3 11.4 
93.5 11.6 
82.2 11.2 
94.3 11.4 
124 11.1
125 11.3
133 11.0
86.5 11.2 
87.4 11.1 
90.9 11.0 
78.8 11.1 
89.1 11.1 
60.6 11.2 
59.7 11.3 
55.4 11.0 
54.5 11.1 
52.8 11.0 
26.8 11.1 
25.1 10.9 
23.4 11.0 
11.2 10.9 
6.1 10.9
2.6 11.0
0.0 10.9
0.0 11.0
0.0 10.8
0.0 10.8
0.0 10.8
0.0 10.8
0.0 10.7
0.0 10.7
0.0 10.7
0.0 10.8
0.0 10.7
0.0 10.7
0.0 10.7
0.0 10.7
0.0 10.7
0.0 10.7
0.0 10.6
0.0 10.5
0.0 10.3
0.0 10.3
0.0 10.3
0.0 10.1
0.0 10.1
0.0 10.0
0.0 10.0
0.0 9.9
0.0 9.3
0.0 9.7
0.0 9.7
0.0 8.7
0.0 8.0
0.0 8.6
0.0 7.9
0.0 7.6
0.0 7.8
0.0 7.5
1.7 7.5
7.8 7.4
21.6 7.7 
42.4 7.3 
82.2 7.4 
108 7.5
101 7.6
104 7.5
160 7.3
254 7.2
186 7.0
222 6.8
347 7.0
397 7.1
444 7.2
323 7.0
422 7.0
512 6.9
634 7.0
758 6.9
681 6.9
748 6.9
969 6.9
1030 6.9 
1060 7.1 
1240 7.2 
1320 6.9 
998 7.3
1370 7.0 
958 7.3
720 7.1
1410 7.3 
930 7.1
996 7.2
2540 7.5 
2330 7.2 
2180 7.6 
1160 7.6 
2430 7.5 
850 7.5
1630 7.4 
2020 7.5 
923 7.5
728 7.5
1660 7.4 
1710 7.4 
847 7.5
801 7.8
1410 7.7 
430 7.6
977 7.6
672 7.9
680 7.9
501 7.9
418 7.5
315 7.7
219 7.4
143 7.7
54.5 7.6 
27.7 7.4 
7.8 7.6
0.9 7.4
0.0 7.4
0.0 7.5
0.0 7.3
0.0 7.4
0.0 7.4
0.0 7.3
0.0 7.3
0.0 7.5
0.0 7.3
0.0 7.3
0.0 7.4
0.0 7.4
0.0 7.4
0.0 7.4
0.0 7.4
0.0 7.4
0.0 7.4
0.0 7.3
0.0 7.4
0.0 7.3
0.0 7.3
0.0 7.3
0.0 7.2
0.0 7.3
0.0 7.3
0.0 7.4
0.0 7.4
0.0 7.4
0.0 7.4
0.0 7.4
0.0 7.3
0.0 7.3
0.0 7.3
0.0 7.3
1.7 7.3
9.5 7.3
28.6 7.3 
56.3 7.2 
108 7.2
158 7.2
212 7.3
274 7.3
325 7.2
413 7.2
415 7.2
519 7.2
747 7.2
1170 7.3 
1380 7.2 
801 7.3
686 7.4
593 7.4
722 7.4
1000 7.5 
1680 7.6 
1040 7.5 
987 7.3
1310 7.4 
794 7.7
930 7.7
1730 7.9 
2330 8.0 
1200 7.8 
1160 8.2 
2530 8.2 
2560 7.5 
2480 7.3 
1590 7.2 
988 7.4
855 7.2
1020 7.2 
1090 7.5 
1270 7.9 
1620 8.1 
809 8.4
1730 7.8 
831 7.8
967 7.4
724 7.4
471 7.4
564 7.4
495 7.1
534 7.2
370 7.2
418 7.3
342 7.3
390 7.3
201 7.3
179 7.3
126 7.2
66.6 7.2 
33.8 7.4 
18.2 7.3 
11.2 7.6 
2.6 7.5
0.0 7.3
0.0 7.4
0.0 7.5
0.0 7.5
0.0 7.5
0.0 7.6
0.0 7.5
0.0 7.6
0.0 7.8
0.0 7.8
0.0 7.8
0.0 7.5
0.0 7.4
0.0 7.4
0.0 7.4
0.0 7.2
0.0 7.2
0.0 7.2
0.0 7.2
0.0 7.2
0.0 7.2
0.0 7.5
0.0 7.6
0.0 7.7
0.0 7.7
0.0 7.1
0.0 7.7
0.0 7.7
0.0 7.6
0.0 7.7
0.0 7.7
0.0 7.7
0.0 7.1
0.0 7.5
0.0 7.8
2.6 7.2
7.8 7.2
20.8 7.6 
39.8 7.3 
51.1 7.3 
101 7.4
135 7.4
153 7.4
185 7.4
222 7.4
268 7.4
203 7.5
224 7.6
283 7.6
378 7.6
420 7.7
468 7.7
581 7.8
487 7.8
406 7.8
312 7.9
262 7.9
337 7.9
441 7.9
268 8.0
323 8.0
207 8.0
234 8.0
322 8.0
355 8.0
456 8.1
300 8.1
267 8.1
171 8.1
277 8.1
244 8.1
440 8.1
332 8.2
264 8.2
464 8.2
367 8.2
363 8.2
454 8.2
435 8.3
455 8.3
360 8.3
229 8.3
221 8.4
189 8.4
172 8.4
240 8.4
103 8.4
77.9 8.4 
58.0 8.4 
53.7 8.5 
30.3 8.5 
21.6 8.5 
10.4 8.5 
6.1 8.5
2.6 8.3
0.9 8.4
0.0 8.4
0.0 8.4
0.0 8.5
0.0 8.5
0.0 8.5
0.0 8.5
0.0 8.5
0.0 8.6
0.0 8.6
0.0 8.6
0.0 8.6
0.0 8.5
0.0 8.5
0.0 8.5
0.0 8.5
0.0 8.4
0.0 8.4
0.0 8.4
0.0 8.4
0.0 8.4
0.0 8.4
0.0 8.4
0.0 8.4
0.0 8.4
0.0 8.4
0.0 8.4
0.0 8.4
0.0 8.4
0.0 8.4
0.0 8.4
0.0 8.4
0.0 8.4
0.0 8.4
0.0 8.4
0.0 8.4
1.7 8.4
2.6 8.4
4.3 8.4
13.8 8.4 
21.6 8.3 
44.2 8.3 
89.2 8.3 
97.8 8.3 
105 8.3
183 8.3
287 8.3
230 8.3
211 8.3
184 8.3
188 8.3
149 8.3
164 8.3
236 8.3
277 8.3
290 8.3
381 8.3
361 8.3
446 8.3
500 8.3
374 8.3
333 8.3
377 8.3
395 8.3
492 8.4
547 8.4
427 8.4
556 8.4
469 8.4
481 8.5
407 8.5
318 8.5
335 8.5
300 8.5
494 8.6
436 8.6
433 8.6
357 8.6
378 8.6
364 8.7
318 8.7
306 8.7
225 8.7
217 8.7
205 8.7
216 8.8
130 8.8
71.0 8.8 
61.4 8.8 
71.8 8.8 
67.5 8.8 
39.0 8.8 
25.1 8.8 
14.7 8.8 
6.1 8.8
2.6 8.8
0.9 8.8
0.0 8.8
0.0 8.8
0.0 8.8
0.0 8.8
0.0 8.8
0.0 8.8
0.0 8.8
0.0 8.8
0.0 8.8
0.0 8.8
0.0 8.8
0.0 8.8
0.0 8.8
0.0 8.8
0.0 8.8
0.0 8.8
0.0 8.8
0.0 8.8
0.0 8.8
0.0 8.8
0.0 8.8
0.0 8.8
0.0 8.8
0.0 8.8
0.0 8.8
0.0 8.8
0.0 8.8
0.0 8.8
0.0 8.8
0.0 8.8
0.0 8.8
0.0 8.8
0.0 8.8
0.0 8.7
0.0 8.7
0.9 8.7
2.6 8.8
6.1 8.8
23.4 8.8 
31.2 8.7 
62.3 8.7 
47.6 8.7 
59.7 8.7 
58.0 8.7 
114 8.7
109 8.8
148 8.8
183 8.8
229 8.8
255 8.8
291 8.8
297 8.8
287 8.8
286 8.8
269 8.8
276 8.8
312 8.8
366 8.9
225 8.9
304 8.9
375 8.9
374 8.9
540 8.9
558 8.9
483 9.0
499 9.0
371 9.0
644 9.0
457 9.0
537 9.0
383 9.1
292 9.1
811 9.1
207 9.1
146 9.1
260 9.1
154 9.1
92.6 9.1 
103 9.1
190 9.1
170 9.1
177 9.1
152 9.1
149 9.1
102 9.1
69.2 9.1 
108 9.1
72.7 9.1 
61.5 9.1 
42.4 9.1 
54.5 9.1 
14.7 9.1 
7.8 9.1
4.3 9.0
1.7 9.0
0.0 9.0
0.0 9.0
0.0 9.0
0.0 9.0
0.0 9.0
0.0 9.0
0.0 9.0
0.0 9.0
0.0 9.0
0.0 9.0
0.0 8.9
0.0 8.9
0.0 8.9
0.0 8.9
0.0 8.9
0.0 8.9
0.0 8.9
0.0 8.9
0.0 8.9
0.0 8.9
0.0 8.9
0.0 8.9
0.0 8.9
0.0 8.9
0.0 8.9
0.0 8.9
0.0 8.8
0.0 8.8
0.0 8.8
0.0 8.8
0.0 8.8
0.0 8.8
0.0 8.8
0.0 8.8
0.0 8.8
0.9 8.8
3.5 8.8
9.5 8.8
19.9 8.8 
42.4 8.8 
45.9 8.8 
89.2 8.8 
90.9 8.7 
157 8.7
123 8.8
144 8.8
193 8.8
188 8.8
210 8.8
344 8.8
261 8.8
505 8.8
481 8.8
431 8.8
558 8.8
384 8.9
626 8.9
738 9.0
524 9.0
804 9.0
691 9.1
329 9.1
331 9.1
402 9.1
2250 9.2 
161 9.2
526 9.3
1010 9.3 
750 9.3
249 9.4
798 9.3
325 9.3
289 9.3
717 9.4
263 9.4
103 9.4
250 9.4
746 9.4
622 9.3
195 9.3
737 9.4
342 9.4
685 9.5
339 9.4
291 9.5
221 9.4
307 9.5
152 9.5
180 9.5
107 9.4
119 9.5
64.9 9.4 
64.9 9.4 
34.6 9.5 
16.4 9.4 
4.3 9.5
0.0 9.5
0.0 9.4
0.0 9.4
0.0 9.4
0.0 9.4
0.0 9.4
0.0 9.3
0.0 9.4
0.0 9.3
0.0 9.3
0.0 9.3
0.0 9.4
0.0 9.4
0.0 9.3
0.0 9.3
0.0 9.3
0.0 9.3
0.0 9.3
0.0 9.3
0.0 9.3
0.0 9.3
0.0 9.2
0.0 9.3
0.0 9.3
0.0 9.1
0.0 9.2
0.0 9.1
0.0 9.1
0.0 9.2
0.0 9.2
0.0 9.2
0.0 9.2
0.0 9.2
0.0 9.2
0.0 9.2
2.6 9.2
11.2 9.1 
26.8 9.1 
60.6 9.1 
72.7 9.1 
113 8.9
220 8.7
351 8.9
353 8.4
347 8.6
325 8.8
299 8.5
349 8.3
405 8.2
425 8.0
496 8.2
982 8.0
509 8.4
574 8.3
1840 8.3 
807 8.0
658 7.8
745 8.0
239 8.0
851 8.0
421 7.9
708 8.4
245 8.3
528 8.3
1110 8.2 
683 8.1
840 8.0
744 8.2
620 8.1
845 8.1
412 8.0
1450 7.8 
514 7.7
955 7.7
531 7.4
1920 7.3 
1770 7.1 
492 8.1
885 7.7
762 7.6
582 7.6
559 7.8
568 7.5
376 7.4
280 7.3
180 7.5
151 7.5
140 7.5
117 7.3
94.3 7.3 
100 7.2
90.9 7.2 
78.8 7.1 
43.3 7.2 
21.6 7.2 
7.8 7.2
1.7 7.1
0.0 7.2
0.0 7.2
0.0 7.1
0.0 7.2
0.0 7.2
0.0 7.2
0.0 7.2
0.0 7.2
0.0 7.2
0.0 7.1
0.0 7.1
0.0 7.1
0.0 7.1
0.0 7.1
0.0 7.1
0.0 7.1
0.0 7.1
0.0 7.1
0.0 7.1
0.0 7.1
0.0 7.1
0.0 7.2
0.0 7.2
0.0 7.2
0.0 7.2
0.0 7.2
0.0 7.2
0.0 7.2
0.0 7.2
0.0 7.2
0.0 7.2
0.0 7.2
0.0 7.2
1.7 7.3
7.8 7.2
26.8 7.2 
52.8 7.2 
150 7.2
243 7.2
332 7.2
418 7.2
503 7.2
412 7.2
317 7.3
369 7.3
665 7.4
1000 7.5 
1050 7.5 
1150 7.5 
1220 7.6 
1300 7.8 
1390 7.8 
1460 7.9 
1530 8.0 
1600 8.1 
1650 8.1 
1710 7.9 
1790 8.4 
1810 8.6 
1870 8.4 
1980 8.5 
578 8.6
2050 8.7 
2060 8.2 
2190 8.2 
2170 9.1 
2140 8.5 
1440 7.9 
2080 8.1 
1890 8.2 
2110 8.4 
1930 9.4 
1930 8.5 
1820 9.0 
1700 8.9 
1610 8.9 
1500 8.4 
1440 9.1 
1360 8.7 
1270 8.9 
1190 8.6 
1100 8.7 
1000 9.1 
905 9.3
813 8.8
760 8.6
618 8.7
523 8.7
425 8.4
337 8.6
252 8.8
173 8.8
62.3 8.7 
36.3 8.6 
13.8 8.4 
2.6 8.4
0.0 8.4
0.0 8.4
0.0 8.5
0.0 8.5
0.0 8.5
0.0 8.4
0.0 8.4
0.0 8.5
0.0 8.5
0.0 8.5
0.0 8.6
0.0 8.6
0.0 8.8
0.0 8.8
0.0 8.9
0.0 8.9
0.0 8.8
0.0 8.9
0.0 8.9
0.0 8.9
0.0 8.9
0.0 8.9
0.0 8.9
0.0 8.9
0.0 8.9
0.0 8.9
0.0 8.8
0.0 8.8
0.0 8.8
0.0 8.8
0.0 8.8
0.0 8.8
0.0 8.8
1.7 8.8
7.8 8.7
29.4 8.7 
64.9 8.7 
196 8.7
171 8.7
366 8.7
448 8.7
483 8.7
531 8.7
613 8.7
852 8.7
899 8.8
1030 8.8 
883 8.9
1050 8.9 
1240 9.0 
1340 9.1 
1260 9.0 
1470 9.1 
1370 9.2 
1540 9.2 
1510 9.3 
1550 9.2 
1650 9.3 
1710 9.3 
1760 9.3 
1680 9.4 
1780 9.4 
1600 9.6 
1540 9.6 
1570 10.0 
1550 10.1 
1600 10.3 
1490 10.1 
1470 10.0 
1350 10.1 
1340 10.4 
1210 10.4 
1230 10.5 
1070 10.5 
939 10.9
928 11.6
850 11.0
757 11.0
710 11.2
665 11.2
534 11.1
466 10.8
454 10.6
382 10.6
317 12.5
266 11.5
219 11.0
197 11.4
173 11.1
144 11.3
121 10.9
81.3 10.5 
48.5 10.7 
22.5 10.6 
10.4 10.7 
1.7 10.8
0.0 10.8
0.0 10.6
0.0 10.7
0.0 10.7
0.0 10.8
0.0 10.8
0.0 10.7
0.0 10.8
0.0 10.7
0.0 12.2
0.0 12.5
0.0 12.5
0.0 12.6
0.0 12.7
0.0 12.6
0.0 12.5
0.0 12.4
0.0 12.2
0.0 12.2
0.0 11.8
0.0 12.2
0.0 11.9
0.0 12.0
0.0 11.9
0.0 11.3
0.0 11.2
0.0 11.1
0.0 11.1
0.0 10.9
0.0 11.2
0.0 11.2
0.0 11.2
0.0 11.2
1.7 11.2
8.7 11.3
33.8 11.2 
71.8 11.2 
108 11.2
175 11.2
207 11.2
253 11.2
364 11.2
367 11.3
494 11.3
592 11.2
956 11.2
661 11.2
931 11.3
850 11.3
1220 11.3 
1080 11.3 
1440 11.5 
1210 11.5 
919 11.5
1130 11.5 
1520 11.5 
1190 11.5 
973 11.6
1050 11.6 
1390 11.5 
1670 11.6 
1790 11.6 
1920 11.7 
1340 11.8 
723 11.9
642 12.2
633 12.3
736 12.4
844 12.4
950 12.3
843 12.3
533 12.6
448 12.5
531 12.4
556 12.3
466 12.4
398 12.6
421 12.7
367 12.8
367 12.7
268 12.7
183 12.7
178 12.6
124 12.6
144 12.6
130 12.5
110 12.4
96.1 12.6 
73.6 12.6 
50.2 12.5 
51.9 12.5 
62.3 12.6 
35.5 12.7 
7.8 12.7
2.6 12.7
0.9 12.7
0.0 12.7
0.0 12.7
0.0 12.7
0.0 12.7
0.0 12.7
0.0 12.7
0.0 12.7
0.0 12.6
0.0 12.6
0.0 12.6
0.0 12.6
0.0 12.4
0.0 12.3
0.0 12.4
0.0 12.3
0.0 12.4
0.0 12.4
0.0 12.5
0.0 12.5
0.0 12.3
0.0 12.3
0.0 12.2
0.0 12.2
0.0 12.2
0.0 12.2
0.0 12.2
0.0 12.3
0.0 12.4
0.0 12.5
0.0 12.5
0.0 12.2
0.0 12.1
0.0 11.9
0.0 11.7
1.7 12.0
7.8 12.4
19.0 12.4 
41.5 12.4 
40.7 12.3 
68.4 12.1 
58.0 12.3 
73.6 12.0 
132 11.9
78.8 12.1 
81.4 12.0 
167 11.9
251 11.8
357 11.8
355 11.7
292 11.7
246 11.6
356 12.0
589 11.6
424 11.7
431 11.7
706 11.7
700 11.8
885 11.9
935 12.1
774 12.3
504 12.7
564 12.6
786 12.8
390 12.9
367 12.8
530 12.8
485 12.9
680 12.8
691 12.9
775 12.9
727 13.0
741 13.1
571 13.1
666 12.9
1010 12.8 
2280 13.1 
1910 13.0 
826 13.1
623 13.3
704 13.3
621 13.4
531 11.8
382 13.4
275 12.2
446 11.8
244 11.9
197 12.0
421 11.8
458 11.8
275 11.8
121 11.7
133 11.8
88.3 11.7 
45.0 11.7 
13.8 11.9 
2.6 11.9
0.0 11.8
0.0 12.0
0.0 12.0
0.0 12.0
0.0 11.9
0.0 11.9
0.0 11.9
0.0 11.9
0.0 12.2
0.0 12.2
0.0 12.1
0.0 12.1
0.0 12.1
0.0 12.1
0.0 12.1
0.0 12.1
0.0 12.2
0.0 12.2
0.0 12.2
0.0 12.2
0.0 12.2
0.0 12.2
0.0 12.1
0.0 12.1
0.0 12.1
0.0 12.1
0.0 12.1
0.0 12.1
0.0 12.1
0.0 12.1
0.0 12.1
0.0 12.1
0.0 12.1
1.7 12.0
7.8 12.1
23.4 11.9 
48.5 11.9 
94.3 12.0 
164 12.0
112 12.0
147 12.0
202 12.0
199 12.0
177 12.0
92.6 12.1 
158 12.1
494 12.1
1450 12.0 
1440 12.1 
364 12.1
1410 12.2 
554 12.2
743 12.3
1610 12.4 
1620 12.4 
1670 12.5 
1720 12.5 
1790 12.6 
1830 12.7 
1920 12.8 
925 12.9
1360 13.0 
701 13.1
1990 13.2 
1950 13.2 
2210 13.3 
1980 13.4 
2000 13.5 
1630 13.6 
1070 13.8 
976 13.9
1740 13.9 
1910 14.0 
1390 14.1 
1470 14.1 
805 14.2
986 14.3
1140 13.8 
536 14.5
561 14.4
509 14.3
531 13.5
710 13.6
505 13.1
298 13.0
125 12.9
123 12.7
67.5 12.8 
99.5 12.7 
100 12.8
71.0 12.7 
20.8 12.7 
12.1 12.7 
8.6 12.7
3.5 12.8
0.9 12.7
0.0 12.6
0.0 12.8
0.0 12.9
0.0 12.8
0.0 12.9
0.0 12.9
0.0 12.8
0.0 12.9
0.0 12.9
0.0 12.9
0.0 12.9
0.0 12.9
0.0 13.0
0.0 13.0
0.0 13.0
0.0 13.0
0.0 13.0
0.0 13.0
0.0 12.9
0.0 13.0
0.0 12.9
0.0 12.9
0.0 12.9
0.0 12.9
0.0 12.7
0.0 12.3
0.0 12.4
0.0 12.2
0.0 12.3
0.0 12.1
0.0 12.1
0.0 12.0
0.0 12.0
0.0 11.9
1.7 11.8
4.3 11.9
13.8 11.8 
23.4 11.7 
30.3 11.9 
61.4 11.9 
79.6 11.9 
99.5 11.8 
75.3 11.9 
62.3 11.8 
75.3 11.8 
144 11.8
126 11.8
110 11.7
127 11.7
96.9 11.7 
145 11.6
113 11.5
112 11.6
141 11.5
186 11.4
227 11.5
132 11.0
158 11.0
194 11.0
157 10.6
164 10.7
285 10.8
219 10.7
228 10.7
156 10.6
179 10.5
198 10.4
203 10.4
195 10.4
136 10.4
127 10.4
108 10.4
132 10.4
92.6 10.4 
106 10.4
125 10.4
174 10.4
188 10.4
156 10.5
196 10.4
149 10.5
152 10.5
177 10.5
240 10.5
165 10.5
188 10.5
145 10.5
72.7 10.5 
62.3 10.5 
39.0 10.5 
35.5 10.4 
26.8 10.4 
16.4 10.4 
7.8 10.4
2.6 10.4
0.0 10.4
0.0 10.4
0.0 10.4
0.0 10.4
0.0 10.4
0.0 10.3
0.0 10.3
0.0 10.3
0.0 10.3
0.0 10.3
0.0 10.3
0.0 10.3
0.0 10.3
0.0 10.3
0.0 10.2
0.0 10.2
0.0 10.2