0.00 33.57
0.00 33.57
0.00 33.58
0.00 33.58
0.00 33.59
0.00 33.59
0.00 33.60
0.00 33.60
0.00 33.61
0.00 33.62
0.00 33.62
0.00 33.63
0.00 33.64
0.00 33.64
0.00 33.65
0.00 33.65
0.00 33.65
0.00 33.65
0.00 33.65
0.00 33.65
0.00 33.64
0.00 33.64
0.00 33.63
0.00 33.63
0.00 33.62
0.00 33.62
0.00 33.61
0.00 33.60
0.00 33.59
0.00 33.59
0.00 33.58
0.00 33.57
0.00 33.56
0.00 33.55
0.00 33.54
0.00 33.54
0.00 33.53
0.00 33.52
0.00 33.51
0.00 33.50
0.00 33.50
0.00 33.49
0.00 33.49
0.00 33.49
0.00 33.49
0.00 33.48
0.00 33.49
0.00 33.49
0.00 33.48
0.00 33.49
0.00 33.49
0.00 33.50
0.00 33.50
0.00 33.51
0.00 33.53
0.00 33.53
0.00 33.54
0.00 33.55
0.00 33.56
0.00 33.57
0.00 33.57
0.00 33.58
0.00 33.59
0.00 33.59
0.00 33.60
0.00 33.60
0.00 33.61
0.00 33.60
0.00 33.60
0.00 33.60
0.00 33.59
0.00 33.59
0.00 33.60
0.00 33.59
0.00 33.59
0.00 33.59
0.00 33.60
0.00 33.61
0.00 33.62
0.00 33.61
0.00 33.60
0.00 33.60
0.00 33.59
0.00 33.59
0.00 33.59
0.00 33.59
0.00 33.58
0.00 33.57
0.00 33.57
0.00 33.57
0.00 33.57
0.00 33.57
0.00 33.58
0.00 33.57
0.00 33.57
0.00 33.57
0.00 33.57
0.00 33.57
0.00 33.57
0.00 33.58
0.00 33.58
0.00 33.59
0.00 33.60
0.00 33.60
0.00 33.61
0.00 33.62
0.00 33.63
0.00 33.63
0.00 33.64
0.00 33.65
0.00 33.66
0.00 33.66
0.00 33.66
0.00 33.67
0.00 33.67
0.00 33.67
0.00 33.67
0.00 33.67
0.00 33.67
0.00 33.67
0.00 33.67
0.00 33.66
0.00 33.66
0.00 33.66
0.00 33.65
0.00 33.64
0.00 33.64
0.00 33.63
0.00 33.62
0.00 33.61
0.00 33.60
0.00 33.60
0.00 33.59
0.00 33.58
0.00 33.58
0.00 33.57
0.00 33.57
0.00 33.57
0.00 33.57
0.00 33.56
0.00 33.56
0.00 33.56
0.00 33.56
0.00 33.56
0.00 33.56
0.00 33.56
0.00 33.57
0.00 33.57
0.00 33.57
0.00 33.58
0.00 33.59
0.00 33.60
0.00 33.60
0.00 33.62
0.00 33.63
0.00 33.64
0.00 33.65
0.00 33.66
0.00 33.67
0.00 33.68
0.00 33.68
0.00 33.69
0.00 33.69
0.00 33.69
0.00 33.69
0.00 33.70
0.00 33.70
0.00 33.70
0.00 33.71
0.00 33.71
0.00 33.69
0.00 33.68
0.03 33.69
0.07 33.69
0.00 33.69
0.00 33.68
0.00 33.69
0.00 33.68
0.00 33.66
0.00 33.66
0.00 33.66
0.00 33.65
0.00 33.65
0.00 33.66
0.00 33.65
0.00 33.65
0.00 33.65
0.00 33.65
0.00 33.66
0.00 33.66
0.00 33.66
0.00 33.66
0.00 33.66
0.00 33.66
0.00 33.66
0.00 33.67
0.00 33.66
0.00 33.66
0.00 33.67
0.00 33.68
0.00 33.69
0.00 33.70
0.00 33.71
0.00 33.72
0.00 33.72
0.00 33.73
0.00 33.74
0.00 33.74
0.00 33.74
0.00 33.74
0.00 33.74
0.00 33.75
0.00 33.75
0.00 33.75
0.00 33.75
0.00 33.74
0.00 33.74
0.00 33.74
0.00 33.74
0.00 33.73
0.00 33.73
0.00 33.72
0.00 33.72
0.00 33.71
0.00 33.71
0.00 33.70
0.00 33.69
0.00 33.68
0.00 33.68
0.00 33.67
0.00 33.67
0.00 33.66
0.01 33.65
0.00 33.64
0.00 33.65
0.00 33.64
0.00 33.64
0.00 33.64
0.00 33.63
0.00 33.63
0.00 33.63
0.00 33.63
0.00 33.63
0.00 33.63
0.00 33.63
0.00 33.63
0.00 33.64
0.00 33.64
0.00 33.64
0.00 33.64
0.00 33.65
0.01 33.66
0.12 33.67
0.00 33.68
0.01 33.69
0.00 33.70
0.00 33.71
0.00 33.71
0.00 33.72
0.00 33.73
0.00 33.74
0.00 33.75
0.00 33.75
0.00 33.77
0.00 33.78
0.00 33.78
0.00 33.79
0.00 33.78
0.00 33.79
0.00 33.78
0.00 33.78
0.00 33.78
0.00 33.78
0.00 33.78
0.00 33.77
0.00 33.78
0.00 33.78
0.00 33.78
0.00 33.77
0.00 33.77
0.01 33.76
0.00 33.76
0.00 33.75
0.00 33.74
0.00 33.74
0.00 33.73
0.00 33.72
0.00 33.72
0.00 33.72
0.00 33.72
0.00 33.72
0.00 33.73
0.00 33.73
0.00 33.74
0.00 33.75
0.00 33.74
0.00 33.74
0.00 33.75
0.01 33.76
0.00 33.77
0.00 33.79
0.01 33.79
0.00 33.80
0.00 33.81
0.00 33.82
0.00 33.82
0.00 33.83
0.00 33.82
0.00 33.83
0.00 33.83
0.00 33.83
0.00 33.84
0.00 33.84
0.00 33.84
0.00 33.83
0.00 33.83
0.00 33.83
0.00 33.82
0.00 33.82
0.00 33.81
0.00 33.81
0.00 33.80
0.00 33.80
0.00 33.79
0.00 33.78
0.00 33.78
0.00 33.78
0.00 33.77
0.00 33.76
0.00 33.76
0.00 33.75
0.00 33.74
0.00 33.74
0.00 33.74
0.00 33.74
0.00 33.74
0.16 33.71
0.23 33.74
0.00 33.73
0.01 33.74
0.01 33.72
0.14 33.73
0.00 33.74
0.00 33.74
0.00 33.75
0.00 33.76
0.00 33.77
0.04 33.77
0.00 33.79
0.00 33.80
0.00 33.81
0.00 33.81
0.00 33.82
0.00 33.83
0.03 33.84
0.00 33.84
0.01 33.85
0.00 33.84
0.02 33.85
0.05 33.85
0.28 33.87
0.10 33.89
0.19 33.88
0.02 33.89
0.01 33.89
0.00 33.89
0.01 33.89
0.00 33.89
0.00 33.89
0.00 33.88
0.01 33.89
0.00 33.90
0.00 33.89
0.00 33.89
0.00 33.89
0.00 33.89
0.00 33.89
0.00 33.89
0.00 33.88
0.00 33.89
0.00 33.88
0.00 33.88
0.00 33.87
0.00 33.87
0.00 33.87
0.00 33.86
0.00 33.87
0.00 33.88
0.00 33.89
0.00 33.89
0.00 33.88
0.00 33.89
0.00 33.90
0.00 33.90
0.00 33.90
0.00 33.90
0.00 33.91
0.00 33.92
0.00 33.93
0.00 33.94
0.04 33.94
0.03 33.95
0.03 33.96
0.02 33.96
0.02 33.95
0.02 33.98
0.01 33.97
0.01 33.97
0.04 33.96
0.03 33.96
0.02 33.96
0.03 33.96
0.02 33.96
0.04 33.97
0.00 33.97
0.00 33.97
0.03 33.96
0.01 33.97
0.01 33.97
0.00 33.96
0.00 33.96
0.00 33.95
0.01 33.93
0.00 33.92
0.00 33.91
0.00 33.91
0.00 33.90
0.00 33.88
0.06 33.88
0.08 33.88
0.02 33.87
0.04 33.88
0.06 33.87
0.01 33.87
0.05 33.87
0.13 33.87
0.01 33.87
0.01 33.87
0.00 33.87
0.00 33.88
0.00 33.88
0.00 33.88
0.00 33.89
0.00 33.90
0.00 33.90
0.00 33.91
0.00 33.92
0.00 33.93
0.00 33.94
0.00 33.94
0.00 33.95
0.00 33.95
0.00 33.96
0.00 33.96
0.00 33.97
0.00 33.97
0.00 33.98
0.00 33.99
0.00 33.99
0.00 33.99
0.00 33.99
0.00 33.99
0.00 33.99
0.00 33.99
0.00 33.99
0.00 33.99
0.00 33.98
0.00 33.98
0.00 33.97
0.00 33.97
0.00 33.97
0.00 33.96
0.00 33.96
0.00 33.95
0.00 33.95
0.00 33.94
0.00 33.94
0.00 33.93
0.04 33.94
0.00 33.93
0.01 33.93
0.05 33.92
0.03 33.92
0.01 33.92
0.00 33.93
0.00 33.93
0.00 33.94
0.00 33.95
0.00 33.95
0.00 33.95
0.00 33.96
0.00 33.96
0.00 33.97
0.00 33.98
0.00 33.98
0.00 33.98
0.00 33.98
0.00 33.98
0.00 34.00
0.00 34.00
0.00 34.00
0.00 34.00
0.00 34.01
0.01 34.01
0.01 34.01
0.03 34.02
0.00 34.01
0.00 34.02
0.00 34.02
0.00 34.01
0.00 34.01
0.00 34.01
0.00 34.00
0.00 34.00
0.00 34.00
0.00 34.00
0.00 33.99
0.00 33.99
0.00 33.98
0.00 33.98
0.00 33.98
0.00 33.97
0.00 33.97
0.00 33.97
0.00 33.96
0.00 33.96
0.00 33.96
0.00 33.95
0.00 33.95
0.00 33.95
0.00 33.95
0.00 33.95
0.00 33.95
0.00 33.95
0.00 33.96
0.00 33.95
0.00 33.96
0.00 33.97
0.00 33.96
0.00 33.97
0.00 33.97
0.00 33.98
0.00 33.98
0.00 33.99
0.00 34.00
0.00 34.01
0.00 34.02
0.00 34.02
0.00 34.02
0.00 34.03
0.00 34.03
0.00 34.04
0.00 34.04
0.00 34.05
0.00 34.05
0.00 34.06
0.00 34.05
0.00 34.06
0.00 34.05
0.00 34.06
0.00 34.06
0.00 34.06
0.00 34.06
0.00 34.05
0.00 34.05
0.00 34.05
0.00 34.04
0.00 34.04
0.00 34.03
0.00 34.03
0.00 34.03
0.00 34.02
0.00 34.01
0.00 34.01
0.00 34.01
0.00 34.01
0.00 34.02
0.00 34.02
0.00 34.01
0.00 34.02
0.00 34.02
0.00 34.02
0.00 34.03
0.00 34.02
0.00 34.01
0.00 34.01
0.00 34.02
0.00 34.02
0.00 34.03
0.00 34.04
0.00 34.05
0.00 34.05
0.00 34.06
0.00 34.06
0.00 34.07
0.00 34.07
0.00 34.07
0.00 34.08
0.00 34.09
0.00 34.09
0.00 34.10
0.00 34.10
0.00 34.10
0.00 34.10
0.00 34.10
0.00 34.10
0.00 34.10
0.00 34.10
0.00 34.10
0.00 34.10
0.00 34.10
0.00 34.10
0.00 34.10
0.00 34.10
0.00 34.10
0.00 34.10
0.00 34.09
0.00 34.10
0.00 34.09
0.00 34.09
0.00 34.09
0.00 34.08
0.00 34.08
0.00 34.07
0.00 34.07
0.00 34.07
0.00 34.06
0.00 34.05
0.00 34.05
0.00 34.05
0.00 34.06
0.00 34.06
0.00 34.06
0.00 34.07
0.00 34.07
0.00 34.07
0.00 34.08
0.00 34.09
0.00 34.09
0.00 34.09
0.00 34.10
0.00 34.11
0.00 34.12
0.00 34.12
0.00 34.13
0.00 34.14
0.00 34.15
0.00 34.15
0.00 34.16
0.00 34.17
0.00 34.17
0.00 34.17
0.00 34.18
0.00 34.18
0.00 34.18
0.00 34.18
0.00 34.17
0.00 34.17
0.00 34.17
0.00 34.17
0.00 34.17
0.00 34.17
0.00 34.17
0.00 34.17
0.00 34.16
0.00 34.15
0.00 34.15
0.00 34.14
0.00 34.14
0.00 34.14
0.00 34.13
0.00 34.13
0.00 34.13
0.00 34.12
0.00 34.12
0.00 34.12
0.00 34.12
0.00 34.12
0.00 34.12
0.00 34.12
0.00 34.13
0.00 34.12
0.00 34.13
0.00 34.13
0.00 34.14
0.00 34.14
0.00 34.14
0.00 34.15
0.00 34.15
0.00 34.15
0.00 34.15
0.00 34.15
0.00 34.16
0.00 34.16
0.00 34.16
0.00 34.17
0.00 34.17
0.00 34.16
0.00 34.17
0.00 34.17
0.00 34.17
0.00 34.17
0.00 34.17
0.00 34.17
0.00 34.17
0.00 34.17
0.00 34.16
0.00 34.16
0.00 34.16
0.00 34.16
0.00 34.15
0.00 34.15
0.00 34.15
0.00 34.15
0.00 34.15
0.00 34.14
0.00 34.13
0.00 34.13
0.00 34.13
0.00 34.12
0.00 34.13
0.00 34.12
0.00 34.12
0.00 34.12
0.00 34.11
0.00 34.11
0.00 34.12
0.00 34.11
0.00 34.11
0.00 34.11
0.00 34.11
0.00 34.11
0.00 34.11
0.00 34.11
0.00 34.11
0.00 34.12
0.00 34.12
0.00 34.13
0.00 34.13
0.00 34.12
0.00 34.13
0.00 34.13
0.00 34.13
0.00 34.13
0.00 34.14
0.00 34.14
0.11 34.14
0.01 34.13
0.00 34.14
0.00 34.14
0.00 34.15
0.00 34.15
0.00 34.15
0.00 34.14
0.00 34.14
0.00 34.13
0.00 34.13
0.00 34.13
0.00 34.13
0.00 34.12
0.00 34.12
0.00 34.11
0.00 34.11
0.00 34.11
0.00 34.10
0.00 34.09
0.00 34.09
0.00 34.08
0.00 34.08
0.00 34.07
0.00 34.07
0.00 34.07
0.00 34.07
0.00 34.07
0.00 34.07
0.00 34.07
0.00 34.07
0.00 34.06
0.00 34.06
0.00 34.06
0.00 34.06
0.00 34.06
0.00 34.07
0.00 34.07
0.00 34.07
0.00 34.07
0.00 34.08
0.00 34.08
0.00 34.07
0.00 34.07
0.00 34.08
0.00 34.08
0.00 34.08
0.00 34.08
0.00 34.08
0.00 34.08
0.00 34.08
0.00 34.08
0.00 34.08
0.00 34.07
0.00 34.07
0.00 34.07
0.00 34.07
0.00 34.07
0.00 34.06
0.00 34.06
0.00 34.07
0.00 34.06
0.00 34.06
0.00 34.06
0.00 34.05
0.00 34.05
0.00 34.04
0.00 34.04
0.00 34.04
0.00 34.04
0.00 34.05
0.00 34.04
0.00 34.04
0.00 34.05
0.00 34.05
0.00 34.05
0.00 34.04
0.00 34.04
0.00 34.04
0.00 34.04
0.00 34.04
0.00 34.04
0.00 34.04
0.00 34.04
0.00 34.03
0.00 34.04
0.00 34.04
0.00 34.04
0.00 34.05
0.00 34.05
0.00 34.05
0.00 34.04
0.00 34.04
0.00 34.05
0.00 34.06
0.00 34.07
0.00 34.07
0.00 34.07
0.00 34.07
0.00 34.07
0.00 34.07
0.00 34.07
0.00 34.07
0.00 34.08
0.00 34.08
0.00 34.08
0.00 34.07
0.00 34.06
0.00 34.06
0.00 34.05
0.00 34.04
0.00 
0.00 34.04
0.00 34.04
0.00 34.03
0.00 34.03
0.00 34.03
0.00 34.03
0.00 34.03
0.00 34.02
0.00 34.02
0.00 34.02
0.00 34.02
0.00 34.02
0.00 34.02
0.00 34.02
0.00 34.02
0.00 34.02
0.00 34.02
0.00 34.02
0.00 34.02
0.00 34.02
0.00 34.02
0.00 34.02
0.00 34.02
0.00 34.02
0.00 34.02
0.00 34.02
0.00 34.02
0.00 34.03
0.00 34.02
0.00 34.02
0.00 34.02
0.00 34.01
0.00 34.02
0.00 34.01
0.00 34.01
0.00 34.01
0.00 34.01
0.00 34.01
0.00 34.01
0.00 34.01
0.00 34.01
0.00 34.01
0.00 34.01
0.00 34.01
0.00 34.01
0.00 34.01
0.00 34.01
0.00 34.01
0.00 34.00
0.00 34.00
0.00 34.00
0.00 34.00
0.00 34.00
0.00 34.00
0.00 34.00
0.00 34.00
0.00 34.00
0.00 34.00
0.00 34.01
0.00 34.01
0.00 34.00
0.00 34.00
0.00 34.00
0.00 34.00
0.00 34.01
0.00 34.01
0.00 34.01
0.00 34.02
0.00 34.01
0.01 34.01
0.01 34.01
0.00 34.01
0.00 34.01
0.00 34.00
0.14 34.00
0.11 34.01
0.03 34.02
0.01 34.03
0.00 34.03
0.00 34.03
0.00 34.03
0.00 34.03
0.00 34.04
0.00 34.04
0.00 34.05
0.00 34.05
0.00 34.05
0.00 34.05
0.00 34.05
0.00 34.05
0.00 34.04
0.00 34.04
0.00 34.04
0.00 34.04
0.00 34.03
0.00 34.03
0.00 34.03
0.00 34.03
0.00 34.03
0.00 34.02
0.00 34.02
0.00 34.02
0.00 34.01
0.00 34.02
0.00 34.01
0.00 34.01
0.00 34.01
0.00 34.01
0.00 34.01
0.00 34.01
0.00 34.01
0.00 34.01
0.00 34.01
0.00 34.01
0.00 34.01
0.00 34.02
0.00 34.02
0.00 34.01
0.00 34.01
0.00 34.01
0.00 34.01
0.00 34.02
0.00 34.02
0.00 34.01
0.00 34.01
0.00 34.01
0.00 34.01
0.00 34.01
0.00 34.01
0.00 34.01
0.00 34.00
0.00 34.01
0.00 34.01
0.00 34.01
0.00 34.00
0.00 34.01
0.00 34.01
0.00 34.01
0.00 34.01
0.00 34.01
0.00 34.01
0.00 34.01
0.00 34.01
0.00 34.01
0.00 34.01
0.00 34.01
0.00 34.01
0.00 34.01
0.00 34.01
0.00 34.01
0.00 34.01
0.00 34.01
0.00 34.01
0.00 34.02
0.00 34.02
0.00 34.02
0.00 34.03
0.00 34.03
0.00 34.04
0.00 34.04
0.00 34.05
0.00 34.06
0.00 34.06
0.00 34.05
0.00 34.05
0.00 34.05
0.00 34.05
0.00 34.06
0.00 34.05
0.00 34.04
0.00 34.04
0.00 34.04
0.00 34.04
0.00 34.05
0.00 34.04
0.00 34.05
0.00 34.05
0.00 34.06
0.00 34.06
0.00 34.06
0.00 34.07
0.00 34.07
0.00 34.07
0.01 34.07
0.00 34.07
0.00 34.08
0.00 34.07
0.01 34.07
0.00 34.07
0.00 34.07
0.00 34.06
0.00 34.06
0.00 34.06
0.00 34.06
0.00 34.06
0.00 34.05
0.00 34.05
0.00 34.05
0.00 34.05
0.00 34.05
0.00 34.06
0.00 34.06
0.00 34.07
0.00 34.07
0.00 34.07
0.00 34.07
0.00 34.07
0.00 34.07
0.00 34.07
0.00 34.07
0.00 34.08
0.00 34.08
0.00 34.08
0.00 34.08
0.00 34.08
0.00 34.08
0.00 34.08
0.00 34.08
0.00 34.08
0.00 34.07
0.00 34.07
0.00 34.07
0.00 34.07
0.00 34.07
0.00 34.06
0.00 34.07
0.00 34.07
0.00 34.07
0.00 34.07
0.00 34.07
0.00 34.07
0.00 34.07
0.00 34.07
0.00 34.07
0.00 34.07
0.00 34.07
0.00 34.07
0.00 34.07
0.00 34.06
0.00 34.07
0.00 34.07
0.00 34.07
0.00 34.07
0.00 34.07
0.00 34.07
0.00 34.07
0.00 34.07
0.00 34.08
0.00 34.09
0.00 34.09
0.00 34.09
0.00 34.10
0.00 34.10
0.00 34.10
0.00 34.11
0.00 34.11
0.00 34.11
0.00 34.11
0.00 34.12
0.00 34.13
0.00 34.13
0.00 34.12
0.06 34.12
0.08 34.12
0.00 34.12
0.00 34.12
0.00 34.12
0.00 34.12
0.00 34.12
0.00 34.12
0.00 34.12
0.00 34.12
0.00 34.13
0.00 34.12
0.00 34.12
0.00 34.12
0.00 34.13
0.00 34.13
0.00 34.14
0.00 34.14
0.00 34.14
0.00 34.14
0.00 34.13
0.00 34.13
0.00 34.13
0.00 34.13
0.00 34.12
0.00 34.12
0.00 34.12
0.00 34.12
0.00 34.12
0.00 34.12
0.00 34.11
0.00 34.11
0.00 34.12
0.00 34.11
0.00 34.12
0.00 34.12
0.00 34.12
0.00 34.12
0.00 34.12
0.00 34.12
0.00 34.13
0.00 34.13
0.00 34.13
0.00 34.13
0.00 34.13
0.00 34.13
0.00 34.13
0.00 34.13
0.00 34.13
0.00 34.13
0.00 34.13
0.00 34.13
0.00 34.13
0.00 34.13
0.00 34.12
0.00 34.12
0.00 34.11
0.00 34.11
0.00 34.11
0.00 34.11
0.00 34.11
0.00 34.11
0.00 34.11
0.00 34.11
0.00 34.10
0.00 34.10
0.00 34.10
0.00 34.10
0.00 34.10
0.00 34.09
0.00 34.09
0.00 34.09
0.00 34.09
0.00 34.10
0.00 34.10
0.00 34.10
0.00 34.10
0.00 34.10
0.00 34.11
0.00 34.11
0.00 34.11
0.00 34.12
0.00 34.12
0.00 34.13
0.00 34.13
0.00 34.14
0.00 34.15
0.00 34.15
0.00 34.16
0.00 34.16
0.00 34.16
0.00 34.17
0.00 34.18
0.00 34.19
0.00 34.19
0.00 34.19
0.00 34.20
0.00 34.20
0.00 34.21
0.00 34.20
0.00 34.20
0.07 34.20
0.00 34.20
0.00 34.20
0.00 34.20
0.00 34.20
0.00 34.20
0.00 34.21
0.00 34.20
0.00 34.20
0.00 34.20
0.00 34.20
0.00 34.19
0.00 34.20
0.00 34.20
0.00 34.19
0.00 34.19
0.00 34.18
0.00 34.18
0.00 34.19
0.00 34.19
0.00 34.18
0.00 34.18
0.00 34.18
0.00 34.18
0.00 34.18
0.00 34.19
0.00 34.19
0.00 34.19
0.00 34.19
0.00 34.20
0.00 34.20
0.00 34.20
0.00 34.20
0.00 34.21
0.00 34.21
0.00 34.22
0.00 34.22
0.00 34.23
0.00 34.23
0.00 34.23
0.00 34.23
0.00 34.23
0.00 34.23
0.00 34.24
0.00 34.24
0.00 34.24
0.00 34.23
0.00 34.23
0.00 34.23
0.00 34.23
0.00 34.22
0.00 34.22
0.00 34.21
0.00 34.21
0.00 34.21
0.00 34.20
0.00 34.19
0.00 34.19
0.00 34.18
0.00 34.18
0.00 34.18
0.00 34.18
0.01 34.18
0.00 34.17
0.00 34.17
0.00 34.17
0.00 34.17
0.00 34.17
0.00 34.18
0.00 34.18
0.00 34.18
0.00 34.18
0.00 34.18
0.00 34.19
0.00 34.19
0.00 34.20
0.00 34.20
0.00 34.21
0.00 34.22
0.00 34.22
0.00 34.22
0.00 34.23
0.00 34.24
0.00 34.24
0.00 34.25
0.00 34.26
0.00 34.27
0.00 34.28
0.00 34.29
0.00 34.29
0.00 34.29
0.00 34.30
0.00 34.30
0.00 34.30
0.00 34.30
0.00 34.31
0.00 34.31
0.00 34.30
0.00 34.29
0.00 34.29
0.17 34.28
0.03 34.27
0.01 34.27
0.14 34.29
0.01 34.28
0.00 34.29
0.00 34.29
0.00 34.28
0.00 34.28
0.00 34.28
0.00 34.28
0.00 34.28
0.00 34.27
0.00 34.27
0.00 34.27
0.00 34.27
0.00 34.27
0.00 34.27
0.00 34.27
0.00 34.27
0.00 34.27
0.00 34.27
0.00 34.27
0.00 34.28
0.00 34.28
0.00 34.28
0.00 34.29
0.00 34.30
0.00 34.30
0.00 34.30
0.00 34.31
0.00 34.31
0.00 34.32
0.00 34.32
0.00 34.33
0.00 34.33
0.00 34.33
0.00 34.33
0.00 34.33
0.00 34.33
0.00 34.33
0.00 34.33
0.00 34.33
0.00 34.32
0.00 34.32
0.00 34.31
0.00 34.31
0.00 34.31
0.00 34.31
0.00 34.30
0.00 34.29
0.00 34.28
0.00 34.27
0.00 34.27
0.00 34.26
0.00 34.26
0.00 34.25
0.00 34.25
0.00 34.24
0.00 34.24
0.00 34.23
0.00 34.23
0.00 34.23
0.00 34.23
0.00 34.23
0.00 34.22
0.00 34.23
0.00 34.23
0.00 34.23
0.00 34.23
0.00 34.23
0.00 34.23
0.00 34.24
0.08 34.24
0.01 34.25
0.00 34.25
0.00 34.25
0.00 34.26
0.00 34.26
0.00 34.28
0.00 34.28
0.00 34.29
0.00 34.29
0.00 34.29
0.00 34.29
0.00 34.29
0.00 34.29
0.00 34.30
0.00 34.30
0.00 34.30
0.00 34.30
0.00 34.30
0.00 34.30
0.00 34.31
0.00 34.31
0.00 34.31
0.00 34.30
0.00 34.29
0.00 34.29
0.00 34.28
0.00 34.28
0.00 34.27
0.00 34.27
0.00 34.27
0.00 34.26
0.00 34.26
0.00 34.26
0.00 34.26
0.00 34.26
0.00 34.25
0.00 34.26
0.00 34.25
0.00 34.25
0.00 34.25
0.00 34.25
0.00 34.25
0.00 34.24
0.00 34.25
0.00 34.25
0.00 34.25
0.00 34.25
0.00 34.25
0.00 34.25
0.00 34.26
0.00 34.26
0.00 34.27
0.00 34.27
0.00 34.27
0.00 34.28
0.00 34.28
0.00 34.28
0.00 34.29
0.00 34.30
0.00 34.30
0.00 34.30
0.00 34.30
0.00 34.30
0.00 34.30
0.00 34.30
0.00 34.29
0.00 34.29
0.00 34.28
0.00 34.28
0.00 34.28
0.00 34.27
0.00 34.26
0.00 34.25
0.00 34.25
0.00 34.24
0.00 34.23
0.00 34.22
0.00 34.22
0.00 34.21
0.00 34.21
0.00 34.20
0.00 34.20
0.00 34.19
0.00 34.19
0.00 34.18
0.00 34.17
0.00 34.17
0.00 34.16
0.00 34.16
0.00 34.16
0.00 34.15
0.00 34.15
0.00 34.15
0.00 34.15
0.00 34.15
0.00 34.16
0.00 34.17
0.00 34.17
0.00 34.18
0.00 34.18
0.00 34.18
0.00 34.19
0.00 34.20
0.00 34.20
0.00 34.22
0.00 34.23
0.00 34.24
0.00 34.24
0.00 34.25
0.00 34.25
0.00 34.25
0.00 34.26
0.00 34.26
0.00 34.26
0.00 34.27
0.00 34.26
0.00 34.26
0.00 34.26
0.00 34.26
0.00 34.26
0.00 34.25
0.00 34.26
0.00 34.26
0.00 34.26
0.00 34.26
0.00 34.25
0.00 34.25
0.00 34.25
0.00 34.25
0.00 34.24
0.00 34.24
0.00 34.24
0.00 34.23
0.00 34.23
0.00 34.22
0.00 34.21
0.00 34.21
0.00 34.20
0.00 34.20
0.00 34.20
0.00 34.20
0.00 34.20
0.00 34.20
0.00 34.21
0.00 34.21
0.00 34.22
0.00 34.22
0.00 34.23
0.00 34.23
0.00 34.24
0.00 34.25
0.00 34.26
0.00 34.26
0.00 34.27
0.00 34.27
0.00 34.28
0.00 34.28
0.00 34.29
0.00 34.29
0.00 34.28
0.00 34.29
0.00 34.29
0.00 34.29
0.00 34.29
0.00 34.29
0.00 34.29
0.00 34.28
0.00 34.28
0.00 34.28
0.00 34.27
0.00 34.27
0.00 34.26
0.00 34.25
0.00 34.25
0.00 34.23
0.00 34.22
0.00 34.22
0.00 34.20
0.00 34.20
0.00 34.19
0.00 34.18
0.00 34.17
0.00 34.17
0.00 34.17
0.00 34.16
0.00 34.16
0.00 34.15
0.00 34.16
0.00 34.16
0.00 34.16
0.00 34.16
0.00 34.17
0.00 34.17
0.00 34.17
0.00 34.18
0.00 34.18
0.00 34.20
0.00 34.20
0.00 34.21
0.00 34.22
0.00 34.22
0.00 34.23
0.00 34.24
0.00 34.25
0.00 34.26
0.00 34.27
0.00 34.28
0.00 34.28
0.00 34.29
0.00 34.29
0.00 34.30
0.00 34.30
0.00 34.30
0.00 34.31
0.00 34.31
0.00 34.31
0.00 34.31
0.00 34.31
0.00 34.30
0.00 34.31
0.00 34.30
0.00 34.29
0.00 34.28
0.00 34.28
0.00 34.28
0.00 34.28
0.00 34.28
0.00 34.27
0.00 34.25
0.00 34.25
0.00 34.25
0.00 34.24
0.00 34.24
0.00 34.23
0.00 34.23
0.00 34.23
0.00 34.23
0.00 34.23
0.00 34.23
0.00 34.24
0.00 34.24
0.00 34.24
0.00 34.25
0.00 34.25
0.00 34.26
0.00 34.26
0.00 34.27
0.00 34.28
0.00 34.28
0.00 34.29
0.00 34.30
0.00 34.31
0.00 34.31
0.00 34.32
0.00 34.32
0.00 34.32
0.00 34.32
0.00 34.33
0.00 34.32
0.00 34.32
0.00 34.32
0.00 34.32
0.00 34.31
0.00 34.31
0.00 34.30
0.00 34.29
0.00 34.29
0.00 34.28
0.00 34.27
0.00 34.26
0.00 34.25
0.00 34.24
0.00 34.23
0.00 34.22
0.00 34.21
0.00 34.21
0.00 34.19
0.00 34.19
0.00 34.18
0.00 34.18
0.00 34.17
0.00 34.16
0.00 34.16
0.00 34.16
0.00 34.16
0.00 34.16
0.00 34.16
0.00 34.16
0.00 34.16
0.00 34.17
0.00 34.18
0.00 34.18
0.00 34.19
0.00 34.19
0.00 34.20
0.00 34.21
0.00 34.22
0.00 34.23
0.00 34.24
0.00 34.24
0.00 34.26
0.00 34.27
0.00 34.27
0.00 34.28
0.00 34.29
0.00 34.29
0.00 34.30
0.00 34.31
0.00 34.31
0.00 34.32
0.00 34.32
0.00 34.32
0.00 34.32
0.00 34.32
0.00 34.32
0.00 34.32
0.00 34.32
0.00 34.32
0.00 34.31
0.00 34.31
0.00 34.30
0.00 34.29
0.00 34.29
0.00 34.28
0.00 34.27
0.00 34.26
0.00 34.26
0.00 34.25
0.00 34.24
0.00 34.24
0.00 34.24
0.00 34.23
0.00 34.23
0.00 34.22
0.00 34.22
0.00 34.22
0.00 34.22
0.00 34.22
0.00 34.22
0.00 34.23
0.00 34.23
0.00 34.23
0.00 34.23
0.00 34.24
0.00 34.25
0.00 34.26
0.00 34.26
0.00 34.27
0.00 34.29
0.00 34.29
0.00 34.29
0.00 34.30
0.00 34.30
0.00 34.31
0.00 34.32
0.00 34.31
0.00 34.30
0.00 34.30
0.00 34.31
0.00 34.30
0.00 34.30
0.00 34.28
0.00 34.29
0.00 34.28
0.00 34.27
0.00 34.27
0.00 34.26
0.00 34.25
0.00 34.24
0.00 34.23
0.00 34.23
0.00 34.22
0.00 34.22
0.00 34.21
0.00 34.20
0.00 34.20
0.00 34.19
0.00 34.18
0.00 34.17
0.00 34.16
0.00 34.16
0.00 34.15
0.00 34.16
0.00 34.16
0.00 34.16
0.00 34.16
0.00 34.16
0.00 34.17
0.00 34.17
0.00 34.18
0.00 34.18
0.00 34.19
0.00 34.20
0.00 34.21
0.00 34.22
0.00 34.23
0.00 34.24
0.00 34.25
0.00 34.26
0.00 34.26
0.00 34.27
0.00 34.27
0.00 34.28
0.00 34.29
0.00 34.29
0.00 34.29
0.00 34.30
0.00 34.30
0.00 34.30
0.00 34.31
0.00 34.30
0.00 34.30
0.00 34.30
0.00 34.30
0.00 34.29
0.00 34.28
0.00 34.27
0.00 34.27
0.00 34.26
0.00 34.25
0.00 34.24
0.00 34.22
0.00 34.21
0.00 34.21
0.00 34.20
0.00 34.19
0.00 34.18
0.00 34.18
0.00 34.18
0.00 34.18
0.00 34.18
0.00 34.19
0.00 34.19
0.00 34.19
0.00 34.19
0.00 34.19
0.00 34.19
0.00 34.19
0.00 34.19
0.00 34.20
0.00 34.20
0.00 34.21
0.00 34.22
0.00 34.23
0.00 34.23
0.00 34.24
0.00 34.25
0.00 34.25
0.00 34.26
0.00 34.26
0.00 34.27
0.00 34.28
0.00 34.28
0.00 34.28
0.00 34.28
0.00 34.28
0.00 34.27
0.00 34.27
0.00 34.27
0.00 34.26
0.00 34.26
0.00 34.25
0.00 34.25
0.00 34.25
0.00 34.23
0.00 34.22
0.00 34.21
0.00 34.21
0.00 34.20
0.00 34.19
0.00 34.18
0.00 34.17
0.00 34.17
0.00 34.16
0.00 34.16
0.00 34.15
0.00 34.15
0.00 34.15
0.00 34.15
0.00 34.15
0.00 34.15
0.00 34.15
0.07 34.13
0.13 34.13
0.01 34.13
0.00 34.13
0.00 34.14
0.00 34.15
0.00 34.16
0.00 34.15
0.00 34.17
0.00 34.18
0.00 34.18
0.00 34.18
0.00 34.18
0.00 34.19
0.00 34.19
0.00 34.20
0.00 34.21
0.00 34.22
0.00 34.23
0.00 34.22
0.00 34.22
0.00 34.23
0.00 34.24
0.00 34.25
0.00 34.25
0.00 34.26
0.00 34.27
0.00 34.27
0.00 34.27
0.00 34.26
0.00 34.25
0.00 34.25
0.00 34.24
0.00 34.23
0.00 34.22
0.00 34.22
0.00 34.21
0.00 34.20
0.00 34.19
0.00 34.18
0.00 34.17
0.00 34.17
0.00 34.16
0.00 34.16
0.00 34.15
0.00 34.14
0.00 34.14
0.00 34.14
0.00 34.14
0.00 34.14
0.00 34.14
0.00 34.14
0.00 34.15
0.00 34.16
0.00 34.16
0.00 34.17
0.00 34.17
0.00 34.18
0.00 34.18
0.00 34.19
0.00 34.19
0.00 34.20
0.00 34.20
0.00 34.21
0.00 34.22
0.00 34.22
0.00 34.22
0.00 34.23
0.00 34.23
0.00 34.23
0.00 34.23
0.00 34.23
0.00 34.23
0.00 34.24
0.00 34.24
0.00 34.23
0.00 34.22
0.01 34.21
0.00 34.21
0.00 34.20
0.00 34.20
0.00 34.20
0.00 34.19
0.00 34.19
0.00 34.18
0.00 34.17
0.00 34.16
0.00 34.15
0.00 34.15
0.00 34.14
0.00 34.14
0.00 34.13
0.00 34.13
0.00 34.13
0.00 34.13
0.00 34.13
0.00 34.13
0.00 34.13
0.04 34.13
0.00 34.13
0.00 34.13
0.00 34.12
0.00 34.13
0.00 34.13
0.01 34.15
0.01 34.15
0.01 34.14
0.28 34.14
0.41 34.16
0.28 34.17
0.12 34.19
0.01 34.20
0.00 34.21
0.00 34.21
0.00 34.22
0.00 34.23
0.00 34.23
0.00 34.23
0.00 34.23
0.00 34.24
0.00 34.24
0.00 34.24
0.00 34.24
0.00 34.25
0.00 34.25
0.00 34.25
0.00 34.25
0.00 34.25
0.00 34.24
0.00 34.24
0.00 34.24
0.00 34.23
0.00 34.22
0.00 34.22
0.00 34.21
0.00 34.20
0.00 34.19
0.00 34.18
0.00 34.18
0.00 34.17
0.00 34.17
0.00 34.16
0.00 34.16
0.00 34.15
0.00 34.15
0.00 34.15
0.00 34.15
0.00 34.15
0.00 34.16
0.00 34.16
0.00 34.16
0.00 34.16
0.00 34.17
0.00 34.17
0.00 34.18
0.00 34.18
0.00 34.19
0.00 34.20
0.00 34.20
0.00 34.21
0.00 34.21
0.00 34.23
0.00 34.23
0.00 34.24
0.00 34.23
0.00 34.24
0.00 34.24
0.00 34.24
0.00 34.24
0.00 34.25
0.00 34.25
0.00 34.25
0.00 34.25
0.00 34.24
0.00 34.24
0.00 34.24
0.00 34.24
0.00 34.22
0.00 34.21
0.00 34.21
0.00 34.20
0.00 34.20
0.00 34.19
0.00 34.18
0.00 34.18
0.00 34.17
0.03 34.16
0.03 34.17
0.04 34.16
0.47 34.17
0.02 34.18
0.00 34.17
0.00 34.16
0.00 34.16
0.00 34.16
0.00 34.15
0.00 34.16
0.00 34.16
0.00 34.17
0.00 34.18
0.00 34.18
0.00 34.19
0.00 34.20
0.00 34.21
0.00 34.22
0.00 34.22
0.00 34.23
0.00 34.23
0.00 34.24
0.00 34.24
0.00 34.24
0.00 34.24
0.00 34.24
0.00 34.25
0.00 34.25
0.00 34.26
0.00 34.26
0.00 34.27
0.00 34.27
0.00 34.27
0.00 34.27
0.00 34.27
0.00 34.27
0.00 34.27
0.00 34.28
0.00 34.28
0.00 34.27
0.00 34.27
0.00 34.26
0.00 34.26
0.00 34.25
0.00 34.24
0.00 34.23
0.00 34.22
0.00 34.22
0.00 34.22
0.00 34.21
0.00 34.22
0.00 34.21
0.00 34.21
0.00 34.20
0.00 34.20
0.00 34.19
0.00 34.20
0.00 34.19
0.00 34.20
0.00 34.20
0.00 34.21
0.00 34.21
0.00 34.21
0.00 34.21
0.00 34.21
0.00 34.21
0.00 34.22
0.00 34.22
0.00 34.23
0.00 34.22
0.00 34.23
0.00 34.23
0.00 34.23
0.00 34.24
0.00 34.24
0.00 34.25
0.00 34.25
0.00 34.25
0.00 34.24
0.00 34.24
0.00 34.24
0.00 34.24
0.00 34.24
0.00 34.25
0.00 34.25
0.00 34.25
0.00 34.25
0.00 34.25
0.00 34.25
0.00 34.25
0.00 34.24
0.00 34.24
0.00 34.23
0.00 34.22
0.00 34.22
0.00 34.22
0.00 34.21
0.00 34.21
0.00 34.21
0.00 34.20
0.00 34.21
0.00 34.20
0.00 34.20
0.00 34.20
0.00 34.21
0.00 34.21
0.00 34.21
0.00 34.21
0.00 34.22
0.00 34.22
0.00 34.22
0.00 34.23
0.00 34.24
0.00 34.25
0.00 34.24
0.00 34.24
0.00 34.24
0.00 34.24
0.00 34.25
0.00 34.25
0.00 34.25
0.00 34.25
0.00 34.25
0.00 34.26
0.00 34.25
0.00 34.26
0.00 34.25
0.00 34.25
0.00 34.25
0.23 34.24
0.40 34.25
0.03 34.24
0.00 34.24
0.00 34.24
0.00 34.24
0.04 34.26
0.01 34.26
0.02 34.28
0.01 34.29
0.00 34.30
0.00 34.30
0.00 34.29
0.00 34.28
0.00 34.27
0.00 34.26
0.00 34.26
0.00 34.25
0.00 34.25
0.00 34.24
0.00 34.23
0.00 34.23
0.00 34.23
0.00 34.23
0.00 34.22
0.00 34.22
0.00 34.22
0.00 34.22
0.00 34.22
0.00 34.22
0.00 34.22
0.00 34.23
0.00 34.23
0.00 34.23
0.00 34.23
0.00 34.23
0.00 34.23
0.00 34.24
0.00 34.24
0.00 34.24
0.00 34.24
0.00 34.24
0.00 34.24
0.00 34.25
0.00 34.25
0.00 34.25
0.00 34.25
0.00 34.25
0.00 34.26
0.00 34.26
0.00 34.26
0.00 34.26
0.00 34.27
0.00 34.27
0.00 34.28
0.00 34.27
0.00 34.28
0.00 34.28
0.00 34.28
0.00 34.27
0.00 34.27
0.00 34.27
0.00 34.27
0.00 34.27
0.00 34.27
0.00 34.27
0.00 34.26
0.00 34.27
0.00 34.27
0.00 34.27
0.00 34.26
0.00 34.26
0.00 34.27
0.00 34.27
0.00 34.27
0.00 34.27
0.26 34.26
0.39 34.27
0.09 34.27
0.01 34.27
0.00 34.28
0.00 34.28
0.00 34.29
0.00 34.30
0.00 34.30
0.00 34.31
0.00 34.32
0.00 34.32
0.00 34.32
0.00 34.33
0.00 34.33
0.00 34.33
0.00 34.34
0.00 34.34
0.00 34.34
0.00 34.34
0.00 34.35
0.00 34.35
0.00 34.35
0.00 34.35
0.00 34.35
0.00 34.35
0.00 34.35
0.00 34.34
0.00 34.34
0.00 34.34
0.00 34.33
0.00 34.33
0.00 34.32
0.00 34.32
0.00 34.32
0.00 34.32
0.00 34.32
0.00 34.32
0.00 34.33
0.00 34.32
0.00 34.32
0.00 34.31
0.00 34.32
0.00 34.32
0.00 34.32
0.00 34.32
0.00 34.32
0.00 34.32
0.00 34.32
0.00 34.32
0.00 34.32
0.00 34.31
0.00 34.32
0.00 34.32
0.00 34.32
0.00 34.32
0.00 34.32
0.00 34.31
0.00 34.31
0.00 34.31
0.00 34.31
0.00 34.31
0.00 34.31
0.00 34.31
0.00 34.30
0.00 34.30
0.00 34.30
0.00 34.31
0.00 34.31
0.00 34.32
0.00 34.32
0.00 34.31
0.00 34.32
0.00 34.32
0.00 34.32
0.00 34.32
0.00 34.32
0.00 34.32
0.00 34.32
0.00 34.33
0.00 34.33
0.00 34.33
0.00 34.33
0.00 34.33
0.00 34.33
0.00 34.34
0.00 34.34
0.00 34.33
0.00 34.33
0.00 34.34
0.00 34.34
0.00 34.34
0.00 34.34
0.00 34.34
0.00 34.35
0.00 34.35
0.00 34.35
0.00 34.35
0.01 34.35
0.00 34.36
0.00 34.34
0.00 34.34
0.00 34.35
0.00 34.35
0.00 34.36
0.00 34.36
0.00 34.37
0.00 34.37
0.00 34.38
0.00 34.38
0.00 34.38
0.00 34.38
0.00 34.39
0.00 34.38
0.00 34.38
0.00 34.37
0.00 34.37
0.00 34.38
0.00 34.38
0.00 34.37
0.00 34.38
0.00 34.38
0.00 34.37
0.00 34.37
0.00 34.37
0.00 34.36
0.00 34.36
0.00 34.36
0.00 34.36
0.00 34.36
0.00 34.36
0.00 34.36
0.00 34.36
0.00 34.36
0.00 34.36
0.00 34.36
0.00 34.36
0.00 34.37
0.00 34.36
0.00 34.36
0.00 34.36
0.00 34.36
0.00 34.36
0.00 34.36
0.00 34.36
0.00 34.36
0.00 34.36
0.00 34.36
0.00 34.36
0.00 34.35
0.00 34.35
0.00 34.35
0.00 34.35
0.00 34.35
0.00 34.35
0.00 34.35
0.00 34.35
0.00 34.35
0.00 34.35
0.00 34.35
0.00 34.34
0.00 34.34
0.00 34.34
0.00 34.34
0.00 34.34
0.00 34.34
0.00 34.34
0.00 34.35
0.00 34.34
0.00 34.34
0.00 34.35
0.00 34.35
0.00 34.35
0.00 34.35
0.00 34.35
0.00 34.35
0.00 34.35
0.00 34.35
0.00 34.36
0.00 34.36
0.00 34.37
0.00 34.37
0.00 34.37
0.00 34.37
0.00 34.38
0.00 34.38
0.00 34.37
0.00 34.38
0.00 34.38
0.01 34.36
0.20 34.37
0.06 34.37
0.02 34.39
0.02 34.40
0.00 34.40
0.00 34.41
0.00 34.41
0.00 34.41
0.00 34.41
0.00 34.41
0.00 34.41
0.00 34.42
0.00 34.43
0.00 34.43
0.00 34.42
0.00 34.42
0.00 34.42
0.00 34.41
0.00 34.41
0.00 34.41
0.00 34.41
0.00 34.41
0.00 34.42
0.00 34.42
0.00 34.41
0.00 34.41
0.00 34.41
0.00 34.42
0.00 34.42
0.00 34.42
0.00 34.41
0.00 34.41
0.00 34.40
0.00 34.40
0.00 34.40
0.00 34.40
0.00 34.40
0.00 34.40
0.00 34.40
0.00 34.40
0.00 34.41
0.00 34.41
0.00 34.41
0.00 34.42
0.00 34.42
0.00 34.42
0.00 34.42
0.00 34.42
0.00 34.42
0.00 34.43
0.00 34.43
0.00 34.43
0.00 34.43
0.00 34.43
0.00 34.43
0.00 34.43
0.00 34.43
0.00 34.43
0.00 34.43
0.00 34.42
0.00 34.42
0.00 34.42
0.00 34.42
0.00 34.41
0.00 34.41
0.00 34.41
0.00 34.40
0.00 34.40
0.00 34.40
0.00 34.40
0.00 34.40
0.00 34.40
0.00 34.40
0.00 34.40
0.00 34.39
0.00 34.39
0.00 34.39
0.00 34.39
0.00 34.39
0.00 34.39
0.00 34.39
0.00 34.39
0.00 34.40
0.00 34.40
0.00 34.40
0.00 34.41
0.00 34.42
0.00 34.42
0.00 34.42
0.00 34.44
0.00 34.44
0.00 34.44
0.00 34.44
0.00 34.45
0.00 34.46
0.00 34.46
0.00 34.47
0.00 34.48
0.00 34.47
0.00 34.48
0.00 34.48
0.00 34.48
0.00 34.48
0.00 34.48
0.00 34.49
0.00 34.49
0.00 34.49
0.00 34.48
0.00 34.48
0.00 34.48
0.00 34.48
0.00 34.49
0.00 34.49
0.00 34.49
0.00 34.49
0.00 34.48
0.00 34.49
0.00 34.48
0.00 34.48
0.00 34.48
0.00 34.48
0.00 34.48
0.00 34.47
0.00 34.47
0.00 34.47
0.00 34.47
0.00 34.47
0.00 34.46
0.00 34.47
0.00 34.47
0.00 34.47
0.00 34.47
0.00 34.48
0.00 34.48
0.00 34.48
0.00 34.49
0.00 34.49
0.00 34.48
0.00 34.49
0.00 34.49
0.00 34.49
0.00 34.49
0.00 34.49
0.00 34.49
0.00 34.49
0.00 34.49
0.00 34.49
0.00 34.49
0.00 34.49
0.00 34.49
0.00 34.49
0.00 34.49
0.00 34.49
0.00 34.49
0.00 34.49
0.00 34.48
0.00 34.48
0.00 34.48
0.00 34.47
0.00 34.47
0.00 34.46
0.00 34.46
0.00 34.45
0.00 34.45
0.00 34.45
0.00 34.44
0.00 34.43
0.00 34.43
0.00 34.42
0.00 34.42
0.00 34.42
0.00 34.42
0.00 34.42
0.00 34.42
0.00 34.41
0.00 34.42
0.00 34.42
0.00 34.42
0.00 34.42
0.00 34.43
0.00 34.43
0.00 34.43
0.00 34.43
0.00 34.44
0.08 34.44
0.06 34.45
0.00 34.45
0.00 34.45
0.00 34.46
0.00 34.46
0.00 34.46
0.00 34.47
0.00 34.48
0.00 34.49
0.00 34.50
0.00 34.51
0.00 34.50
0.00 34.50
0.00 34.50
0.02 34.50
0.16 34.49
0.00 34.50
0.00 34.51
0.00 34.50
0.00 34.50
0.00 34.50
0.00 34.49
0.00 34.49
0.00 34.49
0.00 34.49
0.00 34.49
0.00 34.48
0.00 34.47
0.00 34.48
0.00 34.47
0.00 34.47
0.00 34.49
0.00 34.49
0.00 34.49
0.00 34.48
0.00 34.47
0.00 34.46
0.00 34.46
0.00 34.46
0.00 34.46
0.00 34.47
0.00 34.47
0.00 34.47
0.00 34.47
0.00 34.48
0.00 34.47
0.00 34.48
0.00 34.48
0.00 34.49
0.00 34.49
0.00 34.50
0.00 34.50
0.00 34.50
0.00 34.51
0.00 34.51
0.00 34.52
0.00 34.52
0.00 34.53
0.00 34.53
0.00 34.53
0.00 34.53
0.00 34.53
0.00 34.53
0.00 34.52
0.00 34.52
0.00 34.52
0.00 34.51
0.00 34.51
0.00 34.50
0.00 34.50
0.00 34.49
0.00 34.49
0.00 34.48
0.00 34.47
0.00 34.46
0.00 34.46
0.02 34.46
0.00 34.45
0.00 34.44
0.00 34.44
0.00 34.44
0.00 34.43
0.00 34.43
0.00 34.42
0.00 34.43
0.00 34.42
0.00 34.43
0.00 34.43
0.01 34.43
0.00 34.42
0.01 34.43
0.00 34.43
0.00 34.43
0.00 34.44
0.00 34.44
0.00 34.44
0.00 34.45
0.00 34.47
0.00 34.47
0.00 34.48
0.00 34.49
0.00 34.50
0.00 34.50
0.00 34.51
0.00 34.52
0.00 34.53
0.00 34.55
0.00 34.55
0.00 34.56
0.00 34.56
0.00 34.57
0.00 34.57
0.00 34.56
0.00 34.56
0.00 34.56
0.00 34.56
0.00 34.56
0.00 34.56
0.00 34.56
0.00 34.56
0.00 34.55
0.00 34.55
0.00 34.54
0.00 34.55
0.00 34.55
0.00 34.55
0.00 34.53
0.00 34.53
0.00 34.53
0.00 34.52
0.00 34.51
0.00 34.52
0.00 34.51
0.00 34.51
0.00 34.50
0.00 34.50
0.00 34.49
0.00 34.49
0.00 34.49
0.00 34.50
0.00 34.50
0.00 34.51
0.00 34.51
0.00 34.51
0.00 34.52
0.00 34.53
0.00 34.54
0.00 34.54
0.00 34.54
0.00 34.55
0.00 34.56
0.00 34.56
0.00 34.57
0.00 34.57
0.00 34.58
0.00 34.58
0.00 34.59
0.00 34.59
0.00 34.59
0.00 34.58
0.00 34.58
0.00 34.58
0.00 34.59
0.00 34.58
0.00 34.57
0.00 34.57
0.00 34.56
0.00 34.56
0.00 34.55
0.00 34.55
0.00 34.55
0.00 34.54
0.00 34.53
0.00 34.52
0.00 34.52
0.00 34.52
0.00 34.51
0.00 34.50
0.00 34.51
0.00 34.50
0.00 34.50
0.00 34.50
0.00 34.50
0.00 34.49
0.00 34.49
0.00 34.49
0.00 34.50
0.00 34.50
0.00 34.51
0.00 34.51
0.00 34.51
0.00 34.53
0.00 34.53
0.11 34.52
0.00 34.52
0.00 34.53
0.00 34.55
0.00 34.54
0.00 34.55
0.00 34.56
0.00 34.57
0.00 34.58
0.00 34.59
0.00 34.59
0.00 34.60
0.00 34.61
0.00 34.61
0.00 34.61
0.00 34.62
0.00 34.63
0.00 34.64
0.00 34.65
0.00 34.64
0.00 34.64
0.00 34.64
0.00 34.64
0.00 34.63
0.00 34.63
0.00 34.63
0.00 34.62
0.00 34.61
0.00 34.60
0.00 34.61
0.00 34.60
0.00 34.60
0.00 34.61
0.00 34.60
0.00 34.59
0.00 34.58
0.00 34.58
0.00 34.58
0.00 34.58
0.00 34.58
0.00 34.58
0.00 34.58
0.00 34.58
0.00 34.58
0.00 34.59
0.00 34.59
0.00 34.59
0.00 34.60
0.00 34.61
0.00 34.62
0.00 34.62
0.00 34.62
0.00 34.63
0.00 34.64
0.00 34.65
0.00 34.65
0.00 34.66
0.00 34.67
0.00 34.67
0.00 34.67
0.00 34.68
0.00 34.68
0.00 34.68
0.00 34.68
0.00 34.69
0.00 34.68
0.00 34.68
0.00 34.68
0.00 34.68
0.00 34.67
0.00 34.67
0.00 34.66
0.00 34.65
0.00 34.64
0.00 34.64
0.00 34.64
0.00 34.63
0.00 34.63
0.00 34.63
0.00 34.62
0.00 34.62
0.00 34.61
0.00 34.60
0.00 34.60
0.00 34.59
0.00 34.59
0.00 34.59
0.00 34.58
0.00 34.58
0.00 34.58
0.00 34.58
0.00 34.58
0.00 34.59
0.00 34.60
0.00 34.60
0.00 34.60
0.00 34.60
0.00 34.61
0.00 34.63
0.00 34.63
0.00 34.63
0.00 34.64
0.00 34.65
0.00 34.66
0.00 34.67
0.00 34.68
0.00 34.69
0.00 34.70
0.01 34.70
0.01 34.71
0.00 34.71
0.00 34.73
0.00 34.74
0.00 34.74
0.00 34.74
0.00 34.75
0.00 34.75
0.00 34.75
0.00 34.75
0.00 34.75
0.00 34.75
0.00 34.74
0.00 34.73
0.00 34.73
0.00 34.72
0.00 34.71
0.00 34.70
0.00 34.70
0.00 34.70
0.00 34.69
0.00 34.69
0.00 34.69
0.00 34.68
0.00 34.68
0.00 34.67
0.00 34.67
0.00 34.67
0.00 34.67
0.00 34.67	