13.3 9.7
13.3 9.7
13.3 9.6
13.2 9.6
13.2 9.6
13.2 9.6
13.1 9.6
13.1 9.6
13.0 9.5
13.0 9.5
12.9 9.5
12.9 9.5
12.8 9.5
12.8 9.5
12.7 9.5
12.7 9.5
12.7 9.5
12.7 9.5
12.7 9.5
12.7 9.5
12.7 9.6
12.7 9.6
12.8 9.6
12.8 9.6
12.9 9.7
13.0 9.7
13.1 9.7
13.2 9.8
13.4 9.8
13.5 9.8
13.6 9.8
13.7 9.8
13.7 9.8
13.8 9.8
13.8 9.8
13.8 9.8
13.8 9.8
13.8 9.8
13.8 9.8
13.8 9.8
13.8 9.7
13.8 9.7
13.7 9.7
13.7 9.7
13.7 9.6
13.7 9.6
13.7 9.6
13.7 9.6
13.6 9.6
13.6 9.5
13.6 9.5
13.6 9.5
13.6 9.5
13.6 9.4
13.6 9.4
13.5 9.4
13.5 9.4
13.5 9.4
13.5 9.4
13.4 9.3
13.4 9.3
13.4 9.3
13.4 9.3
13.3 9.3
13.3 9.3
13.3 9.3
13.3 9.3
13.3 9.3
13.3 9.3
13.4 9.4
13.5 9.4
13.6 9.4
13.6 9.4
13.8 9.5
13.9 9.5
14.0 9.6
14.1 9.6
14.1 9.6
14.1 9.6
14.2 9.6
14.2 9.6
14.2 9.6
14.2 9.6
14.1 9.6
14.1 9.6
14.1 9.6
14.1 9.6
14.1 9.6
14.1 9.6
14.1 9.5
14.1 9.5
14.1 9.5
14.1 9.5
14.1 9.4
14.0 9.4
14.0 9.4
14.0 9.4
13.9 9.4
13.9 9.4
13.9 9.4
13.9 9.4
13.9 9.3
13.9 9.3
13.9 9.3
13.9 9.3
13.8 9.2
13.8 9.2
13.8 9.2
13.8 9.2
13.8 9.2
13.8 9.2
13.7 9.2
13.7 9.2
13.7 9.2
13.7 9.2
13.7 9.2
13.7 9.2
13.8 9.2
13.8 9.3
13.8 9.3
13.9 9.3
14.0 9.4
14.0 9.4
14.1 9.4
14.2 9.4
14.1 9.5
14.1 9.5
14.1 9.5
14.1 9.5
14.1 9.5
14.0 9.6
14.0 9.6
14.0 9.6
13.9 9.6
13.9 9.6
13.8 9.6
13.7 9.6
13.7 9.6
13.6 9.6
13.6 9.6
13.5 9.5
13.5 9.5
13.4 9.5
13.4 9.5
13.3 9.5
13.2 9.5
13.1 9.5
13.1 9.5
13.1 9.5
13.0 9.5
13.0 9.5
13.0 9.5
12.9 9.5
12.9 9.5
12.8 9.5
12.8 9.5
12.8 9.4
12.7 9.4
12.7 9.4
12.7 9.4
12.6 9.4
12.6 9.5
12.6 9.5
12.6 9.5
12.6 9.5
12.6 9.6
12.7 9.6
12.7 9.6
12.8 9.7
13.0 9.7
13.1 9.7
13.2 9.8
13.3 9.8
13.3 9.8
13.4 9.8
13.5 9.8
13.5 9.9
13.6 9.9
13.6 9.9
13.5 9.9
13.5 9.9
13.5 9.9
13.4 9.8
13.4 9.8
13.3 9.8
13.3 9.8
13.3 9.8
13.2 9.8
13.2 9.8
13.1 9.8
13.1 9.8
13.0 9.8
13.0 9.8
12.9 9.8
12.9 9.7
12.9 9.7
12.8 9.7
12.8 9.7
12.7 9.7
12.7 9.7
12.6 9.7
12.6 9.7
12.5 9.7
12.4 9.7
12.4 9.7
12.4 9.7
12.3 9.7
12.3 9.7
12.2 9.7
12.2 9.7
12.2 9.7
12.2 9.7
12.2 9.7
12.3 9.8
12.3 9.8
12.4 9.8
12.6 9.8
12.7 9.8
12.9 9.9
13.0 9.9
13.1 9.9
13.3 9.9
13.4 9.9
13.5 9.9
13.5 9.9
13.6 9.9
13.6 9.9
13.6 9.9
13.5 9.9
13.5 9.9
13.5 9.9
13.5 9.9
13.4 9.8
13.4 9.8
13.4 9.8
13.4 9.8
13.4 9.8
13.3 9.8
13.3 9.7
13.3 9.7
13.2 9.7
13.2 9.7
13.2 9.7
13.2 9.7
13.1 9.6
13.1 9.6
13.1 9.6
13.1 9.6
13.0 9.6
13.0 9.6
13.0 9.6
12.9 9.5
12.9 9.5
12.8 9.5
12.8 9.5
12.8 9.5
12.8 9.5
12.8 9.5
12.8 9.5
12.9 9.5
12.9 9.5
13.0 9.5
13.1 9.5
13.3 9.6
13.4 9.6
13.6 9.6
13.7 9.6
13.9 9.6
14.0 9.7
14.1 9.7
14.3 9.7
14.4 9.7
14.5 9.7
14.5 9.7
14.6 9.6
14.6 9.6
14.5 9.6
14.5 9.6
14.5 9.6
14.4 9.5
14.4 9.5
14.4 9.5
14.3 9.4
14.3 9.4
14.3 9.4
14.3 9.4
14.3 9.4
14.3 9.3
14.3 9.3
14.2 9.3
14.2 9.3
14.1 9.2
14.1 9.2
14.0 9.2
14.0 9.2
14.0 9.2
13.9 9.2
13.9 9.2
13.8 9.2
13.8 9.2
13.8 9.2
13.7 9.1
13.7 9.1
13.7 9.1
13.7 9.1
13.7 9.2
13.7 9.2
13.8 9.2
13.8 9.2
13.9 9.2
14.0 9.2
14.1 9.2
14.2 9.2
14.3 9.3
14.4 9.3
14.4 9.3
14.5 9.3
14.6 9.3
14.8 9.4
14.8 9.3
14.8 9.3
14.9 9.3
14.9 9.3
15.0 9.3
15.0 9.3
15.0 9.3
15.0 9.3
14.9 9.3
14.9 9.2
14.8 9.2
14.7 9.2
14.7 9.2
14.6 9.2
14.6 9.2
14.6 9.1
14.5 9.1
14.5 9.1
14.4 9.1
14.3 9.1
14.2 9.1
14.2 9.1
14.1 9.1
14.0 9.1
13.9 9.1
13.8 9.1
13.8 9.1
13.7 9.1
13.6 9.2
13.5 9.2
13.4 9.2
13.4 9.2
13.3 9.2
13.3 9.2
13.2 9.2
13.2 9.2
13.2 9.2
13.3 9.2
13.4 9.3
13.5 9.3
13.6 9.3
13.7 9.3
13.9 9.4
14.0 9.4
14.2 9.4
14.3 9.4
14.5 9.4
14.6 9.5
14.7 9.5
14.8 9.5
14.8 9.5
14.9 9.5
14.9 9.5
14.8 9.5
14.8 9.4
14.7 9.4
14.7 9.4
14.6 9.4
14.5 9.4
14.5 9.3
14.4 9.3
14.3 9.3
14.3 9.3
14.2 9.3
14.2 9.3
14.2 9.3
14.1 9.3
14.0 9.3
14.0 9.3
13.9 9.3
13.8 9.3
13.8 9.3
13.7 9.3
13.6 9.3
13.5 9.3
13.5 9.3
13.4 9.3
13.3 9.3
13.2 9.3
13.2 9.3
13.1 9.3
13.1 9.4
13.1 9.4
13.0 9.4
13.1 9.4
13.1 9.4
13.2 9.4
13.3 9.5
13.4 9.5
13.5 9.5
13.7 9.6
13.8 9.6
13.9 9.6
14.0 9.6
14.2 9.6
14.3 9.6
14.4 9.7
14.5 9.7
14.5 9.6
14.5 9.6
14.5 9.6
14.5 9.6
14.5 9.6
14.5 9.6
14.4 9.6
14.4 9.5
14.3 9.5
14.3 9.5
14.3 9.4
14.2 9.4
14.2 9.4
14.2 9.4
14.1 9.4
14.1 9.4
14.1 9.4
14.0 9.3
14.0 9.3
13.9 9.3
13.9 9.3
13.8 9.3
13.8 9.3
13.7 9.3
13.7 9.3
13.6 9.3
13.6 9.3
13.5 9.3
13.5 9.3
13.4 9.3
13.4 9.3
13.4 9.3
13.4 9.3
13.4 9.3
13.4 9.3
13.5 9.4
13.5 9.4
13.6 9.4
13.8 9.4
13.9 9.4
14.0 9.5
14.1 9.5
14.1 9.5
14.2 9.5
14.2 9.5
14.3 9.5
14.4 9.5
14.4 9.5
14.4 9.5
14.5 9.5
14.5 9.5
14.5 9.5
14.5 9.5
14.4 9.5
14.4 9.5
14.4 9.5
14.3 9.4
14.3 9.4
14.2 9.4
14.2 9.4
14.2 9.4
14.1 9.3
14.1 9.3
14.1 9.3
14.0 9.3
14.0 9.3
14.0 9.3
13.9 9.3
13.9 9.2
13.9 9.2
13.8 9.2
13.8 9.2
13.8 9.2
13.7 9.2
13.7 9.2
13.7 9.2
13.6 9.2
13.6 9.2
13.6 9.2
13.6 9.2
13.6 9.2
13.6 9.2
13.6 9.2
13.6 9.2
13.6 9.2
13.6 9.3
13.7 9.3
13.7 9.3
13.7 9.3
13.8 9.3
13.9 9.3
13.9 9.3
14.0 9.3
14.0 9.3
14.0 9.3
14.1 9.3
14.1 9.3
14.1 9.3
14.2 9.3
14.2 9.3
14.2 9.2
14.2 9.3
14.2 9.2
14.1 9.2
14.1 9.2
14.1 9.1
14.0 9.2
14.0 9.2
14.0 9.2
13.9 9.2
13.9 9.2
13.8 9.2
13.8 9.2
13.7 9.1
13.7 9.1
13.7 9.1
13.6 9.1
13.6 9.1
13.6 9.1
13.5 9.1
13.5 9.1
13.4 9.1
13.4 9.2
13.4 9.2
13.3 9.2
13.3 9.2
13.3 9.2
13.2 9.2
13.2 9.2
13.2 9.2
13.3 9.2
13.3 9.2
13.3 9.2
13.4 9.2
13.4 9.2
13.4 9.2
13.4 9.2
13.4 9.2
13.5 9.3
13.6 9.3
13.7 9.3
13.9 9.3
14.0 9.3
14.0 9.3
13.9 9.3
13.9 9.3
13.9 9.3
13.8 9.3
13.8 9.3
13.8 9.3
13.8 9.3
13.8 9.3
13.7 9.2
13.7 9.2
13.6 9.2
13.6 9.2
13.5 9.2
13.4 9.2
13.3 9.2
13.3 9.2
13.3 9.2
13.2 9.2
13.2 9.2
13.2 9.2
13.2 9.2
13.1 9.2
13.1 9.2
13.0 9.2
12.9 9.2
12.9 9.3
12.8 9.3
12.8 9.3
12.8 9.3
12.7 9.3
12.7 9.3
12.7 9.3
12.6 9.3
12.6 9.3
12.6 9.3
12.6 9.3
12.7 9.3
12.7 9.3
12.8 9.4
12.8 9.4
12.9 9.4
12.9 9.4
13.0 9.4
13.0 9.4
13.0 9.4
13.0 9.4
13.0 9.4
13.0 9.4
13.0 9.4
13.1 9.4
13.1 9.4
13.0 9.5
13.0 9.5
13.0 9.5
13.0 9.5
13.0 9.5
12.9 9.5
12.9 9.5
12.8 9.5
12.8 9.5
12.7 9.5
12.7 9.5
12.7 9.5
12.6 9.5
12.6 9.6
12.5 9.6
12.5 9.6
12.4 9.6
12.4 9.6
12.4 9.6
12.3 9.6
12.3 9.6
12.3 9.6
12.3 9.6
12.2 9.6
12.2 9.6
12.2 9.6
12.2 9.6
12.2 9.6
12.2 9.6
12.2 9.6
12.2 9.6
12.2 9.6
12.3 9.6
12.3 9.6
12.3 9.7
12.4 9.7
12.4 9.7
12.5 9.7
12.6 9.7
12.6 9.8
12.7 9.8
12.7 9.8
12.8 9.8
12.8 9.8
12.8 9.8
12.9 9.8
12.9 9.8
12.9 9.8
12.8 9.8
12.8 9.8
12.8 9.8
12.8 9.8
12.8 9.8
12.7 9.8
12.7 9.8
12.7 9.8
12.6 9.8
12.6 9.8
12.5 9.8
12.5 9.8
12.4 9.8
12.4 9.8
12.4 9.8
12.3 9.8
12.3 9.8
12.3 9.8
12.3 9.8
12.3 9.8
12.2 9.8
12.2 9.8
12.2 9.8
12.2 9.8
12.2 9.7
12.2 9.7
12.2 9.7
12.2 9.7
12.2 9.7
12.2 9.7
12.2 9.7
12.2 9.7
12.3 9.8
12.3 9.8
12.3 9.8
12.4 9.8
12.4 9.8
12.4 9.8
12.5 9.8
12.6 9.8
12.6 9.8
12.6 9.8
12.6 9.8
12.7 9.8
12.7 9.8
12.7 9.8
12.7 9.8
12.7 9.8
12.7 9.8
12.7 9.7
12.7 9.7
12.7 9.7
12.7 9.7
12.7 9.7
12.7 9.7
12.7 9.7
12.6 9.7
12.6 9.7
12.6 9.7
12.6 9.6
12.6 9.6
12.6 9.6
12.5 9.6
12.5 9.6
12.5 9.6
12.5 9.6
12.5 9.6
12.4 9.6
12.4 9.6
12.4 9.6
12.4 9.6
12.4 9.6
12.4 9.6
12.4 9.6
12.4 9.6
12.3 9.6
12.4 9.6
12.4 9.6
12.4 9.6
12.4 9.6
12.5 9.6
12.5 9.6
12.6 9.6
12.6 9.6
12.6 9.6
12.7 9.6
12.7 9.7
12.8 9.7
12.9 9.7
13.0 9.7
13.0 9.7
13.1 9.7
13.1 9.7
13.2 9.7
13.2 9.6
13.2 9.6
13.2 9.6
13.2 9.6
13.2 9.6
13.2 9.6
13.2 9.6
13.2 9.6
13.2 9.5
13.2 9.5
13.2 9.5
13.2 9.5
13.2 9.5
13.1 9.5
13.1 9.5
13.1 9.5
13.1 9.5
13.1 9.5
13.1 9.5
13.0 9.5
13.0 9.4
13.0 9.4
13.0 9.4
12.9 9.4
12.9 9.4
12.9 9.4
12.9 9.4
12.8 9.4
12.8 9.4
12.8 9.4
12.8 9.4
12.8 9.4
12.8 9.4
12.8 9.4
12.8 9.4
12.9 9.4
12.9 9.4
13.0 9.5
13.0 9.5
13.1 9.5
13.2 9.5
13.2 9.5
13.3 9.5
13.4 9.5
13.4 9.5
13.5 9.5
13.6 9.5
13.6 9.5
13.7 9.5
13.6 9.5
13.6 9.5
13.6 9.5
13.6 9.4
13.6 9.4
13.5 9.4
13.5 9.4
13.5 9.4
13.5 9.4
13.5 9.4
13.5 9.4
13.4 9.4
13.4 9.4
13.4 9.4
13.3 9.4
13.3 9.4
13.2 9.4
13.2 9.4
13.2 9.4
13.1 9.4
13.1 9.4
13.1 9.4
13.0 9.4
12.9 9.4
12.9 9.4
12.8 9.4
12.8 9.4
12.7 9.4
12.7 9.4
12.6 9.4
12.6 9.4
12.6 9.4
12.6 9.5
12.6 9.5
12.6 9.5
12.6 9.5
12.6 9.5
12.7 9.5
12.8 9.5
12.9 9.6
13.0 9.6
13.1 9.6
13.1 9.6
13.0 9.6
13.1 9.6
13.1 9.6
13.1 9.6
13.1 9.6
13.2 9.6
13.2 9.6
13.2 9.6
13.2 9.6
13.2 9.6
13.2 9.6
13.1 9.6
13.1 9.6
13.0 9.6
13.0 9.6
13.0 9.6
12.9 9.6
12.9 9.6
12.9 9.6
12.9 9.6
12.9 9.5
12.8 9.5
12.8 9.5
12.8 9.5
12.8 9.5
12.7 9.5
12.7 9.5
12.7 9.5
12.7 9.5
12.7 9.5
12.7 9.5
12.7 9.5
12.6 9.5
12.6 9.5
12.6 9.5
12.6 9.5
12.6 9.5
12.7 9.5
12.7 9.5
12.8 9.5
12.9 9.5
12.9 9.5
13.1 9.6
13.2 9.6
13.4 9.6
13.5 9.6
13.6 9.6
13.7 9.6
13.8 9.6
13.8 9.6
13.8 9.6
13.8 9.6
13.9 9.6
14.0 9.6
14.0 9.6
14.0 9.6
14.0 9.5
14.0 9.5
13.9 9.5
13.9 9.5
13.8 9.5
13.8 9.4
13.7 9.4
13.7 9.4
13.7 9.4
13.7 9.4
13.7 9.4
13.7 9.4
13.7 9.4
13.6 9.4
13.6 9.4
13.6 9.4
13.5 9.4
13.5 9.4
13.4 9.3
13.4 9.4
13.4 9.4
13.3 9.4
13.3 9.4
13.2 9.4
13.2 9.4
13.2 9.4
13.1 9.4
13.1 9.4
13.1 9.4
13.1 9.4
13.1 9.5
13.1 9.5
13.2 9.5
13.2 9.5
13.2 9.5
13.3 9.6
13.4 9.6
13.4 9.6
13.5 9.6
13.6 9.6
13.6 9.6
13.6 9.6
13.6 9.6
13.5 9.6
13.6 9.6
13.6 9.6
13.6 9.6
13.6 9.6
13.6 9.6
13.6 9.6
13.5 9.6
13.5 9.6
13.5 9.6
13.4 9.5
13.4 9.5
13.4 9.5
13.3 9.5
13.3 9.5
13.3 9.5
13.2 9.5
13.1 9.5
13.0 9.5
13.0 9.5
12.9 9.5
12.8 9.5
12.8 9.5
12.7 9.5
12.7 9.5
12.6 9.5
12.5 9.5
12.5 9.5
12.4 9.5
12.4 9.6
12.4 9.6
12.4 9.6
12.4 9.6
12.4 9.6
12.4 9.6
12.4 9.6
12.5 9.6
12.7 9.6
12.8 9.6
13.0 9.6
13.2 9.6
13.3 9.7
13.5 9.7
13.7 9.7
13.8 9.7
14.0 9.7
14.1 9.6
14.2 9.6
14.2 9.6
14.3 9.6
14.3 9.6
14.3 9.6
14.3 9.6
14.2 9.5
14.2 9.5
14.2 9.5
14.2 9.4
14.2 9.4
14.1 9.4
14.1 9.4
14.0 9.4
14.0 9.4
14.0 9.4
14.0 9.3
14.0 9.3
14.0 9.3
14.0 9.3
14.0 9.3
13.9 9.3
13.9 9.3
13.9 9.3
13.8 9.2
13.8 9.2
13.8 9.2
13.7 9.2
13.7 9.2
13.6 9.2
13.6 9.2
13.5 9.2
13.5 9.2
13.5 9.3
13.5 9.3
13.5 9.3
13.6 9.3
13.6 9.3
13.7 9.3
13.7 9.4
13.8 9.4
14.0 9.4
14.2 9.4
14.3 9.4
14.3 9.4
14.2 9.4
14.2 9.4
14.2 9.4
14.2 9.4
14.2 9.4
14.2 9.4
14.1 9.3
14.1 9.3
14.1 9.3
14.2 9.3
14.2 9.3
14.2 9.2
14.2 9.2
14.1 9.2
14.1 9.2
14.0 9.2
14.0 9.2
14.0 9.2
13.9 9.2
13.9 9.2
13.9 9.2
13.8 9.2
13.8 9.2
13.8 9.2
13.7 9.1
13.7 9.1
13.6 9.1
13.6 9.1
13.6 9.1
13.5 9.1
13.5 9.1
13.5 9.1
13.5 9.1
13.4 9.1
13.4 9.1
13.4 9.2
13.4 9.2
13.4 9.2
13.4 9.2
13.4 9.2
13.5 9.3
13.6 9.3
13.7 9.3
13.7 9.4
13.9 9.4
14.1 9.4
14.2 9.4
14.3 9.4
14.4 9.4
14.6 9.4
14.7 9.5
14.8 9.4
14.8 9.4
14.9 9.4
14.9 9.4
14.9 9.4
14.8 9.3
14.8 9.3
14.8 9.3
14.8 9.2
14.7 9.2
14.7 9.2
14.7 9.2
14.7 9.2
14.6 9.1
14.6 9.1
14.5 9.1
14.5 9.1
14.4 9.1
14.4 9.1
14.4 9.1
14.3 9.1
14.3 9.1
14.2 9.1
14.2 9.1
14.1 9.0
14.1 9.0
14.1 9.0
14.0 9.0
14.0 9.0
14.0 9.0
13.9 9.0
13.9 9.1
13.9 9.1
13.9 9.1
13.9 9.1
13.9 9.1
14.0 9.1
14.0 9.2
14.1 9.2
14.3 9.2
14.4 9.2
14.6 9.3
14.7 9.3
14.9 9.3
15.0 9.3
15.2 9.3
15.3 9.3
15.5 9.3
15.6 9.3
15.6 9.3
15.6 9.3
15.6 9.3
15.6 9.3
15.6 9.2
15.5 9.2
15.5 9.2
15.5 9.2
15.4 9.1
15.4 9.1
15.4 9.1
15.3 9.1
15.3 9.0
15.2 9.0
15.2 9.0
15.2 9.0
15.1 9.0
15.1 9.0
15.0 9.0
15.0 9.0
14.9 9.0
14.9 9.0
14.8 9.0
14.8 9.0
14.7 9.0
14.6 9.0
14.6 9.0
14.5 9.0
14.5 9.0
14.4 9.0
14.3 9.1
14.3 9.1
14.3 9.1
14.3 9.1
14.3 9.1
14.3 9.2
14.3 9.2
14.4 9.2
14.4 9.2
14.4 9.2
14.4 9.2
14.4 9.2
14.5 9.3
14.6 9.3
14.7 9.3
14.8 9.3
14.8 9.4
14.9 9.4
14.8 9.4
14.8 9.4
14.8 9.4
14.7 9.4
14.7 9.4
14.7 9.3
14.7 9.3
14.7 9.3
14.7 9.3
14.6 9.3
14.6 9.3
14.6 9.2
14.6 9.2
14.5 9.2
14.5 9.2
14.5 9.2
14.4 9.2
14.4 9.2
14.4 9.2
14.4 9.2
14.4 9.2
14.4 9.2
14.4 9.2
14.4 9.2
14.4 9.1
14.3 9.1
14.3 9.1
14.3 9.1
14.3 9.1
14.3 9.1
14.3 9.1
14.3 9.2
14.3 9.2
14.3 9.2
14.3 9.2
14.4 9.2
14.4 9.2
14.5 9.2
14.6 9.2
14.6 9.2
14.7 9.2
14.9 9.2
14.9 9.2
15.0 9.2
15.0 9.3
15.1 9.3
15.2 9.3
15.3 9.3
15.4 9.3
15.4 9.3
15.4 9.3
15.3 9.3
15.3 9.3
15.3 9.3
15.2 9.2
15.2 9.2
15.1 9.2
15.1 9.2
15.1 9.2
15.0 9.2
15.0 9.1
15.0 9.1
14.9 9.1
14.9 9.1
14.8 9.1
14.8 9.1
14.7 9.1
14.7 9.1
14.6 9.1
14.6 9.1
14.6 9.1
14.5 9.1
14.5 9.1
14.5 9.1
14.4 9.1
14.3 9.1
14.3 9.1
14.2 9.1
14.2 9.1
14.1 9.1
14.1 9.2
14.1 9.2
14.1 9.2
14.2 9.2
14.3 9.2
14.4 9.2
14.6 9.2
14.7 9.3
14.9 9.3
15.1 9.3
15.3 9.3
15.4 9.3
15.6 9.3
15.7 9.3
15.8 9.3
15.9 9.3
16.0 9.3
16.0 9.3
16.0 9.3
16.0 9.2
16.0 9.2
16.0 9.2
15.9 9.2
15.9 9.1
15.8 9.1
15.8 9.0
15.8 9.0
15.7 9.0
15.7 9.0
15.7 8.9
15.7 8.9
15.6 8.9
15.6 8.9
15.6 8.9
15.6 8.8
15.5 8.8
15.5 8.8
15.5 8.8
15.4 8.8
15.4 8.8
15.4 8.8
15.3 8.8
15.3 8.8
15.3 8.8
15.2 8.8
15.2 8.8
15.2 8.8
15.2 8.8
15.2 8.8
15.2 8.8
15.2 8.8
15.3 8.8
15.4 8.8
15.5 8.9
15.7 8.9
15.9 8.9
16.1 8.9
16.3 8.9
16.5 8.9
16.7 8.9
16.9 8.9
17.1 8.9
17.2 8.9
17.3 8.9
17.4 8.9
17.4 8.9
17.4 8.9
17.4 8.8
17.4 8.8
17.3 8.8
17.3 8.7
17.2 8.7
17.1 8.7
17.1 8.6
17.0 8.6
16.9 8.6
16.9 8.6
16.8 8.6
16.8 8.5
16.7 8.5
16.7 8.5
16.6 8.5
16.6 8.5
16.5 8.5
16.5 8.5
16.4 8.5
16.4 8.4
16.4 8.4
16.4 8.4
16.3 8.4
16.3 8.4
16.3 8.4
16.2 8.4
16.2 8.5
16.2 8.5
16.2 8.5
16.2 8.5
16.1 8.5
16.1 8.5
16.1 8.5
 8.7
15.9 8.7
15.9 8.7
16.6 8.8
16.8 8.8
16.9 8.9
16.8 8.9
16.7 8.8
16.7 8.8
16.6 8.8
16.5 8.8
16.4 8.8
16.3 8.8
16.2 8.8
16.2 8.8
16.1 8.8
16.0 8.8
16.0 8.8
15.9 8.8
15.8 8.8
15.7 8.8
15.6 8.8
15.6 8.8
15.5 8.8
15.4 8.8
15.3 8.8
15.3 8.8
15.2 8.8
15.2 8.8
15.1 8.8
15.1 8.8
15.0 8.8
14.9 8.9
14.9 8.9
14.8 8.9
14.8 8.9
14.7 8.9
14.7 8.9
14.7 8.9
14.7 9.0
14.8 9.0
14.9 9.0
15.0 9.0
15.2 9.0
15.4 9.0
15.6 9.0
15.9 9.0
16.1 9.1
16.3 9.1
16.5 9.1
16.6 9.1
16.8 9.1
16.8 9.1
16.9 9.1
16.9 9.1
16.9 9.0
16.9 9.0
16.8 9.0
16.7 9.0
16.7 9.0
16.6 8.9
16.5 8.9
16.5 8.9
16.4 8.9
16.4 8.8
16.3 8.8
16.3 8.8
16.2 8.8
16.2 8.8
16.2 8.7
16.1 8.7
16.1 8.7
16.1 8.7
16.0 8.7
16.0 8.7
16.0 8.7
15.9 8.7
15.9 8.7
15.8 8.7
15.7 8.7
15.7 8.7
15.6 8.7
15.6 8.7
15.5 8.7
15.5 8.7
15.5 8.7
15.5 8.8
15.5 8.8
15.6 8.8
15.6 8.8
15.7 8.8
15.6 8.9
15.6 8.9
15.6 8.9
15.7 8.9
15.7 9.0
15.7 9.0
15.7 9.0
15.7 9.1
15.7 9.1
15.7 9.1
15.7 9.2
15.7 9.2
15.6 9.2
15.5 9.2
15.4 9.2
15.3 9.2
15.2 9.2
15.1 9.2
15.1 9.2
15.0 9.2
14.9 9.2
14.9 9.2
14.8 9.2
14.7 9.2
14.6 9.2