7.5 118
7.5 121
 120
7.5 122
7.5 122
7.5 122
7.5 123
7.5 123
7.5 123
7.5 124
7.5 124
7.5 124
7.5 124
7.5 125
7.5 125
7.5 125
7.5 125
7.5 125
7.5 125
7.5 124
7.5 124
7.5 124
7.5 124
7.4 124
7.4 123
7.4 124
7.4 124
7.4 124
 122
7.4 122
7.4 120
7.4 119
7.4 118
7.4 118
7.4 118
7.4 118
7.4 118
7.4 119
7.4 118
7.4 118
7.4 117
7.4 118
7.5 118
7.5 117
7.5 117
7.5 118
7.5 117
7.5 117
7.5 117
7.5 117
7.5 117
7.5 117
7.5 117
7.5 117
7.5 118
7.5 118
7.5 117
7.5 118
7.5 118
7.5 119
7.5 118
7.5 118
7.5 120
7.5 119
7.5 120
7.5 120
7.5 120
7.5 120
7.5 121
7.5 121
7.5 122
7.5 122
7.5 126
7.5 122
7.5 123
7.5 123
7.5 123
7.5 124
7.5 123
7.5 124
7.5 121
7.5 121
7.5 120
7.5 118
7.5 120
7.5 119
7.4 120
7.4 117
7.5 117
7.4 118
7.5 116
7.4 117
7.4 117
7.4 117
7.4 116
7.4 118
7.4 117
7.4 117
7.4 117
7.4 117
7.4 118
7.4 117
7.4 118
7.4 118
7.4 118
7.4 118
7.4 119
7.4 119
7.4 118
7.4 118
7.4 119
7.4 117
7.4 118
7.4 118
7.4 118
7.4 118
7.4 119
7.4 120
7.4 121
7.4 121
7.4 122
7.4 121
7.4 122
7.4 123
7.4 122
7.4 123
7.4 124
7.4 124
7.4 124
7.4 123
7.4 122
7.4 120
7.4 121
7.4 119
7.4 117
7.4 117
7.4 116
7.4 115
7.4 117
7.4 114
7.4 114
7.4 115
7.4 115
7.4 115
7.4 114
7.4 114
7.4 115
7.4 114
7.4 113
7.4 114
7.4 113
7.4 114
7.4 114
7.4 114
7.4 113
7.5 114
7.5 115
7.4 117
7.5 115
7.5 116
7.5 116
7.4 116
7.5 117
7.5 117
7.5 117
7.5 119
7.5 117
7.5 119
7.5 119
7.5 119
7.5 120
7.5 121
7.5 122
7.5 122
7.5 123
7.5 123
7.5 122
7.5 123
7.4 122
7.4 124
7.4 123
7.5 122
7.4 121
7.4 119
7.4 118
7.4 118
7.4 117
7.4 117
7.4 117
7.4 114
7.4 115
7.4 115
7.4 115
7.4 115
7.4 115
7.4 116
7.4 114
7.4 114
7.4 115
7.4 115
7.4 114
7.4 114
7.4 115
7.4 115
7.4 114
7.4 115
7.4 114
7.4 115
7.4 114
7.4 116
7.4 116
7.4 114
7.4 117
7.4 116
7.4 118
7.4 118
7.4 117
7.4 119
7.4 121
7.4 121
7.4 122
7.4 123
7.4 124
7.4 125
7.4 125
7.4 125
7.4 125
7.4 126
7.4 125
7.4 126
7.4 124
7.4 124
7.4 123
7.4 121
7.4 120
7.4 119
7.4 118
7.4 118
7.4 116
7.4 116
7.4 116
7.4 116
7.4 116
7.4 116
7.4 116
7.4 116
7.4 116
7.4 116
7.4 116
7.4 118
7.4 118
7.4 118
7.4 118
7.4 118
7.4 119
7.4 119
7.4 120
7.4 121
7.4 121
7.4 120
7.4 120
7.4 122
7.4 121
7.4 122
7.4 123
7.4 122
7.4 124
7.4 125
7.4 124
7.4 125
7.4 127
7.4 127
7.4 128
7.4 129
7.4 130
7.4 129
7.4 130
7.4 130
7.4 130
7.4 128
7.4 129
7.4 128
7.4 128
7.4 127
7.4 125
7.4 124
7.4 123
7.4 123
7.4 122
7.4 122
7.4 122
7.4 124
7.4 122
7.4 121
7.4 122
7.4 122
7.4 121
7.4 121
7.4 121
7.4 122
7.4 122
7.4 122
7.4 121
7.4 122
7.4 121
7.4 122
7.4 123
7.4 125
7.4 124
7.4 125
7.4 126
7.4 128
7.4 128
7.4 130
7.4 131
7.4 131
7.4 132
7.4 133
7.4 134
7.4 135
7.4 135
7.4 136
7.4 136
7.4 136
7.4 136
7.4 136
7.4 137
7.4 137
7.4 137
7.4 136
7.4 136
7.4 131
7.4 130
7.4 129
7.4 128
7.4 130
7.4 126
7.4 125
7.4 126
7.4 125
7.4 127
7.4 127
7.4 127
7.4 128
7.4 129
7.4 128
7.4 129
7.4 129
7.4 129
7.4 129
7.4 128
7.4 130
7.4 129
7.4 130
7.4 129
7.4 132
7.4 132
7.4 134
7.4 135
7.4 138
7.4 139
7.4 140
7.4 141
7.4 142
7.4 143
7.4 143
7.4 144
7.4 143
7.4 143
7.4 143
7.4 142
7.4 142
7.4 141
7.4 141
7.4 138
7.4 139
7.4 137
7.4 136
7.4 135
7.4 134
7.4 133
7.4 134
7.4 131
7.4 128
7.4 129
7.4 128
7.4 130
7.4 129
7.4 128
7.4 127
7.4 126
7.4 126
7.4 126
7.4 126
7.4 126
7.4 127
7.4 128
7.4 126
7.4 124
7.4 124
7.4 123
7.4 124
7.4 124
7.4 124
7.4 124
7.4 123
7.4 124
7.4 124
7.4 123
7.4 124
7.4 123
7.4 123
7.4 122
7.4 124
7.4 123
7.4 124
7.4 123
7.4 124
7.4 124
7.4 128
7.4 124
7.4 126
7.4 128
7.4 130
7.4 127
7.4 127
7.4 126
7.4 124
7.4 124
7.4 122
7.4 121
7.4 119
7.4 121
7.4 119
7.4 119
7.4 118
7.4 117
7.4 117
7.4 119
7.4 119
7.4 118
7.4 118
7.4 118
7.4 119
7.4 118
7.4 120
7.4 120
7.4 120
7.4 120
7.4 120
7.4 118
7.4 119
7.4 119
7.4 119
7.4 118
7.4 118
7.4 120
7.4 118
7.4 119
7.4 118
7.4 122
7.4 120
7.4 122
7.4 122
7.4 122
7.4 122
7.4 124
7.4 125
7.4 125
7.4 123
7.4 124
7.4 126
7.4 125
7.4 125
7.4 123
7.4 123
7.4 122
7.4 120
7.4 120
7.4 120
7.4 119
7.4 119
7.4 119
7.4 119
7.4 119
7.4 118
7.4 119
7.4 118
7.4 118
7.4 119
7.4 118
7.4 118
7.4 119
7.4 119
7.4 119
7.4 119
7.4 119
7.4 121
7.4 119
7.4 119
7.4 119
7.4 120
7.4 119
7.4 120
7.4 119
7.4 118
7.4 118
7.4 118
7.4 118
7.4 118
7.4 120
7.4 119
7.4 118
7.4 118
7.4 120
7.4 118
7.4 118
7.4 118
7.4 117
7.4 119
7.4 117
7.4 120
7.4 118
7.4 117
7.4 118
7.4 117
7.4 118
7.4 118
7.4 116
7.4 117
7.4 115
7.4 117
7.3 115
7.3 115
7.4 115
7.3 115
7.3 115
7.3 114
7.3 115
7.3 115
7.3 115
7.3 116
7.3 117
7.3 117
7.3 115
7.3 115
7.3 114
7.3 115
7.3 114
7.3 114
7.3 114
7.4 113
7.3 113
7.3 112
7.3 112
7.3 112
 111
7.3 111
7.4 111
7.3 110
7.4 110
7.3 109
7.3 109
7.3 108
7.3 108
7.3 108
7.3 107
7.3 107
7.3 106
7.3 106
7.3 106
7.3 106
7.3 105
7.3 105
7.3 105
7.3 105
7.3 105
7.3 105
7.3 105
7.3 104
7.3 104
7.3 104
7.3 104
7.3 104
7.3 103
7.3 103
7.3 103
7.3 103
7.3 103
7.3 102
7.3 102
7.3 102
7.3 102
7.3 102
7.3 101
7.3 101
7.3 101
7.3 101
7.3 100
7.3 100
7.3 100
7.3 100
7.3 100
7.3 100
7.3 100
7.3 99
7.3 99
7.3 99
7.3 99
7.3 99
7.2 99
7.2 98
7.2 98
7.3 98
7.3 98
7.3 98
7.2 98
7.2 97
7.2 97
7.2 97
7.3 97
7.3 97
7.2 96
7.2 96
7.3 96
 96
7.3 96
7.3 96
7.3 96
7.3 95
7.3 95
7.3 95
7.2 95
7.2 95
7.2 94
7.2 94
7.2 94
7.2 94
7.2 94
7.3 94
7.2 94
7.2 94
7.2 94
7.2 94
7.2 93
7.2 93
7.2 93
7.2 93
7.2 93
7.2 93
7.2 92
7.2 92
 92
7.2 92
7.2 92
7.2 92
7.2 92
7.2 92
7.2 92
7.2 91
7.2 91
7.2 91
7.2 91
7.2 91
7.2 91
7.2 91
7.2 91
7.2 91
7.2 91
7.2 91
7.2 91
7.2 91
7.2 91
7.2 91
7.2 91
7.2 91
7.2 91
7.2 91
7.2 91
7.2 91
7.2 91
7.2 91
7.2 91
7.2 91
7.2 91
7.2 91
7.2 91
 91
7.2 91
7.2 91
7.2 91
7.2 91
7.2 91
7.2 91
7.2 91
7.2 91
7.2 91
7.2 92
7.2 91
7.2 91
7.2 91
7.2 91
7.2 92
7.2 91
7.2 91
7.2 91
7.2 91
 91
7.2 91
7.2 91
7.2 91
7.2 91
7.2 91
7.2 91
 91
 91
7.2 91
7.2 91
7.2 91
7.2 91
7.2 90
7.2 90
7.2 91
7.2 90
7.2 90
7.2 90
7.2 90
7.2 90
7.2 90
7.2 90
7.2 90
7.2 90
7.2 91
7.2 90
7.2 90
7.2 91
7.2 91
7.2 91
7.2 90
7.2 91
7.2 91
7.2 91
7.2 91
7.2 91
7.2 91
7.2 91
7.2 91
7.2 91
7.2 91
7.2 91
7.2 92
7.2 92
7.2 92
7.2 92
7.2 92
7.2 92
7.2 92
7.2 92
7.2 92
7.2 92
7.2 92
7.2 93
7.2 93
7.2 93
7.2 93
7.2 93
7.2 93
7.2 93
7.2 94
7.2 93
7.2 94
7.2 94
7.2 94
7.2 94
7.2 94
7.2 94
7.2 94
7.2 94
7.2 94
7.2 94
7.2 94
7.2 94
7.2 94
7.2 94
7.2 95
7.2 95
7.2 95
7.2 95
7.2 95
7.2 95
7.2 96
7.2 96
7.2 96
7.2 97
7.2 97
7.2 97
7.2 98
7.2 98
7.2 98
7.2 99
7.2 99
7.2 99
7.2 99
7.2 99
7.2 99
7.2 99
7.2 99
7.2 100
7.2 99
7.2 99
7.2 99
7.2 99
7.2 99
7.2 99
7.2 99
7.2 99
7.2 99
7.2 99
7.2 99
7.2 98
7.2 99
7.2 99
7.2 99
7.2 98
7.2 98
7.2 98
7.2 98
7.2 98
7.2 98
7.2 98
7.2 98
7.2 98
7.2 98
7.2 98
7.2 98
7.2 98
7.2 99
7.2 99
7.2 100
7.2 100
7.2 101
7.2 101
7.2 102
7.2 102
7.2 102
7.2 103
7.2 103
7.2 104
7.2 103
7.2 103
7.2 103
7.2 103
7.2 103
7.2 104
7.2 104
7.2 104
7.2 104
7.2 104
7.2 104
7.2 104
7.2 104
7.2 105
7.2 106
7.2 106
7.2 105
7.2 105
7.2 106
7.2 105
7.2 106
7.2 105
7.2 105
7.2 105
7.2 105
7.2 105
7.2 104
7.2 104
7.2 104
7.2 104
7.2 104
7.2 104
7.2 105
7.2 104
7.2 105
7.2 105
7.2 106
7.2 106
7.2 106
7.2 106
7.2 106
7.2 107
7.2 106
7.2 107
7.2 107
7.2 108
7.2 108
7.2 108
7.2 108
7.2 110
7.2 109
7.2 110
7.2 110
7.2 110
7.2 111
7.2 111
7.2 111
7.2 112
7.2 111
7.2 112
7.2 112
7.2 112
7.2 113
7.2 112
7.2 113
7.2 113
7.2 113
7.2 113
7.2 112
7.2 112
7.2 112
7.2 112
7.2 112
7.2 111
7.2 111
7.2 112
7.2 111
7.2 111
7.2 111
7.2 111
7.2 111
7.2 111
7.2 111
7.2 111
7.2 111
7.2 110
7.2 110
7.2 110
7.2 110
7.2 110
7.2 110
7.2 110
7.2 110
7.2 110
7.2 110
7.2 110
7.2 110
7.2 109
7.2 109
7.2 109
7.2 109
7.2 108
7.2 108
 108
7.2 108
7.2 107
7.2 107
7.2 107
7.2 106
7.2 106
7.2 106
7.2 106
7.2 105
7.2 105
7.2 104
7.2 104
7.2 104
7.2 103
7.2 103
7.2 102
7.2 102
7.2 101
7.2 101
7.2 101
7.2 101
7.2 100
7.2 100
7.2 100
7.2 100
7.2 99
7.2 99
7.2 99
7.2 98
7.2 98
7.2 98
7.2 98
7.2 98
 98
7.2 98
7.2 98
7.2 98
7.2 97
7.2 98
7.2 97
7.2 97
7.2 97
7.2 97
7.2 97
7.2 97
7.2 97
7.2 97
7.2 96
7.2 96
7.2 96
7.2 96
7.2 96
7.2 96
7.2 96
7.2 95
7.2 95
7.2 95
7.2 95
7.2 95
7.2 94
7.2 94
7.2 94
7.2 94
7.2 94
7.2 93
7.2 93
7.2 93
7.2 93
7.2 92
7.2 92
7.2 92
7.2 92
7.2 92
7.2 91
7.2 91
7.2 91
7.2 91
7.2 91
7.2 91
7.2 91
7.2 91
7.2 91
7.2 89
7.2 91
7.2 91
7.2 91
7.2 91
7.2 91
7.2 91
7.2 91
7.2 91
7.2 91
7.2 91
7.3 91
7.3 91
7.2 91
7.2 91
7.2 90
7.2 90
7.2 90
7.2 90
7.2 89
7.2 89
7.2 89
7.2 89
7.2 88
7.2 88
7.2 88
7.2 88
7.2 88
7.2 88
7.2 87
7.2 87
7.2 87
7.2 87
7.2 87
7.2 86
7.2 86
7.2 86
7.2 86
7.2 86
7.2 86
7.2 86
7.2 86
7.2 86
7.2 86
7.2 85
7.2 85
7.2 85
7.2 85
7.2 85
7.2 85
7.2 85
7.2 85
7.2 85
7.2 84
7.2 84
7.2 84
7.2 84
7.2 84
7.2 84
7.2 84
7.2 84
7.2 84
7.2 84
7.2 84
7.2 83
7.2 83
7.2 83
7.2 83
7.2 83
7.2 83
7.2 84
7.2 84
7.2 84
7.2 84
7.2 84
7.2 84
7.2 84
7.2 84
7.2 84
7.2 84
7.2 84
7.2 84
7.2 85
7.2 85
7.2 85
7.2 85
7.2 85
7.2 85
7.2 85
7.2 85
7.2 85
7.2 86
7.2 86
7.2 86
7.2 86
7.2 86
7.2 86
7.2 86
7.2 86
7.2 86
7.2 87
7.2 87
7.2 87
7.2 87
7.2 87
7.2 87
7.2 87
7.2 88
7.2 88
7.2 88
7.2 88
7.2 88
7.2 88
7.2 88
7.2 88
7.2 88
7.2 88
7.2 88
7.2 88
7.2 88
7.2 88
7.2 88
7.2 88
7.2 88
7.2 88
7.2 88
7.2 88
7.2 88
7.2 88
7.2 88
7.2 88
7.2 88
7.2 88
7.2 88
7.2 88
7.2 88
7.2 88
7.2 88
7.2 88
7.2 89
7.2 89
7.2 89
7.2 89
7.2 89
7.2 89
7.2 89
7.2 89
7.2 90
7.2 89
7.2 90
7.2 90
7.2 90
7.2 90
7.2 90
7.2 90
7.2 90
7.2 90
7.2 90
7.2 90
7.2 90
7.2 90
7.2 90
7.2 91
7.2 91
7.2 91
7.2 91
7.2 91
7.2 91
7.2 91
7.2 91
7.2 91
7.2 91
7.2 91
7.2 91
7.2 91
7.2 92
7.2 92
7.2 92
7.2 92
7.2 92
7.2 92
7.2 92
7.2 92
7.2 92
7.2 91
7.2 91
7.2 91
7.2 91
7.2 91
7.2 91
7.2 91
7.2 91
7.2 91
7.2 91
7.2 91
7.2 92
7.2 92
7.2 92
7.2 92
7.2 92
7.2 92
7.2 92
7.2 92
7.2 92
7.2 92
7.2 92
7.2 92
7.2 92
7.2 92
7.2 92
7.2 92
7.2 92
7.2 93
7.2 93
7.2 93
7.2 93
7.2 92
7.2 92
7.2 92
7.2 92
7.2 93
7.2 92
7.2 92
7.2 92
7.2 92
7.2 93
7.2 93
7.2 92
7.2 92
7.2 92
7.2 92
7.2 92
7.2 92
7.2 92
7.2 92
7.2 92
7.2 92
7.2 92
7.2 92
7.2 92
7.2 92
7.2 92
7.2 93
7.2 93
7.2 93
7.2 93
7.2 94
7.2 94
7.2 94
7.2 94
7.2 95
7.2 95
7.2 95
7.2 95
7.2 96
7.2 96
7.2 96
7.2 96
7.2 97
7.2 97
7.2 97
7.2 97
7.2 97
7.2 97
7.2 97
7.2 97
7.2 98
7.2 98
7.2 98
7.2 98
7.2 98
7.2 98
7.2 98
7.2 98
7.2 98
7.2 98
7.2 98
7.2 98
7.2 98
7.2 98
7.2 98
7.2 98
7.2 99
7.2 98
7.2 98
7.2 98
7.2 98
7.2 98
7.2 98
7.2 99
7.2 99
7.2 99
7.2 99
7.2 100
7.2 100
7.2 101
7.2 101
7.2 101
7.2 101
7.2 101
7.2 102
7.2 102
7.2 102
7.2 103
7.2 102
7.2 103
7.2 104
7.2 103
7.2 104
7.2 103
7.2 104
7.2 104
7.2 104
7.2 104
7.2 104
7.2 104
7.2 103
7.2 104
7.2 104
7.2 105
7.2 104
7.2 105
7.2 105
7.2 104
7.2 104
7.2 103
7.2 104
7.2 103
7.2 103
7.2 103
7.2 102
7.2 101
7.2 101
7.2 101
7.2 101
7.2 101
7.2 101
7.2 101
7.2 101
7.2 102
7.2 102
7.2 103
7.2 103
7.2 104
7.2 104
7.2 105
7.2 105
7.2 105
7.2 106
7.2 106
7.2 106
7.2 107
7.2 107
7.2 107
7.2 108
7.2 108
7.2 108
7.2 108
7.2 108
7.2 108
7.2 109
7.2 108
7.2 108
7.2 109
7.2 109
7.2 109
7.2 109
7.2 110
7.2 110
7.2 110
7.2 110
7.2 110
7.2 110
7.2 110
7.2 110
7.2 109
7.2 109
7.2 109
7.2 108
7.2 108
7.2 108
7.2 108
7.2 107
7.2 107
7.2 107
7.2 106
7.2 106
7.2 106
7.2 106
7.2 106
7.2 106
7.2 107
7.2 107
7.2 108
7.2 108
7.2 108
7.2 109
7.2 109
7.2 110
7.3 111
7.2 111
7.2 112
7.2 112
7.2 112
7.2 112
7.2 112
7.2 112
7.2 113
7.2 112
7.2 113
7.2 113
7.2 113
7.2 113
7.2 112
7.2 112
7.2 112
7.2 113
7.2 112
7.2 112
7.2 112
7.2 112
7.2 112
7.2 112
7.2 111
7.2 110
7.2 110
7.2 110
7.2 109
7.2 108
7.2 107
7.2 106
7.2 106
7.2 105
7.2 105
7.2 105
7.2 105
7.2 104
7.2 104
7.2 105
7.2 105
7.2 105
7.2 106
7.2 107
7.2 108
7.2 109
7.2 110
7.2 111
7.2 112
7.2 113
7.2 114
7.2 114
7.2 115
7.2 115
7.2 116
7.2 117
7.2 116
7.2 116
7.2 116
7.2 117
7.2 116
7.2 117
7.2 118
7.2 117
7.2 118
7.2 118
7.2 117
7.2 117
7.2 118
7.2 117
7.2 117
7.2 117
7.2 116
7.2 116
7.2 116
7.2 115
7.2 114
7.2 114
7.2 113
7.2 112
7.2 111
7.2 111
7.2 110
7.2 110
7.2 110
7.2 110
7.2 110
7.2 110
7.2 110
7.2 110
7.2 110
7.2 110
7.2 110
7.2 110
7.2 110
7.2 110
7.2 111
7.2 111
7.2 112
7.3 112
7.2 113
7.2 114
7.2 115
7.3 116
7.3 117
7.3 118
7.3 118
7.2 119
7.3 119
7.2 119
7.3 119
7.3 119
7.3 119
7.3 119
7.3 119
7.3 119
7.3 118
7.3 118
7.3 118
7.3 117
7.3 117
7.3 117
7.3 116
7.3 115
7.3 115
7.3 114
7.3 113
7.3 112
7.3 112
7.3 111
7.3 111
7.3 111
7.3 111
7.3 111
7.3 111
7.3 111
7.3 111
7.3 111
7.3 112
7.3 112
7.3 112
7.3 112
7.3 112
7.3 112
7.3 112
7.3 113
7.3 113
7.3 113
7.3 113
7.3 113
7.3 114
7.3 114
7.3 114
7.3 115
7.3 116
7.3 117
7.3 118
7.3 119
7.3 120
7.3 120
7.3 121
7.3 121
7.3 121
7.3 122
7.3 122
7.3 122
7.3 122
7.3 122
7.3 122
7.3 121
7.3 121
7.3 121
7.3 121
7.3 120
7.3 119
7.3 119
7.3 118
7.3 117
7.3 117
7.3 117
7.3 115
7.3 115
7.3 115
7.3 114
7.3 114
7.3 114
7.3 114
7.3 114
7.3 114
7.3 114
7.3 114
7.3 114
7.3 114
7.3 114
7.3 114
7.3 114
7.3 114
7.3 114
7.3 114
7.3 114
7.3 114
7.3 114
7.3 115
7.3 116
7.3 116
7.3 117
7.3 118
7.3 119
7.3 119
7.3 120
7.3 121
7.3 121
7.3 121
7.3 121
7.3 121
7.3 122
7.3 121
7.3 121
7.3 121
7.3 121
7.3 121
7.3 120
7.3 120
7.3 120
7.3 119
7.3 118
7.3 117
7.3 116
7.3 115
7.3 114
7.3 114
7.3 113
7.3 113
7.3 113
7.3 113
7.3 113
7.3 113
7.3 113
7.3 113
7.3 113
7.3 113
7.3 113
7.3 113
7.3 114
7.3 114
7.3 114
7.3 116
7.3 116
7.3 118
7.3 120
7.3 122
7.3 124
7.3 125
7.3 126
7.3 126
7.3 127
7.3 127
7.3 128
7.3 128
7.3 128
7.3 128
7.3 128
7.3 128
7.3 129
7.3 128
7.3 128
7.3 128
7.3 128
7.3 128
7.3 126
7.3 127
7.3 126
7.3 126
7.3 125
7.3 125
7.3 124
7.3 122
7.3 123
7.3 121
7.3 120
7.3 120
7.3 119
7.3 118
7.3 118
7.3 117
7.3 117
7.3 117
7.3 117
7.3 117
7.3 117
7.3 117
7.3 117
7.3 117
7.3 117
7.3 117
7.3 117
7.3 117
7.3 117
7.3 118
7.3 118
7.3 118
7.3 118
7.3 118
7.3 118
7.3 119
7.3 120
7.3 120
7.3 121
7.3 121
7.3 122
7.3 122
7.3 123
7.3 123
7.3 123
7.3 123
7.3 123
7.3 122
7.3 122
7.3 121
7.3 121
7.3 120
7.3 120
7.3 119
7.3 118
7.3 117
7.3 116
7.3 115
7.3 115
7.3 114
7.3 114
7.3 114
7.3 114
7.3 113
7.3 113
7.3 113
7.3 113
7.3 113
7.3 113
7.3 113
7.3 113
7.3 113
7.3 113
7.3 113
7.3 113
7.3 113
7.3 113
7.3 112
7.3 112
7.3 112
7.3 112
7.3 112
7.3 112
7.3 112
7.3 112
7.4 112
7.3 112
7.4 112
7.3 112
7.3 112
7.3 112
7.3 112
7.3 112
7.4 112
7.4 112
7.3 112
7.4 112
7.4 112
7.4 112
7.4 112
7.4 112
7.3 112
7.4 112
7.3 111
7.4 111
7.4 111
7.4 111
7.3 111
7.4 111
7.4 111
7.4 111
7.4 111
7.4 111
7.4 111
7.4 111
7.4 111
7.4 111
7.4 111
7.4 111
7.4 111
7.4 112
7.4 112
7.4 112
7.4 112
7.4 112
7.4 112
7.4 112
7.4 111
7.4 111
7.4 111
7.4 111
7.4 110
7.4 110
7.4 110
7.4 110
7.4 110
7.4 110
7.4 110
7.4 110
7.4 110
7.4 110
7.4 110
7.4 110
7.4 110
7.4 110
7.4 110
7.4 110
7.4 110
7.4 110
7.4 109
7.4 109
 109
 109
 109
7.4 109
7.4 109
7.4 109
7.4 109
7.4 109
7.4 110
7.4 110
7.4 110
7.4 110
7.4 110
7.4 110
7.4 110
7.4 110
7.4 110
7.4 110
7.4 111
7.5 111
7.4 111
7.4 111
7.4 111
7.5 111
7.4 111
7.5 111
7.4 111
7.5 111
7.4 112
7.4 112
7.5 112
7.5 112
7.4 112
7.5 112
7.5 112
7.5 112
7.4 112
7.4 112
7.5 112
7.4 112
7.4 112
7.4 112
7.4 112
7.4 112
7.4 112
7.4 112
7.4 112
7.4 112
7.4 112
7.4 112
7.4 112
7.4 112
7.4 112
7.4 111
7.4 111
7.4 111
7.4 111
7.4 111
7.4 111
7.4 111
7.4 111
7.4 111
7.4 111
7.4 111
7.4 111
7.4 111
7.4 111
7.4 110
7.4 110
7.4 110
7.4 110
7.4 110
7.4 110
7.4 110
7.4 110
7.4 110
7.4 110
7.4 110
7.4 110
7.4 110
7.4 110
7.4 110
7.4 110
7.4 110
7.4 110
7.4 110
7.4 110
7.4 110
7.4 109
7.4 109
7.4 109
7.4 110
7.4 110
7.4 110
7.4 110
7.4 110
7.4 110
7.4 110
7.4 109
7.4 109
7.4 109
7.4 109
7.4 109
7.4 109
7.4 108
7.4 108
7.4 108
7.4 108
7.4 108
7.4 108
7.4 108
7.4 108
7.4 108
7.4 108
7.4 108
7.4 108
7.4 109
7.4 109
7.4 109
7.4 109
7.4 109
7.4 109
7.4 109
7.4 109
7.4 109
7.4 110
7.4 110
7.4 110
7.4 110
7.4 110
7.4 110
7.4 111
7.4 111
7.4 111
7.4 112
7.4 112
7.4 112
7.4 112
7.4 113
7.4 113
7.4 113
7.4 113
7.4 113
7.4 113
7.4 113
7.4 113
7.4 113
7.4 113
7.4 113
7.4 113
7.4 113
7.4 112
7.4 112
7.4 111
7.4 111
7.4 111
7.4 110
7.4 110
7.4 110
7.4 110
7.4 110
7.4 110
7.4 110
7.4 110
7.4 110
7.4 110
7.4 110
7.4 110
7.4 110
7.4 111
7.4 111
7.4 111
7.4 111
7.4 111
7.4 111
7.4 111
7.4 111
7.4 111
7.4 112
7.4 112
7.4 113
7.4 114
7.4 114
7.4 115
7.4 115
7.4 116
7.4 116
7.4 117
7.4 117
7.4 117
7.4 117
7.4 117
7.4 117
7.4 116
7.4 117
7.4 116
7.4 116
7.4 116
7.4 115
7.4 114
7.4 114
7.4 113
7.4 112
7.4 111
7.4 110
7.4 109
7.4 109
7.4 109
7.4 109
7.4 109
7.4 109
7.4 109
7.4 109
7.4 108
7.4 109
7.4 109
7.4 109
7.4 109
7.4 109
7.4 109
7.4 109
7.4 109
7.4 109
7.4 109
7.4 109
7.4 109
7.4 109
7.4 110
7.4 110
7.4 111
7.4 112
7.4 113
7.4 114
7.4 115
7.4 116
7.4 117
7.4 118
7.4 118
7.4 118
7.4 119
7.4 120
7.4 120
7.4 120
7.4 121
7.4 121
7.4 121
7.4 121
7.4 121
7.4 121
7.4 120
7.4 120
7.4 118
7.4 117
7.4 117
7.4 116
7.4 114
7.4 113
7.4 113
7.4 113
7.4 113
7.4 113
7.4 113
7.4 113
7.4 113
7.4 113
7.4 114
7.4 114
7.4 114
7.4 115
7.4 116
7.4 116
7.4 116
7.4 117
7.4 118
7.4 121
7.4 123
7.4 125
7.4 128
7.4 129
7.4 131
7.4 131
7.4 132
7.4 133
7.4 133
7.4 133
7.4 133
7.4 134
7.4 134
7.4 135
7.4 134
7.4 135
7.4 135
7.4 135
7.4 135
7.4 134
7.4 134
7.4 134
7.4 134
7.4 134
7.4 133
7.4 132
7.4 132
7.4 131
7.4 131
7.4 130
7.4 129
7.4 127
7.4 126
7.4 125
7.4 124
7.4 124
7.4 123
7.4 123
7.4 123
7.4 123
7.4 123
7.4 123
7.4 123
7.4 123
7.4 123
7.4 124
7.4 125
7.4 126
7.4 128
7.4 129
7.4 130
7.4 131
7.4 132
7.4 133
7.4 133
7.4 133
7.4 133
7.4 133
7.4 133
7.4 133
7.4 133
7.4 133
7.4 133
7.4 133
7.4 133
7.4 133
7.4 133
7.4 133
7.4 132
7.4 132
7.4 131
7.4 132
7.4 131
7.4 130
7.4 129
7.4 129
7.4 128
7.4 126
7.4 126
7.4 125
7.4 124
7.4 124
7.4 124
7.4 124
7.4 124
7.4 124
7.4 124
7.4 124
7.4 124
7.4 124
7.4 123
7.4 123
7.4 123
7.4 123
7.4 122
7.4 122
7.4 122
7.4 121
7.4 121
7.4 121
7.4 121
7.4 120
7.4 120
7.4 120
7.4 120
7.4 120
7.4 121
7.4 121
7.4 121
7.4 121
7.4 122
7.4 122
7.4 122
7.4 122
7.4 122
7.4 122
7.4 122
7.4 122
7.4 122
7.4 122
7.4 122
7.4 122
7.4 122
7.4 122
7.4 121
7.4 121
7.4 121
7.4 120
7.4 120
7.4 120
7.4 120
7.4 120
7.4 120
7.4 120
7.4 120
7.4 120
7.4 120
7.4 120
7.4 120
7.4 120
7.4 120
7.4 120
7.4 120
7.4 120
7.4 120
7.4 120
7.4 120
7.4 120
7.4 119
7.4 119
7.4 119
7.4 119
7.4 119
7.4 119
7.4 119
7.4 119
7.4 119
7.4 119
7.4 119
7.4 119
7.4 120
7.4 120
7.4 120
7.4 120
7.4 120
7.4 120
7.4 119
7.4 119
7.4 119
7.4 119
7.4 118
7.4 118
7.4 117
7.4 117
7.4 116
7.4 115
7.4 115
7.4 114
7.4 114
7.4 113
7.4 113
7.4 112
7.4 112
7.4 112
7.4 112
7.4 112
7.4 111
7.4 111
7.4 111
7.4 110
7.4 110
7.4 110
7.4 110
7.4 110
7.4 109
7.4 109
7.4 109
7.4 109
7.4 109
7.4 108
7.4 108
7.4 108
7.4 108
7.4 108
7.4 108
7.4 108
7.4 108
7.4 108
7.4 109
7.4 109
7.4 109
7.4 109
7.4 109
7.4 109
7.4 109
7.4 109
7.4 109
7.4 109
7.4 109
7.4 109
7.4 109
7.4 109
7.4 109
7.4 108
7.4 108
7.4 108
7.4 107
7.4 107
7.4 106
7.4 106
7.4 106
7.4 106
7.4 105
7.4 105
7.4 105
7.4 105
7.4 105
7.4 105
7.4 105
7.4 105
7.4 105
7.4 105
7.4 105
7.4 105
7.4 105
7.4 105
7.4 105
7.4 105
7.4 105
7.4 105
7.4 105
7.4 106
7.4 106
7.4 106
7.4 106
7.4 107
7.4 107
7.4 107
7.4 107
7.4 108
7.4 107
7.4 108
7.4 108
7.4 108
7.4 108
7.4 107
7.4 108
7.4 107
7.4 107
7.4 107
7.4 106
7.4 106
7.4 105
7.4 104
7.4 104
7.4 104
7.4 104
7.4 103
7.4 103
7.4 103
7.4 103
7.4 103
7.4 103
7.4 103
7.4 103
7.4 103
7.4 103
7.4 103
7.4 103
7.4 103
7.4 103
7.4 103
7.4 103
7.4 103
7.4 103
7.4 103
7.4 103
7.4 102
7.4 102
7.4 102
7.4 102
7.4 103
7.4 103
7.4 103
7.4 103
7.4 104
7.4 104
7.4 104
7.4 104
7.4 105
7.4 105
7.4 105
7.4 106
7.4 106
7.4 106
7.4 106
7.4 107
7.4 107
7.4 107
7.4 107
7.4 107
7.4 107
7.4 107
7.4 107
7.4 106
7.4 106
7.4 106
7.4 105
7.4 105
7.4 104
7.4 104
7.4 104
7.4 104
7.4 103
7.4 103
7.4 103
7.4 103
7.4 104
7.4 104
7.4 104
7.4 104
7.4 104
7.4 104
7.4 104
7.4 105
7.4 105
7.4 106
7.4 107
7.4 108
7.4 108
7.4 109
7.4 110
7.4 111
7.4 112
7.4 112
7.4 112
7.4 113
7.4 113
7.4 113
7.4 113
7.4 113
7.4 113
7.4 114
7.4 113
7.4 113
7.4 113
7.4 114
7.4 113
7.4 113
7.4 113
7.4 113
7.4 113
7.4 112
7.4 112
7.4 110
7.4 110
7.4 109
7.4 108
7.4 108
7.4 108
7.4 107
7.4 107
7.4 107
7.4 107
7.4 107
7.4 107
7.4 108
7.4 108
7.4 108
7.4 108
7.4 108
7.4 108
7.4 108
7.4 108
7.4 108
7.4 108
7.4 108
7.4 108
7.4 109
7.4 109
7.4 109
7.4 110
7.4 111
7.4 112
7.4 112
7.4 114
7.4 114
7.4 115
7.4 116
7.4 116
7.4 117
7.4 118
7.4 118
7.4 118
7.4 119
7.4 119
7.4 119
7.4 119
7.4 120
7.4 120
7.4 120
7.4 120
7.4 120
7.4 119
7.4 119
7.4 119
7.4 118
7.4 116
7.4 115
7.4 115
7.4 114
7.4 113
7.4 112
7.4 111
7.3 111
7.3 110
7.3 110
7.3 110
7.3 110
7.3 110
7.3 110
7.3 110
7.3 110
7.3 110
7.3 110
7.3 111
7.3 111
7.3 112
7.3 114
7.3 116
7.3 117
7.3 119
7.3 120
7.4 121
7.4 122
7.4 122
7.4 122
7.4 122
7.4 122
7.4 123
7.4 122
7.4 122
7.4 123
7.4 123
7.4 122
7.4 122
7.4 123
7.4 123
7.4 122
7.4 123
7.4 122
7.3 122
7.4 122
7.3 123
7.3 122
7.3 122
7.3 120
7.3 119
7.3 118
7.3 116
7.3 115
7.3 115
7.3 115
7.3 113
7.3 114
7.3 113
7.3 113
7.3 113
7.3 112
7.3 113
7.3 112
7.3 112
7.3 112
7.3 112
7.3 112
7.3 112
7.3 112
7.3 112
7.3 112
7.3 113
7.3 113
7.3 113
7.3 114
7.3 114
7.3 115
7.3 116
7.3 116
7.3 117
7.3 118
7.3 119
7.3 120
7.3 120
7.3 122
7.3 122
7.3 123
7.3 123
7.3 123
7.3 124
7.3 124
7.3 124
7.3 124
7.3 124
7.3 124
7.3 124
7.3 124
7.3 122
7.3 122
7.3 121
7.3 120
7.3 118
7.3 117
7.3 116
7.3 116
7.3 114
7.3 114
7.3 114
7.3 113
7.3 113
7.3 113
7.3 113
7.3 113
7.3 113
7.3 113
7.3 113
7.3 113
7.3 113
7.3 113
7.3 113
7.3 113
7.3 113
7.3 113
7.3 114
7.3 114
7.3 114
7.3 114
7.3 114
7.3 115
7.3 116
7.3 116
7.3 117
7.3 118
7.3 118
7.3 119
7.3 120
7.3 121
7.3 121
7.3 122
7.3 123
7.3 123
7.3 124
7.3 124
7.3 124
7.3 124
7.3 124
7.3 124
7.3 123
7.3 124
7.3 123
7.3 122
7.3 121
7.3 120
7.3 118
7.3 117
7.3 117
7.3 116
7.3 116
7.3 116
7.3 116
7.3 115
7.3 115
7.3 115
7.3 115
7.3 115
7.3 115
7.3 115
7.3 115
7.3 115
7.3 115
7.3 115
7.3 115
7.3 115
7.3 116
7.3 116
7.3 116
7.3 116
7.3 117
7.3 117
7.3 117
7.3 118
7.3 118
7.3 118
7.3 119
7.3 119
7.3 120
7.3 120
7.3 121
7.3 121
7.3 122
7.3 123
7.3 124
7.3 124
7.3 125
7.3 125
7.3 126
7.3 126
7.3 126
7.3 126
7.3 127
7.3 127
7.3 127
7.3 126
7.3 125
7.3 123
7.3 122
7.3 121
7.3 120
7.3 119
7.3 118
7.3 118
7.3 118
7.3 117
7.3 117
7.3 117
7.3 117
7.3 117
7.3 117
7.3 117
7.3 117
7.3 117
7.3 117
7.3 117
7.3 117
7.3 117
7.3 117
7.3 117
7.3 117
7.3 118
7.3 118
7.3 118
7.3 118
7.3 119
7.3 118
7.3 119
7.3 120
7.3 120
7.3 121
7.3 122
7.3 123
7.3 125
7.3 126
7.3 127
7.3 127
7.3 128
7.3 128
7.3 128
7.3 128
7.3 127
7.3 127
7.3 128
7.3 128
7.3 128
7.3 127
7.3 126
7.3 125
7.3 124
7.3 123
7.3 123
7.3 122
7.3 122
7.3 122
7.3 122
7.3 121
7.3 121
7.3 121
7.3 121
7.3 120
7.3 120
7.3 120
7.3 120
7.3 120
7.3 120
7.3 120
7.3 120
7.3 120
7.3 120
7.3 120
7.3 120
7.3 120
7.3 121
7.3 121
7.3 121
7.3 121
7.3 121
7.3 122
7.3 122
7.3 122
7.3 123
7.3 123
7.3 124
7.3 124
7.3 125
7.3 125
7.3 126
7.3 127
7.3 127
7.3 128
7.3 128
7.3 129
7.3 129
7.3 130
7.3 130
7.3 129
7.3 129
7.3 129
7.3 127
7.3 126
7.3 125
7.3 124
7.3 124
7.3 124
7.3 123
7.3 123
7.3 123
7.3 123
7.3 123
7.3 123
7.3 123
7.3 123
7.3 123
7.3 123
7.3 122
7.3 122
7.3 122
7.3 122
7.3 122
7.3 122
7.3 122
7.3 122
7.3 122
7.3 122
7.3 122
7.3 122
7.3 122
7.3 122
7.3 122
7.3 122
7.3 122
7.3 122
7.3 122
7.3 123
7.3 123
7.3 124
7.3 125
7.3 126
7.3 128
7.3 128
7.3 128
7.3 129
7.3 129
7.3 129
7.3 128
7.3 129
7.3 130
7.3 131
7.3 132
7.3 132
7.3 131
7.3 131
7.3 130
7.3 130
7.3 130
7.3 130
7.3 129
7.3 129
7.3 129
7.3 129
7.3 128
7.3 128
7.3 128
7.3 128
7.3 128
7.3 128
7.3 128
7.3 128
7.3 128
7.3 128
7.3 128
7.3 128
7.3 129
7.3 129
7.3 129
7.3 129
7.3 130
7.3 130
7.3 131
7.3 131
7.3 132
7.3 133
7.3 134
7.3 136
7.3 138
7.3 140
7.3 141
7.3 143
7.3 144
7.3 144
7.3 144
7.3 145
7.3 144
7.3 143
7.3 143
7.3 141
7.3 139
7.3 135
7.3 133
7.3 134
7.3 133
7.3 133
7.3 132
7.3 133
7.3 133