391.8 5.67
391.4 5.38
390.8 5.38
390.2 4.83
389.8 4.56
389.7 4.30
389.7 4.56
389.8 5.10
389.3 6.92
383.1 8.68
371.2 6.92
368.0 7.95
377.0 5.97
381.9 4.83
383.8 5.10
382.3 6.28
380.4 6.60
380.0 6.92
380.2 6.60
381.6 5.97
383.3 5.67
384.3 5.67
384.3 5.38
384.7 5.38
385.2 5.10
385.1 5.38
384.8 5.10
383.7 4.83
381.5 4.83
382.8 4.56
383.4 4.30
381.1 4.06
376.9 4.06
374.5 4.83
369.6 5.10
369.9 4.30
377.3 4.83
379.2 5.97
378.2 5.97
377.2 6.60
376.8 6.92
376.1 6.28
375.4 6.28
375.2 6.60
375.5 6.28
375.9 5.97
375.9 6.60
374.4 6.28
373.9 6.28
374.9 6.28
374.9 6.28
375.9 6.28
377.3 6.28
378.8 6.28
380.3 6.28
381.0 5.97
381.9 5.97
378.2 5.38
372.1 5.38
373.7 5.10
377.1 5.10
377.8 5.67
378.0 5.10
378.1 5.67
378.1 5.67
378.1 5.67
378.2 5.67
378.8 5.67
380.6 5.67
381.0 5.67
380.8 5.38
380.6 5.67
380.4 5.38
380.4 5.38
381.5 5.67
382.0 5.38
381.7 5.67
381.7 6.28
381.9 6.28
381.7 5.97
381.3 5.97
380.8 5.97
380.3 5.97
379.9 5.97
379.9 5.97
380.8 5.38
383.6 5.97
385.3 5.38
387.0 5.67
388.3 5.10
387.8 4.56
387.3 5.10
386.9 4.83
386.4 4.83
385.9 4.83
385.4 5.10
385.0 5.97
384.9 5.67
385.0 5.67
384.6 5.67
384.3 5.67
384.4 5.67
384.3 5.67
384.1 5.38
384.0 5.97
384.0 5.67
383.8 5.67
383.5 5.67
382.9 5.97
382.3 5.10
381.8 5.10
381.3 5.38
380.9 5.10
380.7 5.10
380.4 5.10
380.4 5.10
380.4 5.10
380.3 5.10
379.8 4.83
379.7 4.83
379.7 5.67
379.8 5.67
379.9 5.67
380.0 5.67
380.0 5.67
379.9 5.67
380.3 5.67
380.2 5.67
379.9 5.67
379.0 5.10
377.5 5.10
377.1 5.10
377.1 5.10
376.8 5.38
376.3 5.97
376.3 6.60
377.1 6.28
376.8 6.28
377.2 6.60
377.6 6.28
377.5 5.67
377.3 5.10
377.8 5.10
377.6 5.38
377.8 5.10
378.3 4.83
378.7 5.10
378.5 4.83
377.9 4.83
377.5 4.83
377.2 4.83
376.9 4.83
376.6 4.83
375.9 4.56
375.0 4.83
373.8 4.83
373.3 4.83
373.7 5.10
373.6 5.10
373.7 5.10
373.7 5.10
373.9 5.38
374.3 5.67
374.7 5.67
374.8 5.67
374.8 5.67
374.8 5.67
375.4 5.67
375.7 5.67
374.9 5.38
374.3 5.38
373.9 5.38
373.8 5.38
373.9 5.38
374.4 5.38
374.7 5.38
374.5 5.38
374.3 5.38
372.9 5.38
372.1 5.38
372.7 4.56
373.2 4.56
373.1 5.10
372.9 5.10
372.9 5.38
373.1 5.10
374.2 5.10
377.1 5.38
381.3 5.10
383.6 5.10
384.0 5.10
383.8 4.56
383.5 4.83
384.5 4.56
384.7 4.83
384.4 5.10
384.3 4.83
384.2 7.25
384.5 6.60
384.3 6.92
383.8 8.31
374.7 14.3
367.3 20.3
367.9 6.60
373.4 5.67
373.8 5.38
373.6 6.28
372.5 7.25
371.8 7.60
371.0 7.25
370.8 6.92
371.5 6.92
373.0 6.28
374.7 5.97
375.6 5.97
376.3 5.10
377.3 5.38
377.9 5.10
378.1 4.83
378.3 4.30
378.4 3.81
378.6 4.30
378.6 4.83
378.8 5.67
378.7 6.92
372.4 9.83
367.5 7.60
369.0 5.97
369.5 5.10
368.5 5.38
367.5 6.28
365.8 8.31
364.7 7.95
364.8 8.31
366.0 8.31
367.4 7.25
368.4 6.92
368.8 6.92
370.1 6.60
371.9 6.60
373.3 6.28
374.3 6.28
374.7 5.97
375.1 5.97
375.7 5.67
376.0 5.38
376.1 5.10
376.3 5.67
376.1 6.92
368.2 4.83
360.2 5.38
360.9 4.56
362.3 4.30
362.8 5.67
363.5 6.92
363.5 8.31
362.9 7.60
363.1 7.60
363.8 6.92
364.7 6.60
365.2 5.97
365.2 5.97
366.0 5.67
368.6 5.67
370.4 5.67
372.0 5.38
371.8 5.67
370.7 5.38
371.9 5.67
373.7 5.38
374.8 5.38
374.2 5.97
372.2 5.97
366.6 5.97
357.7 5.38
355.9 4.83
358.2 5.38
360.5 6.60
361.5 6.28
361.7 6.28
361.7 6.28
362.0 6.28
362.6 6.60
363.7 6.28
364.6 6.28
364.7 6.92
366.4 6.60
367.5 6.60
368.1 6.60
368.7 6.60
369.3 6.60
369.6 6.28
370.3 6.28
370.7 6.28
370.8 6.28
371.1 6.28
370.7 5.38
360.1 4.83
349.1 4.06
351.6 4.06
354.3 4.06
355.4 5.97
355.5 8.68
355.3 9.05
355.1 8.31
354.7 7.25
354.1 6.60
353.7 6.28
354.6 6.28
355.2 6.28
356.1 5.97
356.2 5.97
357.6 6.60
357.9 5.97
358.1 5.67
356.4 5.67
355.6 5.67
352.0 5.67
349.2 5.67
350.6 5.97
351.8 5.38
352.0 5.67
351.7 5.67
350.6 5.38
349.5 5.67
348.6 6.28
347.8 6.60
347.5 6.92
347.3 6.92
348.3 6.92
349.1 6.60
349.8 6.28
350.3 6.28
350.6 6.28
350.7 6.28
350.7 6.28
350.8 6.28
350.8 6.28
350.7 5.97
350.7 5.97
350.7 5.97
350.8 5.67
350.9 5.97
350.9 5.10
350.4 5.10
349.5 5.10
348.1 5.10
346.5 5.10
345.2 5.38
344.0 5.38
343.2 5.67
342.7 5.67
342.3 5.67
342.4 5.67
343.6 5.67
344.4 5.38
345.0 5.38
345.1 5.67
345.1 5.10
345.2 5.10
345.1 5.10
344.8 5.10
344.9 4.83
344.8 4.83
344.7 4.83
344.5 4.83
344.4 5.10
344.3 5.67
343.9 5.67
343.0 5.97
341.5 5.97
338.7 5.67
336.7 5.97
336.4 6.60
336.6 6.60
336.5 6.60
336.4 6.60
336.3 6.60
336.9 6.28
339.9 6.28
343.4 5.97
344.6 5.38
345.1 5.38
345.5 5.10
345.7 5.10
345.8 5.10
345.3 5.10
344.4 5.38
343.1 5.10
342.1 4.83
341.3 4.30
340.6 4.06
339.9 4.06
337.0 4.56
333.8 5.10
332.9 5.10
332.6 5.38
332.7 5.67
332.3 5.67
332.1 5.38
331.8 5.10
331.6 5.38
331.3 4.83
331.1 5.67
331.3 6.28
333.0 6.28
337.0 6.28
338.3 6.28
338.6 5.97
338.5 5.97
339.6 5.97
339.7 5.97
338.6 5.97
339.1 5.97
341.7 5.97
343.5 5.97
339.7 5.97
332.8 5.97
328.2 5.97
327.6 5.97
327.9 5.97
328.2 5.10
328.5 5.38
330.3 5.38
330.1 5.67
330.0 5.38
330.0 5.38
330.2 5.38
330.4 5.38
332.3 5.10
333.1 5.10
334.0 5.38
334.7 5.38
335.2 4.56
335.8 4.83
336.5 4.30
336.9 4.30
337.3 4.56
337.7 4.30
338.2 4.30
338.3 4.56
338.3 4.56
337.9 5.38
336.9 5.38
335.6 4.83
335.1 5.97
334.9 6.92
334.2 6.92
333.9 6.92
334.3 6.60
335.2 6.60
336.3 5.97
337.4 5.10
337.8 5.97
337.9 5.97
338.2 5.38
338.8 4.56
339.3 6.28
340.0 7.60
340.6 9.44
341.1 12.9
341.6 15.3
342.1 17.4
342.4 18.5
342.5 19.7
342.0 26.0
339.8 31.0
336.9 6.60
334.8 6.28
333.0 6.28
331.8 6.28
331.1 6.60
330.4 6.92
330.4 7.25
332.1 6.92
333.6 6.60
334.5 6.28
334.9 5.97
336.0 5.38
336.4 5.10
336.4 5.10
336.7 5.10
336.9 4.56
336.9 5.10
337.1 4.83
337.2 5.67
337.4 5.67
337.5 5.38
337.6 5.97
337.4 5.97
336.8 6.28
335.8 6.28
334.5 6.28
332.7 6.28
331.0 6.60
330.0 6.60
329.9 6.28
330.1 6.28
330.3 6.28
330.9 5.97
333.0 5.97
335.4 5.38
336.7 5.10
337.5 5.10
338.3 5.10
337.7 5.38
337.5 4.83
338.2 5.10
339.1 5.10
340.3 4.83
341.5 4.83
342.0 5.10
342.9 5.10
343.9 5.10
344.3 5.10
344.1 5.10
343.5 5.10
342.6 5.10
341.5 5.67
340.4 5.97
339.9 5.97
339.4 5.67
339.2 6.28
339.2 5.97
339.5 5.97
340.2 5.97
341.8 5.97
342.8 5.97
343.5 5.97
344.2 5.97
345.0 5.97
346.3 5.97
347.1 5.38
347.5 5.38
347.9 5.38
348.3 5.10
348.8 5.10
348.5 5.38
347.2 5.10
346.2 5.97
345.2 5.97
344.7 5.97
343.9 5.67
343.7 5.38
343.1 5.67
342.2 5.67
341.7 5.67
341.8 5.38
341.5 5.38
342.1 5.38
342.2 5.38
342.5 5.67
343.3 5.38
344.1 5.10
344.7 5.10
345.4 5.10
346.1 5.10
346.7 5.10
347.1 5.10
347.5 5.38
347.7 5.97
347.7 5.97
347.2 5.97
346.6 5.67
346.3 5.97
346.2 5.97
345.7 6.28
344.9 6.92
343.5 7.60
342.5 7.60
342.5 7.60
342.8 7.95
342.7 7.95
342.6 7.60
342.9 7.95
343.2 6.92
343.6 6.60
344.1 6.28
345.1 6.60
345.2 6.28
344.7 5.97
345.8 5.97
345.6 5.97
345.4 5.97
344.8 5.97
345.1 5.67
345.1 6.28
344.9 5.97
344.6 6.28
344.2 6.92
343.0 7.95
340.9 9.05
338.1 10.2
335.6 10.7
334.0 11.1
333.7 11.5
333.9 10.7
334.6 10.2
335.0 9.44
335.0 9.44
335.4 9.05
335.8 8.68
335.9 8.31
336.4 8.31
336.7 7.95
336.9 7.95
337.0 7.60
336.9 7.60
334.1 7.60
320.9 7.25
320.9 6.92
323.9 6.60
324.5 6.92
324.6 7.95
323.9 8.31
321.7 9.44
318.9 10.7
316.2 10.7
313.8 11.5
312.5 11.5
311.9 11.5
311.6 11.1
311.9 10.2
312.4 9.83
313.2 9.44
313.8 9.44
314.0 9.05
314.3 9.05
314.4 8.68
314.4 8.31
314.5 7.95
314.1 8.31
313.3 8.68
308.1 8.31
304.7 8.31
302.9 8.31
306.4 8.31
307.5 8.31
307.9 8.68
307.7 8.68
305.8 9.05
303.4 9.83
301.4 10.7
300.3 10.7
299.6 10.7
299.4 10.7
299.2 9.83
299.2 9.83
299.4 9.83
299.4 9.83
299.4 9.44
299.1 9.44
299.1 9.44
299.1 9.05
297.4 9.05
297.2 9.05
295.6 8.68
290.3 8.68
292.6 8.68
293.3 8.68
293.4 8.68
293.6 9.05
293.3 9.44
292.2 9.83
291.1 10.2
290.2 10.7
289.3 10.7
288.6 11.1
288.1 10.7
289.1 10.2
291.2 10.2
294.2 10.2
297.0 10.7
298.8 9.83
299.7 9.83
300.9 9.05
301.1 8.68
301.5 8.31
301.3 7.95
301.0 8.31
300.7 8.68
300.5 8.68
300.2 9.05
300.0 9.05
299.8 9.05
299.6 9.44
299.5 9.44
299.2 10.2
298.9 10.2
298.7 10.2
298.6 10.2
298.5 9.83
298.4 9.83
301.8 9.83
302.9 9.44
302.8 9.05
302.6 9.05
302.4 9.05
302.2 9.05
302.0 9.05
301.9 8.68
301.8 8.68
301.8 8.68
301.6 8.31
301.1 8.68
300.6 8.31
300.3 8.31
300.4 8.68
300.4 8.31
300.1 7.95
299.7 8.31
299.3 7.95
299.0 8.68
299.0 8.68
299.0 8.68
299.1 8.31
299.3 7.95
298.3 7.95
298.7 7.95
298.2 7.95
297.2 7.95
297.4 7.60
296.8 7.25
296.5 7.25
295.0 7.25
295.6 7.95
296.4 7.95
294.4 7.95
294.4 7.95
292.7 7.95
294.4 7.95
294.7 7.95
294.7 7.95
294.5 7.95
294.4 7.25
294.4 7.25
294.3 7.25
294.2 7.60
294.3 7.60
294.3 7.95
294.3 7.95
294.4 7.95
294.5 7.95
294.7 7.60
294.5 7.60
293.8 7.60
293.7 7.60
293.8 7.60
293.6 7.60
294.2 7.60
295.2 7.60
294.0 7.60
294.8 6.92
296.2 6.92
297.0 6.92
297.0 6.92
297.0 6.92
297.3 6.92
297.8 6.92
298.1 6.92
298.4 6.92
298.5 6.92
299.5 7.25
300.5 6.60
300.8 6.60
301.2 6.60
301.3 6.60
301.2 6.60
302.0 6.60
302.8 6.60
303.0 6.92
302.9 6.92
302.9 6.28
302.9 6.28
303.0 5.97
303.1 5.97
303.4 6.28
303.3 6.28
302.9 6.60
302.4 6.60
301.8 6.60
301.3 7.60
301.3 8.31
301.5 8.31
301.6 8.68
301.7 8.31
301.7 7.60
301.8 7.60
302.4 7.25
303.2 6.92
303.8 6.92
304.2 5.97
304.6 5.97
304.7 5.67
304.7 5.38
304.6 4.56
304.4 4.83
304.2 5.38
304.0 6.60
303.7 7.95
303.5 9.83
302.7 5.97
301.5 5.38
300.9 5.97
300.6 5.97
299.6 6.28
298.8 7.60
298.6 8.31
298.9 8.68
300.3 8.68
301.9 8.31
302.3 7.95
302.6 7.60
302.9 7.25
303.5 6.60
304.2 6.28
304.5 5.97
305.0 5.97
305.9 5.38
306.4 4.56
306.4 5.67
306.5 5.97
306.5 6.28
306.5 6.60
306.9 7.25
305.8 5.10
303.8 5.67
302.7 5.38
301.9 5.97
300.9 6.60
300.5 7.25
300.6 7.60
301.2 7.95
302.0 8.31
303.0 7.25
303.4 6.60
305.0 6.60
306.0 5.97
306.7 5.67
309.1 4.83
311.6 4.83
313.5 5.10
315.4 4.56
317.1 6.60
317.3 7.60
317.7 9.44
318.0 10.7
317.2 12.4
315.2 16.9
306.8 20.9
299.6 8.31
298.7 7.60
298.7 6.28
297.3 5.97
296.4 6.92
296.1 8.31
296.2 9.05
297.6 9.44
299.2 8.31
300.6 7.25
302.9 6.92
304.8 6.28
306.3 6.28
307.3 6.28
308.8 5.38
310.5 4.83
311.9 4.83
313.0 5.10
314.3 5.10
315.6 5.10
316.3 5.97
316.2 7.25
312.5 11.9
302.8 7.25
296.2 7.25
298.5 6.28
296.5 5.97
295.3 7.25
294.7 9.05
294.9 8.68
296.2 9.44
297.2 8.68
298.1 7.60
299.8 7.60
300.7 6.92
301.1 6.60
302.8 6.92
301.7 6.92
303.8 6.60
305.5 6.60
306.8 6.60
307.9 6.60
308.9 6.28
309.5 6.28
310.5 5.67
311.2 5.67
310.6 5.38
300.7 5.10
297.0 4.56
295.4 4.83
294.9 4.83
295.7 7.25
296.9 7.60
297.6 8.68
296.4 9.44
294.7 9.05
293.6 8.68
293.4 8.68
293.3 8.31
293.9 8.68
294.3 8.68
294.7 8.31
295.4 7.95
295.7 7.95
295.9 7.60
296.5 7.60
297.1 7.60
298.0 7.25
298.7 7.25
299.0 7.25
297.7 6.60
289.1 6.60
286.4 6.60
285.9 6.60
287.5 6.92
288.2 6.92
287.8 8.31
285.5 9.05
282.9 9.44
281.1 9.44
279.8 9.05
278.6 9.05
277.8 9.05
277.4 9.05
277.4 9.05
277.6 8.68
277.6 8.68
277.4 8.31
277.1 8.31
278.5 7.95
279.4 8.68
280.5 8.68
281.8 8.31
282.4 8.31
281.0 8.31
273.6 8.31
271.4 7.95
273.4 7.95
274.1 8.31
274.4 8.68
273.2 9.83
270.4 11.1
268.2 11.9
266.2 12.4
264.5 12.4
263.3 12.4
262.6 12.4
262.3 11.9
262.3 11.5
263.3 11.5
264.2 11.1
265.2 10.7
266.9 10.7
268.8 10.2
271.1 10.2
273.6 10.2
275.9 9.83
276.9 9.83
274.6 9.05
260.5 8.68
253.8 9.05
257.7 8.31
259.2 8.68
259.9 9.44
258.1 10.7
255.2 12.9
252.8 13.8
250.5 15.8
249.1 15.3
248.7 14.3
249.4 13.8
250.3 13.3
252.1 13.3
254.4 12.9
256.3 12.9
258.9 12.4
260.9 11.9
262.0 11.9
262.7 11.5
262.1 11.5
261.5 11.5
262.0 11.1
258.3 10.7
236.6 10.7
228.2 11.1
237.4 11.1
241.3 10.7
242.1 11.9
239.9 14.3
237.1 16.3
234.1 18.0
231.6 18.5
230.0 18.5
230.0 18.5
231.0 17.4
232.2 16.3
233.6 15.8
234.8 15.3
236.6 14.8
237.6 14.3
238.3 14.3
239.6 13.8
240.1 13.3
239.7 13.3
238.7 12.9
237.4 12.9
231.7 12.4
212.0 12.4
217.8 12.4
224.1 12.9
225.9 13.8
224.6 14.8
222.2 17.4
219.2 19.7
217.1 20.3
216.2 20.3
215.8 19.7
215.6 19.7
215.6 18.5
215.9 18.0
216.6 16.9
217.7 16.3
218.3 16.3
218.9 15.8
219.0 15.8
218.5 15.3
220.6 14.8
224.5 14.8
224.3 14.3
222.0 14.3
213.3 14.3
198.3 13.8
206.2 11.9
210.2 10.7
211.0 11.1
208.8 11.9
206.0 11.5
205.1 11.9
203.6 12.4
202.2 12.9
201.3 13.8
201.0 13.3
200.5 12.9
200.3 12.4
200.1 11.5
199.9 16.9
200.0 16.9
201.4 16.3
201.6 16.3
201.5 15.8
201.8 15.8
202.3 15.3
201.0 14.8
202.4 14.8
201.7 14.8
199.0 14.8
199.8 14.3
200.0 11.5
200.3 10.2
199.2 10.2
195.9 11.1
192.6 12.4
190.0 12.9
187.9 13.3
187.3 12.9
187.9 12.4
189.1 11.9
189.8 11.5
189.6 11.1
187.4 11.1
187.2 12.9
187.6 12.4
189.5 11.9
190.7 11.5
192.1 11.5
192.7 11.5
192.8 11.1
191.6 9.44
184.0 9.44
162.7 9.44
166.7 9.44
175.2 9.44
177.4 9.83
175.3 10.7
171.9 11.1
168.5 12.4
165.7 13.3
163.7 15.3
162.7 19.1
162.3 19.1
161.9 18.5
161.8 18.0
161.7 17.4
162.4 17.4
163.7 16.9
164.5 16.3
165.0 16.3
165.8 15.8
166.8 15.3
166.6 15.3
165.7 14.8
163.4 14.3
155.6 14.3
147.2 13.8
154.0 14.3
156.3 14.3
155.5 15.3
154.3 16.3
150.8 18.0
148.1 18.5
147.2 18.5
146.3 19.1
145.7 18.5
145.2 18.5
144.6 18.0
144.2 18.5
144.2 17.4
144.3 16.9
144.0 16.9
143.7 16.9
143.5 16.9
143.2 16.3
143.1 16.3
144.7 16.3
145.5 15.8
143.4 15.3
140.2 14.8
140.8 15.3
141.8 15.3
141.3 15.3
138.7 15.8
135.0 16.9
130.8 18.5
126.4 20.3
123.2 21.5
120.6 21.5
118.8 20.9
117.8 19.7
116.9 19.1
116.1 18.5
116.2 18.0
116.1 17.4
115.2 16.9
114.3 16.3
114.1 16.3
118.0 16.3
122.6 15.3
124.7 15.3
126.3 15.3
126.9 16.3
127.3 15.8
127.7 15.3
128.3 15.8
128.6 15.8
128.8 14.8
129.0 14.3
129.0 14.3
128.8 13.8
128.8 13.3
128.7 13.3
128.6 12.9
128.5 12.9
128.4 12.4
128.3 12.4
128.1 11.9
127.9 12.9
127.6 12.4
127.5 11.9
127.3 11.5
127.1 11.9
126.8 11.5
126.6 11.5
126.4 11.5
126.2 11.5
126.0 10.7
125.5 11.5
124.9 11.5
124.2 12.9
124.4 14.3
124.8 15.3
124.7 14.3
124.5 13.8
123.8 13.8
122.9 13.8
122.3 13.3
122.1 12.9
122.2 12.9
122.1 12.4
122.2 11.9
122.0 11.1
122.1 11.1
122.9 10.7
125.8 10.7
123.6 10.7
122.8 10.7
122.3 10.7
121.7 10.2
120.4 10.2
117.7 10.2
114.5 10.2
114.4 10.2
116.2 10.7
117.4 10.2
118.0 10.7
118.9 11.5
119.8 11.5
120.0 11.5
119.2 11.5
118.4 11.5
118.0 11.1
118.2 11.1
118.9 11.1
120.2 11.1
122.0 11.1
122.8 11.1
121.2 10.7
119.2 10.7
122.6 10.7
124.5 10.7
125.3 10.7
125.5 10.2
123.8 10.7
120.0 10.2
107.5 9.83
103.8 10.2
105.8 10.7
114.6 10.2
118.8 10.7
116.6 11.5
113.7 12.4
111.0 12.9
109.8 13.3
109.3 13.3
109.4 13.3
110.2 12.9
111.2 12.4
111.4 11.5
111.6 11.5
114.2 11.5
113.8 11.1
114.8 11.1
116.4 10.7
114.0 10.7
116.5 10.7
116.2 10.7
112.4 10.2
104.6 10.2
89.4 10.2
91.8 11.1
98.1 11.1
100.4 10.7
100.4 11.5
99.2 11.9
98.3 12.9
97.4 13.3
96.4 14.3
96.1 14.8
96.1 14.3
96.1 14.3
96.9 13.8
98.1 13.8
99.5 13.3
100.1 12.9
95.5 12.9
95.9 12.9
98.6 12.4
100.5 12.4
99.2 11.9
97.0 11.9
93.0 11.9
84.1 11.9
76.7 11.9
89.0 11.9
87.9 11.9
82.1 12.4
78.8 12.9
78.9 13.3
79.7 13.8
80.6 14.3
81.7 14.3
82.6 14.3
83.3 14.8
83.7 15.3
84.1 15.3
84.9 14.8
85.7 14.3
86.5 13.8
87.7 13.3
88.6 12.9
89.0 12.4
87.4 12.4
85.5 11.9
87.8 11.9
86.0 11.9
73.1 11.5
66.0 11.1
86.7 11.5
87.0 12.4
85.3 11.9
84.7 12.4
85.8 13.3
85.9 13.8
85.4 14.8
83.6 14.8
80.9 15.3
78.7 15.3
76.9 15.3
76.1 15.3
76.2 14.8
76.2 14.3
76.5 14.3
75.7 13.8
76.6 13.8
79.9 13.3
80.6 13.3
71.2 13.3
71.0 12.9
68.0 12.9
63.5 12.9
73.8 12.9
73.3 12.9
68.4 13.3
59.4 13.8
40.6 15.3
18.4 16.9
4.4 19.1
1.3 19.7
1.8 20.3
2.2 20.9
2.3 20.3
2.4 19.7
2.3 19.1
2.3 18.0
2.4 17.4
2.4 16.9
2.4 16.9
2.3 15.8
2.0 15.3
1.2 14.8
0.5 14.3
0.7 14.8
0.7 13.8
1.5 13.8
1.2 13.8
0.8 13.8
0.1 12.9