755 75.18
755 75.04
756 74.96
757 74.95
757 74.77
758 74.67
758 74.63
758 74.48
758 74.59
759 74.54
759 74.54
759 74.35
759 74.17
758 74.19
757 74.13
757 73.92
757 73.77
757 73.65
757 73.67
756 73.87
756 73.84
756 73.82
756 73.91
756 73.71
756 73.77
755 73.91
755 73.84
755 73.76
755 73.69
755 73.69
755 73.68
755 73.71
755 73.61
755 73.61
755 73.74
756 73.57
756 73.62
755 73.89
755 73.95
755 74.09
755 74.09
756 74.22
756 74.50
757 74.57
757 74.57
757 74.67
757 74.84
757 74.83
758 74.47
757 74.53
757 74.56
757 74.39
757 74.24
757 74.23
757 74.48
756 74.30
756 74.36
756 74.42
756 74.49
756 74.31
755 74.34
754 74.40
754 74.46
753 74.28
753 74.47
753 74.47
753 74.69
753 74.67
753 74.71
753 74.80
753 74.67
753 74.70
753 74.71
754 74.45
754 74.45
754 74.36
754 74.27
754 74.10
754 74.20
755 74.40
755 74.37
755 74.50
755 74.41
755 74.36
754 74.38
754 74.45
753 74.53
753 74.59
753 74.68
753 74.73
753 74.72
753 74.84
753 74.81
753 74.65
753 74.71
753 74.48
753 74.41
754 74.44
754 74.24
755 74.07
755 73.99
756 73.97
756 73.97
757 74.18
758 74.18
758 74.17
758 74.26
758 74.25
758 74.28
758 74.30
758 74.35
758 74.40
758 74.50
758 74.54
759 74.77
759 74.81
759 74.84
760 74.96
760 74.90
760 74.91
760 74.51
761 74.54
761 74.55
761 74.35
761 74.17
761 74.10
761 74.03
761 74.24
761 74.29
761 74.24
761 74.28
762 74.18
761 74.24
761 74.16
760 74.20
759 74.16
759 74.22
759 74.21
759 74.33
758 74.45
758 74.45
758 74.50
758 74.54
757 74.61
757 74.41
757 74.47
757 74.42
757 74.38
758 74.30
759 74.25
759 74.25
760 74.39
761 74.48
762 74.50
763 74.53
763 74.22
764 74.24
764 74.26
764 74.16
765 74.07
765 74.05
765 74.09
766 74.61
766 74.57
766 74.46
766 74.55
767 74.61
767 74.51
767 74.35
767 74.34
767 74.35
767 74.25
767 74.15
767 74.05
767 74.01
767 73.93
767 74.28
768 74.27
768 74.27
768 74.30
768 74.10
767 74.09
767 74.16
767 74.12
767 73.99
768 73.99
768 74.41
768 74.53
769 74.53
769 74.42
770 74.55
770 74.38
770 74.25
770 74.29
771 74.16
771 74.09
771 74.00
771 74.04
771 73.85
771 74.15
771 74.11
771 74.09
772 74.24
771 74.31
771 74.05
770 74.05
770 74.11
770 74.02
770 73.86
770 74.20
770 74.64
770 74.77
770 74.97
771 75.17
771 75.06
771 74.82
771 74.97
771 74.87
771 74.75
771 74.65
771 74.63
771 74.48
771 74.72
771 74.77
771 75.08
772 75.15
772 75.24
772 75.14
771 75.03
771 74.99
771 74.91
771 74.79
771 74.73
771 74.93
771 75.17
771 75.18
771 75.32
771 75.58
771 75.52
771 75.63
771 75.41
771 75.16
771 75.11
771 74.96
770 74.99
770 74.81
770 75.16
770 75.38
770 75.73
770 75.51
769 75.61
769 75.67
768 75.76
767 75.71
766 75.70
765 75.43
765 75.36
765 75.38
765 75.27
765 75.14
765 75.08
765 75.06
765 75.00
765 74.92
765 74.76
765 74.63
765 74.57
765 74.41
765 74.27
765 74.09
765 74.56
765 75.05
765 75.05
765 74.89
765 74.80
764 74.89
763 74.97
762 74.91
762 74.95
761 75.05
760 75.06
760 75.12
760 75.20
760 75.28
759 75.28
759 75.41
759 75.60
759 75.60
758 75.19
758 75.22
757 75.28
756 75.10
755 74.90
755 75.14
754 75.48
753 75.49
753 75.50
752 75.68
752 75.59
752 75.44
752 75.56
751 75.54
751 75.42
751 75.40
751 75.44
751 75.54
751 75.81
751 75.87
751 75.99
751 76.13
751 76.37
752 76.19
752 76.01
753 75.89
753 75.84
754 75.75
754 75.58
755 75.51
755 75.67
756 75.83
757 75.87
758 75.91
759 76.12
760 76.29
760 76.10
761 76.26
761 76.41
762 76.55
762 76.52
763 76.62
764 76.84
765 76.85
765 76.85
766 77.02
767 77.17
767 77.08
767 76.99
767 77.10
768 77.03
768 76.91
768 76.86
768 76.87
768 76.99
769 76.92
769 76.86
769 76.93
769 76.94
769 76.96
768 76.70
768 76.73
768 76.76
767 76.67
766 76.59
766 76.54
766 76.82
766 76.76
765 76.73
765 76.73
765 76.76
764 76.75
764 76.53
763 76.53
762 76.51
762 76.43
762 76.28
762 76.20
761 76.32
761 76.17
761 76.08
761 76.16
761 76.19
760 76.19
760 76.21
759 76.37
759 76.09
758 76.11
758 76.14
758 76.18
758 76.30
758 76.35
758 76.41
758 76.46
757 76.48
757 76.60
757 76.41
757 76.12
757 76.16
757 76.04
757 75.82
757 75.74
758 75.99
758 76.00
758 75.88
758 75.96
759 76.05
759 76.03
759 75.84
759 75.89
759 76.01
759 75.92
759 75.80
759 75.86
760 76.28
760 76.24
761 76.24
762 76.46
762 76.60
762 76.25
763 76.10
763 76.22
763 76.07
763 75.94
764 75.84
764 75.88
764 76.00
764 76.17
764 76.14
765 76.27
765 76.39
765 76.25
765 76.14
765 76.27
764 76.12
764 76.06
764 75.98
764 75.88
765 76.03
765 76.23
765 76.19
765 76.29
764 76.45
764 76.06
764 75.73
763 75.74
763 75.59
762 75.33
762 75.08
761 74.95
761 75.08
760 75.19
760 75.09
760 75.10
760 75.22
760 75.02
760 74.85
761 74.81
761 74.74
761 74.51
762 74.42
762 74.60
763 74.76
763 74.70
764 74.78
764 74.93
765 75.11
765 74.84
766 74.55
766 74.61
766 74.53
767 74.22
767 74.02
767 73.99
768 74.15
768 74.32
768 74.21
769 74.30
769 74.57
768 74.30
768 74.15
768 74.23
767 74.24
767 74.07
767 74.02
767 74.28
768 74.63
768 74.58
768 74.67
768 74.84
768 74.65
768 74.36
768 74.41
768 74.27
768 74.12
768 73.97
768 73.79
768 73.67
767 73.80
767 74.10
767 74.50
767 74.64
766 74.66
766 74.95
766 75.19
765 75.05
764 74.82
764 74.89
764 74.93
764 74.78
764 74.56
764 74.51
763 74.47
764 74.42
764 74.30
764 74.20
764 74.10
764 74.03
764 73.92
763 73.78
763 73.61
763 73.55
763 73.80
763 73.64
764 73.53
763 73.69
763 73.85
763 73.87
762 73.86
761 73.98
760 73.99
759 74.08
758 74.18
758 74.25
758 74.63
758 74.72
758 74.74
758 74.66
757 74.76
757 74.86
757 74.69
757 74.77
756 74.74
756 74.72
756 74.69
756 74.74
756 74.79
756 74.87
757 74.88
757 74.95
757 75.13
757 75.23
757 75.26
756 75.29
755 75.42
755 75.51
755 75.56
756 75.73
757 76.20
758 76.41
759 76.31
760 76.15
760 76.14
761 76.15
761 76.13
762 76.11
762 76.12
762 76.05
761 76.09
761 76.04
760 76.00
760 76.21
759 76.31
758 76.38
758 76.30
756 76.39
756 76.41
754 76.42
753 76.55
753 76.44
753 76.51
754 76.69
753 76.81
753 77.07
754 76.81
754 76.80
754 76.83
754 76.40
754 76.13
755 76.41
755 76.19
756 76.15
757 75.95
757 76.07
758 75.80
759 75.88
760 75.70
761 75.71
763 75.77
763 75.76
764 75.54
763 75.41
764 75.44
764 75.29
764 75.06
765 75.16
765 75.24
766 75.13
766 74.96
767 75.18
767 75.21
767 75.17
767 75.18
767 74.77
767 74.73
767 74.69
767 74.53
767 74.38
767 74.64
767 74.57
768 74.73
768 74.73
768 74.70
767 74.97
766 74.70
766 74.54
765 74.54
764 74.61
764 74.39
764 74.68
764 75.12
765 75.05
765 75.00
766 75.08
766 75.07
766 75.08
767 75.07
767 75.30
767 75.35
767 75.42
767 75.40
767 75.62
767 75.73
767 75.78
767 75.82
767 75.85
766 75.99
766 75.78
765 75.78
764 75.44
764 75.13
764 75.07
763 74.90
763 75.04
762 75.07
763 75.24
763 75.29
763 75.36
763 75.43
763 75.51
763 75.60
763 75.66
764 75.71
764 75.81
764 75.80
764 75.83
764 75.93
764 76.02
764 76.10
764 76.12
764 75.98
763 75.74
762 75.58
761 75.48
760 75.33
760 75.13
760 75.00
759 74.87
759 74.69
759 74.78
760 74.75
760 74.65
760 74.57
760 74.78
760 74.76
760 74.78
760 74.82
760 74.86
760 74.87
760 74.99
759 75.18
760 75.28
760 75.19
760 75.29
759 75.22
758 75.16
757 75.00
756 74.91
755 74.91
754 74.64
754 74.47
754 74.70
754 74.61
754 74.66
754 74.67
754 74.70
754 74.75
754 74.81
754 74.73
754 74.61
754 74.59
754 74.56
754 74.52
754 74.91
755 74.95
755 74.96
755 75.04
755 75.16
755 75.24
756 75.33
756 75.22
756 75.25
756 75.07
757 75.04
757 75.08
757 75.08
757 75.23
757 75.24
757 75.34
757 75.44
757 75.54
757 75.48
757 75.26
758 75.13
757 75.10
758 75.17
758 75.14
759 75.02
759 75.21
760 75.38
760 75.32
760 75.11
760 75.25
760 75.35
760 75.31
760 75.38
760 75.29
760 75.14
760 75.27
761 75.37
761 75.59
761 75.39
762 75.36
762 75.45
762 75.51
762 75.52
762 75.51
762 75.13
762 75.15
762 75.12
762 74.98
762 74.86
761 75.23
761 75.19
761 75.16
761 75.02
762 75.07
762 74.85
761 74.75
761 74.80
761 74.61
761 74.47
761 74.55
761 74.88
762 75.03
763 75.24
763 75.32
763 75.43
763 75.58
763 75.40
764 75.25
764 75.20
764 75.23
763 75.13
763 74.95
763 74.91
763 75.16
763 75.31
762 75.30
762 75.08
761 75.12
761 75.11
760 75.29
758 75.03
758 74.98
757 74.85
756 74.62
756 74.82
756 75.04
756 74.92
756 74.94
756 74.97
756 74.92
756 74.89
757 74.73
757 74.51
757 74.49
757 74.40
757 74.27
757 74.08
758 74.41
758 74.61
758 74.64
758 74.50
758 74.71
758 74.76
757 74.85
757 74.77
756 74.85
756 74.86
756 74.91
756 74.92
757 75.13
758 75.09
758 75.24
759 75.36
760 75.46
760 75.61
760 75.37
761 75.40
761 75.45
762 75.37
762 75.33
762 75.44
763 75.91
764 75.45
764 75.33
764 75.00
764 75.00
764 74.63
764 74.49
763 74.33
763 74.37
763 74.26
762 74.23
762 74.26
763 74.80
763 74.74
763 74.52
764 74.62
764 74.82
764 74.84
764 74.79
764 74.96
764 75.02
764 75.10
765 75.18
765 75.29
765 75.34
765 75.38
765 75.38
765 75.26
765 75.33
765 75.26
764 74.91
763 74.67
762 74.50
762 74.34
762 74.11
762 74.45
762 74.52
762 74.43
762 74.34
762 74.44
762 74.45
762 74.73
762 74.80
762 74.88
761 74.77
761 74.86
761 74.97
761 75.16
761 75.16
761 75.08
761 75.09
761 75.11
760 75.18
760 74.93
759 74.69
758 74.72
757 74.58
757 74.54
757 74.25
757 74.36
757 74.63
757 74.56
757 74.58
757 74.81
758 75.03
758 75.01
758 74.96
758 74.99
759 75.06
759 75.08
759 75.04
760 75.32
760 75.28
760 75.51
760 75.56
760 75.54
760 75.48
759 75.57
759 75.52
758 75.45
757 75.45
756 75.48
756 75.41
756 75.37
756 75.45
756 75.41
755 75.35
755 75.37
755 75.44
755 75.20
755 74.84
755 74.87
755 74.90
754 74.70
754 74.60
754 74.84
754 75.26
753 75.17
754 75.04
753 74.91
753 75.08
752 75.09
752 75.07
751 75.14
750 75.21
749 75.25
749 75.28
749 75.49
749 75.55
749 75.49
749 75.59
749 75.66
750 75.78
750 75.54
749 75.54
749 75.47
749 75.36
749 75.28
749 75.16
748 75.18
748 75.33
748 75.19
748 75.09
748 75.10
748 75.21
748 75.12
748 75.13
747 75.03
747 75.01
746 74.94
745 74.93
745 75.22
744 75.12
743 75.09
743 75.22
743 75.19
742 75.17
742 75.00
743 75.22
743 75.23
744 75.13
745 75.30
745 75.18
746 75.36
747 75.60
748 75.60
749 75.35
750 75.35
750 75.41
750 75.28
750 75.20
750 75.12
751 75.31
750 74.95
750 74.88
751 75.05
752 75.31
751 75.08
751 75.09
752 74.86
752 74.88
752 74.83
751 74.52
751 74.38
751 74.64
750 74.68
750 74.62
750 75.00
750 75.34
750 75.33
750 75.50
749 75.66
749 75.73
749 75.62
748 75.55
748 75.43
748 75.43
747 75.36
747 75.26
747 75.62
747 75.69
747 75.84
747 75.65
747 75.65
747 75.66
747 75.71
747 75.66
747 75.41
748 75.38
748 75.33
749 75.24
750 75.21
750 75.24
751 75.48
751 75.39
751 75.38
752 75.23
753 75.09
753 74.87
753 74.74
753 74.69
753 74.52
753 74.61
753 74.83
752 75.14
751 75.16
751 75.25
750 75.44
749 75.39
748 75.31
747 75.17
747 75.23
747 75.18
748 75.00
748 74.95
749 75.11
749 75.10
749 75.02
750 75.04
751 75.07
751 75.09
751 74.93
751 74.63
751 74.54
751 74.51
752 74.36
750 74.13
752 74.37
752 74.64
752 74.58
753 74.60
753 74.76
753 74.80
753 74.86
754 74.69
754 74.54
754 74.59
755 74.52
755 74.56
756 74.88
757 75.03
757 74.96
757 74.98
758 75.13
758 74.86
758 74.80
758 74.77
758 74.66
758 74.59
758 74.60
759 74.41
759 74.42
760 74.56
760 74.60
761 74.48
761 74.51
762 74.45
762 74.55
763 74.38
763 74.40
764 74.34
764 74.23
765 74.15
765 74.48
766 74.68
766 74.62
767 74.72
767 74.67
768 74.66
768 74.42
768 74.30
768 74.25
768 74.20
768 73.98
768 73.93
768 73.97
768 74.09
768 73.97
769 74.02
769 74.13
769 74.21
769 74.11
769 73.95
769 74.03
769 74.08
768 74.01
768 74.23
767 74.63
767 74.68
767 74.53
766 74.52
766 74.47
765 74.49
764 74.54
762 74.51
762 74.44
761 74.42
760 74.44
759 74.48
758 74.60
758 74.60
758 74.54
757 74.53
758 74.75
758 74.36
759 74.25
760 74.31
760 74.22
761 74.04
761 73.93
760 73.88
761 74.18
761 74.44
762 74.50
762 74.28
762 74.18
762 74.44
762 74.45
762 74.55
761 74.60
761 74.69
760 74.86
760 74.80
760 75.01
760 75.05
760 75.03
760 75.06
760 75.14
760 75.26
760 75.00
759 74.76
759 74.73
759 74.65
759 74.47
759 74.42
758 74.39
758 74.57
758 74.89
758 74.94
758 74.98
758 75.12
758 75.04
757 75.11
757 74.75
757 74.22
757 74.67
757 74.89
757 74.90
756 74.87
756 74.92
756 75.06
756 75.20
757 75.39
757 75.23
758 75.35
758 75.17
758 75.27
758 75.17
759 75.11
759 75.05
760 74.94
761 75.04
761 75.07
762 75.02
762 75.08
762 75.08
762 75.22
762 74.94
762 74.96
761 75.03
761 74.93
761 75.10
762 75.06
762 75.03
762 75.09
763 75.15
763 75.18
763 75.24
763 75.31
763 75.37
763 75.31
763 75.32
762 75.38
762 75.53
762 75.51
762 75.57
762 75.53
762 75.53
762 75.49
762 75.22
762 75.24
761 75.24
761 75.12
760 75.06
761 74.90
761 74.87
761 74.94
761 75.27
761 75.33
762 75.39
762 75.60
762 75.19
762 75.39
763 75.44
763 75.41
763 75.37
763 75.53
763 75.62
764 75.89
764 75.82
764 75.47
764 75.50
764 75.63
764 75.58
764 75.56
763 75.57
764 75.58
763 75.51
763 75.45
763 75.38
763 75.59
763 75.55
763 75.52
764 75.59
763 75.67
763 75.73
764 75.70
764 75.73
763 75.80
763 75.84
763 75.96
763 76.33
763 76.41
763 76.44
763 76.06
763 75.94
762 75.90
762 75.80
761 75.66
760 75.61
759 75.56
758 75.52
757 75.35
757 75.60
756 75.63
756 75.52
757 75.14
757 74.86
756 74.90
756 74.80
756 75.00
756 74.86
756 74.83
755 74.87
755 74.89
755 75.03
755 75.08
755 75.13
754 74.84
754 74.83
753 74.77
752 74.35
752 74.04
750 74.23
749 74.41
748 74.18
747 74.23
746 74.21
746 74.50
746 74.53
747 75.00
747 74.65
748 74.85
749 74.89
750 74.67
750 74.52
751 74.60
751 74.51
752 74.41
752 74.62
752 75.06
752 75.19
752 75.27
752 75.29
752 75.46
751 75.25
750 75.00
750 74.98
750 74.92
749 74.92
749 75.06
749 75.34
749 75.31
749 75.37
750 75.59
750 75.66
750 75.76
750 75.50
750 75.48
750 75.57
751 75.63
751 75.39
751 75.33
752 75.62
752 75.61
753 75.64
754 75.60
754 75.80
754 75.86
754 75.83
754 75.83
754 76.10
754 76.42
754 76.33
755 76.70
755 76.62
756 76.61
757 76.68
757 76.82
758 76.83
758 76.89
759 77.04
759 77.06
760 77.11
760 77.12
760 77.12
760 77.20
761 77.18
761 77.21
761 77.25
762 77.08
762 76.98
761 77.07
761 77.08
761 77.02
760 76.97
759 76.95
759 76.86
758 76.87
758 76.82
758 76.94
758 76.92
758 76.93
758 76.97
758 77.07
758 77.24
758 77.27
757 77.36
757 77.47
757 77.24
756 77.25
756 77.26
756 77.24
756 77.16
755 76.99
755 76.98
754 76.95
752 76.81
751 76.70
749 76.62
748 76.69
748 76.66
749 76.52
749 76.59
748 76.70
749 76.84
749 76.83
749 76.86
750 76.91
751 76.93
750 76.97
751 77.05
751 77.06
751 77.12
751 77.16
751 77.20
751 77.26
751 77.34
752 77.02
752 76.96
752 76.98
752 76.89
751 76.81
751 76.77
751 76.80
751 76.85
751 76.67
752 76.80
752 77.03
752 77.22
753 77.17
753 76.78
753 76.79
753 76.78
753 76.64
753 76.61
753 76.50
753 76.46
753 76.32
754 76.79
754 76.98
754 76.94
754 76.99
754 77.09
754 77.15
753 76.73
753 76.76
753 76.81
753 76.69
753 76.65
753 76.70
753 76.96
754 76.97
754 76.91
754 76.37
755 76.43
755 77.02
755 77.05
755 76.49
756 76.52
756 76.75
756 76.73
756 76.66
757 77.11
757 77.23
757 77.28
757 77.04
757 77.05
758 76.88
758 77.01
757 76.51
757 76.63
757 76.54
756 76.46
757 76.36
757 76.53
757 76.87
757 76.93
758 77.02
758 77.20
758 77.34
759 77.20
759 77.01
759 77.10
759 77.16
760 77.10
760 77.09
760 77.69
761 77.83
761 77.76
761 77.19
762 77.33
762 77.30
762 77.03
761 76.93
761 76.91
761 76.87
761 76.65
761 76.43
761 76.46
762 76.58
762 76.67
763 76.76
764 76.84
765 76.87
765 76.56
766 76.65
767 76.71
767 76.66
768 76.61
768 76.60
768 77.18
769 77.36
769 77.40
770 76.70
769 76.77
769 76.92
769 76.79
768 76.81
768 76.78
767 76.78
767 76.72
767 76.97
767 77.41
767 77.38
767 77.33
768 77.35
768 77.50
769 77.88
769 77.96
769 77.76
769 77.87
769 77.99
769 78.01
769 78.03
769 78.11
769 78.15
770 78.21
770 78.23
769 78.32
769 78.10
768 78.11
768 78.18
767 78.00
766 77.91
766 77.98
765 77.85
765 77.77
764 78.03
765 77.97
765 77.89
765 77.97
765 78.01
765 77.95
765 77.75
765 77.76
765 77.73
765 77.61
764 77.49
764 77.65
764 77.68
764 77.78
763 77.80
763 77.75
763 77.73
762 77.79
762 77.82
761 77.86
761 77.88
761 77.91
760 77.98
759 78.05
758 78.25
757 78.26
758 78.32
758 78.36
758 78.10
757 77.77
757 77.70
757 77.63
756 77.50
756 77.43
756 77.48
756 77.60
756 77.52
757 77.46
757 77.25
757 77.25
757 77.27
756 77.20
756 77.03
756 76.87
756 76.80
756 76.83
757 76.74
757 76.65
758 76.92
758 76.97
759 76.92
759 76.79
759 76.61
760 76.67
760 76.58
760 76.50
760 76.47
760 76.43
760 76.45
760 76.59
760 76.59
760 76.60
760 76.34
760 76.32
759 76.41
759 76.25
759 76.30
759 76.22
759 76.24
759 76.08
760 76.04
761 75.93
761 76.26
761 76.27
762 76.13
762 76.14
763 76.36
763 76.39
763 76.47
764 76.55
764 76.64
765 76.73
765 76.79
765 77.19
766 77.24
766 77.29
766 76.73
767 76.64
767 76.72
766 76.47
766 76.26
765 76.13
765 76.02
764 75.79
764 75.86
764 75.81
764 75.87
764 75.72
764 75.65
764 75.62
764 75.55
764 75.47
765 75.79
765 76.11
764 75.85
764 75.71
764 76.08
764 76.65
764 76.74
764 76.89
764 76.33
763 76.14
763 76.30
762 76.31
761 76.28
761 76.19
760 76.07
761 76.19
760 76.09
761 75.94
762 76.27
763 76.20
764 75.88
764 75.79
765 75.89
765 75.83
765 75.64
765 75.59
765 75.55
765 75.49
765 75.96
765 76.30
765 76.33
765 76.51
765 76.37
765 75.92
765 75.93
764 75.98
764 75.93
763 75.84
762 75.78
762 75.77
762 75.84
761 75.82
761 76.18
762 76.37
762 76.72
762 76.89
762 76.95
762 77.08
763 77.23
763 77.23
763 77.30
763 77.39
764 77.43
764 77.53
765 76.76
765 76.73
765 76.87
765 76.95
766 76.85
766 76.72
765 76.66
765 76.60
765 76.48
765 76.42
765 76.35
766 76.52
766 76.50
766 76.92
767 77.20
767 77.23
767 77.98
767 78.12
768 77.76
768 77.83
768 78.04
768 77.80
768 77.77
769 77.86
769 77.85
770 77.84
770 77.15
770 77.04
769 77.11
769 77.01
768 76.95
768 76.81
767 76.72
766 76.59
766 76.60
766 77.05
766 77.05
766 76.90
766 77.21
766 77.19
766 77.19
766 77.19
766 77.21
766 77.23
766 77.19
766 77.22
766 77.40
766 77.52
766 77.49
766 77.30
766 76.97
766 76.81
765 76.78
764 76.74
763 76.69
762 76.73
762 76.78
761 76.82
760 77.08
760 77.56
759 77.74
759 77.80
760 77.89
760 77.98
760 78.16
760 78.11
760 78.19
760 78.31
760 78.37
760 78.43
760 78.54
760 78.70
761 78.70
761 78.72
761 78.20
760 78.14
760 77.78
759 77.62
758 77.65
757 77.52
757 77.41
756 77.45
756 77.36
755 77.83
755 77.77
756 77.60
756 77.76
756 78.15
757 78.26
756 78.24
757 78.41
757 78.39
757 78.45
757 78.54
757 78.54
757 78.64
758 78.66
757 78.83
757 78.59
757 78.61
757 78.22
757 78.18
756 78.16
756 78.11
755 78.01
755 78.00
754 78.23
755 78.48
756 78.86
758 78.78
759 78.56
760 78.70
760 78.86
761 78.89
762 78.99
762 79.07
762 79.11
763 79.14
763 79.31
763 79.52
763 79.64
763 79.72
763 79.05
763 78.87
762 78.87
762 78.62
761 78.48
761 78.30
761 78.18
760 78.02
759 77.83
759 77.67
759 77.77
759 77.60
760 77.51
760 77.36
760 77.22
761 77.14
761 77.06
762 77.26
762 77.21
762 77.21
762 77.19
763 77.22
763 77.18
763 77.05
764 76.80
763 76.61
763 76.34
762 76.23
762 76.32
761 76.16
760 76.07
759 76.01
759 76.12
758 76.41
758 76.88
758 76.94
758 77.07
758 77.12
759 77.17
759 77.26
758 77.36
758 77.32
758 77.21
758 77.30
758 77.35
759 77.23
760 76.88
760 76.51
761 76.61
761 76.55
761 76.37
761 76.47
761 76.63
761 76.55
761 76.49
760 76.46
761 76.39
761 76.42
761 76.81
761 76.89
762 76.85
763 76.89
763 77.23
763 77.29
764 76.82
764 76.80
764 77.00
764 76.95
764 76.95
764 76.93
764 76.96
764 77.01
764 77.04
764 77.06
764 77.12
763 77.22
763 77.17
763 77.30
762 77.16
762 77.31
762 77.29
762 77.31
762 77.56
762 77.65
762 77.58
762 77.63
762 77.31
762 77.36
762 77.71
762 77.85
763 77.83
763 77.93
763 78.02
763 78.12
764 78.18
764 78.16
764 77.69
764 77.49
764 77.48
763 77.40
763 77.29
763 77.26
762 77.09
762 76.86
762 76.86
762 77.26
762 77.26
762 77.11
762 77.38
762 77.26
763 77.22
763 76.54
763 76.57
763 76.74
763 76.81
763 76.79
763 76.99
763 77.51
764 77.42
764 77.25
763 76.92
763 76.56
763 76.54
763 76.50
762 76.35
762 76.22
761 76.12
761 76.04
760 75.99
760 75.83
760 76.29
760 76.32
760 76.29
761 76.38
761 76.50
761 76.53
761 76.61
761 76.67
761 76.75
761 76.81
761 76.86
762 77.42
762 77.47
762 77.45
762 77.42
761 77.34
761 76.93
761 76.97
760 76.97
759 76.82
759 76.72
758 76.76
758 76.75
758 76.67
758 76.58
758 76.58
758 76.55
759 76.53
759 76.48
759 76.44
759 76.41
759 76.35
759 76.31
760 76.28
759 76.21
760 76.74
760 76.83
760 76.83
760 76.97
760 76.65
759 76.62
759 76.58
758 76.58
757 76.55
756 76.46
756 76.46
755 76.41
755 76.41
755 76.56
755 76.55
755 76.51
756 76.53
756 76.56
756 76.55
756 76.57
755 76.59
755 76.62
755 76.64
755 76.94
755 77.00
755 77.05
756 77.05
755 76.80
755 76.78
754 76.81
754 76.71
753 76.64
752 76.58
751 76.54
751 76.52
750 76.46
750 76.49
750 76.63
750 76.69
751 76.76
752 76.79
752 76.83
752 76.80
752 76.84
752 76.88
752 76.94
752 77.02
752 76.96
753 76.97
753 77.01
753 77.06
753 76.71
753 76.67
753 76.68
752 76.63
752 76.47
752 76.43
752 76.36
751 76.23
751 76.17
751 76.38
752 76.49
752 76.56
753 76.72
753 76.84
754 76.91
754 77.05
754 76.75
755 76.83
755 76.93
755 76.92
755 76.90
756 76.89
756 76.70
757 76.66
757 76.57
757 76.55
757 76.47
757 76.42
757 76.41
757 76.37
757 76.32
757 76.10
758 76.09
758 76.22
758 76.25
759 76.17