17.0 7.9
17.0 7.9
17.0 7.9
17.0 7.9
16.9 7.9
17.0 7.9
16.9 7.9
17.1 7.9
17.0 7.9
17.1 7.9
17.1 7.9
17.1 7.9
17.1 7.9
17.1 7.9
17.1 7.9
17.1 7.9
17.1 7.9
17.1 7.9
17.1 8.0
17.1 8.0
17.0 8.0
17.0 8.0
17.0 7.9
17.0 8.0
17.0 8.0
17.0 7.9
17.0 8.0
17.0 8.0
17.0 8.0
17.0 8.0
17.0 8.0
17.0 8.0
17.0 8.0
17.0 8.0
17.0 8.0
17.0 8.0
17.0 8.0
17.0 8.0
17.0 7.9
17.0 7.9
16.9 7.9
16.9 7.9
16.9 7.9
16.9 7.9
16.9 7.9
16.9 7.9
16.9 7.9
17.0 7.9
17.0 7.9
17.0 7.9
17.0 7.9
17.0 7.9
17.0 7.9
17.1 7.9
17.1 7.9
17.1 7.9
17.1 7.9
17.2 7.9
17.2 7.9
17.3 7.9
17.4 7.9
17.4 7.9
17.4 7.9
17.4 7.9
17.3 7.9
17.2 7.9
17.2 7.9
17.2 7.9
17.2 7.9
17.2 7.9
17.2 7.9
17.3 7.9
17.3 7.9
17.3 7.9
17.3 7.9
17.3 7.9
17.2 7.9
17.2 7.9
17.2 7.9
17.2 8.0
17.3 8.0
17.3 8.0
17.3 8.0
17.3 8.0
17.3 8.0
17.3 8.0
17.2 8.0
17.3 8.0
17.2 8.0
17.2 8.0
17.2 8.0
17.1 8.0
17.1 8.0
17.1 8.0
17.1 8.0
17.1 8.0
17.1 8.0
17.0 8.0
17.0 8.0
17.0 8.0
17.0 8.0
17.0 8.0
17.0 8.0
17.0 8.0
16.9 8.0
16.7 8.0
16.9 8.0
16.9 8.0
16.9 8.0
16.9 8.0
16.9 8.0
17.0 8.0
16.9 7.9
16.9 8.0
16.9 8.0
17.0 8.0
17.0 8.0
17.0 8.0
17.0 8.0
17.1 8.0
17.0 8.0
17.0 8.0
16.9 8.0
16.9 8.0
16.9 8.0
16.9 8.0
16.9 8.0
16.9 8.0
16.9 8.0
16.9 8.0
17.0 8.0
16.9 8.0
16.9 8.0
16.9 8.0
16.8 8.0
16.8 8.0
16.8 8.0
16.8 8.0
16.8 8.0
16.8 8.0
16.8 8.0
16.8 8.0
16.8 8.0
16.8 8.0
16.9 7.9
16.9 7.9
17.0 7.9
17.0 7.9
17.0 7.9
17.1 7.9
17.1 7.9
17.1 7.9
17.2 7.9
17.2 7.9
17.2 7.9
17.3 7.9
17.3 7.9
17.3 7.9
17.3 8.0
17.4 8.0
17.4 8.0
17.4 8.0
17.5 8.0
17.4 7.9
17.4 8.0
17.4 7.9
17.3 7.9
17.3 7.9
17.3 7.9
17.3 7.9
17.3 7.9
17.3 8.0
17.3 7.9
17.2 8.0
17.2 8.0
17.2 8.0
17.2 8.0
17.2 8.0
17.2 8.0
17.2 8.0
17.1 8.0
17.1 8.0
17.1 8.0
17.1 8.0
17.1 8.0
17.2 8.0
17.2 8.0
17.2 8.0
17.2 8.0
17.1 8.0
17.1 8.0
17.1 8.0
17.0 8.0
17.0 8.0
17.0 8.0
17.0 8.0
17.0 8.0
17.0 8.0
17.0 8.0
17.0 7.9
17.0 8.0
17.0 8.0
17.0 7.9
17.0 8.0
17.0 8.0
17.0 8.0
17.0 8.0
17.0 7.9
16.9 8.0
16.9 8.0
16.9 8.0
16.9 8.0
16.9 8.0
16.9 8.0
16.9 8.0
16.9 8.0
16.9 8.0
16.9 8.0
16.9 8.0
16.9 8.0
16.9 8.0
17.0 8.0
17.0 8.0
16.9 8.0
16.9 8.0
16.9 8.0
16.9 8.0
16.9 8.0
17.0 8.0
17.0 8.0
17.0 8.0
16.9 8.0
16.9 8.0
16.9 8.0
16.9 8.0
16.9 8.0
16.9 8.0
16.9 8.0
17.0 8.0
17.0 8.0
17.0 8.0
17.1 7.9
17.1 8.0
17.2 8.0
17.3 8.0
17.3 8.0
17.3 8.0
17.4 8.0
17.4 8.0
17.5 8.0
17.5 8.0
17.6 8.0
17.6 8.0
17.6 8.0
17.7 8.0
17.7 8.0
17.7 8.0
17.7 8.0
17.7 8.0
17.7 8.0
17.7 8.0
17.7 8.0
17.7 8.0
17.7 8.0
17.7 8.0
17.7 8.0
17.7 8.0
17.6 8.0
17.6 8.0
17.6 8.0
17.6 8.0
17.5 8.0
17.5 8.0
17.4 8.0
17.4 8.0
17.4 8.0
17.4 8.0
17.3 8.0
17.3 8.0
17.3 8.0
17.3 8.0
17.3 8.0
17.2 8.0
17.2 8.0
17.2 8.0
17.2 8.0
17.2 8.0
17.2 8.0
17.2 8.0
17.2 8.0
17.2 8.0
17.2 8.0
17.2 8.0
17.2 8.0
17.2 8.0
17.2 8.0
17.2 8.0
17.2 8.0
17.2 8.0
17.2 8.0
17.2 8.0
17.2 8.0
17.3 8.0
17.3 8.0
17.3 8.0
17.3 8.0
17.3 8.0
17.3 8.0
17.3 8.0
17.3 8.0
17.2 8.0
17.2 8.0
17.2 8.0
17.1 8.0
17.1 8.0
17.1 8.0
17.1 8.0
17.1 8.0
17.0 8.0
17.0 8.0
17.1 8.0
17.0 8.0
16.9 8.0
16.8 8.0
16.9 8.0
16.9 8.0
17.0 8.0
17.0 8.0
17.0 8.0
17.0 8.0
17.1 8.0
17.1 8.0
17.2 8.0
17.2 8.0
17.2 8.0
17.2 8.0
17.3 8.0
17.3 8.0
17.3 8.0
17.4 8.0
17.4 8.0
17.5 8.0
17.5 8.0
17.6 8.0
17.6 8.0
17.7 8.0
17.7 8.0
17.7 8.0
17.8 8.0
17.8 8.0
17.9 8.0
18.0 8.0
18.1 8.0
18.1 8.0
18.1 8.0
18.1 8.0
18.2 8.0
18.2 8.0
18.2 8.0
18.3 8.0
18.2 8.0
18.2 8.0
18.2 8.0
18.1 8.0
18.1 8.0
18.1 8.0
18.0 8.0
17.9 8.0
17.9 8.0
17.8 8.0
17.8 8.0
17.8 8.0
17.7 8.0
17.7 8.0
17.7 8.0
17.7 8.0
17.7 8.0
17.7 8.0
17.6 8.0
17.6 8.0
17.6 8.0
17.6 8.0
17.6 8.0
17.6 8.0
17.5 8.0
17.6 8.0
17.5 8.0
17.5 8.0
17.5 8.0
17.5 8.0
17.5 8.0
17.5 8.0
17.5 8.0
17.5 8.0
17.5 8.0
17.5 8.0
17.5 8.0
17.5 8.0
17.5 8.0
17.5 8.0
17.5 8.0
17.5 8.0
17.5 8.0
17.5 8.0
17.5 8.0
17.5 8.0
17.5 8.0
17.5 8.0
17.5 8.0
17.5 8.0
17.5 8.0
17.5 8.0
17.5 8.0
17.4 8.0
17.4 8.0
17.3 8.0
17.3 8.0
17.3 8.0
17.3 8.0
17.3 8.0
17.3 8.0
17.3 8.0
17.3 8.0
17.3 8.0
17.3 8.0
17.3 8.0
17.3 8.0
17.3 8.0
17.3 8.1
17.4 8.1
17.4 8.1
17.4 8.1
17.4 8.0
17.4 8.0
17.5 8.0
17.5 8.0
17.5 8.0
17.6 8.1
17.6 8.0
17.7 8.0
17.7 8.0
17.8 8.0
17.8 8.0
17.9 8.0
17.9 8.0
17.9 8.0
18.0 8.0
18.0 8.0
18.0 8.0
18.1 8.0
18.1 8.0
18.1 8.0
18.1 8.0
18.2 8.0
18.2 8.0
18.2 8.0
18.2 8.0
18.2 8.0
18.2 8.0
18.2 8.0
18.2 8.0
18.1 8.0
18.1 8.0
18.0 8.0
18.0 8.0
18.0 8.0
18.0 8.0
18.0 8.0
17.9 8.0
17.9 8.0
17.9 8.0
17.8 8.0
17.8 8.0
17.8 8.0
17.7 8.0
17.7 8.0
17.7 8.0
17.6 8.0
17.6 8.1
17.6 8.0
17.6 8.1
17.6 8.1
17.6 8.1
17.6 8.1
17.6 8.1
17.6 8.1
17.6 8.0
17.6 8.1
17.6 8.1
17.6 8.1
17.6 8.1
17.6 8.1
17.6 8.1
17.6 8.0
17.6 8.0
17.6 8.0
17.6 8.0
17.6 8.0
17.6 8.0
17.6 8.0
17.7 8.0
17.7 8.0
17.7 8.0
17.7 8.0
17.7 8.0
17.7 8.0
17.7 8.0
17.7 8.0
17.7 8.0
17.7 8.0
17.7 8.0
17.7 8.0
17.7 8.0
17.8 8.0
17.7 8.0
17.7 8.0
17.7 8.0
17.7 8.0
17.7 8.0
17.7 8.0
17.7 8.0
17.6 8.0
17.6 8.0
17.6 8.0
17.6 8.0
17.7 8.1
17.7 8.1
17.7 8.1
17.8 8.1
17.8 8.1
17.9 8.1
18.0 8.1
18.1 8.1
18.0 8.1
17.9 8.0
17.8 8.0
17.9 8.0
17.9 8.0
17.9 8.0
18.0 8.0
18.0 8.0
18.0 8.0
18.1 8.0
18.1 8.0
18.2 8.0
18.2 8.0
18.3 8.0
18.3 8.0
18.3 8.0
18.4 8.0
18.3 8.0
18.4 8.0
18.4 8.0
18.3 8.0
18.3 8.0
18.3 8.0
18.3 8.0
18.3 8.0
18.3 8.0
18.2 8.0
18.2 8.0
18.2 8.0
18.2 8.0
18.2 8.0
18.2 8.0
18.1 8.0
18.0 8.0
18.0 8.1
17.9 8.1
17.9 8.0
17.9 8.1
17.8 8.0
17.8 8.0
17.8 8.1
17.7 8.1
17.7 8.1
17.7 8.1
17.7 8.1
17.7 8.1
17.6 8.1
17.6 8.1
17.6 8.1
17.6 8.1
17.6 8.1
17.6 8.1
17.6 8.1
17.6 8.1
17.6 8.1
17.5 8.1
17.6 8.1
17.6 8.1
17.6 8.1
17.6 8.1
17.6 8.1
17.6 8.0
17.7 8.1
17.7 8.0
17.7 8.1
17.7 8.1
17.8 8.0
17.8 8.0
17.8 8.1
17.8 8.0
17.8 8.0
17.8 8.0
17.8 8.0
17.8 8.0
17.8 8.0
17.8 8.0
17.8 8.0
17.8 8.0
17.8 8.0
17.8 8.0
17.8 8.0
17.9 8.0
17.9 8.1
17.9 8.1
17.9 8.0
17.9 8.1
17.8 8.1
17.8 8.1
17.7 8.1
17.7 8.1
17.7 8.1
17.7 8.1
17.7 8.1
17.7 8.1
17.7 8.1
17.8 8.1
17.8 8.1
17.8 8.1
17.8 8.1
17.8 8.1
17.9 8.1
18.0 8.1
17.9 8.1
18.0 8.1
18.1 8.1
18.1 8.1
18.1 8.1
18.1 8.0
18.1 8.0
18.1 8.0
18.1 8.0
18.2 8.0
18.2 8.0
18.2 8.0
18.2 8.0
18.2 8.0
18.1 8.0
18.1 8.0
18.1 8.0
18.1 8.0
18.1 8.0
18.1 8.0
18.1 8.0
18.1 8.0
18.1 8.0
18.1 8.0
18.0 8.0
18.0 8.0
18.0 8.0
18.0 8.0
18.1 8.0
18.0 8.0
18.0 8.0
18.0 8.0
18.0 8.0
18.0 8.1
17.9 8.1
17.9 8.1
17.8 8.1
17.8 8.1
17.8 8.1
17.7 8.1
17.7 8.1
17.7 8.1
17.6 8.1
17.6 8.1
17.6 8.1
17.6 8.1
17.6 8.1
17.6 8.1
17.6 8.1
17.6 8.1
17.7 8.1
17.7 8.1
17.7 8.1
17.7 8.1
17.8 8.1
17.8 8.1
17.8 8.1
17.8 8.0
17.8 8.0
17.8 8.0
17.8 8.0
17.8 8.0
17.8 8.0
17.8 8.0
17.8 8.0
17.8 8.0
17.9 8.0
17.9 8.0
17.9 8.0
18.0 8.0
18.0 8.0
18.0 8.0
18.0 8.0
18.0 8.0
18.0 8.0
18.0 8.0
18.0 8.0
18.0 8.0
18.0 8.0
18.0 8.0
17.9 8.0
18.0 8.0
18.0 8.0
18.0 8.0
18.0 8.0
18.0 8.0
18.0 8.0
18.0 8.0
18.1 8.0
18.1 8.0
18.1 8.1
18.1 8.1
18.1 8.1
18.1 8.0
18.1 8.1
18.4 8.1
18.6 8.1
18.8 8.1
18.8 8.1
18.3 8.0
18.2 8.0
18.2 8.0
18.3 8.0
18.2 8.0
18.3 8.0
18.3 8.0
18.3 8.0
18.3 8.0
18.4 8.0
18.5 8.0
18.5 8.0
18.5 8.0
18.5 8.0
18.5 8.0
18.5 8.0
18.5 8.0
18.5 8.0
18.5 8.0
18.5 8.0
18.5 8.0
18.5 8.0
18.4 8.0
18.4 8.0
18.4 8.0
18.4 8.0
18.4 8.0
18.4 8.0
18.3 8.0
18.2 8.0
18.2 8.0
18.2 8.0
18.2 8.0
18.2 8.0
18.2 8.0
18.2 8.0
18.2 8.0
18.1 8.0
18.1 8.0
18.1 8.0
18.0 8.1
18.0 8.1
18.0 8.1
18.0 8.1
18.0 8.1
18.0 8.1
18.0 8.1
18.0 8.1
18.0 8.1
18.1 8.0
18.0 8.0
18.1 8.0
18.1 8.0
18.1 8.0
18.1 8.0
18.1 8.0
18.1 8.0
18.1 8.0
18.2 8.0
18.2 8.0
18.2 8.0
18.2 8.0
18.2 8.0
18.3 8.0
18.3 7.9
18.3 8.0
18.3 8.0
18.4 8.0
18.4 8.0
18.4 8.0
18.5 8.0
18.5 7.9
18.5 8.0
18.5 7.9
18.5 8.0
18.5 8.0
18.5 8.0
18.5 8.0
18.6 8.0
19.1 8.0
18.5 8.0
18.5 8.0
18.6 8.0
18.6 8.0
18.6 8.0
18.5 8.0
18.5 8.0
18.5 8.0
18.5 8.0
18.5 8.0
18.5 8.0
18.5 8.0
18.5 8.0
18.7 8.0
18.6 8.0
18.7 8.0
18.8 8.0
19.0 8.0
18.8 8.0
18.8 8.0
18.8 8.0
18.7 8.0
18.6 8.0
18.7 8.0
18.7 8.0
18.7 8.0
18.7 8.0
18.8 8.0
18.8 8.0
18.9 8.0
18.9 8.0
19.0 8.0
19.0 8.0
19.0 7.9
19.0 8.0
19.1 8.0
19.0 8.0
19.0 8.0
19.0 8.0
19.0 7.9
19.0 8.0
19.0 8.0
18.9 8.0
18.8 8.0
18.8 8.0
18.7 7.9
18.7 8.0
18.6 8.0
18.6 8.0
18.6 8.0
18.6 8.0
18.6 8.0
18.6 8.0
18.6 8.0
18.6 8.0
18.6 8.0
18.5 8.0
18.5 8.0
18.5 8.0
18.5 8.0
18.5 8.0
18.5 8.0
18.5 8.0
18.5 8.0
18.5 8.0
18.5 8.0
18.5 8.0
18.5 8.0
18.4 8.0
18.5 8.0
18.5 8.0
18.5 8.0
18.5 8.0
18.5 8.0
18.5 8.0
18.5 8.0
18.5 8.0
18.6 8.0
18.6 8.0
18.7 8.0
18.7 8.0
18.8 8.0
18.8 7.9
18.8 7.9
18.8 8.0
18.8 8.0
18.8 8.0
18.9 8.0
18.9 8.0
18.9 8.0
18.9 8.0
19.0 8.0
19.0 8.0
19.0 8.0
19.0 8.0
19.0 8.0
19.0 8.0
19.0 8.0
19.0 8.0
19.0 8.0
19.0 8.0
19.0 7.9
19.0 8.0
19.0 8.0
18.9 8.0
18.9 8.0
18.9 8.0
18.9 8.0
18.9 8.0
18.9 8.0
18.9 8.0
19.0 8.0
19.0 8.0
19.0 8.0
19.0 8.0
19.1 8.0
19.1 8.0
19.1 8.0
19.1 8.0
19.1 8.0
19.1 8.0
19.1 8.0
19.0 8.0
19.0 8.0
19.0 8.0
19.1 8.0
19.1 8.0
19.1 8.0
19.1 8.0
19.1 8.0
19.2 8.0
19.2 8.0
19.2 8.0
19.2 8.0
19.2 8.0
19.2 8.0
19.2 8.0
19.1 8.0
19.1 8.0
19.1 8.0
19.0 8.0
19.0 8.0
19.0 8.0
18.9 8.0
18.9 8.0
18.9 8.0
18.9 8.0
18.9 8.0
18.9 8.0
18.9 8.0
18.9 8.0
18.9 8.0
18.9 8.0
18.9 8.0
18.9 8.0
18.8 8.0
18.8 8.0
18.8 8.0
18.8 8.0
18.8 8.0
18.8 8.0
18.8 8.0
18.8 8.0
18.7 8.0
18.7 8.0
18.7 8.0
18.8 8.0
18.8 8.0
18.8 8.0
18.7 8.0
18.7 8.0
18.7 8.0
18.7 8.0
18.7 8.0
18.7 8.0
18.8 8.0
18.8 8.0
18.8 8.0
18.9 8.0
18.9 8.0
18.9 8.0
19.0 8.0
19.0 8.0
19.0 7.9
19.0 8.0
19.1 8.0
19.1 7.9
19.1 8.0
19.2 8.0
19.2 8.0
19.2 8.0
19.2 7.9
19.3 8.0
19.2 8.0
19.2 8.0
19.2 8.0
19.2 8.0
19.2 8.0
19.2 8.0
19.2 8.0
19.1 8.0
19.1 8.0
19.1 8.0
19.2 8.0
19.2 8.0
19.2 8.0
19.2 8.0
19.2 8.0
19.2 8.0
19.2 8.1
19.2 8.1
19.2 8.0
19.2 8.1
19.2 8.1
19.2 8.1
19.1 8.1
19.1 8.1
19.1 8.1
19.1 8.0
19.1 8.1
19.1 8.1
19.1 8.0
19.1 8.0
19.1 8.0
19.1 8.0
19.1 8.0
19.1 8.0
19.1 8.0
19.1 8.0
19.1 8.0
19.1 8.0
19.1 8.0
19.1 8.0
19.1 8.0
19.1 8.0
19.1 8.0
19.1 8.0
19.1 8.0
19.0 8.0
19.0 8.0
19.0 8.0
19.0 8.0
18.9 8.0
18.9 8.0
18.8 8.0
18.9 8.0
18.9 8.0
18.9 8.0
18.9 8.0
18.8 8.0
18.8 8.0
18.8 8.0
18.7 8.1
18.8 8.1
18.8 8.1
18.7 8.1
18.7 8.1
18.7 8.0
18.7 8.0
18.7 8.1
18.7 8.1
18.7 8.0
18.7 8.0
18.7 8.1
18.8 8.0
18.8 8.0
18.7 8.0
18.7 8.0
18.7 8.0
18.8 8.0
18.8 8.0
18.8 8.0
18.8 8.0
18.8 8.0
18.9 8.0
18.9 8.0
19.0 8.0
19.0 8.0
19.0 7.9
19.1 7.9
19.1 7.9
19.1 7.9
19.2 7.9
19.2 7.9
19.2 7.9
19.3 8.0
19.3 7.9
19.3 8.0
19.3 8.0
19.4 8.0
19.4 8.0
19.4 7.9
19.4 8.0
19.4 8.0
19.3 8.0
19.3 8.0
19.3 8.0
19.3 8.0
19.3 8.0
19.2 8.0
19.2 8.0
19.2 8.0
19.2 8.0
19.2 8.0
19.2 8.0
19.2 8.0
19.1 8.0
19.1 8.0
19.1 8.0
19.1 8.1
19.1 8.1
19.1 8.0
19.1 8.1
19.1 8.0
19.1 8.0
19.1 8.1
19.1 8.0
19.1 8.0
19.1 8.0
19.1 8.0
19.1 8.0
19.1 8.0
19.1 8.0
19.1 8.0
19.1 8.0
19.1 8.0
19.1 8.0
19.1 8.0
19.1 8.0
19.1 8.0
19.1 8.0
19.1 8.0
19.1 8.0
19.1 8.0
19.1 8.0
19.0 8.0
19.0 8.0
19.0 8.0
18.9 8.0
18.9 8.0
18.9 8.0
18.8 8.0
18.8 8.0
18.8 8.0
18.8 8.0
18.8 8.1
18.8 8.0
18.7 8.0
18.6 8.0
18.6 8.1
18.6 8.1
18.6 8.1
18.6 8.1
18.6 8.1
18.6 8.1
18.6 8.1
18.6 8.1
18.5 8.1
18.5 8.1
18.6 8.1
18.6 8.0
18.7 8.0
18.6 8.0
18.6 8.0
18.7 8.0
18.7 8.0
18.8 8.0
18.8 8.0
18.8 8.0
18.8 8.0
18.9 8.0
18.9 8.0
19.0 7.9
19.0 7.9
19.1 7.9
19.1 7.9
19.1 7.9
19.1 7.9
19.1 7.9
19.1 7.9
19.1 7.9
19.1 7.9
19.2 7.9
19.2 7.9
19.2 7.9
19.2 7.9
19.2 7.9
19.2 7.9
19.3 7.9
19.3 7.9
19.3 7.9
19.4 7.9
19.4 7.9
19.4 7.9
19.4 7.9
19.3 7.9
19.3 7.9
19.3 7.9
19.4 7.9
19.3 7.9
19.3 8.0
19.2 8.0
19.2 8.0
19.2 8.0
19.2 8.0
19.2 8.0
19.2 8.0
19.2 8.0
19.2 8.0
19.2 8.0
19.2 8.0
19.2 8.0
19.2 8.0
19.2 8.0
19.1 8.0
19.1 8.0
19.1 8.0
19.1 8.0
19.1 8.0
19.1 8.0
19.1 8.0
19.1 8.0
19.1 8.0
19.1 7.9
19.1 8.0
19.2 8.0
19.2 8.0
19.2 8.0
19.2 8.0
19.2 7.9
19.1 8.0
19.1 7.9
19.1 8.0
19.1 8.0
19.0 8.0
19.0 8.0
19.0 8.0
19.0 8.0
19.0 8.0
19.0 8.0
18.9 8.0
18.9 8.0
18.9 8.0
18.8 8.0
18.8 8.0
18.8 8.0
18.7 8.0
18.7 8.0
18.6 8.0
18.6 8.0
18.6 8.0
18.6 8.0
18.6 8.0
18.6 8.0
18.6 8.1
18.6 8.0
18.6 8.0
18.7 8.0
18.7 8.0
18.7 8.0
18.7 8.0
18.8 8.0
18.8 8.0
18.8 8.0
18.8 8.0
18.9 8.0
18.9 8.0
18.9 7.9
19.0 7.9
19.0 7.9
19.0 7.9
19.1 7.9
19.1 7.9
19.1 7.9
19.1 7.9
19.1 7.9
19.2 7.9
19.2 7.9
19.2 7.9
19.2 7.9
19.2 7.9
19.3 7.9
19.3 7.9
19.3 7.9
19.3 7.9
19.4 7.9
19.4 7.9
19.6 7.9
19.6 7.9
19.5 7.9
19.6 7.9
19.5 7.9
19.4 7.9
19.4 7.9
19.4 7.9
19.4 7.9
19.4 7.9
19.4 7.9
19.4 7.9
19.3 7.9
19.3 7.9
19.3 7.9
19.4 7.9
19.4 7.9
19.4 8.0
19.4 8.0
19.4 8.0
19.4 8.0
19.4 8.0
19.4 8.0
19.4 8.0
19.4 8.0
19.4 8.0
19.4 8.0
19.4 8.0
19.3 8.0
19.3 8.0
19.3 8.0
19.3 8.0
19.3 8.0
19.2 8.0
19.2 7.9
19.2 7.9
19.2 8.0
19.2 7.9
19.2 7.9
19.2 7.9
19.2 7.9
19.2 7.9
19.2 7.9
19.2 7.9
19.1 7.9
19.1 7.9
19.1 8.0
19.1 8.0
19.1 7.9
19.1 8.0
19.1 8.0
19.1 7.9
19.1 8.0
19.0 8.0
19.0 8.0
18.9 8.0
18.8 8.0
18.8 8.0
18.8 8.0
18.8 8.0
18.8 8.0
18.8 8.0
18.8 8.0
18.8 8.0
18.8 8.0
18.8 8.0
18.8 8.0
18.8 8.0
18.8 8.0
18.9 8.0
18.9 8.0
18.9 8.0
19.0 8.0
19.0 7.9
19.0 7.9
19.0 7.9
19.0 7.9
19.0 7.9
19.1 7.9
19.1 7.9
19.1 7.8
19.1 7.9
19.2 7.9
19.2 7.9
19.3 7.8
19.3 7.9
19.3 7.9
19.3 7.8
19.3 7.9
19.3 7.9
19.4 7.9
19.4 7.9
19.4 7.9
19.4 7.8
19.5 7.9
19.5 7.9
19.5 7.9
19.6 7.9
19.8 7.9
19.7 7.9
19.7 7.9
19.7 7.9
19.8 7.9
19.6 7.9
19.6 7.9
19.6 7.9
19.5 7.9
19.6 7.9
19.6 7.9
19.6 7.9
19.6 7.9
19.6 7.9
19.6 7.9
19.6 7.9
19.6 7.9
19.6 7.9
19.6 7.9
19.6 8.0
19.6 8.0
19.6 8.0
19.6 8.0
19.6 8.0
19.6 8.0
19.6 7.9
19.6 8.0
19.5 8.0
19.5 7.9
19.5 8.0
19.5 8.0
19.5 8.0
19.5 8.0
19.5 8.0
19.5 7.9
19.5 7.9
19.4 7.9
19.4 7.9
19.4 7.9
19.4 7.9
19.4 7.9
19.4 7.9
19.4 7.9
19.4 7.9
19.4 8.0
19.4 7.9
19.4 8.0
19.4 7.9
19.3 8.0
19.3 7.9
19.3 7.9
19.3 7.9
19.3 7.9
19.3 8.0
19.2 8.0
19.2 8.0
19.1 8.0
19.1 8.0
19.0 8.0
19.1 8.0
19.1 8.0
19.1 8.0
19.1 8.0
19.1 8.0
19.1 8.0
19.1 8.0
19.1 8.0
19.0 8.0
19.0 8.0
19.1 8.0
19.1 8.0
19.2 8.0
19.2 8.0
19.2 8.0
19.2 8.0
19.3 8.0
19.3 7.9
19.2 7.9
19.3 7.9
19.3 7.9
19.3 7.9
19.3 7.9
19.4 7.9
19.4 7.9
19.4 7.9
19.4 7.9
19.4 7.9
19.5 7.8
19.5 7.8
19.5 7.8
19.5 7.9
19.4 7.8
19.5 7.8
19.5 7.9
19.5 7.9
19.6 7.9
19.6 7.9
19.6 7.9
19.8 7.9
19.9 7.9
19.8 7.9
19.8 7.9
19.8 7.9
19.7 7.9
19.7 7.9
19.6 7.9
19.6 7.8
19.6 7.9
19.7 7.9
19.7 7.9
19.7 7.9
19.7 7.9
19.7 7.9
19.7 7.9
19.7 7.9
19.7 7.9
19.8 7.9
19.8 7.9
19.8 8.0
19.8 8.0
19.8 8.0
19.8 8.0
19.8 8.0
19.7 8.0
19.8 8.0
19.7 8.0
19.7 8.0
19.7 7.9
19.7 8.0
19.7 8.0
19.7 8.0
19.7 8.0
19.7 8.0
19.6 7.9
19.6 8.0
19.6 8.0
19.5 7.9
19.6 7.9
19.6 7.9
19.6 7.9
19.6 7.9
19.6 8.0
19.5 7.9
19.5 8.0
19.5 8.0
19.5 8.0
19.5 8.0
19.5 8.0
19.5 7.9
19.5 8.0
19.5 8.0
19.5 8.0
19.5 8.0
19.3 8.0
19.3 8.0
19.3 8.0
19.2 8.0
19.2 8.0
19.2 8.0
19.2 8.0
19.2 8.0
19.2 8.0
19.2 8.0
19.1 8.0
19.2 8.0
19.2 8.0
19.1 8.0
19.1 8.0
19.1 8.0
19.2 8.0
19.3 8.0
19.3 8.0
19.3 8.0
19.3 8.0
19.3 8.0
19.3 8.0
19.3 8.0
19.3 8.0
19.2 8.0
19.2 7.9
19.3 7.9
19.3 7.9
19.3 7.9
19.3 7.9
19.3 7.9
19.3 7.9
19.3 7.9
19.3 7.9
19.3 7.9
19.3 7.9
19.3 7.9
19.3 7.9
19.3 7.9
19.4 7.9
19.4 7.9
19.4 7.9
19.4 7.9
19.4 7.9
19.3 7.9
19.4 7.9
19.3 7.9
19.3 7.9
19.4 7.9
19.4 7.9
19.4 7.9
19.4 7.9
19.5 7.9
19.5 7.9
19.5 8.0
19.5 8.0
19.5 8.0
19.5 8.0
19.5 8.0
19.5 8.0
19.5 8.0
19.5 8.0
19.5 8.0
19.5 8.0
19.5 8.0
19.5 8.0
19.5 8.0
19.5 8.0
19.5 8.0
19.5 8.0
19.5 8.0
19.5 8.0
19.5 8.0
19.4 8.0
19.4 8.0
19.4 8.0
19.4 8.0
19.4 8.0
19.3 8.0
19.3 8.0
19.3 8.0
19.3 8.0
19.3 8.0
19.3 8.0
19.2 8.0
19.2 8.0
19.2 8.0
19.2 8.0
19.2 8.0
19.2 8.0
19.1 7.9
19.2 8.0
19.2 8.0
19.2 8.0
19.2 8.0
19.2 8.0
19.2 8.0
19.2 8.0
19.2 8.0
19.1 8.0
19.2 8.0
19.2 8.0
19.2 8.0
19.2 8.0
19.2 8.0
19.1 8.0
19.1 8.0
19.1 8.0
19.1 8.0
19.2 8.0
19.2 8.0
19.2 8.0
19.1 8.0
19.1 8.0
19.1 8.0
19.1 8.0
19.1 8.0
19.1 8.0
19.1 8.0
19.1 7.9
19.1 7.9
19.0 7.9
19.0 7.9
19.0 7.9
19.0 7.9
19.0 7.9
19.0 7.9
19.0 7.9
19.0 7.9
19.0 7.9
19.0 7.9
19.1 7.9
19.0 7.9
19.0 7.9
19.0 7.9
18.9 7.9
19.0 7.9
19.0 7.9
19.0 7.9
19.2 7.9
19.2 7.9
19.2 7.9
19.2 7.9
19.1 7.9
19.1 7.9
19.1 7.9
19.0 7.9
19.0 7.9
19.0 7.9
19.1 7.9
19.1 7.9
19.2 7.9
19.2 7.9
19.3 7.9
19.2 7.9
19.2 7.9
19.2 7.9
19.3 8.0
19.3 8.0
19.3 8.0
19.3 8.0
19.3 8.0
19.4 8.0
19.4 8.0
19.4 8.0
19.4 8.0
19.4 8.0
19.4 8.0
19.5 8.0
19.5 8.0
19.4 8.0
19.4 8.0
19.4 8.0
19.4 8.0
19.4 8.0
19.3 8.0
19.2 8.0
19.2 8.0
19.2 8.0
19.2 8.0
19.1 8.0
19.1 8.0
19.1 8.0
19.1 8.0
19.1 8.0
19.1 8.0
19.0 8.0
19.0 7.9
19.0 8.0
18.9 8.0
19.0 8.0
19.0 8.0
19.1 8.0
19.0 8.0
19.1 8.0
19.0 8.0
19.0 8.0
19.0 8.0
19.1 8.0
19.1 8.0
19.2 8.0
19.2 8.0
19.2 8.0
19.2 8.0
19.2 8.0
19.2 8.0
19.2 8.0
19.2 8.0
19.2 8.0
19.2 8.0
19.2 8.0
19.3 8.0
19.2 8.0
19.1 8.0
19.1 8.0
19.0 8.0
19.0 8.0
19.0 8.0
19.0 8.0
19.0 8.0
19.0 8.0
19.0 8.0
19.0 7.9
18.9 7.9
18.9 7.9
19.0 7.9
19.0 7.9
19.0 7.9
19.1 7.9
19.1 7.9
19.1 8.0
19.2 8.0
19.2 8.0
19.3 8.0
19.3 8.0
19.4 8.0
19.4 8.0
19.4 8.0
19.5 8.0
19.5 7.9
19.4 7.9
19.4 8.0
19.4 8.0
19.4 8.0
19.3 8.0
19.3 8.0
19.3 8.0
19.3 8.0
19.2 8.0
19.2 8.0
19.2 7.9
19.3 8.0
19.2 8.0
19.2 8.0
19.2 8.0
19.3 7.9
19.3 8.0
19.3 8.0
19.3 8.0
19.4 8.0
19.4 8.0
19.4 8.0
19.5 8.0
19.5 8.0
19.4 8.0
19.4 8.0
19.4 8.0
19.4 8.0
19.4 8.0
19.4 8.0
19.4 8.0
19.4 8.0
19.4 8.0
19.3 8.0
19.4 8.0
19.3 8.0
19.3 8.0
19.2 8.0
19.2 8.0
19.2 8.0
19.1 8.0
19.1 8.0
19.0 8.0
19.0 8.0
19.0 8.0
19.0 8.0
19.0 8.0
19.0 8.0
19.0 8.0
19.0 8.0
19.0 8.0
18.9 8.0
18.9 8.0
18.9 8.0
18.9 8.0
18.9 8.0
18.9 8.0
19.0 8.0
18.9 8.0
18.9 8.0
18.9 8.0
19.0 8.0
19.2 8.0
19.2 8.0
19.2 8.0
19.2 8.0
19.2 8.0
19.3 8.0
19.3 8.0
19.4 8.0
19.4 8.1
19.4 8.1
19.2 8.0
19.1 8.0
19.0 8.0
19.0 8.0
19.1 8.0
19.1 8.0
19.1 8.0
19.2 8.0
19.2 8.0
19.2 8.0
19.2 7.9
19.3 8.0
19.3 8.0
19.4 8.0
19.4 8.0
19.4 8.0
19.5 8.0
19.5 8.0
19.6 8.0
19.6 8.0
19.6 8.0
19.6 8.0
19.6 8.0
19.6 8.0
19.7 8.0
19.8 8.0
19.7 8.0
19.7 8.0
19.7 8.0
19.6 8.0
19.5 8.0
19.5 8.0
19.5 8.0
19.5 8.0
19.4 8.0
19.5 8.0
19.4 8.0
19.4 8.0
19.4 8.0
19.4 8.0
19.4 8.0
19.4 8.0
19.4 8.0
19.4 8.0
19.3 8.0
19.3 8.0
19.3 8.0
19.3 8.0
19.3 8.0
19.4 8.0
19.3 8.0
19.3 8.0
19.4 8.0
19.4 8.0
19.4 8.0
19.4 8.1
19.3 8.0
19.3 8.0
19.5 8.1
19.3 8.0
19.2 8.0
19.2 8.0
19.2 8.0
19.2 8.0
19.2 8.0
19.2 8.0
19.2 8.0
19.2 8.0
19.2 8.0
19.2 8.0
19.2 8.0
19.1 8.0
19.1 8.0
19.1 8.0
19.1 8.0
19.1 8.0
19.1 8.0
19.1 8.0
19.2 8.0
19.2 8.0
19.1 8.0
19.2 8.0
19.1 8.0
19.1 8.0
19.1 8.0
19.1 8.0
19.1 8.0
19.1 8.0
19.1 8.0
19.1 8.0
19.1 8.0
19.1 8.0
19.1 8.0
19.1 8.0
19.1 8.0
19.2 8.0
19.2 8.0
19.3 8.0
19.3 8.0
19.3 8.1
19.2 8.0
19.2 8.0
19.2 8.0
19.2 8.0
19.2 8.0
19.3 8.0
19.3 8.0
19.3 8.0
19.4 8.0
19.4 8.0
19.5 8.0
19.6 8.0
19.6 8.0
19.6 8.0
19.7 8.0
19.7 8.0
19.7 8.0
19.7 8.0
19.8 8.0
19.8 8.0
19.8 8.0
19.8 8.0
19.8 8.0
19.9 8.0
19.9 8.0
19.9 8.0
19.8 8.0
19.8 8.0
19.8 7.9
19.7 8.0
19.7 8.0
19.7 8.0
19.6 8.0
19.7 8.0
19.7 8.0
19.6 8.0
19.6 8.0
19.6 8.0
19.6 8.0
19.5 8.0
19.5 8.0
19.5 8.0
19.5 8.0
19.5 8.0
19.5 8.0
19.5 8.0
19.5 8.0
19.5 8.0
19.6 8.1
19.7 8.1
19.7 8.1
19.7 8.1
19.7 8.1
19.7 8.1
19.6 8.1
19.6 8.1
19.6 8.1
19.6 8.1
19.4 8.0
19.3 8.0
19.4 8.0
19.4 8.0
19.3 8.0
19.3 8.0
19.3 8.0
19.3 8.0
19.3 8.0
19.3 8.0
19.3 8.0
19.3 8.0
19.3 7.9
19.3 8.0
19.3 8.0
19.3 8.0
19.3 8.0
19.3 8.0
19.3 8.0
19.3 8.0
19.4 7.9
19.4 8.0
19.3 8.0
19.3 8.0
19.3 8.0
19.3 8.0
19.4 8.0
19.3 8.0
19.3 8.0
19.3 8.0
19.3 8.0
19.3 8.0
19.2 8.0
19.2 8.0
19.3 8.0
19.3 8.0
19.4 8.1
19.4 8.1
19.4 8.1
19.5 8.1
19.5 8.1
19.5 8.1
19.5 8.1
19.5 8.1
19.6 8.1
19.5 8.1
19.5 8.1
19.5 8.0
19.5 8.0
19.6 8.0
19.6 8.0
19.6 8.0
19.6 8.0
19.6 8.0
19.7 8.0
19.7 8.0
19.8 8.0
19.8 8.0
19.8 8.0
19.8 8.0
19.8 8.0
19.8 8.0
19.8 8.0
19.8 8.0
19.8 8.0
19.8 8.0
19.8 8.0
19.8 8.0
19.7 8.0
19.8 8.0
19.7 8.0
19.7 8.0
19.7 8.0
19.6 8.0
19.6 8.0
19.6 8.0
19.5 8.0
19.5 8.0
19.4 8.1
19.4 8.1
19.4 8.1
19.4 8.1
19.4 8.1
19.4 8.1
19.4 8.1
19.4 8.1
19.5 8.1
19.5 8.1
19.5 8.1
19.5 8.1
19.5 8.1
19.5 8.1
19.5 8.1
19.5 8.1
19.4 8.1
19.4 8.1
19.2 8.1
19.2 8.1
19.3 8.1
19.1 8.1
19.2 8.1
19.1 8.1
19.1 8.1
19.1 8.1
19.2 8.0
19.2 8.0
19.2 8.0
19.2 8.0
19.2 8.0
19.2 8.0
19.2 8.0
19.3 8.0
19.3 8.0
19.3 8.0
19.3 8.0
19.4 8.0
19.4 8.0
19.4 8.0
19.4 8.0
19.4 8.0
19.5 8.0
19.5 8.0
19.5 8.0
19.5 8.0
19.5 8.0
19.5 8.0
19.4 8.0
19.4 8.0
19.4 8.0
19.4 8.0
19.3 8.0
19.3 8.0
19.2 8.0
19.2 8.0
19.2 8.0
19.3 8.0
19.3 8.1
19.3 8.1
19.3 8.1
19.3 8.1
19.3 8.1
19.3 8.1
19.5 8.1
19.4 8.1
19.5 8.1
19.5 8.1
19.5 8.0
19.3 8.0
19.4 8.0
19.5 8.0
19.6 8.0
19.5 8.0
19.6 8.0
19.6 8.0
19.7 8.0
19.7 8.0
19.7 8.0
19.8 8.0
19.8 8.0
19.8 8.0
19.8 8.0
19.8 8.0
19.8 8.0
19.8 8.0
19.8 8.0
19.8 8.0
19.8 8.0
19.7 8.0
19.7 8.0
19.7 8.0
19.6 8.0
19.6 8.0
19.5 8.0
19.5 8.0
19.5 8.0
19.4 8.0
19.3 8.0
19.3 8.0
19.3 8.1
19.3 8.1
19.3 8.1
19.2 8.1
19.2 8.1
19.2 8.1
19.3 8.1
19.3 8.1
19.3 8.1
19.4 8.1
19.4 8.1
19.4 8.1
19.4 8.1
19.4 8.1
19.4 8.1
19.4 8.1
19.3 8.1
19.4 8.1
19.2 8.1
19.2 8.1
19.1 8.1
19.1 8.1
19.1 8.1
19.1 8.1
19.1 8.0
19.2 8.0
19.2 8.0
19.2 8.0
19.2 8.0
19.2 8.0
19.3 8.0
19.3 8.0
19.4 8.0
19.4 8.0
19.4 8.0
19.5 8.0
19.5 8.0
19.5 8.0
19.6 8.0
19.6 8.0
19.6 8.0
19.7 8.0
19.6 8.0
19.7 8.0
19.7 8.0
19.7 8.0
19.7 8.0
19.7 8.0
19.7 8.0
19.6 8.0
19.5 8.0
19.6 8.0
19.5 8.0
19.5 8.0
19.4 8.0
19.5 8.0
19.5 8.0
19.5 8.0
19.5 8.1
19.5 8.0
19.6 8.1
19.6 8.1
19.6 8.1
19.6 8.1
19.6 8.1
19.6 8.1
19.6 8.1
19.6 8.1
19.6 8.1
19.6 8.0
19.6 8.0
19.6 8.0
19.6 8.0
19.6 8.0
19.7 8.0
19.7 8.0
19.7 8.0
19.8 8.0
19.8 8.0
19.8 8.0
19.8 8.0
19.8 8.0
19.8 8.0
19.8 8.0
19.8 8.0
19.8 8.0
19.8 8.0
19.8 8.0
19.8 8.0
19.7 8.0
19.7 8.0
19.6 8.0
19.6 8.0
19.5 8.0
19.5 8.0
19.5 8.0
19.4 8.1
19.4 8.1
19.4 7.9
19.4 8.0
19.3 8.1
19.3 8.1
19.3 8.1
19.3 8.1
19.3 8.1
19.3 8.1
19.3 8.1
19.3 8.1
19.3 8.1
19.3 8.1
19.3 8.1
19.3 8.1
19.3 8.1
19.3 8.1
19.3 8.1
19.2 8.1
19.2 8.1
19.1 8.1
19.2 8.1
19.2 8.1
19.1 8.1
19.2 8.1
19.2 8.1
19.2 8.0
19.2 8.0
19.2 8.0
19.2 8.0
19.2 8.0
19.3 8.0
19.4 8.0
19.4 8.0
19.5 8.0
19.5 8.0
19.6 8.0
19.6 8.0
19.6 8.0
19.6 7.9
19.6 8.0
19.7 8.0
19.7 8.0
19.7 8.0
19.7 8.0
19.8 8.0
19.8 8.0
19.8 8.0
19.8 8.0
19.8 8.0
19.8 8.0
19.8 8.0
19.8 8.0
19.7 8.0
19.7 8.0
19.7 8.0
19.6 8.0
19.7 8.0
19.6 8.0
19.6 8.1
19.6 8.1
19.6 8.1
19.6 8.1
19.6 8.1
19.6 8.1
19.6 8.1
19.6 8.1
19.6 8.1
19.6 8.1
19.6 8.1
19.6 8.1
19.6 8.1
19.6 8.1
19.6 8.1
19.6 8.1
19.6 8.1
19.6 8.1
19.6 8.1
19.6 8.1
19.6 8.0
19.7 8.0
19.7 8.0
19.7 8.0
19.7 8.1
19.7 8.0
19.7 8.0
19.7 8.0
19.7 8.0
19.7 8.1
19.6 8.0
19.6 8.0
19.6 8.0
19.5 8.0
19.5 8.0
19.4 8.1
19.4 8.1
19.3 8.1
19.3 8.1
19.3 8.1
19.3 8.1
19.2 8.1
19.2 8.1
19.2 8.1
19.2 8.1
19.1 8.1
19.1 8.1
19.1 8.1
19.1 8.1
19.1 8.1
19.1 8.1
19.1 8.1
19.0 8.1
19.0 8.1
19.0 8.1
19.0 8.1
19.0 8.1
19.0 8.1
19.0 8.1
19.0 8.1
19.0 8.1
19.0 8.1
19.0 8.1
19.0 8.1
19.1 8.1
19.1 8.1
19.1 8.1
19.1 8.1
19.1 8.1
19.1 8.0
19.2 8.0
19.3 8.0
19.3 8.0
19.4 8.0
19.4 8.0
19.5 8.0
19.5 8.0
19.5 8.0
19.5 8.0
19.5 8.0
19.5 8.0
19.6 8.0
19.6 8.0
19.6 8.0
19.6 8.0
19.6 8.0
19.7 8.0
19.8 8.0
19.7 8.0
19.7 8.0
19.8 8.0
19.7 8.0
19.7 8.0
19.7 8.0
19.7 8.0
19.6 8.0
19.7 8.0
19.7 8.0
19.6 8.0
19.6 8.0
19.6 8.0
19.5 8.1
19.5 8.1
19.5 8.1
19.6 8.1
19.5 8.1
19.5 8.1
19.5 8.1
19.5 8.1
19.5 8.1
19.5 8.1
19.5 8.1
19.5 8.1
19.6 8.1
19.6 8.1
19.6 8.1
19.6 8.1
19.6 8.1
19.6 8.1
19.6 8.1
19.7 8.0
19.7 8.0
19.7 8.0
19.7 8.0
19.7 8.0
19.7 8.1
19.7 8.1
19.7 8.0
19.7 8.1
19.6 8.1
19.6 8.1
19.6 8.0
19.6 8.0
19.5 8.0
19.5 8.0
19.5 8.0
19.4 8.0
19.3 8.0
19.3 8.1
19.3 8.1
19.3 8.1
19.2 8.1
19.2 8.1
19.1 8.1
19.1 8.1
19.1 8.1
19.1 8.1
19.1 8.1
19.1 8.1
19.1 8.1
19.1 8.1
19.0 8.1
19.0 8.1
19.1 8.1
19.1 8.1
19.1 8.1
19.1 8.1
19.0 8.1
19.0 8.1
19.0 8.1
19.1 8.1
19.1 8.1
19.2 8.1
19.2 8.1
19.2 8.0
19.2 8.0
19.3 8.0
19.3 8.0
19.3 8.0
19.4 8.0
19.4 8.0
19.4 8.0
19.5 8.0
19.5 8.0
19.5 8.0
19.6 8.0
19.6 8.0
19.6 7.9
19.6 7.9
19.6 7.9
19.6 8.0
19.6 7.9
19.6 8.0
19.6 8.0
19.7 7.9
19.7 8.0
19.9 8.0
19.8 8.0
19.8 8.0
20.0 8.0
19.9 8.0
19.9 8.0
19.8 8.0
19.9 8.0
19.9 8.0
19.9 8.0
19.9 8.0
19.8 8.0
19.8 8.0
19.8 8.0
19.8 8.0
19.9 8.0
19.9 8.0
19.9 8.0
19.9 8.1
19.9 8.1
19.9 8.1
19.9 8.1
19.9 8.1
19.9 8.1
19.9 8.1
19.9 8.1
19.9 8.1
19.9 8.1
19.9 8.1
19.9 8.1
19.9 8.1
19.9 8.0
19.9 8.0
19.9 8.0
19.9 8.0
19.9 8.0
19.9 8.0
19.9 8.0
19.9 8.0
19.8 8.0
19.8 8.0
19.8 8.0
19.8 8.0
19.8 8.0
19.7 8.0
19.7 8.0
19.7 8.0
19.7 8.0
19.7 8.0
19.6 8.0
19.4 8.1
19.4 8.0
19.3 8.0
19.3 8.0
19.3 8.0
19.3 8.0
19.3 8.0
19.2 8.0
19.2 8.0
19.2 8.0
19.2 8.0
19.2 8.0
19.2 8.0
19.2 8.0
19.1 8.0
19.1 8.1
19.1 8.1
19.1 8.1
19.1 8.1
19.1 8.1
19.1 8.1
19.1 8.1
19.1 8.1
19.2 8.1
19.3 8.1
19.3 8.1
19.4 8.1
19.4 8.0
19.4 8.1
19.4 8.0
19.4 8.0
19.4 8.0
19.4 8.0
19.5 8.0
19.5 8.0
19.5 8.0
19.6 8.0
19.6 7.9
19.6 8.0
19.6 8.0
19.6 7.9
19.6 8.0
19.7 7.9
19.7 8.0
19.7 7.9
19.7 7.9
19.7 7.9
19.7 8.0
19.7 7.9
19.7 7.9
19.8 8.0
19.8 8.0
19.8 8.0
19.8 8.0
19.8 8.0
19.8 8.0
19.8 8.0
19.9 8.0
19.9 8.0
19.9 8.0
19.9 8.0
19.9 8.0
19.9 8.0
19.9 8.0
19.9 8.0
19.9 8.0
19.9 8.0
19.9 8.0
19.8 8.1
19.9 8.1
19.8 8.1
19.8 8.1
19.9 8.1
19.8 8.1
19.8 8.1
19.8 8.1
19.8 8.1
19.8 8.1
19.8 8.1
19.8 8.0
19.8 8.1
19.8 8.1
19.8 8.1
19.7 8.0
19.7 8.0
19.7 8.0
19.7 8.0
19.7 8.0
19.7 8.0
19.7 8.0
19.7 8.0
19.6 8.0
19.6 8.0
19.6 8.0
19.6 8.0
19.6 8.0
19.6 8.0
19.6 8.0
19.6 8.0
19.5 8.0
19.5 8.0
19.4 8.0
19.4 8.0
19.3 8.0
19.2 8.0
19.3 8.0
19.2 8.0
19.2 8.0
19.2 8.0
19.2 8.0
19.2 8.1
19.2 8.0
19.1 8.1
19.1 8.0
19.1 8.1
19.1 8.1
19.1 8.1
19.1 8.1
19.1 8.1
19.1 8.1
19.2 8.1
19.2 8.1
19.2 8.1
19.3 8.0
19.3 8.1
19.4 8.1
19.4 8.0
19.3 8.0
19.3 8.0
19.4 8.0
19.4 8.0
19.4 7.9
19.5 8.0
19.5 7.9
19.5 7.9
19.5 8.0
19.5 8.0
19.5 7.9
19.5 7.9
19.5 7.9
19.5 7.9
19.5 8.0
19.5 8.0
19.5 7.9
19.6 7.9
19.6 7.9
19.7 7.9
19.9 8.0
19.9 8.0
19.9 8.0
19.8 8.0
19.8 8.0
19.7 8.0
19.7 7.9
19.7 7.9
19.6 7.9
19.7 7.9
19.7 7.9
19.8 7.9
19.8 7.9
19.8 8.0
19.8 8.0
19.8 8.0
19.8 8.0
19.9 8.0
19.9 8.0
19.9 8.0
19.9 8.0
19.9 8.0
19.9 8.0
19.9 8.0
19.9 8.0
19.9 8.0
19.9 8.0
19.9 8.0
19.9 8.0
19.9 8.0
19.9 8.0
19.9 8.0
19.8 8.0
19.8 8.0
19.8 8.0
19.7 8.0
19.7 8.0
19.7 8.0
19.7 8.0
19.7 8.0
19.7 8.0
19.7 8.0
19.7 8.0
19.7 8.0
19.7 8.0
19.7 8.0
19.6 8.0
19.6 8.0
19.7 8.0
19.7 8.0
19.7 8.0
19.7 8.0
19.7 8.0
19.7 8.0
19.7 8.0
19.6 8.0
19.6 8.0
19.6 8.0
19.5 8.0
19.5 8.0
19.5 8.0
19.5 8.0
19.5 8.0
19.5 8.0
19.5 8.0
19.5 8.0
19.5 8.0
19.5 8.0
19.5 8.0
19.5 8.0
19.5 8.0
19.5 8.0
19.6 8.1
19.6 8.0
19.7 8.1
19.7 8.0
19.7 8.0
19.7 8.0
19.7 8.0
19.7 8.0
19.7 8.0
19.7 8.0
19.7 7.9
19.7 8.0
19.7 7.9
19.8 7.9
19.8 7.9
19.8 7.9
19.9 7.9
19.9 7.9
20.0 7.9
20.0 7.9
20.1 7.9
20.1 7.9
20.1 7.9
20.1 7.9
20.2 7.9
20.2 7.9
20.3 7.9
20.4 7.9
20.3 7.9
20.4 7.9
20.7 7.9
20.5 7.9
20.8 7.9
20.3 7.9
20.3 7.9
20.3 7.9
20.2 7.9
20.2 7.9
20.2 7.9
20.2 7.9
20.2 7.9
20.2 7.9
20.2 7.9
20.2 7.9
20.3 8.0
20.4 8.0
20.4 8.0
20.4 8.0
20.4 8.0
20.4 8.0
20.4 8.0
20.4 8.0
20.4 8.0
20.4 8.0
20.4 8.0
20.4 8.0
20.4 8.0
20.4 8.0
20.4 8.0
20.3 8.0
20.3 8.0
20.3 7.9
20.3 8.0
20.2 8.0
20.2 7.9
20.1 7.9
20.1 8.0
20.1 7.9
20.1 8.0
20.1 7.9
20.1 8.0
20.1 8.0
20.1 7.9
20.1 7.9
20.1 8.0
20.1 8.0
20.1 8.0
20.1 8.0
20.1 8.0
20.2 8.0
20.2 8.0
20.2 8.0
20.2 8.0
20.2 8.0
20.2 8.0
20.1 8.0
20.1 8.0
20.1 8.0
20.1 8.0
20.0 8.0
20.0 8.0
20.0 8.0
20.1 8.0
20.0 8.0
20.0 8.0
20.0 8.0
20.1 8.0
20.1 8.0
20.2 8.0
20.2 8.0
20.2 8.0
20.2 8.0
20.2 7.9
20.3 8.0
20.3 8.0
20.3 8.0
20.2 8.0
20.2 7.9
20.2 7.9
20.3 7.9
20.3 7.9
20.4 7.9
20.5 7.9
20.5 7.9
20.6 7.9
20.6 7.9
20.7 7.9
20.8 7.9
20.8 7.8
20.9 7.9
20.9 7.9
21.0 7.9
21.0 7.8
21.1 7.9
21.2 7.9
21.2 7.9
21.2 7.9
21.2 7.9
21.1 7.8
21.1 7.9
21.0 7.9
21.0 7.9
20.9 7.9
20.9 7.9
20.9 7.9
20.9 7.9
20.9 7.9
20.8 7.9
20.8 7.9
20.8 7.9
20.8 7.9
20.8 7.9
20.8 8.0
20.8 7.9
20.8 7.9
20.8 8.0
20.8 8.0
20.9 8.0
20.9 8.0
20.9 8.0
20.9 8.0
20.8 8.0
20.8 8.0
20.8 8.0
20.9 8.0
20.9 8.0
20.9 8.0
20.8 8.0
20.8 8.0
20.8 8.0