1.38 0.2
1.37 0.2
1.34 0.2
1.30 0.2
1.25 0.2
1.21 0.3
1.19 0.4
1.16 0.4
1.16 0.3
1.14 0.2
1.17 0.4
1.23 0.4
1.24 0.4
1.28 0.5
1.30 0.5
1.33 0.4
1.34 0.3
1.37 0.3
1.39 0.2
1.41 0.2
1.43 0.2
1.44 0.3
1.44 0.3
1.44 0.3
1.42 0.4
1.37 0.4
1.31 0.5
1.28 0.5
1.25 0.5
1.20 0.5
1.18 0.4
1.15 0.4
1.14 0.4
1.13 0.5
1.13 0.6
1.16 0.6
1.18 0.6
1.21 0.6
1.22 0.6
1.25 0.6
1.27 0.6
1.28 0.6
1.32 0.6
1.33 0.5
1.36 0.4
1.41 0.3
1.46 0.3
1.43 0.5
1.46 0.5
1.45 0.4
1.41 0.5
1.35 0.5
1.32 0.5
1.28 0.5
1.25 0.5
1.23 0.5
1.19 0.6
1.16 0.5
1.16 0.5
1.14 0.6
1.12 0.6
1.14 0.6
1.15 0.7
1.16 0.7
1.15 0.7
1.15 0.7
1.15 0.6
1.14 0.6
1.13 0.6
1.11 0.6
1.11 0.6
1.09 0.6
1.08 0.6
1.05 0.7
1.03 0.7
0.99 0.7
0.95 0.7
0.92 0.7
0.89 0.7
0.86 0.7
0.83 0.7
0.78 0.6
0.77 0.6
0.77 0.6
0.77 0.7
0.77 0.7
0.77 0.6
0.81 0.6
0.83 0.6
0.88 0.6
0.91 0.6
0.91 0.6
0.91 0.6
0.92 0.6
0.92 0.6
0.92 0.6
0.92 0.6
0.91 0.6
0.90 0.6
0.88 0.6
0.86 0.6
0.84 0.6
0.81 0.6
0.79 0.6
0.77 0.6
0.74 0.7
0.72 0.7
0.71 0.6
0.72 0.7
0.73 0.6
0.77 0.6
0.84 0.6
0.87 0.6
0.91 0.6
0.92 0.6
0.93 0.6
0.94 0.6
0.95 0.6
0.96 0.6
0.98 0.6
0.99 0.6
0.98 0.5
1.02 0.4
1.02 0.2
1.04 0.2
1.06 0.2
1.07 0.2
1.09 0.3
1.10 0.3
1.11 0.3
1.10 0.3
1.14 0.3
1.16 0.2
1.17 0.2
1.22 0.1
1.20 0.1
1.25 0.1
1.32 0.2
1.39 0.6
1.41 0.5
1.43 0.5
1.48 0.7
1.49 0.9
1.59 0.8
1.55 0.6
1.53 0.6
1.50 0.5
1.47 0.5
1.46 0.5
1.44 0.5
1.44 0.4
1.46 0.4
1.45 0.5
1.41 0.4
1.40 0.4
1.38 0.5
1.36 0.5
1.35 0.5
1.35 0.5
1.37 0.4
1.39 0.4
1.39 0.5
1.40 0.5
1.41 0.5
1.41 0.5
1.40 0.5
1.37 0.5
1.35 0.4
1.34 0.4
1.33 0.4
1.33 0.4
1.33 0.4
1.34 0.4
1.36 0.5
1.36 0.4
1.34 0.5
1.32 0.5
1.29 0.5
1.28 0.5
1.26 0.5
1.25 0.5
1.24 0.5
1.25 0.5
1.24 0.5
1.24 0.5
1.23 0.5
1.22 0.5
1.21 0.5
1.19 0.5
1.18 0.5
1.16 0.5
1.14 0.5
1.12 0.5
1.11 0.5
1.09 0.5
1.08 0.5
1.07 0.5
1.07 0.5
1.07 0.5
1.08 0.5
1.07 0.5
1.05 0.5
1.04 0.5
1.03 0.5
1.03 0.5
1.02 0.5
1.01 0.5
0.99 0.5
0.98 0.5
0.96 0.5
0.98 0.5
0.97 0.5
0.95 0.5
0.92 0.5
0.89 0.5
0.88 0.5
0.86 0.5
0.85 0.5
0.85 0.5
0.86 0.5
0.87 0.5
0.93 0.5
0.95 0.5
0.95 0.5
0.96 0.5
0.94 0.5
0.91 0.5
0.91 0.5
0.89 0.5
0.89 0.5
0.88 0.5
0.88 0.5
0.86 0.5
0.83 0.5
0.82 0.5
0.80 0.5
0.75 0.5
0.72 0.5
0.68 0.6
0.67 0.6
0.66 0.6
0.65 0.6
0.66 0.6
0.68 0.6
0.72 0.6
0.80 0.6
0.83 0.6
0.85 0.6
0.86 0.6
0.87 0.6
0.87 0.6
0.89 0.6
0.92 0.6
0.92 0.6
0.91 0.6
0.90 0.6
0.87 0.6
0.86 0.6
0.84 0.6
0.82 0.6
0.79 0.6
0.77 0.6
0.73 0.6
0.71 0.6
0.69 0.7
0.68 0.7
0.68 0.6
0.70 0.6
0.72 0.6
0.80 0.6
0.84 0.6
0.86 0.6
0.86 0.6
1.17 0.7
1.19 0.7
1.19 0.7
1.18 0.7
1.17 0.7
1.16 0.7
1.14 0.7
1.12 0.7
1.11 0.7
1.08 0.7
1.07 0.7
1.03 0.7
1.01 0.7
1.00 0.7
0.98 0.7
0.98 0.7
1.00 0.7
1.03 0.7
1.12 0.7
1.16 0.7
1.22 0.7
1.24 0.7
1.26 0.7
1.27 0.7
1.29 0.7
1.30 0.7
1.32 0.6
1.33 0.5
1.35 0.2
1.36 0.1
1.37 0.1
1.37 0.1
1.37 0.1
1.34 0.1
1.31 0.1
1.29 0.1
1.27 0.1
1.25 0.2
1.24 0.3
1.23 0.6
1.25 0.6
1.31 0.6
1.33 0.6
1.36 0.6
1.42 0.3
1.45 0.2
1.46 0.1
1.49 0.1
1.51 0.1
1.53 0.1
1.53 0.1
1.56 0.1
1.55 0.1
1.56 0.1
1.57 0.1
1.55 0.1
1.51 0.1
1.48 0.1
1.45 0.1
1.44 0.1
1.41 0.1
1.40 0.1
1.38 0.1
1.37 0.1
1.36 0.2
1.37 0.1
1.42 0.1
1.45 0.1
1.47 0.2
1.49 0.2
1.55 0.2
1.55 0.3
1.59 0.3
1.61 0.2
1.60 0.1
1.62 0.1
1.62 0.1
1.63 0.1
1.63 0.1
1.61 0.1
1.58 0.1
1.55 0.2
1.52 0.2
1.51 0.2
1.48 0.1
1.46 0.1
1.45 0.2
1.43 0.3
1.41 0.2
1.42 0.2
1.43 0.2
1.47 0.2
1.50 0.2
1.52 0.2
1.56 0.3
1.57 0.3
1.59 0.3
1.61 0.3
1.63 0.2
1.65 0.2
1.64 0.1
1.65 0.1
1.66 0.1
1.66 0.1
1.65 0.1
1.62 0.1
1.58 0.2
1.54 0.3
1.53 0.3
1.50 0.2
1.47 0.2
1.44 0.3
1.42 0.3
1.40 0.3
1.39 0.3
1.39 0.4
1.41 0.4
1.44 0.4
1.47 0.3
1.49 0.4
1.50 0.4
1.51 0.4
1.54 0.3
1.54 0.3
1.56 0.3
1.56 0.3
1.56 0.3
1.55 0.3
1.54 0.3
1.53 0.3
1.50 0.3
1.47 0.3
1.46 0.3
1.44 0.3
1.41 0.3
1.38 0.4
1.34 0.4
1.34 0.4
1.33 0.4
1.33 0.4
1.33 0.4
1.37 0.4
1.43 0.4
1.47 0.4
1.49 0.4
1.51 0.4
1.53 0.4
1.52 0.4
1.55 0.4
1.55 0.3
1.57 0.2
1.55 0.2
1.55 0.2
1.53 0.2
1.54 0.2
1.53 0.1
1.51 0.1
1.48 0.1
1.46 0.2
1.45 0.2
1.43 0.2
1.41 0.2
1.40 0.3
1.42 0.3
1.43 0.4
1.48 0.4
1.49 0.4
1.55 0.3
1.57 0.3
1.60 0.2
1.63 0.2
1.65 0.2
1.66 0.2
1.69 0.1
1.68 0.1
1.70 0.1
1.73 0.1
1.74 0.1
1.75 0.1
1.76 0.1
1.77 0.1
1.77 0.1
1.78 0.1
1.76 0.1
1.73 0.1
1.69 0.1
1.66 0.2
1.64 0.2
1.64 0.1
1.63 0.2
1.64 0.2
1.66 0.2
1.69 0.2
1.71 0.3
1.72 0.3
1.73 0.2
1.73 0.2
1.72 0.2
1.70 0.2
1.67 0.2
1.67 0.2
1.64 0.3
1.62 0.3
1.60 0.3
1.57 0.4
1.55 0.3
1.52 0.3
1.49 0.3
1.46 0.2
1.42 0.3
1.39 0.4
1.36 0.5
1.35 0.5
1.33 0.5
1.33 0.5
1.31 0.5
1.31 0.5
1.31 0.5
1.30 0.5
1.30 0.5
1.29 0.5
1.29 0.4
1.27 0.4
1.25 0.5
1.24 0.5
1.22 0.5
1.21 0.5
1.20 0.5
1.21 0.5
1.21 0.5
1.20 0.5
1.19 0.5
1.18 0.5
1.16 0.5
1.13 0.5
1.11 0.6
1.10 0.6
1.08 0.6
1.09 0.6
1.08 0.6
1.08 0.6
1.11 0.6
1.17 0.6
1.19 0.6
1.19 0.6
1.19 0.6
1.17 0.6
1.15 0.6
1.13 0.6
1.12 0.6
1.11 0.6
1.10 0.6
1.10 0.6
1.10 0.6
1.14 0.6
1.19 0.6
1.19 0.6
1.20 0.6
1.20 0.6
1.18 0.6
1.16 0.6
1.15 0.6
1.16 0.6
1.14 0.6
1.14 0.6
1.16 0.6
1.16 0.6
1.19 0.6
1.19 0.6
1.17 0.6
1.14 0.6
1.11 0.6
1.09 0.6
1.06 0.6
1.05 0.7
1.02 0.6
1.02 0.6
1.04 0.7
1.07 0.7
1.15 0.7
1.17 0.7
1.20 0.7
1.21 0.7
1.22 0.6
1.24 0.6
1.28 0.6
1.25 0.6
1.25 0.6
1.24 0.6
1.25 0.6
1.26 0.6
1.26 0.6
1.25 0.6
1.20 0.6
1.17 0.6
1.14 0.6
1.11 0.6
1.07 0.7
1.03 0.8
1.01 0.8
1.00 0.7
1.01 0.7
1.03 0.8
1.09 0.8
1.16 0.9
1.18 0.9
1.20 0.8
1.22 0.8
1.27 0.7
1.25 0.7
1.25 0.6
1.26 0.6
1.27 0.5
1.27 0.5
1.28 0.4
1.32 0.4
1.30 0.3
1.28 0.3
1.24 0.3
1.22 0.3
1.19 0.4
1.16 0.4
1.12 0.5
1.07 0.6
1.05 0.7
1.06 0.7
1.06 0.8
1.10 0.8
1.17 0.9
1.22 0.8
1.25 0.8
1.29 0.7
1.29 0.6
1.33 0.5
1.34 0.5
1.35 0.3
1.37 0.2
1.38 0.2
1.36 0.2
1.34 0.2
1.29 0.2
1.26 0.3
1.23 0.2
1.21 0.2
1.17 0.2
1.13 0.3
1.09 0.4
1.06 0.6
1.05 0.7
1.05 0.6
1.07 0.7
1.11 0.7
1.18 0.7
1.22 0.7
1.23 0.7
1.22 0.6
1.21 0.6
1.22 0.6
1.24 0.6
1.26 0.6
1.30 0.6
1.31 0.6
1.31 0.5
1.31 0.5
1.31 0.5
1.27 0.4
1.22 0.5
1.19 0.5
1.15 0.5
1.11 0.6
1.07 0.6
1.03 0.7
1.00 0.7
0.99 0.7
1.00 0.7
1.01 0.7
1.03 0.7
1.07 0.7
1.11 0.7
1.14 0.7
1.17 0.7
1.20 0.7
1.28 0.7
1.37 0.6
1.37 0.6
1.36 0.6
1.37 0.5
1.34 0.5
1.31 0.6
1.29 0.5
1.25 0.5
1.23 0.6
1.18 0.6
1.16 0.6
1.12 0.6
1.08 0.6
1.05 0.6
1.03 0.7
1.03 0.7
1.04 0.7
1.06 0.7
1.10 0.7
1.15 0.7
1.21 0.7
1.23 0.7
1.25 0.7
1.27 0.7
1.29 0.7
1.29 0.7
1.31 0.7
1.31 0.7
1.33 0.6
1.33 0.6
1.32 0.5
1.30 0.5
1.27 0.6
1.23 0.5
1.20 0.5
1.16 0.6
1.11 0.6
1.08 0.7
1.05 0.7
1.03 0.7
1.02 0.7
1.02 0.7
1.03 0.7
1.06 0.7
1.11 0.8
1.17 0.8
1.22 0.7
1.20 0.8
1.29 0.7
1.27 0.7
1.29 0.7
1.30 0.7
1.29 0.7
1.29 0.7
1.28 0.7
1.26 0.7
1.23 0.7
1.21 0.7
1.18 0.7
1.15 0.7
1.11 0.7
1.07 0.7
1.04 0.7
1.00 0.7
0.96 0.7
0.96 0.7
0.97 0.7
0.98 0.7
1.00 0.7
1.05 0.8
1.11 0.8
1.14 0.8
1.16 0.8
1.18 0.8
1.20 0.8
1.23 0.8
1.26 0.7
1.27 0.7
1.27 0.7
1.29 0.7
1.29 0.6