0.00 42290
0.00 42280
0.00 42280
0.00 42280
0.00 42270
0.00 42270
0.00 42270
0.00 42270
0.00 42260
0.00 42260
0.00 42250
0.00 42250
0.00 42250
0.00 42250
0.00 42240
0.00 42240
0.00 42240
0.00 42240
0.00 42240
0.00 42240
0.00 42230
0.00 42230
0.00 42230
0.00 42220
0.00 42220
0.00 42210
0.00 42210
0.00 42200
0.00 42200
0.00 42200
0.00 42190
0.00 42190
0.00 42190
0.00 42180
0.00 42180
0.00 42180
0.00 42180
0.00 42180
0.00 42170
0.00 42170
0.00 42160
0.00 42160
0.00 42150
0.00 42150
0.00 42150
0.00 42140
0.00 42140
0.00 42140
0.00 42130
0.00 42130
0.00 42130
0.00 42130
0.00 42130
0.00 42120
0.00 42120
0.00 42120
0.00 42110
0.00 42110
0.00 42110
0.00 42100
0.00 42100
0.00 42100
0.00 42090
0.00 42090
0.00 42080
0.00 42080
0.00 42080
0.00 42080
0.00 42080
0.00 42080
0.00 42080
0.00 42080
0.00 42070
0.00 42060
0.00 42060
0.00 42060
0.00 42060
0.00 42050
0.00 42050
0.00 42050
0.00 42050
0.00 42050
0.00 42050
0.00 42050
0.00 42050
0.00 42050
0.00 42050
0.00 42050
0.00 42050
0.00 42050
0.00 42050
0.00 42050
0.00 42050
0.00 42060
0.00 42060
0.00 42060
0.00 42060
0.00 42070
0.00 42070
0.00 42070
0.00 42070
0.00 42070
0.00 42070
0.00 42070
0.00 42080
0.00 42080
0.00 42080
0.00 42080
0.00 42080
0.00 42080
0.00 42080
0.00 42080
0.00 42080
0.00 42080
0.00 42080
0.00 42080
0.00 42080
0.00 42080
0.00 42080
0.00 42080
0.00 42080
0.00 42080
0.00 42080
0.00 42080
0.00 42080
0.00 42080
0.00 42080
0.00 42080
0.00 42080
0.00 42080
0.00 42080
0.00 42080
0.00 42080
0.00 42090
0.00 42090
0.00 42090
0.00 42090
0.00 42090
0.00 42090
0.00 42090
0.00 42090
0.00 42090
0.00 42090
0.00 42090
0.00 42090
0.00 42100
0.00 42100
0.00 42100
0.00 42100
0.00 42100
0.00 42100
0.00 42100
0.00 42100
0.00 42100
0.00 42100
0.00 42100
0.00 42100
0.00 42100
0.00 42100
0.00 42100
0.00 42100
0.00 42100
0.00 42100
0.00 42100
0.00 42100
0.00 42100
0.00 42100
0.00 42100
0.00 42100
0.00 42100
0.00 42100
0.00 42100
0.00 42100
0.00 42100
0.00 42100
0.00 42100
0.00 42100
0.00 42100
0.00 42100
0.00 42100
0.00 42100
0.00 42100
0.00 42100
0.00 42100
0.00 42100
0.00 42100
0.00 42100
0.00 42100
0.00 42100
0.00 42100
0.00 42100
0.00 42100
0.00 42100
0.00 42100
0.00 42100
0.00 42100
0.00 42100
0.00 42100
0.00 42100
0.00 42100
0.00 42100
0.00 42100
0.00 42100
0.00 42100
0.00 42100
0.00 42100
0.00 42100
0.00 42100
0.00 42100
0.00 42100
0.00 42100
0.00 42100
0.00 42100
0.00 42100
0.00 42100
0.00 42100
0.00 42090
0.00 42090
0.00 42090
0.00 42090
0.00 42090
0.00 42090
0.00 42090
0.00 42090
0.00 42090
0.00 42090
0.00 42090
0.00 42090
0.00 42080
0.00 42080
0.00 42080
0.00 42080
0.00 42080
0.00 42080
0.00 42080
0.00 42080
0.00 42080
0.00 42080
0.00 42080
0.00 42080
0.00 42080
0.00 42080
0.00 42080
0.00 42080
0.00 42080
0.00 42080
0.00 42080
0.00 42070
0.00 42070
0.00 42070
0.00 42070
0.00 42070
0.00 42070
0.00 42070
0.00 42070
0.00 42060
0.00 42060
0.00 42060
0.00 42060
0.00 42060
0.00 42060
0.00 42060
0.00 42060
0.00 42050
0.00 42050
0.00 42050
0.00 42050
0.00 42050
0.00 42050
0.00 42050
0.00 42040
0.00 42040
0.00 42040
0.00 42040
0.00 42040
0.00 42040
0.00 42030
0.00 42030
0.00 42030
0.00 42030
0.00 42030
0.00 42030
0.00 42020
0.00 42020
0.00 42020
0.00 42020
0.00 42020
0.00 42020
0.00 42020
0.00 42020
0.00 42020
0.00 42020
0.00 42020
0.00 42020
0.00 42020
0.00 42020
0.00 42010
0.00 42010
0.00 42010
0.00 42010
0.00 42010
0.00 42010
0.00 42000
0.00 42000
0.00 42000
0.00 42000
0.00 42000
0.00 42000
0.00 42000
0.00 41990
0.00 41990
0.00 41990
0.00 41990
0.00 41980
0.00 41980
0.00 41980
0.00 41980
0.00 41970
0.00 41970
0.00 41970
0.00 41970
0.00 41970
0.00 41970
0.00 41970
0.00 41970
0.00 41970
0.00 41970
0.00 41970
0.01 41960
0.02 41960
0.03 41960
0.03 41960
0.03 41960
0.03 41960
0.03 41960
0.02 41960
0.03 41960
0.02 41960
0.03 41960
0.02 41960
0.04 41970
0.03 41970
0.01 41970
0.01 41970
0.01 41960
0.02 41970
0.00 41970
0.00 41960
0.05 41970
0.00 41970
0.00 41970
0.01 41960
0.00 41960
0.03 41960
0.00 41960
0.00 41960
0.01 41960
0.00 41960
0.00 41960
0.00 41950
0.00 41950
0.00 41950
0.01 41950
0.00 41950
0.01 41950
0.00 41950
0.00 41940
0.01 41940
0.00 41940
0.00 41940
0.00 41940
0.00 41940
0.00 41940
0.03 41940
0.00 41940
0.00 41940
0.02 41940
0.01 41940
0.00 41940
0.00 41940
0.00 41940
0.01 41940
0.00 41930
0.00 41930
0.00 41930
0.00 41930
0.05 41930
0.01 41930
0.02 41920
0.00 41930
0.01 41930
0.00 41930
0.00 41930
0.00 41930
0.00 41930
0.00 41920
0.01 41920
0.00 41920
0.00 41920
0.00 41920
0.00 41920
0.00 41920
0.00 41920
0.00 41920
0.00 41920
0.00 41920
0.00 41920
0.00 41920
0.00 41910
0.00 41910
0.00 41910
0.00 41910
0.00 41910
0.00 41910
0.00 41910
0.00 41900
0.00 41900
0.00 41900
0.00 41900
0.00 41900
0.00 41890
0.00 41890
0.00 41890
0.00 41890
0.00 41890
0.00 41880
0.00 41880
0.00 41880
0.00 41880
0.00 41880
0.00 41880
0.00 41870
0.00 41870
0.00 41870
0.00 41870
0.00 41870
0.00 41870
0.00 41870
0.00 41860
0.00 41860
0.00 41860
0.00 41860
0.00 41860
0.00 41850
0.00 41850
0.00 41850
0.00 41850
0.00 41850
0.00 41840
0.00 41840
0.00 41840
0.00 41840
0.00 41840
0.00 41830
0.00 41830
0.00 41830
0.00 41830
0.00 41820
0.00 41820
0.00 41820
0.00 41810
0.00 41810
0.00 41810
0.00 41810
0.00 41810
0.00 41810
0.00 41810
0.00 41810
0.00 41810
0.00 41800
0.00 41800
0.00 41800
0.00 41800
0.00 41790
0.00 41790
0.00 41790
0.00 41780
0.00 41780
0.00 41780
0.00 41780
0.00 41770
0.00 41770
0.00 41770
0.00 41770
0.00 41760
0.00 41760
0.00 41760
0.00 41760
0.00 41760
0.00 41760
0.00 41750
0.00 41750
0.00 41750
0.00 41750
0.00 41750
0.00 41740
0.00 41740
0.00 41740
0.00 41730
0.00 41730
0.00 41730
0.00 41730
0.00 41730
0.00 41720
0.00 41720
0.00 41710
0.00 41710
0.00 41710
0.00 41710
0.00 41710
0.00 41710
0.00 41700
0.00 41700
0.00 41700
0.00 41690
0.00 41690
0.00 41690
0.00 41680
0.00 41680
0.00 41680
0.00 41670
0.00 41670
0.00 41670
0.00 41670
0.00 41660
0.00 41660
0.00 41660
0.00 41660
0.00 41660
0.00 41650
0.00 41650
0.00 41650
0.00 41650
0.00 41640
0.00 41640
0.00 41630
0.00 41630
0.00 41630
0.00 41620
0.00 41620
0.00 41610
0.00 41610
0.00 41610
0.00 41610
0.00 41610
0.00 41610
0.00 41600
0.00 41600
0.00 41600
0.00 41600
0.00 41590
0.00 41590
0.00 41580
0.00 41580
0.00 41580
0.00 41580
0.00 41570
0.00 41570
0.00 41560
0.00 41560
0.00 41560
0.00 41560
0.00 41560
0.00 41560
0.00 41550
0.00 41550
0.00 41550
0.00 41540
0.00 41540
0.00 41530
0.00 41530
0.00 41530
0.00 41520
0.00 41520
0.00 41520
0.00 41510
0.00 41510
0.00 41510
0.00 41510
0.00 41510
0.00 41510
0.00 41500
0.00 41500
0.00 41500
0.00 41490
0.00 41490
0.00 41480
0.00 41480
0.00 41480
0.00 41470
0.00 41470
0.00 41460
0.00 41460
0.00 41460
0.00 41460
0.00 41460
0.00 41450
0.00 41450
0.00 41450
0.00 41450
0.00 41440
0.00 41430
0.00 41430
0.00 41430
0.00 41420
0.00 41420
0.00 41410
0.00 41410
0.00 41410
0.00 41410
0.00 41410
0.00 41410
0.00 41400
0.00 41400
0.00 41390
0.00 41390
0.00 41380
0.00 41380
0.00 41370
0.00 41370
0.00 41360
0.00 41360
0.00 41360
0.00 41360
0.00 41350
0.00 41350
0.00 41350
0.00 41340
0.00 41340
0.00 41340
0.00 41330
0.00 41330
0.00 41330
0.00 41320
0.00 41320
0.00 41310
0.00 41310
0.00 41310
0.00 41310
0.00 41310
0.00 41300
0.00 41300
0.00 41290
0.00 41290
0.00 41280
0.00 41280
0.00 41280
0.00 41270
0.00 41270
0.00 41260
0.00 41260
0.00 41260
0.00 41260
0.00 41260
0.00 41250
0.00 41250
0.00 41240
0.00 41240
0.00 41240
0.00 41230
0.00 41230
0.00 41220
0.00 41220
0.00 41210
0.00 41210
0.00 41210
0.00 41210
0.00 41210
0.00 41200
0.00 41200
0.00 41190
0.00 41190
0.00 41180
0.00 41180
0.00 41170
0.00 41170
0.00 41170
0.00 41160
0.00 41160
0.01 41160
0.02 41160
0.02 41160
0.01 41160
0.02 41150
0.02 41150
0.02 41150
0.02 41150
0.00 41140
0.02 41140
0.01 41140
0.02 41130
0.01 41130
0.03 41130
0.03 41130
0.02 41120
0.01 41120
0.03 41120
0.03 41120
0.02 41110
0.03 41110
0.00 41110
0.02 41110
0.02 41110
0.02 41110
0.02 41110
0.01 41110
0.01 41110
0.01 41110
0.01 41110
0.01 41110
0.01 41100
0.01 41100
0.02 41100
0.01 41100
0.02 41090
0.02 41100
0.01 41090
0.01 41090
0.03 41090
0.02 41090
0.02 41090
0.02 41090
0.02 41090
0.02 41090
0.02 41090
0.04 41090
0.02 41090
0.03 41090
0.02 41090
0.04 41090
0.03 41090
0.05 41100
0.03 41100
0.01 41100
0.00 41100
0.00 41100
0.00 41100
0.01 41100
0.00 41100
0.01 41110
0.01 41110
0.01 41110
0.01 41110
0.01 41110
0.01 41110
0.01 41110
0.00 41110
0.00 41110
0.00 41120
0.00 41120
0.00 41120
0.01 41130
0.00 41130
0.00 41130
0.00 41140
0.00 41140
0.00 41140
0.00 41150
0.00 41150
0.00 41150
0.00 41160
0.00 41160
0.00 41160
0.00 41160
0.00 41160
0.00 41160
0.00 41170
0.00 41170
0.00 41170
0.00 41180
0.00 41180
0.01 41180
0.00 41190
0.00 41190
0.00 41190
0.00 41200
0.00 41200
0.00 41200
0.00 41200
0.00 41210
0.00 41210
0.00 41210
0.00 41210
0.00 41210
0.00 41210
0.00 41210
0.01 41220
0.01 41220
0.01 41230
0.01 41230
0.01 41240
0.01 41240
0.00 41240
0.02 41250
0.01 41250
0.01 41250
0.00 41250
0.02 41260
0.01 41260
0.00 41260
0.01 41260
0.03 41270
0.01 41270
0.02 41270
0.03 41280
0.02 41290
0.01 41300
0.02 41300
0.01 41310
0.02 41310
0.02 41310
0.05 41320
0.03 41320
0.05 41340
0.04 41350
0.04 41360
0.05 41360
0.02 41380
0.02 41390
0.01 41400
0.03 41410
0.01 41430
0.02 41440
0.00 41460
0.01 41480
0.01 41500
0.00 41510
0.01 41540
0.00 41560
0.01 41580
0.01 41600
0.00 41610
0.00 41640
0.01 41660
0.01 41680
0.00 41710
0.01 41730
0.00 41750
0.01 41760
0.00 41790
0.00 41810
0.01 41820
0.00 41850
0.00 41860
0.00 41880
0.00 41900
0.00 41920
0.00 41930
0.00 41950
0.00 41970
0.00 41970
0.00 42000
0.00 42010
0.00 42020
0.00 42040
0.00 42050
0.00 42060
0.00 42080
0.00 42080
0.00 42100
0.00 42120
0.00 42130
0.00 42130
0.00 42140
0.00 42160
0.00 42170
0.00 42180
0.00 42180
0.00 42200
0.00 42210
0.00 42220
0.00 42240
0.00 42240
0.00 42250
0.00 42250
0.00 42270
0.00 42280
0.00 42290
0.00 42290
0.00 42300
0.00 42310
0.00 42320
0.00 42330
0.00 42340
0.00 42340
0.00 42340
0.00 42350
0.00 42360
0.00 42370
0.00 42370
0.00 42380
0.00 42390
0.00 42400
0.00 42400
0.00 42400
0.00 42410
0.00 42420
0.00 42420
0.00 42430
0.00 42430
0.00 42440
0.00 42450
0.00 42450
0.00 42450
0.00 42460
0.00 42470
0.00 42470
0.00 42480
0.00 42480
0.00 42490
0.00 42490
0.00 42500
0.00 42500
0.00 42510
0.00 42510
0.00 42510
0.00 42510
0.00 42520
0.00 42520
0.00 42530
0.00 42530
0.00 42540
0.00 42540
0.00 42540
0.00 42550
0.00 42550
0.00 42560
0.00 42560
0.00 42560
0.00 42560
0.00 42570
0.00 42570
0.01 42570
0.00 42580
0.00 42580
0.00 42580
0.00 42590
0.00 42590
0.00 42590
0.00 42600
0.00 42600
0.00 42610
0.00 42610
0.00 42610
0.00 42620
0.00 42620
0.00 42620
0.00 42620
0.00 42620
0.00 42620
0.00 42620
0.00 42630
0.00 42630
0.00 42630
0.00 42640
0.00 42640
0.00 42640
0.00 42640
0.00 42650
0.00 42650
0.00 42650
0.00 42650
0.00 42660
0.00 42660
0.00 42660
0.00 42660
0.00 42670
0.00 42670
0.00 42670
0.00 42670
0.00 42670
0.00 42670
0.00 42670
0.00 42670
0.00 42670
0.00 42670
0.00 42670
0.00 42670
0.00 42670
0.00 42670
0.00 42680
0.00 42680
0.00 42680
0.00 42690
0.00 42690
0.01 42690
0.01 42690
0.00 42690
0.00 42690
0.01 42690
0.00 42690
0.01 42700
0.00 42700
0.01 42700
0.00 42700
0.01 42700
0.00 42710
0.02 42710
0.01 42710
0.00 42710
0.01 42710
0.01 42710
0.01 42710
0.01 42710
0.00 42720
0.00 42720
0.01 42720
0.00 42720
0.00 42720
0.00 42720
0.00 42720
0.00 42720
0.00 42720
0.00 42720
0.00 42730
0.00 42730
0.00 42730
0.00 42730
0.00 42730
0.00 42730
0.00 42730
0.00 42730
0.00 42730
0.00 42730
0.00 42730
0.00 42730
0.00 42730
0.00 42730
0.01 42750
0.00 42730
0.00 42730
0.00 42730
0.00 42730
0.00 42730
0.00 42730
0.00 42730
0.00 42730
0.00 42730
0.00 42730
0.02 42730
0.02 42740
0.00 42740
0.00 42740
0.00 42740
0.00 42740
0.00 42740
0.00 42740
0.00 42740
0.00 42740
0.01 42740
0.01 42740
0.01 42740
0.00 42740
0.01 42740
0.00 42740
0.01 42740
0.01 42740
0.01 42740
0.02 42740
0.01 42740
0.01 42740
0.01 42740
0.03 42740
0.03 42750
0.04 42750
0.00 42750
0.02 42750
0.03 42760
0.02 42760
0.01 42760
0.02 42760
0.03 42760
0.01 42760
0.02 42760
0.02 42770
0.03 42770
0.01 42770
0.01 42770
0.01 42770
0.00 42770
0.02 42770
0.01 42780
0.00 42780
0.01 42780
0.01 42770
0.01 42780
0.00 42770
0.00 42760
0.01 42750
0.00 42750
0.00 42740
0.00 42740
0.00 42730
0.00 42730
0.00 42730
0.00 42730
0.04 42730
0.01 42730
0.02 42720
0.03 42720
0.01 42720
0.01 42710
0.00 42710
0.00 42710
0.01 42710
0.01 42700
0.00 42700
0.02 42690
0.02 42690
0.04 42690
0.01 42690
0.00 42690
0.00 42690
0.01 42690
0.01 42680
0.00 42680
0.01 42680
0.02 42680
0.05 42680
0.00 42680
0.00 42680
0.01 42680
0.01 42680
0.03 42680
0.02 42680
0.02 42680
0.00 42680
0.00 42680
0.00 42680
0.00 42670
0.00 42670
0.00 42670
0.00 42670
0.00 42670
0.00 42670
0.00 42670
0.00 42670
0.00 42670
0.01 42670
0.00 42670
0.00 42670
0.00 42660
0.00 42660
0.00 42660
0.00 42660
0.00 42660
0.00 42660
0.00 42660
0.00 42650
0.00 42650
0.00 42650
0.00 42640
0.00 42640
0.00 42640
0.00 42640
0.00 42640
0.00 42630
0.00 42630
0.00 42620
0.00 42620
0.00 42620
0.00 42620
0.00 42610
0.00 42610
0.00 42610
0.00 42610
0.00 42610
0.00 42600
0.00 42600
0.00 42590
0.00 42590
0.00 42590
0.00 42590
0.00 42580
0.00 42580
0.00 42580
0.00 42570
0.00 42570
0.00 42570
0.00 42570
0.00 42560
0.01 42560
0.00 42560
0.00 42560
0.00 42550
0.00 42540
0.01 42540
0.00 42540
0.00 42540
0.00 42530
0.00 42530
0.01 42520
0.06 42520
0.02 42520
0.00 42520
0.00 42510
0.04 42510
0.02 42510
0.00 42510
0.00 42510
0.05 42500
0.02 42500
0.00 42490
0.01 42490
0.00 42490
0.00 42480
0.01 42470
0.00 42470
0.00 42470
0.00 42460
0.01 42460
0.02 42450
0.01 42450
0.01 42450
0.00 42450
0.01 42440
0.01 42440
0.01 42430
0.02 42430
0.01 42430
0.00 42430
0.00 42420
0.02 42420
0.00 42410
0.00 42410
0.01 42400
0.00 42400
0.01 42400
0.01 42400
0.00 42390
0.00 42380
0.00 42380
0.01 42370
0.01 42370
0.01 42370
0.01 42370
0.01 42360
0.00 42350
0.00 42350
0.01 42350
0.00 42340
0.00 42340
0.01 42340
0.00 42340
0.00 42330
0.00 42330
0.00 42330
0.00 42330
0.00 42320
0.00 42310
0.01 42310
0.02 42300
0.02 42300
0.01 42290
0.02 42290
0.01 42290
0.01 42290
0.00 42280
0.01 42280
0.02 42270
0.01 42270
0.01 42260
0.00 42250
0.01 42250
0.01 42240
0.00 42240
0.01 42240
0.01 42240
0.00 42230
0.01 42220
0.00 42210
0.00 42210
0.01 42200
0.00 42200
0.00 42180
0.00 42180
0.01 42180
0.00 42170
0.00 42170
0.00 42160
0.00 42160
0.00 42150
0.00 42150
0.00 42140
0.00 42130
0.00 42130
0.00 42130
0.00 42120
0.00 42110
0.00 42100
0.00 42100
0.00 42090
0.00 42090
0.00 42080
0.00 42080
0.00 42070
0.00 42070
0.00 42070
0.00 42060
0.00 42050
0.00 42040
0.00 42040
0.00 42030
0.00 42020
0.00 42020
0.00 42020
0.00 42010
0.00 42000
0.00 42000
0.00 41990
0.00 41980
0.00 41980
0.00 41970
0.00 41970
0.00 41960
0.00 41950
0.00 41950
0.00 41940
0.00 41940
0.00 41930
0.00 41920
0.00 41920
0.00 41910
0.00 41910
0.00 41900
0.00 41890
0.00 41890
0.00 41880
0.00 41870
0.00 41870
0.00 41870
0.00 41860
0.00 41860
0.00 41850
0.01 41850
0.00 41840
0.00 41830
0.01 41830
0.00 41820
0.00 41810
0.01 41810
0.00 41810
0.00 41810
0.01 41800
0.00 41790
0.00 41780
0.01 41770
0.00 41770
0.00 41760
0.00 41760
0.00 41750
0.02 41750
0.03 41740
0.04 41740
0.03 41730
0.02 41730
0.04 41730
0.02 41720
0.03 41710
0.02 41710
0.04 41710
0.03 41710
0.04 41710
0.03 41700
0.03 41690
0.05 41690
0.03 41690
0.06 41690
0.02 41680
0.05 41680
0.01 41670
0.01 41670
0.03 41660
0.05 41660
0.03 41660
0.01 41660
0.00 41660
0.01 41650
0.00 41640
0.00 41630
0.01 41630
0.02 41620
0.00 41620
0.05 41620
0.05 41620
0.00 41610
0.00 41610
0.01 41610
0.14 41610
0.03 41610
0.00 41610
0.01 41610
0.00 41600
0.00 41600
0.00 41590
0.00 41590
0.02 41580
0.00 41580
0.01 41580
0.00 41570
0.01 41560
0.00 41560
0.00 41560
0.01 41560
0.07 41560
0.02 41550
0.02 41540
0.00 41540
0.04 41540
0.02 41540
0.00 41530
0.02 41530
0.02 41530
0.00 41520
0.00 41520
0.00 41520
0.00 41520
0.00 41510
0.00 41510
0.00 41510
0.01 41510
0.00 41510
0.00 41500
0.01 41500
0.00 41490
0.00 41490
0.00 41480
0.00 41480
0.00 41470
0.01 41470
0.01 41460
0.01 41460
0.01 41460
0.01 41460
0.01 41460
0.01 41450
0.01 41450
0.01 41450
0.01 41450
0.01 41440
0.00 41440
0.01 41430
0.00 41430
0.01 41430
0.01 41420
0.00 41420
0.01 41410
0.01 41410
0.01 41410
0.01 41410
0.01 41400
0.01 41400
0.01 41400
0.00 41390
0.01 41390
0.00 41390
0.00 41380
0.00 41370
0.00 41370
0.01 41360
0.00 41360
0.00 41360
0.00 41360
0.02 41350
0.02 41350
0.00 41340
0.00 41340
0.01 41330
0.00 41330
0.00 41320
0.00 41320
0.00 41310
0.00 41310
0.01 41310
0.01 41300
0.00 41300
0.00 41300
0.00 41290
0.00 41280
0.00 41280
0.00 41270
0.00 41260
0.00 41260
0.00 41260
0.00 41250
0.00 41250
0.00 41250
0.00 41240
0.00 41240
0.00 41230
0.01 41220
0.00 41220
0.00 41210
0.00 41210
0.00 41210
0.00 41200
0.01 41200
0.01 41190
0.00 41180
0.01 41180
0.00 41180
0.00 41170
0.00 41170
0.01 41160
0.00 41160
0.00 41160
0.00 41150
0.00 41140
0.00 41130
0.00 41130
0.00 41130
0.00 41120
0.00 41110
0.00 41110
0.00 41110
0.00 41100
0.00 41100
0.00 41090
0.00 41080
0.00 41080
0.00 41070
0.00 41070
0.00 41070
0.00 41060
0.00 41060
0.00 41050
0.00 41040
0.00 41030
0.00 41030
0.00 41020
0.00 41020
0.00 41020
0.00 41010
0.00 41010
0.00 41000
0.00 40990
0.00 40980
0.00 40980
0.00 40970
0.00 40970
0.00 40970
0.00 40970
0.00 40960
0.00 40950
0.00 40940
0.00 40930
0.00 40930
0.00 40920
0.00 40920
0.00 40920
0.00 40910
0.00 40900
0.00 40900
0.00 40890
0.00 40880
0.00 40870
0.00 40870
0.00 40870
0.00 40860
0.00 40850
0.00 40850
0.00 40840
0.00 40830
0.00 40830
0.00 40830
0.00 40820
0.00 40810
0.00 40810
0.00 40800
0.00 40790
0.00 40780
0.00 40780
0.00 40780
0.00 40770
0.00 40760
0.00 40760
0.00 40750
0.00 40740
0.00 40730
0.00 40730
0.00 40730
0.00 40720
0.00 40710
0.00 40700
0.00 40690
0.00 40690
0.00 40690
0.00 40680
0.00 40670
0.00 40670
0.00 40650
0.00 40650
0.00 40640
0.00 40640
0.01 40620
0.01 40620
0.00 40620
0.00 40610
0.00 40600
0.00 40600
0.00 40600
0.00 40590
0.00 40590
0.00 40580
0.00 40570
0.00 40560
0.00 40560
0.00 40550
0.00 40550
0.00 40540
0.00 40530
0.00 40520
0.00 40520
0.00 40510
0.00 40500
0.00 40500
0.00 40490
0.00 40490
0.00 40480
0.00 40470
0.00 40460
0.00 40450
0.00 40450
0.00 40450
0.00 40440
0.00 40430
0.00 40420
0.00 40420
0.00 40410
0.00 40410
0.00 40400
0.00 40390
0.00 40390
0.00 40370
0.00 40360
0.00 40360
0.00 40360
0.00 40350
0.00 40340
0.00 40330
0.00 40320
0.00 40320
0.00 40320
0.00 40310
0.00 40300
0.00 40290
0.00 40280
0.00 40270
0.00 40270
0.00 40270
0.00 40260
0.00 40250
0.00 40240
0.00 40230
0.00 40220
0.00 40220
0.00 40210
0.00 40210
0.00 40200
0.00 40190
0.00 40180
0.00 40180
0.00 40170
0.00 40160
0.00 40160
0.00 40150
0.00 40140
0.00 40130
0.00 40130
0.00 40120
0.00 40110
0.00 40100
0.00 40090
0.00 40090
0.00 40090
0.00 40080
0.00 40070
0.00 40060
0.00 40050
0.00 40040
0.00 40040
0.00 40030
0.00 40020
0.00 40020
0.00 40010
0.00 40000
0.00 40000
0.00 39980
0.01 39980
0.01 39970
0.00 39960
0.03 39950
0.00 39950
0.00 39940
0.01 39930
0.01 39920
0.00 39910
0.02 39910
0.02 39910
0.02 39900
0.00 39900
0.00 39890
0.00 39880
0.01 39870
0.00 39870
0.00 39860
0.00 39850
0.00 39840
0.00 39830
0.00 39820
0.00 39820
0.00 39820
0.00 39810
0.00 39800
0.00 39790
0.00 39780
0.00 39780
0.00 39780
0.00 39770
0.00 39770
0.00 39760
0.00 39760
0.00 39750
0.00 39750
0.00 39750
0.00 39750
0.00 39750
0.00 39740
0.00 39740
0.00 39740
0.00 39730
0.00 39730
0.00 39730
0.00 39730
0.01 39730
0.00 39730
0.01 39730
0.00 39730
0.00 39730
0.01 39730
0.00 39730
0.00 39730
0.00 39720
0.01 39720
0.00 39710
0.00 39710
0.00 39710
0.00 39700
0.00 39700
0.00 39700
0.00 39700
0.00 39700
0.00 39700
0.00 39690
0.00 39690
0.00 39690
0.00 39690
0.01 39690
0.02 39690
0.01 39690
0.01 39690
0.02 39680
0.03 39680
0.02 39680
0.02 39690
0.01 39690
0.00 39680
0.00 39680
0.00 39680
0.00 39670
0.00 39680
0.00 39670
0.00 39670
0.00 39660
0.00 39670
0.00 39660
0.00 39660
0.00 39660
0.00 39660
0.00 39660
0.01 39650
0.00 39650
0.00 39650
0.00 39650
0.00 39640
0.00 39640
0.00 39640
0.00 39640
0.01 39640
0.02 39640
0.01 39640
0.02 39640
0.02 39640
0.03 39640
0.02 39640
0.04 39630
0.03 39640
0.03 39640
0.04 39630
0.02 39640
0.01 39640
0.02 39640
0.04 39640
0.05 39640
0.06 39640
0.02 39640
0.00 39640
0.01 39640
0.03 39640
0.02 39640
0.02 39640
0.04 39650
0.02 39650
0.03 39650
0.02 39650
0.00 39650
0.00 39650
0.00 39650
0.00 39650
0.00 39650
0.01 39650
0.02 39650
0.00 39650
0.00 39660
0.00 39650
0.00 39650
0.00 39660
0.00 39660
0.00 39660
0.03 39660
0.01 39670
0.03 39670
0.01 39670
0.01 39670
0.02 39670
0.00 39670
0.01 39670
0.02 39670
0.05 39670
0.01 39680
0.00 39680
0.01 39680
0.00 39680
0.00 39680
0.00 39690
0.00 39690
0.01 39690
0.00 39690
0.00 39690
0.00 39690
0.01 39690
0.03 39690
0.08 39700
0.05 39700
0.01 39710
0.01 39710
0.01 39710
0.00 39710
0.03 39710
0.01 39720
0.02 39720
0.03 39730
0.00 39730
0.00 39730
0.00 39730
0.01 39730
0.03 39730
0.00 39730
0.00 39730
0.00 39730
0.00 39730
0.01 39730
0.01 39740
0.01 39740
0.02 39750
0.02 39750
0.02 39750
0.01 39750
0.01 39760
0.02 39760
0.02 39770
0.02 39770
0.05 39770
0.02 39780
0.02 39780
0.02 39780
0.03 39790
0.05 39790
0.04 39800
0.05 39800
0.04 39810
0.03 39820
0.04 39830
0.03 39830
0.04 39830
0.04 39850
0.03 39860
0.04 39860
0.06 39870
0.04 39870
0.05 39890
0.04 39900
0.03 39910
0.05 39910
0.06 39930
0.11 39940
0.07 39950
0.10 39970
0.07 39990
0.06 40000
0.06 40010
0.04 40030
0.05 40040
0.08 40050
0.06 40070
0.03 40090
0.06 40100
0.06 40110
0.00 40130
0.01 40140
0.02 40160
0.01 40170
0.04 40180
0.02 40190
0.05 40200
0.03 40220
0.03 40240
0.01 40260
0.00 40270
0.01 40280
0.00 40300
0.00 40320
0.00 40320
0.01 40340
0.00 40360
0.00 40370
0.00 40390
0.00 40400
0.00 40410
0.00 40420
0.00 40440
0.00 40450
0.00 40460
0.00 40480
0.00 40490
0.00 40500
0.00 40510
0.00 40520
0.00 40540
0.00 40550
0.00 40560
0.00 40570
0.00 40590
0.00 40590
0.00 40600
0.00 40610
0.00 40630
0.00 40640
0.00 40640
0.00 40650
0.00 40660
0.00 40670
0.00 40690
0.00 40690
0.00 40700
0.00 40710
0.00 40730
0.00 40730
0.00 40740
0.00 40750
0.00 40760
0.00 40770
0.00 40780
0.00 40780
0.00 40780
0.00 40800
0.01 40800
0.00 40810
0.01 40810
0.02 40830
0.01 40830
0.01 40840
0.01 40840
0.02 40850
0.02 40860
0.03 40870
0.03 40870
0.00 40880
0.01 40880
0.05 40890
0.04 40910
0.02 40910
0.04 40920
0.03 40920
0.01 40930
0.00 40930
0.00 40940
0.00 40940
0.00 40950
0.00 40950
0.00 40960
0.00 40970
0.00 40970
0.00 40970
0.00 40980
0.00 40980
0.00 40990
0.01 40990
0.00 41000
0.00 41000
0.00 41010
0.00 41010
0.01 41020
0.00 41020
0.00 41020
0.00 41030
0.00 41030
0.01 41030
0.00 41040
0.00 41050
0.00 41050
0.00 41050
0.00 41060
0.01 41060
0.01 41060
0.00 41070
0.00 41070
0.01 41070
0.00 41070
0.00 41070
0.00 41080
0.00 41080
0.00 41080
0.00 41090
0.00 41090
0.00 41090
0.00 41090
0.00 41100
0.00 41100
0.00 41100
0.00 41110
0.00 41110
0.00 41110
0.00 41110
0.00 41110
0.00 41110
0.00 41110
0.00 41110
0.00 41110
0.00 41110
0.00 41120
0.00 41120
0.00 41120
0.00 41120
0.00 41120
0.00 41130
0.00 41130
0.00 41130
0.00 41130
0.00 41130
0.00 41140
0.00 41140
0.00 41140
0.00 41140
0.00 41140
0.00 41140
0.00 41140
0.00 41140
0.00 41140
0.00 41140
0.00 41150
0.00 41150
0.00 41150
0.00 41150
0.00 41150
0.01 41150
0.02 41160
0.00 41160
0.00 41160
0.00 41160
0.00 41160
0.00 41160
0.00 41160
0.00 41160
0.00 41160
0.00 41160
0.00 41160
0.00 41160
0.00 41160
0.00 41160
0.00 41160
0.00 41160
0.00 41160
0.00 41160
0.00 41160
0.00 41160
0.00 41160
0.01 41160
0.00 41160
0.02 41160
0.01 41160
0.01 41160
0.02 41160
0.02 41160
0.02 41160
0.01 41160
0.01 41160
0.00 41160
0.01 41160
0.00 41170
0.01 41170
0.00 41170
0.01 41170
0.00 41170
0.00 41170
0.01 41170
0.01 41170
0.01 41170
0.02 41170
0.01 41180
0.01 41180
0.03 41180
0.03 41180
0.02 41180
0.03 41180
0.02 41180
0.02 41190
0.04 41190
0.02 41190
0.02 41190
0.02 41200
0.02 41200
0.01 41200
0.03 41200
0.02 41210
0.01 41210
0.01 41210
0.03 41210
0.03 41210
0.04 41210
0.04 41210
0.04 41210
0.04 41220
0.04 41230
0.06 41230
0.08 41230
0.07 41240
0.11 41240
0.06 41240
0.05 41230
0.05 41230
0.05 41230
0.05 41230
0.07 41240
0.08 41240
0.08 41250
0.09 41250
0.09 41250
0.08 41260
0.08 41260
0.09 41270
0.09 41280
0.12 41290
0.08 41310
0.10 41310
0.11 41330
0.09 41350
0.08 41360
0.09 41380
0.10 41400
0.11 41410
0.12 41440
0.10 41460
0.11 41490
0.11 41510
0.11 41540
0.10 41570
0.09 41610
0.09 41630
0.07 41660
0.09 41690
0.10 41730
0.08 41760
0.09 41810
0.07 41840
0.05 41870
0.07 41920
0.05 41950
0.06 42000
0.06 42040
0.05 42080
0.02 42130
0.03 42170
0.01 42210
0.02 42250
0.03 42290
0.04 42340
0.03 42370
0.01 42420
0.01 42450
0.00 42500
0.00 42530
0.01 42570
0.01 42610
0.01 42650
0.01 42680
0.01 42720
0.01 42760
0.01 42790
0.00 42830
0.01 42860
0.02 42890
0.01 42920
0.01 42950
0.02 42980
0.01 43010
0.00 43030
0.00 43050
0.02 43080
0.00 43100
0.01 43120
0.01 43150
0.01 43180
0.01 43190
0.02 43210
0.01 43240
0.02 43260
0.02 43280
0.00 43300
0.01 43310
0.00 43330
0.00 43350
0.01 43360
0.01 43380
0.02 43400
0.00 43410
0.01 43420
0.01 43440
0.05 43460
0.03 43470
0.01 43490
0.02 43510
0.00 43520
0.05 43530
0.03 43550
0.01 43560
0.01 43570
0.02 43590
0.01 43600
0.01 43610
0.02 43630
0.01 43650
0.01 43650
0.01 43660
0.01 43670
0.01 43680
0.00 43700
0.00 43710
0.01 43710
0.00 43720
0.00 43730
0.01 43740
0.00 43760
0.00 43760
0.01 43770
0.00 43780
0.01 43790
0.00 43800
0.01 43820
0.00 43830
0.00 43830
0.00 43840
0.00 43850
0.00 43860
0.00 43870
0.00 43880
0.00 43890
0.00 43890
0.00 43900
0.00 43910
0.00 43910
0.00 43920
0.00 43930
0.00 43940
0.00 43950
0.00 43960
0.00 43960
0.00 43960
0.00 43970
0.00 43970
0.00 43980
0.00 43990
0.00 43990
0.00 44000
0.01 44010
0.01 44010
0.00 44020
0.01 44020
0.00 44020
0.01 44030
0.00 44030
0.01 44040
0.00 44040
0.01 44050
0.00 44050
0.00 44060
0.00 44060
0.00 44060
0.00 44070
0.00 44070
0.00 44070
0.01 44080
0.00 44080
0.00 44080
0.00 44080
0.00 44080
0.00 44080
0.00 44090
0.00 44090
0.00 44090
0.00 44090
0.00 44090
0.00 44090
0.00 44100
0.00 44100
0.00 44100
0.00 44100
0.00 44100
0.00 44100
0.00 44100
0.00 44100
0.00 44100
0.00 44100
0.00 44100
0.00 44100
0.00 44100
0.00 44110
0.00 44110
0.00 44110
0.00 44110
0.00 44110
0.00 44110
0.00 44110
0.00 44110
0.00 44110
0.00 44110
0.00 44110
0.00 44110
0.00 44110
0.00 44110
0.00 44110
0.00 44100
0.00 44100
0.00 44100
0.00 44100
0.00 44100
0.00 44100
0.00 44100
0.00 44090
0.00 44090
0.00 44090
0.00 44090
0.00 44090
0.00 44090
0.00 44080
0.00 44080
0.00 44080
0.00 44080
0.00 44080
0.00 44080
0.00 44080
0.00 44080
0.00 44070
0.00 44070
0.00 44070
0.00 44070
0.00 44070
0.00 44070
0.00 44070
0.00 44060
0.00 44060
0.00 44060
0.00 44060
0.00 44060
0.00 44050
0.00 44050
0.00 44050
0.00 44050
0.00 44040
0.00 44040
0.00 44040
0.00 44040
0.00 44040
0.00 44030
0.00 44030
0.00 44030
0.00 44030
0.00 44020
0.00 44020
0.00 44020
0.00 44020
0.00 44020
0.00 44020
0.00 44020
0.00 44010
0.00 44010
0.00 44010
0.00 44010
0.00 44000
0.00 44000
0.00 43990
0.00 43990
0.00 43990
0.00 43980
0.00 43980
0.00 43970
0.00 43970
0.00 43970
0.00 43960
0.00 43960
0.00 43960
0.00 43960
0.00 43950
0.00 43950
0.00 43950
0.00 43950
0.00 43930
0.00 43930
0.00 43930
0.00 43910
0.00 43920
0.00 43920
0.00 43920
0.00 43910
0.00 43900
0.00 43900
0.00 43900
0.00 43890
0.00 43890
0.00 43890
0.00 43890
0.00 43890
0.00 43880
0.00 43880
0.00 43870
0.00 43860
0.00 43850
0.00 43850
0.00 43840
0.00 43840
0.00 43840
0.00 43840
0.00 43830
0.00 43830
0.00 43820
0.00 43820
0.00 43810
0.00 43800
0.00 43790
0.00 43790
0.00 43780
0.00 43780
0.00 43770
0.00 43770
0.00 43770
0.00 43770
0.00 43760
0.00 43760
0.00 43750
0.01 43730
0.00 43740
0.00 43740
0.02 43740
0.02 43730
0.02 43740
0.02 43720
0.02 43710
0.06 43720
0.02 43720
0.04 43710
0.02 43710
0.02 43710
0.04 43720
0.04 43710
0.01 43710
0.05 43710
0.00 43710
0.00 43710
0.01 43710
0.02 43710
0.01 43710
0.01 43710
0.01 43710
0.01 43700
0.01 43700
0.01 43700
0.00 43710
0.02 43710
0.01 43710
0.00 43710
0.01 43710
0.00 43710
0.00 43710
0.00 43710
0.00 43710
0.00 43710
0.00 43710
0.00 43710
0.01 43710
0.01 43720
0.01 43720
0.00 43720
0.00 43720
0.00 43720
0.00 43720
0.00 43720
0.00 43720
0.00 43720
0.00 43720
0.00 43730
0.01 43730
0.00 43730
0.01 43720
0.00 43730
0.00 43730
0.01 43720
0.00 43730
0.01 43720
0.00 43730
0.00 43720
0.00 43720
0.01 43720
0.00 43720
0.00 43720
0.00 43720
0.01 43710
0.00 43720
0.01 43720
0.00 43710
0.00 43710
0.02 43710
0.02 43710
0.01 43710
0.01 43710
0.01 43710
0.01 43700
0.00 43700
0.02 43700
0.00 43700
0.01 43700
0.00 43690
0.01 43690
0.00 43680
0.00 43680
0.00 43680
0.00 43670
0.00 43670
0.00 43660
0.02 43660
0.04 43650
0.03 43650
0.01 43650
0.01 43650
0.00 43650
0.00 43650
0.01 43640
0.03 43640
0.00 43640
0.00 43630
0.00 43630
0.00 43630
0.03 43620
0.06 43630
0.02 43620
0.09 43620
0.00 43610
0.01 43620
0.01 43610
0.01 43610
0.01 43610
0.01 43610
0.02 43610
0.03 43610
0.02 43610
0.01 43600
0.02 43610
0.02 43610
0.02 43610
0.01 43600
0.03 43600
0.03 43610
0.02 43610
0.01 43610
0.02 43600
0.03 43610
0.04 43620
0.03 43620
0.02 43630
0.02 43640
0.02 43650
0.02 43650
0.01 43650
0.01 43650
0.00 43650
0.03 43660
0.04 43680
0.02 43680
0.02 43690
0.02 43700
0.03 43710
0.03 43710
0.00 43720
0.02 43720
0.03 43730
0.02 43750
0.01 43760
0.00 43760
0.01 43770
0.02 43770
0.02 43780
0.01 43790
0.00 43800
0.01 43800
0.02 43820
0.02 43820
0.03 43830
0.02 43840
0.01 43850
0.01 43860
0.02 43870
0.02 43880
0.01 43890
0.00 43890
0.02 43900
0.01 43920
0.01 43930
0.02 43950
0.00 43960
0.01 43960
0.00 43980
0.01 44000
0.02 44010
0.01 44020
0.02 44040
0.03 44060
0.02 44070
0.06 44080
0.04 44100
0.03 44120
0.04 44140
0.02 44150
0.00 44170
0.06 44180
0.03 44210
0.00 44210
0.01 44230
0.01 44250
0.01 44270
0.02 44280
0.00 44300
0.00 44320
0.02 44340
0.11 44360
0.01 44390
0.00 44400
0.00 44410
0.00 44430
0.02 44440
0.00 44460
0.00 44470
0.04 44490
0.00 44510
0.00 44530
0.01 44540
0.07 44560
0.04 44590
0.01 44600
0.00 44620
0.00 44640
0.00 44650
0.00 44660
0.00 44670
0.00 44700
0.00 44710
0.01 44730
0.00 44740
0.00 44750
0.01 44770
0.00 44780
0.01 44800
0.01 44800
0.00 44820
0.00 44830
0.00 44840
0.00 44850
0.00 44860
0.00 44870
0.01 44880
0.00 44900
0.00 44910
0.02 44920
0.02 44930
0.02 44930
0.02 44950
0.02 44960
0.00 44970
0.01 44980
0.00 44990
0.00 45000
0.01 45000
0.01 45010
0.00 45020
0.00 45030
0.01 45030
0.00 45050
0.00 45060
0.01 45060
0.00 45070
0.00 45070
0.00 45080
0.00 45080
0.01 45090
0.00 45100
0.00 45100
0.00 45110
0.01 45110
0.00 45120
0.00 45130
0.00 45140
0.00 45150
0.00 45160
0.00 45180
0.00 45190
0.00 45210
0.00 45220
0.00 45240
0.00 45250
0.00 45270
0.01 45280
0.00 45300
0.00 45310
0.03 45340
0.01 45350
0.00 45360
0.00 45380
0.00 45390
0.00 45410
0.00 45430
0.00 45430
0.00 45450
0.00 45470
0.00 45480
0.00 45500
0.00 45500
0.00 45510
0.00 45520
0.00 45540
0.00 45550
0.00 45570
0.00 45580
0.00 45590
0.00 45600
0.00 45620
0.00 45630
0.00 45640
0.00 45650
0.00 45660
0.00 45680
0.00 45690
0.00 45700
0.00 45710
0.00 45720
0.00 45730
0.00 45750
0.00 45760
0.00 45780
0.00 45800
0.00 45800
0.00 45820
0.00 45830
0.00 45850
0.00 45870
0.00 45870
0.00 45880
0.00 45900
0.00 45910
0.00 45930
0.00 45940
0.00 45950
0.00 45960
0.00 45970
0.00 45980
0.00 46000
0.00 46020
0.00 46020
0.00 46030
0.00 46040
0.00 46060
0.00 46070
0.00 46080
0.00 46090
0.00 46100
0.00 46120
0.00 46130
0.00 46140
0.00 46150
0.00 46160
0.00 46180
0.00 46180
0.00 46190
0.00 46200
0.00 46210
0.00 46220
0.00 46230
0.00 46250
0.00 46260
0.00 46260
0.00 46270
0.00 46290
0.00 46300
0.00 46310
0.00 46320
0.00 46330
0.00 46340
0.00 46350
0.00 46370
0.00 46370
0.00 46380
0.00 46380
0.00 46400
0.00 46410
0.00 46420
0.00 46420
0.00 46430
0.00 46440
0.00 46450
0.00 46460
0.00 46470
0.00 46490
0.00 46500
0.00 46500
0.00 46510
0.00 46520
0.00 46530
0.00 46520
0.00 46540
0.00 46540
0.00 46560
0.00 46560
0.00 46570
0.00 46580
0.00 46580
0.00 46580
0.00 46590
0.00 46600
0.00 46610
0.00 46620
0.00 46640
0.00 46640
0.00 46640
0.00 46660
0.01 46660
0.01 46670
0.01 46670
0.01 46690
0.01 46690
0.02 46710
0.02 46720
0.01 46740
0.02 46740
0.02 46750
0.03 46750
0.00 46750
0.01 46760
0.00 46780
0.00 46780
0.01 46790
0.00 46800
0.00 46820
0.00 46830
0.00 46830
0.00 46830
0.00 46840
0.01 46840
0.00 46850
0.00 46860
0.00 46870
0.01 46880
0.01 46890
0.00 46900
0.01 46910
0.00 46920
0.00 46920
0.00 46920
0.00 46930
0.00 46940
0.00 46950
0.00 46960
0.00 46960
0.00 46970
0.00 46980
0.00 46990
0.00 47000
0.00 47000
0.00 47010
0.00 47010
0.01 47010
0.00 47020
0.00 47030
0.00 47040
0.00 47050
0.00 47050
0.00 47060
0.00 47070
0.00 47080
0.00 47090
0.01 47090
0.00 47100
0.00 47100
0.00 47110
0.00 47120
0.00 47120
0.01 47130
0.00 47140
0.00 47150
0.00 47150
0.01 47160
0.00 47170
0.00 47180
0.00 47180
0.00 47180
0.00 47180
0.03 47190
0.02 47200
0.04 47210
0.01 47220
0.00 47230
0.01 47240
0.00 47250
0.01 47250
0.01 47260
0.02 47270
0.02 47270
0.03 47270
0.03 47280
0.03 47290
0.02 47300
0.00 47310
0.05 47320
0.01 47320
0.00 47330
0.00 47340
0.00 47340
0.00 47350
0.00 47360
0.01 47360
0.01 47360
0.00 47370
0.00 47370
0.00 47380
0.00 47390
0.00 47390
0.00 47400
0.00 47400
0.00 47420
0.00 47420
0.00 47430
0.00 47440
0.00 47450
0.01 47450
0.00 47450
0.00 47460