2.09 1.1
1.95 1.1
2.15 1.1
2.29 1.1
2.25 1.1
2.17 1.2
2.21 1.1
1.91 1.1
2.21 1.2
2.11 1.1
2.09 1.1
2.14 1.2
2.14 1.1
2.13 1.1
2.01 1.1
2.02 1.1
2.16 1.1
2.14 1.1
2.07 1.1
2.05 1.2
2.34 1.1
1.97 1.0
2.22 1.2
2.13 1.1
2.36 1.1
2.44 1.0
2.04 1.1
1.96 1.2
2.11 1.1
1.94 1.1
1.96 1.1
1.93 1.1
2.07 1.1
2.12 1.1
1.80 1.1
1.82 1.1
1.81 1.1
1.92 1.1
1.79 1.1
1.86 1.1
1.79 1.2
1.83 1.1
1.75 1.1
1.88 1.1
1.82 1.1
1.81 1.1
1.91 1.2
1.87 1.1
1.99 1.1
1.89 1.1
2.39 1.1
2.09 1.1
2.05 1.1
1.97 1.1
2.09 1.1
2.26 1.1
2.30 1.1
2.37 1.1
2.26 1.1
2.26 1.1
2.24 1.1
2.40 1.1
2.44 1.1
2.27 1.1
2.39 1.2
2.26 1.2
2.20 1.2
2.24 1.1
2.38 1.1
2.64 1.1
2.31 1.1
2.21 1.1
2.28 1.2
2.50 1.1
2.15 1.1
3.51 1.1
4.47 1.2
2.20 1.2
2.45 1.1
2.38 1.1
2.36 1.1
2.57 1.1
2.56 1.1
2.42 1.0
2.22 1.1
2.32 1.1
2.27 1.2
2.43 1.2
2.48 1.1
2.29 1.1
2.21 1.2
1.88 1.1
2.18 1.1
2.37 1.1
2.26 1.1
2.19 1.0
2.23 1.1
2.30 1.2
2.23 1.1
2.29 1.2
2.35 1.1
2.23 1.2
2.32 1.2
2.35 1.2
2.32 1.2
2.24 1.2
2.41 1.2
2.27 1.2
2.41 1.2
2.36 1.2
2.28 1.2
2.48 1.2
2.39 1.2
2.43 1.1
2.35 1.2
2.33 1.1
2.40 1.2
2.17 1.2
2.36 1.2
2.31 1.2
2.51 1.2
2.25 1.2
2.23 1.2
2.32 1.1
2.27 1.1
2.22 1.1
2.15 1.1
2.07 1.2
2.16 1.2
2.19 1.4
2.07 1.2
2.04 1.2
2.00 1.5
1.98 1.3
1.96 1.2
2.12 1.1
2.07 1.1
2.04 1.2
2.02 1.4
2.00 1.2
1.98 1.1
2.35 1.1
2.02 1.0
2.06 1.1
2.12 1.1
2.10 1.1
2.10 1.2
2.16 1.2
2.85 1.1
2.43 1.2
2.27 1.1
2.88 1.0
2.36 1.1
2.34 1.1
2.40 1.1
2.20 1.1
3.08 1.0
2.28 1.0
2.31 1.0
2.30 1.0
3.41 1.0
2.25 1.0
2.34 1.0
2.07 1.1
2.18 1.0
2.26 1.1
2.18 1.1
2.24 1.1
2.24 1.1
2.26 1.1
2.47 1.1
2.19 1.1
2.10 1.0
2.18 1.1
2.17 1.2
2.19 1.1
2.20 1.2
2.16 1.1
2.20 1.1
2.22 1.1
2.27 1.1
2.42 1.1
2.36 1.1
2.19 1.1
2.17 1.1
2.11 1.1
2.07 1.1
2.16 1.1
2.11 1.1
2.15 1.1
2.11 1.1
2.19 1.0
2.18 1.0
2.12 1.0
2.25 1.0
2.11 1.0
2.22 1.0
2.07 1.0
2.15 1.0
2.11 1.0
2.11 1.2
2.05 1.1
2.10 1.1
2.07 1.1
2.07 1.1
2.14 1.1
2.04 1.1
1.96 1.0
2.20 1.1
2.19 1.1
2.10 1.2
2.51 1.1
2.19 1.1
2.12 1.1
2.14 1.1
2.21 1.1
2.22 1.1
2.09 1.2
2.13 1.2
2.26 1.1
2.17 1.1
2.17 1.1
2.32 1.2
2.14 1.1
2.12 1.1
2.16 1.2
2.09 1.0
2.30 1.1
2.07 1.3
2.08 1.1
2.03 1.1
1.99 1.0
1.98 1.0
1.86 1.1
2.05 1.1
2.06 1.0
1.96 1.0
2.02 1.1
2.08 1.0
2.00 1.1
2.01 1.0
2.00 1.0
2.08 1.0
2.09 1.0
2.11 1.4
2.09 1.0
2.15 1.0
2.22 1.0
2.04 1.0
2.28 1.1
2.32 1.1
2.43 1.1
2.52 1.0
2.65 1.1
2.43 1.1
2.41 1.1
2.54 1.0
2.35 1.1
2.45 1.1
2.37 1.0
2.44 1.1
2.48 1.1
2.36 1.7
2.37 1.1
2.36 1.1
2.42 1.1
2.59 1.1
2.46 1.1
2.38 1.1
2.41 1.1
2.25 1.0
2.39 1.2
2.23 1.3
2.52 1.2
2.31 1.2
2.29 1.2
2.21 1.1
2.30 1.2
2.49 1.1
2.12 1.1
2.42 1.2
2.09 1.1
2.19 1.1
2.14 1.2
2.23 1.2
1.90 1.1
2.10 1.1
2.16 1.0
2.01 1.0
1.93 1.4
2.17 1.1
1.82 1.2
2.07 1.2
1.84 1.3
2.10 1.1
1.95 1.2
2.29 1.3
1.89 1.2
2.18 1.0
1.92 1.3
2.05 1.2
1.92 1.2
2.07 1.2
2.03 1.2
2.02 1.7
1.87 1.2
2.02 1.2
1.78 1.2
1.85 1.2
1.93 1.2
1.99 1.2
1.94 1.1
1.83 1.1
1.91 1.1
1.92 1.1
1.93 1.1
1.87 1.0
1.94 1.1
1.89 1.1
1.85 1.1
1.93 1.2
1.95 1.0
2.03 1.0
1.79 1.0
1.94 1.1
2.01 1.0
1.80 1.0
1.75 1.0
1.91 1.1
1.83 1.0
1.96 1.0
1.96 1.1
1.87 1.0
1.84 1.0
1.82 1.0
1.91 1.0
1.92 1.0
1.92 1.0
1.95 1.0
1.87 1.0
1.91 1.0
1.95 1.0
2.08 1.0
1.87 1.0
2.05 1.1
1.97 1.0
2.06 1.0
1.99 1.2
1.98 1.0
2.19 1.0
2.22 1.0
2.13 1.0
1.96 1.0
1.84 1.0
1.83 0.9
2.03 1.0
2.22 1.1
2.10 1.0
2.13 1.0
2.10 0.9
2.18 0.9
2.24 1.0
2.18 0.9
2.40 0.9
2.22 0.9
2.21 1.0
2.59 1.0
2.51 1.0
2.46 1.0
2.36 1.0
2.33 1.0
2.16 1.0
2.30 1.0
2.29 1.0
2.06 0.9
1.89 1.0
1.82 1.1
1.85 1.0
2.03 1.1
2.32 1.0
2.18 1.0
2.04 1.1
2.04 1.0
2.12 1.0
1.94 1.0
2.26 1.0
2.36 1.0
2.08 1.0
2.00 0.9
2.07 1.1
1.99 0.9
3.44 1.0
1.92 1.0
1.85 1.0
2.20 1.1
1.98 1.0
1.82 0.9
2.18 1.1
1.96 1.0
2.05 1.0
1.92 1.0
1.98 1.0
1.86 1.0
2.02 1.0
2.01 1.1
1.92 1.0
1.71 1.0
1.87 1.1
1.73 1.0
1.80 1.2
1.70 1.1
1.69 1.1
1.64 1.2
1.63 1.1
1.59 1.0
1.75 1.1
1.66 1.0
1.70 1.0
1.64 1.0
1.63 1.0
1.59 1.0
1.65 1.0
1.64 1.0
1.56 1.0
1.58 0.9
1.63 0.9
1.64 0.9
1.65 0.9
1.67 1.0
1.65 1.0
1.66 1.0
1.72 0.9
1.64 0.9
1.69 0.9
1.69 1.0
1.96 1.0
2.06 1.0
2.00 1.1
2.09 1.0
1.87 1.1
2.23 1.1
2.18 1.1
2.18 1.0
2.41 1.0
2.38 1.0
2.56 1.1
2.34 1.0
2.54 1.0
2.35 0.9
2.42 1.0
2.61 0.9
2.50 1.0
2.50 1.0
2.58 1.0
2.55 1.0
2.68 0.9
2.50 1.0
2.69 1.0
2.74 1.0
2.72 1.0
2.40 1.0
2.67 0.9
2.83 1.0
2.46 1.0
2.53 1.0
2.32 1.0
2.50 0.9
2.34 0.9
2.40 1.0
2.25 0.9
2.56 1.0
2.58 1.1
2.71 1.0
2.94 1.0
2.32 1.0
2.47 1.1
2.55 0.9
2.22 1.0
3.27 1.0
2.55 1.0
2.32 1.0
2.40 1.0
2.46 1.0
2.48 1.0
2.48 0.9
2.71 1.0
2.51 1.0
2.57 1.0
2.65 1.0
2.51 1.0
2.45 0.9
2.48 0.9
2.41 1.0
2.45 0.9
2.29 0.9
2.22 0.9
2.25 0.9
2.43 0.9
2.10 0.9
2.46 0.9
2.20 0.8
2.35 0.9
2.43 1.0
2.41 1.1
2.39 0.9
2.35 0.9
2.22 1.0
2.58 0.9
2.52 0.9
2.12 0.9
2.09 0.9
2.17 0.9
2.18 0.9
2.23 0.9
2.03 0.8
2.19 0.9
2.12 0.9
2.12 0.9
2.12 0.8
2.12 1.0
2.11 0.9
2.04 0.9
2.26 0.9
2.40 1.0
2.23 0.8
2.35 0.8
2.21 0.8
2.24 0.8
2.26 0.8
2.40 0.8
2.60 0.9
2.57 0.9
2.85 0.8
2.90 0.8
3.02 0.8
2.98 0.8
3.05 0.8
3.26 0.8
3.40 0.8
3.74 0.9
3.35 0.9
5.39 0.9
3.10 1.0
3.82 1.0
3.36 0.9
3.37 0.9
4.48 0.9
3.30 0.9
3.40 0.8
3.70 0.9
3.69 0.9
3.95 0.9
4.57 0.9
3.54 0.9
4.45 0.9
3.33 0.9
3.58 0.9
4.16 0.9
3.31 1.0
3.39 1.0
3.65 1.0
3.92 1.0
3.40 1.0
3.89 1.0
3.60 0.9
3.84 1.0
3.81 0.9
3.83 0.9
3.75 0.9
3.81 0.9
4.38 0.9
3.59 0.9
3.57 0.9
3.41 0.9
3.69 0.9
3.70 0.9
3.16 0.9
3.81 0.9
3.81 1.0
3.22 0.8
3.68 0.8
3.75 0.9
4.18 0.8
3.67 0.9
3.32 0.9
3.64 0.9
3.60 0.9
3.76 0.9
3.46 0.8
3.53 1.0
3.61 0.8
3.60 0.9
3.41 0.9
3.74 0.8
3.61 0.9
3.50 0.9
3.46 0.9
3.49 0.9
3.42 0.9
3.64 0.9
3.54 0.9
3.55 0.9
3.53 0.8
3.69 0.8
3.47 0.8
3.36 0.8
3.50 0.9
3.03 0.9
3.29 0.9
3.05 0.9
3.06 0.8
3.02 0.8
3.03 0.8
3.01 0.8
2.95 0.8
2.87 0.8
2.92 0.9
2.95 0.8
2.84 0.8
2.84 0.8
2.86 0.8
3.78 0.8
3.45 0.8
4.47 0.8
2.89 0.9
2.73 0.8
2.85 0.9
3.08 0.8
3.85 0.8
3.16 0.8
3.14 0.8
2.83 0.8
2.91 0.8
2.72 0.8
4.09 0.8
5.35 0.8
2.71 0.8
2.71 0.8
2.76 0.8
2.67 0.8
6.91 0.8
3.56 0.7
2.53 0.8
3.42 0.7
3.55 0.8
3.40 0.8
3.05 0.8
2.90 0.7
3.32 0.7
3.27 0.8
3.45 0.7
2.93 0.8
3.27 0.8
2.71 0.9
3.05 0.8
2.75 0.8
2.85 0.7
2.73 0.7
2.67 0.7
2.73 0.8
2.58 0.7
2.81 0.8
2.40 0.7
2.49 0.7
2.53 0.8
2.45 0.8
2.51 0.7
2.42 0.7
2.41 0.8
3.14 0.8
2.42 0.8
2.34 0.8
2.53 0.7
2.15 0.9
2.52 0.8
2.46 0.8
2.53 0.7
2.42 0.8
2.28 0.7
2.14 0.8
2.26 1.0
2.20 0.8
2.11 0.8
2.41 0.8
2.07 0.8
2.40 0.8
2.20 0.8
2.14 0.8
2.18 0.7
2.20 0.8
2.17 0.8
2.15 0.8
2.12 0.8
2.22 0.8
2.24 0.9
2.13 0.8
2.22 0.8
2.18 0.8
2.15 0.8
2.38 0.8
2.33 0.7
2.30 0.8
2.43 0.8
2.29 0.8
2.20 0.8
2.22 0.8
2.11 0.8
2.15 0.8
2.14 0.8
2.18 0.8
2.26 0.8
2.00 0.8
2.15 0.8
2.04 0.8
2.17 0.8
2.14 0.8
2.07 0.8
2.03 0.8
2.06 0.8
2.05 0.8
2.03 0.8
2.13 0.8
1.94 0.8
2.15 0.8
2.03 0.7
2.16 	
1.98 	
1.91 	
2.00 	
2.02 	
2.00 	
2.01 	
2.08 	
2.04 	
1.97 	
1.98 	
2.07 	
2.10 	
2.16 	
2.19 	
2.20 	
2.04 	
2.05 	
2.06 	
1.98 	
1.97 	
2.09 	
2.14 	
2.06 	
2.28 	
2.31 	
2.38 	
2.69 	
2.58 	
2.58 	
2.59 	
2.58 	
2.61 	
2.53 	
2.61 	
2.56 	
2.49 	
2.51 	
2.32 	
2.42 	
2.50 	
2.54 	
2.33 	
2.50 	
2.44 	
2.30 	
2.47 	
2.13 	
2.07 	
2.21 	
2.19 	
2.30 	
2.29 	
2.33 	
2.14 	
2.05 	
2.15 	
2.11 	
2.17 	
2.17 	
2.12 	
2.18 	
2.14 	
2.14 	
2.12 	
2.13 	
2.07 	
2.10 	
2.26 	
2.26 	
2.38 	
2.44 	
2.47 	
2.33 	
2.31 	
2.28 	
2.23 	
2.46 	
2.37 	
2.34 	
2.16 	
2.17 	
2.22 	
2.18 	
2.20 	
2.15 	
2.16 	
2.09 	
2.15 	
2.11 	
2.15 	
2.10 	
2.12 	
2.15 	
2.15 	
2.12 	
2.22 	
2.22 	
2.22 	
2.34 	
2.22 	
2.27 	
2.26 	
2.33 	
2.36 	
2.43 	
2.34 	
2.34 	
2.35 	
2.29 	
2.34 	
2.34 	
2.27 	
2.22 	
2.26 	
2.42 	
2.41 	
2.63 	
2.47 	
2.58 	
2.66 	
2.74 	
2.48 	
2.64 	
2.78 	
2.70 	
2.93 	
2.94 	
2.74 	
2.59 	
2.94 	
2.56 	
2.67 	
2.76 	
2.68 	
2.35 	
2.32 	
2.35 	
2.21 	
2.32 	
2.48 	
2.48 	
2.39 	
2.40 	
2.56 	
2.46 	
2.55 	
2.36 	
2.39 	
2.27 	
2.42 	
2.27 	
2.34 	
2.41 	
2.39 	
2.44 	
2.47 	
2.52 	
2.62 	
2.49 	
2.80 	
2.77 	
2.81 	
3.04 	
2.89 	
3.21 	
2.88 	
2.98 	
2.58 	
2.75 	
2.69 	
2.67 	
2.61 	
2.58 	
2.59 	
2.60 	
2.43 	
2.52 	
2.31 	
2.68 	
2.43 	
2.46 	
2.29 	
2.17 	
2.23 	
2.27 	
4.22 	
2.05 	
2.15 	
2.25 	
2.38 	
3.24 	
2.48 	
2.44 	
3.17 	
2.90 	
2.65 	
3.50 	
2.58 	
2.47 	
2.64 	
2.61 	
2.98 	
2.56 	
2.68 	
4.43 	
2.85 	
4.70 	
4.52 	
3.45 	
3.90 	
3.63 	
2.87 	
2.82 	
3.17 	
2.81 	
3.84 	
2.56 	
4.19 	
3.42 	
3.66 	
2.67 	
3.02 	
3.09 	
3.13 	
3.48 	
2.92 	
3.85 	
2.85 	
3.16 	
2.92 	
3.22 	
3.12 	
3.61 	
2.98 	
3.10 	
3.10 	
3.46 	
3.45 	
2.80 	
2.63 	
2.85 	
2.64 	
2.63 	
2.43 	
2.36 	
2.36 	
5.75 	
4.21 	
4.05 	
2.85 	
2.65 	
2.71 	
2.92 	
2.83 	
2.46 	
3.00 	
4.18 	
2.86 	
2.56 	
2.54 	
2.26 	
2.64 	
3.78 	
5.26 	
3.27 	
5.40 	
3.18 	
2.17 	
2.64 	
2.06 	
3.77 	
3.33 	
2.94 	
2.24 	
2.27 	
2.25 	
3.40 	
2.21 	
5.29 	
2.04 	
2.08 	
2.19 	
2.26 	
2.16 	
5.70 	
6.08 	
2.25 	
2.20 	
2.41 	
2.17 	
2.78 	
3.26 	
2.22 	
6.89 	
2.18 	
7.31 	
4.36 	
2.44 	
2.45 	
3.08 	
3.26 	
2.55 	
2.51 	
3.07 	
2.45 	
2.23 	
3.57 	
7.05 	
3.41 	
2.30 	
5.77 	
2.96 	
4.31 	
4.42 	
2.98 	
3.03 	
2.93 	
3.00 	
2.87 	
2.85 	
2.91 	
2.73 	
6.36 	
4.78 	
4.81 	
5.28 	
2.48 	
5.90 	
5.41 	
2.76 	
2.89 	
7.48 	
2.81 	
7.56 	
6.99 	
2.53 	
4.75 	
6.00 	
2.74 	
6.51 	
5.73 	
6.99 	
4.87 	
6.41 	
4.31 	
3.22 	
5.44 	
5.74 	
3.32 	
6.00 	
3.46 	
2.80 	
5.32 	
6.92 	
2.99 	
7.39 	
4.62 	
2.81 	
6.76 	
4.43 	
3.48 	
2.13 	
2.76 	
3.42 	
5.38 	
2.21 	
2.24 	
2.18 	
2.25 	
2.25 	
2.25 	
2.19 	
2.09 	
2.22 	
6.12 	
5.24 	
2.16 	
2.98 	
2.49 	
2.28 	
2.07 	
5.78 	
2.26 	
2.76 	
2.37 	
6.61 	
5.69 	
2.59 	
2.45 	
2.64 	
6.03 	
5.36 	
3.95 	
2.26 	
2.46 	
6.43 	
3.04 	
4.51 	
3.04 	
6.55 	
2.78 	
4.04 	
6.43 	
7.24 	
3.02 	
7.32 	
2.75 	
5.63 	
2.60 	
3.76 	
6.54 	
6.93 	
2.89 	
4.95 	
4.00 	
2.54 	
2.48 	
2.59 	
2.56 	
2.44 	
2.69 	
2.37 	
2.39 	
2.43 	
2.51 	
2.64 	
2.33 	
2.29 	
2.39 	
2.53 	
2.50 	
2.65 	
2.42 	
2.43 	
2.45 	
2.60 	
2.37 	
2.43 	
2.63 	
2.63 	
2.64 	
2.60 	
2.65 	
2.62 	
2.48 	
2.49 	
2.50 	
2.48 	
2.27 	
2.53 	
2.44 	
2.41 	
2.43 	
2.44 	
2.48 	
2.60 	
2.42 	
2.24 	
2.26 	
2.18 	
2.90 	
2.24 	
2.15 	
2.08 	
2.08 	
2.12 	
2.71 	
2.99 	
3.74 	
2.13 	
3.21 	
3.80 	
3.05 	
2.49 	
2.78 	
3.34 	
4.46 	
3.02 	
3.85 	
5.91 	
2.81 	
5.16 	
4.81 	
3.49 	
3.08 	
2.89 	
4.26 	
2.78 	
4.68 	
2.67 	
5.18 	
5.09 	
3.72 	
5.91 	
5.36 	
4.70 	
5.32 	
4.46 	
4.66 	
3.76 	
2.40 	
3.07 	
2.33 	
2.54 	
3.59 	
2.55 	
4.18 	
3.98 	
2.45 	
2.80 	
2.94 	
2.97 	
2.71 	
2.77 	
2.73 	
2.57 	
2.51 	
2.77 	
2.80 	
2.61 	
2.64 	
2.62 	
2.63 	
2.61 	
2.95 	
2.93 	
3.00 	
2.90 	
3.02 	
3.11 	
3.13 	
3.11 	
2.82 	
3.85 	
2.82 	
2.63 	
3.12 	
2.67 	
2.72 	
3.04 	
2.69 	
2.77 	
2.68 	
3.08 	
2.88 	
2.94 	
2.82 	
2.61 	
2.53 	
2.68 	
2.49 	
2.47 	
2.63 	
2.51 	
2.55 	
2.40 	
2.49 	
2.65 	
2.18 	
2.10 1.6
2.31 1.7
2.24 1.7
2.25 1.7
2.07 1.5
2.26 1.6
2.17 1.9
2.28 1.7
2.20 1.7
2.54 1.9
2.60 1.8
2.84 1.7
2.56 1.7
2.80 2.3
2.65 2.0
2.64 2.0
2.41 1.8
2.45 1.9
2.61 1.7
2.59 1.7
2.58 2.1
2.87 2.0
2.73 2.0
2.84 2.1
3.01 2.1
2.98 2.0
2.94 2.1
2.81 2.0
2.67 1.9
2.97 2.0
3.14 1.9
3.04 2.0
2.67 2.0
2.58 1.9
2.44 1.9
2.46 1.8
2.48 1.9
2.46 1.9
2.41 1.9
2.16 1.7
2.28 1.8
2.26 1.8
2.16 1.9
2.78 1.7
2.23 1.8
2.06 1.6
2.12 1.7
2.12 1.6
2.35 1.8
2.15 1.8
2.16 1.8
2.50 1.9
2.59 1.8
2.32 1.8
2.54 2.0
2.37 2.4
2.83 2.3
2.62 2.0
2.56 1.9
2.42 2.0
2.19 1.8
2.30 2.0
2.24 1.8
2.24 2.0
2.28 1.8
2.31 1.8
2.12 1.8
2.27 1.7
2.21 1.8
2.13 1.8
2.03 2.0
2.18 1.8
2.24 1.6
2.16 1.6
2.01 1.7
2.04 1.6
1.96 1.5
2.03 1.5
1.95 1.5
1.96 1.5
1.93 1.5
1.95 1.5
1.97 1.6
1.96 1.6
1.99 1.7
1.92 1.7
1.98 1.6
1.95 1.5
1.96 1.6
2.04 1.7
2.06 1.6
2.10 1.7
2.19 1.5
2.19 1.6
2.33 1.5
2.14 1.9
2.23 1.6
2.62 1.6
2.59 1.7
2.64 1.8
2.60 1.7
2.65 1.8
2.61 1.7
2.50 1.7
2.78 1.7
2.78 2.1
2.89 1.9
2.87 1.8
2.79 2.5
2.95 1.9
2.72 1.6
3.01 2.0
3.10 2.0
2.95 1.8
2.87 2.1
2.53 1.8
2.58 1.6
2.63 1.6
2.65 1.6
2.66 1.6
2.68 1.7
2.76 1.8
2.97 1.5
2.96 1.8
3.19 1.9
3.81 2.0
3.66 2.1
3.62 2.2
3.81 2.0
3.55 2.1
3.83 2.2
3.85 2.1
3.84 2.0
3.85 2.1
3.54 2.0
3.63 2.1
3.55 2.0
3.63 2.0
3.44 2.0
3.48 1.9
3.20 2.0
3.25 1.8
3.34 2.0
3.21 1.9
3.24 1.8
3.25 1.9
3.23 1.9
3.22 2.0
3.34 2.0
3.22 1.9
3.06 1.9
3.08 1.9
2.90 1.9
2.89 1.9
2.86 1.9
3.15 1.9
2.74 1.8
2.86 1.9
2.90 2.2
3.00 1.8
2.91 2.0
2.92 1.8
2.86 1.8
2.93 1.8
3.02 1.8
3.02 1.9
2.95 1.9
2.94 1.9
3.00 2.0
2.95 2.0
2.97 2.0
3.00 2.0
2.70 2.0
2.64 2.1
3.05 1.9
2.64 1.9
2.70 1.8
2.65 1.7
2.57 1.7
2.59 1.8
2.52 1.6
2.54 1.8
2.65 1.6
2.70 1.7
2.66 1.7
2.60 1.7
2.62 1.6
2.48 1.6
2.49 1.7
2.76 1.8
2.83 1.7
2.92 1.8
2.95 1.8
2.90 1.9
2.95 1.7
2.85 1.9
2.89 1.9
2.62 1.8
3.17 1.9
2.88 2.0
3.00 2.0
2.85 1.9
2.86 1.9
2.94 2.1
3.04 2.0
3.07 1.9
2.99 2.0
2.96 1.8
3.13 2.0
3.00 1.8
2.88 1.8
2.97 1.8
3.09 1.8
2.96 1.8
3.13 1.8
3.10 1.8
3.24 1.9
3.25 1.9
3.27 2.0
3.52 1.9
3.70 1.9
3.92 2.0
3.81 2.0
3.88 2.1
3.99 2.2
3.73 2.0
3.40 1.9
3.46 1.9
3.61 1.8
3.56 2.0
3.46 1.9
3.29 1.9
3.43 2.0
3.34 1.8
3.42 2.1
3.03 1.6
3.02 1.9
2.95 1.6
3.26 2.0
3.24 2.0
3.26 2.4
2.97 1.9
3.05 1.9
3.21 1.9
3.20 1.9
3.19 1.8
3.11 1.8
3.18 1.9
3.17 1.7
3.18 1.8
3.16 1.7
3.15 1.7
3.12 1.6
3.19 1.8
3.17 1.8
3.17 1.7
3.13 1.8
3.08 1.8
2.87 1.6
2.87 1.6
2.96 1.7
2.97 1.7
2.96 1.7
2.93 1.5
2.78 1.7
2.96 1.8
2.89 1.7
2.83 2.4
2.90 1.7
2.83 1.8
2.61 1.8
2.91 1.7
2.86 1.8
2.93 1.8
2.90 1.7
2.93 1.7
2.87 1.7
2.87 1.8
2.88 1.8
2.90 1.7
2.93 1.7
2.99 1.7
3.02 1.7
3.03 1.7
3.07 1.7
3.06 1.7
3.07 1.7
3.11 1.7
3.02 1.7
3.13 1.7
3.40 1.7
3.17 1.8
3.42 1.8
3.34 1.9
3.35 2.1
3.91 2.1
3.73 2.0
3.54 1.9
3.61 2.1
3.34 2.0
3.40 1.9
3.37 1.9
3.49 1.9
3.43 1.9
3.48 1.8
3.80 1.7
3.80 1.8
3.78 1.8
3.80 1.8
3.75 1.8
3.83 1.8
3.83 1.9
3.91 1.8
4.05 2.0
3.93 2.0
4.22 2.0
3.93 1.9
3.68 1.9
4.11 1.8
3.57 1.8
4.15 1.8
4.26 1.9
4.41 1.9
4.51 1.9
4.38 2.0
4.37 2.0
4.28 2.0
4.32 1.9
4.13 1.8
3.98 1.8
4.00 1.8
3.88 2.1
3.92 2.1
3.61 1.7
3.54 1.7
3.51 1.9
3.41 1.8
3.53 2.0
3.51 1.8
3.71 1.8
3.82 1.8
3.76 1.8
3.79 1.7
3.83 1.8
3.74 2.1
3.73 1.8
3.58 1.9
3.57 1.9
3.57 1.9
3.72 1.8
3.42 1.7
3.42 1.7
3.29 1.8
3.52 1.8
3.37 1.8
3.38 1.8
3.29 1.7
3.52 1.7
3.48 1.8
3.58 1.9
3.49 1.7
3.37 1.8
3.47 1.7
3.47 1.8
3.34 1.8
3.27 1.7
3.24 1.7
3.24 1.8
3.36 1.7
3.37 1.7
3.45 1.7
3.50 2.8
3.55 1.7
3.62 1.9
3.58 1.7
3.61 1.7
3.43 1.7
3.37 1.8
3.41 1.8
3.33 1.7
3.15 1.6
3.85 2.0
3.33 1.6
3.56 1.9
3.79 2.0
3.50 1.9
3.73 1.9
3.92 2.0
4.12 2.0
3.71 1.9
4.00 2.0
4.24 2.0
4.34 1.9
4.19 2.0
4.02 2.0
3.95 2.0
4.16 2.0
4.28 2.0
4.19 2.1
3.97 1.9
4.09 1.8
3.88 1.9
3.98 1.8
3.93 1.9
4.19 1.8
4.07 1.8
3.86 1.9
4.21 1.8
4.19 2.0
4.53 1.9
4.45 2.0
5.10 2.0
5.07 2.1
5.27 2.2
5.29 2.2
5.14 2.2
4.86 2.1
5.01 2.1
4.95 2.3
4.95 2.1
4.67 2.0
4.54 2.1
4.86 2.1
5.12 2.1
5.12 2.1
5.03 2.0
4.91 1.9
4.65 1.9
4.65 2.1
4.82 1.9
4.49 1.8
4.37 1.9
4.59 2.1
4.46 2.1
4.10 2.1
4.62 2.4
4.54 2.0
4.45 2.2
4.47 2.2
4.08 2.0
3.99 1.9
3.79 2.8
3.78 1.7
3.74 2.0
3.71 1.5
3.76 2.2
3.66 1.9
3.68 2.2
3.73 2.2
3.68 2.0
3.95 2.6
3.70 2.0
3.58 2.0
3.66 2.3
3.60 2.2
3.71 2.2
3.50 1.9
3.43 2.2
3.69 6.4
3.70 2.3
3.53 2.1
3.76 5.2
3.74 2.2
3.46 2.1
3.75 2.2
3.76 2.2
3.72 2.4
3.77 2.4
3.67 2.1
3.54 1.8
3.74 2.2
3.58 2.0
3.39 2.1
3.47 1.9
3.40 1.8
3.34 2.0
3.52 1.8
3.56 2.0
3.79 2.2
3.54 1.9
4.13 2.1
4.17 2.2
4.14 2.0
4.36 2.2
4.08 2.3
3.65 1.8
3.53 2.1
4.04 2.2
3.64 1.7
4.14 2.0
3.84 2.3
3.29 1.8
3.68 1.8
4.41 2.3
4.32 2.2
4.09 2.0
4.13 2.2
4.22 2.3
4.47 2.2
4.22 2.2
4.31 2.2
4.25 2.2
4.26 2.3
4.18 2.2
4.10 2.3
4.46 2.2
4.79 4.5
4.61 2.2
4.94 2.3
4.23 2.2
4.73 2.4
4.94 2.4
4.91 3.4
4.54 5.1
4.90 3.5
4.66 4.3
4.60 2.1
4.62 2.2
4.71 2.2
5.14 2.9
4.75 2.3
4.45 2.3
4.23 2.3
4.42 2.1
4.29 2.2
3.92 2.2
4.30 2.2
3.92 1.9
3.76 2.1
3.63 1.8
3.57 2.0
3.58 2.0
3.80 2.1
3.86 2.2
3.76 2.2
3.79 2.2
4.26 2.4
3.86 2.3
3.94 2.2
4.20 2.2
4.07 2.1
4.01 2.2
3.99 2.2
3.92 2.2
3.64 2.1
3.92 2.1
4.03 2.2
3.82 2.2
3.78 2.2
4.00 2.0
3.91 2.2
3.91 2.2
3.77 2.0
3.51 2.2
3.70 2.2
3.60 2.1
3.67 2.1
3.61 2.1
3.46 2.1
3.54 2.1
3.45 2.1
3.43 2.1
3.41 2.1
3.47 2.1
3.40 2.4
3.32 2.1
3.45 2.1
3.39 2.2
3.43 2.1
3.30 2.0
3.42 2.0
3.47 2.0
3.34 2.0
3.16 2.0
3.32 8.4
3.19 2.0
3.29 2.3
3.31 2.0
3.44 1.9
3.40 2.0
3.52 2.0
3.93 2.2
4.10 2.4
3.85 2.0
3.76 2.2
4.02 2.3
3.82 2.6
3.49 2.2
3.49 2.1
3.60 2.3
3.65 2.3
3.46 2.2
3.64 2.2
3.56 2.2
3.79 2.2
3.76 2.4
3.88 2.3
3.87 2.4
3.86 3.2
3.79 2.3
3.80 2.4
3.93 2.3
4.25 2.3
4.25 2.3
4.21 2.3
3.97 2.5
4.82 2.3
4.53 2.0
4.51 2.3
4.35 2.2
4.28 2.3
4.28 2.3
4.31 2.0
4.19 2.3
4.51 2.6
4.11 2.4
4.21 2.4
4.35 2.5
4.03 2.7
3.91 3.6
3.79 2.7
3.96 5.8
4.10 2.2
3.64 4.0
3.59 2.6
3.66 2.7
3.67 	
3.64 3.2
3.68 4.3
3.68 4.2
3.61 3.6
3.67 6.0
3.55 3.1
3.26 2.5
3.34 2.9
3.51 2.4
3.24 3.1
3.45 5.3
3.50 3.2
3.48 	
3.21 5.2
3.11 2.7
3.32 2.8
3.30 8.8
3.10 8.9
3.20 2.4
3.26 2.3
3.35 2.3
3.41 2.2
3.36 2.3
3.11 2.3
3.28 2.3
3.23 2.3
3.18 2.2
3.13 2.2
3.10 2.2
2.99 2.2
3.08 2.1
3.13 2.2
2.89 2.1
2.91 2.0
2.95 2.1
3.02 2.1
2.94 2.0
2.94 2.0
3.03 2.0
2.87 2.3
2.97 2.6
3.11 2.2
2.91 2.0
3.11 2.2
2.92 2.0
2.89 2.4
3.72 2.6
3.09 2.3
3.60 2.3
3.31 2.4
3.50 2.4
3.14 2.3
3.52 2.3
3.20 2.5
3.47 2.5
3.49 2.4
3.27 2.3
3.33 2.4
3.29 2.4
3.23 2.3
3.45 2.6
3.50 2.4
3.48 2.6
3.47 2.4
3.36 2.5
3.82 2.4
3.53 2.4
3.47 2.4
3.44 2.4
3.35 2.8
3.46 2.4
3.32 2.9
3.30 2.3
2.99 2.1
3.12 2.1
3.33 2.2
3.27 2.3
2.92 2.2
2.95 2.1
2.97 2.6
2.87 3.2
2.78 2.0
2.80 2.1
2.87 2.1
2.97 2.2
3.04 2.2
3.03 2.3
3.09 2.2
3.17 2.1
3.03 2.2
2.98 2.2
2.98 7.0
2.95 3.4
2.98 5.4
2.65 3.0
2.89 	
2.86 3.0
2.80 7.5
2.71 3.4
2.67 2.1
2.21 3.0
2.52 5.7
2.91 11.6
3.03 4.3
3.03 3.6
3.01 3.2
3.01 2.7
2.81 2.8
2.94 3.7
2.74 9.3
2.76 2.1
2.79 2.1
2.84 2.1
2.82 2.1
2.87 2.0
2.69 2.0
2.86 2.1
2.86 2.1
2.82 4.5
2.79 2.2
2.67 2.1
2.67 2.1
2.79 2.1
2.73 2.0
2.85 2.2
2.83 2.0
2.77 2.1
2.88 2.1
2.93 2.6
2.88 2.0
2.83 2.1
2.99 2.1
3.19 2.3
2.88 2.0
3.28 2.2
3.15 2.4
3.02 2.0
3.45 2.2
3.60 2.5
3.50 2.7
4.03 6.3
3.44 2.2
3.69 2.3
3.90 2.3
3.57 2.2
3.76 2.3
3.58 2.4
3.86 2.4
3.86 2.3
3.79 2.2
3.74 2.3
3.78 2.2
3.81 2.3
4.18 2.3
4.22 2.3
4.28 2.4
4.27 2.5
4.16 2.4
4.15 2.4
4.22 2.4
4.19 2.5
4.56 2.4
4.83 2.4
4.37 3.4
4.27 2.5
4.28 2.6
4.95 2.5
4.69 2.3
4.96 2.5
4.81 2.4
5.28 2.4
4.94 2.5
4.68 2.8
4.50 3.5
4.98 3.0
5.28 3.2
5.03 2.5
4.87 2.9
4.66 2.4
4.81 2.5
4.59 2.4
4.45 2.3
4.69 2.2
4.13 2.4
4.47 2.4
4.45 2.3
4.42 2.3
4.69 2.4
4.46 2.4
4.45 2.4
4.23 2.2
4.64 2.4
4.24 2.6
4.55 2.5
4.34 2.9
4.56 2.4
4.46 2.3
4.33 2.4
4.04 2.4
4.49 2.3
4.42 2.4
4.04 2.4
4.41 2.3
4.26 2.3
4.27 2.3
4.07 2.6
4.30 2.6
4.08 2.3
4.16 2.5
4.32 2.3
4.17 2.4
4.33 2.2
4.24 2.3
4.27 2.3
4.12 2.2
3.91 2.2
3.95 2.2
3.51 2.3
3.68 2.4
3.70 2.3
3.75 2.3
3.69 2.3
3.66 2.4
3.68 2.3
3.74 2.3
3.80 2.2
3.52 2.3
3.60 2.2
3.47 2.0
3.54 2.0
3.40 1.7
3.66 2.3
3.52 2.3
3.35 2.2
3.52 2.1
3.82 2.0
3.69 2.1
3.45 2.1
4.35 2.2
3.47 2.0
3.72 2.2
3.78 2.0
3.19 2.2
3.50 2.2
3.69 3.1
3.93 2.2
3.73 2.0
3.68 2.0
3.44 2.1
3.62 2.1
3.83 2.0
3.57 2.2
3.55 2.1
3.64 2.1
3.60 2.2
3.99 2.3
3.66 2.1
4.02 2.3
4.21 2.4
3.77 2.5
4.04 2.4
4.26 2.5
3.98 2.6
3.81 2.4
3.87 2.5
4.15 2.5
4.13 2.4
4.15 2.6
4.34 2.4
4.53 2.6
4.51 2.4
4.26 2.6
4.45 2.7
4.52 2.6
4.55 2.4
4.49 2.5
4.29 2.6
4.34 2.8
4.37 2.7
4.38 2.7
4.53 2.5
4.46 2.6
4.26 2.8
4.40 2.5
4.18 2.7
4.17 2.5
4.22 3.0
4.22 2.5
4.19 2.5
3.97 2.6
4.25 2.6
4.17 2.4
3.90 2.4
4.12 2.5
4.12 2.5
3.82 2.6
4.20 2.4
3.85 2.4
4.16 2.4
4.19 2.5
3.93 2.9
4.15 2.4
3.89 2.6
3.99 2.4
4.08 2.4
4.07 2.3
4.03 2.4
4.00 2.4
4.09 2.9
3.82 2.4
3.86 2.5
3.71 2.4
3.58 2.4
3.46 2.5
3.39 2.3
3.31 2.4
3.33 2.4
3.43 2.4
3.42 2.4
3.47 2.4
3.46 2.4
3.31 2.2
3.09 2.2
3.03 2.0
3.14 2.2
3.13 2.2
3.01 2.0
3.15 2.0
3.45 2.3
3.38 2.2
3.44 2.2
3.48 2.3
3.54 2.2
3.42 2.3
2.70 2.2
3.15 2.2
3.62 2.3
2.94 2.2
3.36 2.2
3.28 2.3
3.31 2.2
3.47 2.2
3.45 2.1
3.46 2.2
4.10 2.4
4.07 2.4
3.90 4.7
3.96 2.4
3.72 2.4
3.63 2.2
3.63 3.0
3.62 2.4
3.52 2.4
4.01 2.4
3.59 2.4
3.99 2.2
3.65 2.3
3.76 2.4
3.87 2.6
3.70 2.6
4.02 2.5
4.25 2.5
4.26 2.4
3.86 2.5
4.02 2.6
4.20 2.5
4.14 2.2
4.07 2.6
4.10 2.4
4.20 2.5
4.20 2.3
4.37 2.3
4.13 2.5
4.12 2.2
4.18 2.7
4.24 2.3
4.04 2.1
4.01 2.4
4.07 2.6
4.28 2.6
4.27 2.3
4.25 2.5
4.02 2.1
4.07 2.6
3.82 2.4
4.20 2.6
3.84 2.4
4.10 2.3
4.38 2.3
4.19 2.4
3.94 2.7
4.15 2.7
4.17 2.4
4.03 2.5
4.16 2.5
4.18 2.4
3.91 2.5
4.07 2.4
3.88 2.7
3.98 2.3
3.98 2.3
3.87 2.3
3.80 2.4
3.74 2.2
3.69 2.3
3.49 2.4
3.64 2.3
3.60 2.8
3.33 2.4
3.42 2.4
3.38 2.3
3.45 2.3
3.32 2.3
3.36 2.2
3.37 2.3
3.27 2.4
3.37 2.3
3.40 2.4
3.18 3.0
3.41 2.3
3.21 2.2
3.35 2.2
3.29 2.2
3.56 2.7
3.27 2.2
3.56 2.3
3.38 2.3
3.42 2.2
3.25 2.2
3.59 2.2
3.31 2.3
3.17 3.2
3.19 2.2
3.42 2.3
3.30 2.2
3.43 2.6
3.60 2.2
3.09 2.2
3.29 2.2
3.58 2.4
3.63 2.2
3.65 2.3
3.82 2.6
3.80 2.2
3.85 2.3
4.13 2.4
4.01 2.4
4.27 2.4
3.82 2.4
3.95 2.2
3.94 2.4
3.93 2.4
4.09 2.4
4.03 2.4
4.40 2.4
4.17 2.3
4.47 2.4
4.24 2.4
4.39 2.4
4.06 2.5
4.12 8.4
4.03 2.4
3.99 2.4
3.85 2.4
4.10 2.2
4.07 2.5
4.31 2.4
4.15 2.6
4.08 2.5
3.96 2.9
3.77 2.3
5.09 2.6
4.23 2.5
4.62 2.5
4.38 2.6
4.42 2.7
4.22 2.6
4.51 2.3
4.37 2.4
4.19 2.4
4.88 2.5
4.33 2.4
4.44 2.4
4.12 2.3
4.40 2.4
4.44 2.6
4.09 2.4
4.28 2.7
4.42 2.4
4.13 2.4
4.41 2.4
4.70 2.4
4.26 2.5
4.03 2.4
4.33 2.4
4.27 2.4
4.21 2.4
4.53 2.2
3.92 2.3
4.15 2.8
3.86 2.3
4.00 2.5
3.82 2.2
3.65 2.2
3.52 2.4
3.54 2.4
3.53 2.4
3.42 2.3
3.48 2.5
3.50 2.3
3.44 2.4
3.30 2.4
3.24 2.4
3.54 2.3
3.39 2.3
3.43 2.3
3.58 4.0
3.52 2.7
3.61 2.5
3.76 2.4
3.47 2.3
3.55 2.4
3.58 2.3
3.11 2.2
3.84 2.2
3.22 2.3
3.72 2.3
3.84 2.2
4.05 2.3
4.24 2.6
4.26 2.3
4.36 2.3
4.08 2.3
4.09 2.6
4.00 2.3
3.88 2.2
3.92 2.4
3.98 2.3
4.11 2.4
4.23 2.2
3.83 2.3
3.50 2.3
3.59 2.1
3.70 2.1
3.44 2.1
3.55 2.0
3.43 2.1
3.46 2.1
4.03 1.9
3.63 2.1
4.07 2.2
4.32 2.4
3.98 2.3
4.30 2.5
4.21 2.4
4.40 2.4
3.99 2.2
4.00 2.4
3.68 2.2
3.79 2.7
3.49 5.9
4.06 2.7
4.18 3.9
3.82 2.6
4.11 2.3
3.63 2.2
3.71 2.6
3.15 2.6
3.85 2.8
3.78 2.5
4.01 2.6
3.48 8.8
3.42 3.0
3.83 3.0
3.49 7.1
3.42 2.3
3.66 2.2
3.87 5.3
3.50 	
3.52 2.4
3.81 2.2
3.47 2.4
3.80 2.7
3.57 3.5
3.61 16.7
3.70 2.6
3.75 2.3
3.49 3.1
3.34 3.0
3.52 2.6
3.66 2.4
3.60 2.2
3.61 2.5
3.71 2.6
3.51 2.8
3.74 2.2
3.52 2.0
3.67 2.4
3.55 2.1
3.55 2.2
3.26 2.3
3.39 2.1
3.36 2.3
3.36 2.1
3.37 2.1
3.51 2.1
3.27 2.1
3.32 2.1
3.47 2.1
3.46 2.2
3.43 2.1
3.43 2.1
3.70 2.0
3.52 2.1
3.40 2.1
3.37 2.4
3.69 2.0
3.43 2.0
3.43 2.1
3.66 2.3
3.85 2.1
3.86 2.2
3.67 2.2
3.77 2.1
3.83 2.2
3.88 2.2
3.90 2.2
3.80 2.1
3.75 2.4
3.68 2.1
3.64 2.2
3.80 4.2
3.57 3.1
3.69 3.4
4.17 2.2
3.72 2.5
3.67 2.2
3.55 2.1
3.69 2.1
3.47 2.0
3.52 2.1
3.44 2.0
3.36 2.2
3.91 2.7
3.50 2.4
3.96 2.2
4.22 2.2
4.20 3.4
3.87 2.5
4.51 2.6
4.31 2.8
5.25 2.7
4.13 3.5
5.53 2.6
4.15 2.9
4.12 2.7
4.14 5.5
3.91 
4.07 12.6
3.66 4.2
3.95 2.7
4.12 2.1
3.87 2.4
3.67 2.2
3.67 2.8
3.72 3.0
3.59 
3.73 6.2
3.74 3.1
3.59 6.5
3.62 2.8
3.64 
3.32 17.1
3.61 4.4
3.68 
3.46 3.5
3.77 3.0
3.66 3.8
3.60 8.7
3.80 2.9
3.71 21.0
3.96 2.1
3.98 3.6
3.69 2.8
4.03 3.1
3.88 2.9
3.92 2.7
3.76 2.1
3.74 2.1
3.75 2.2
3.65 2.0
3.67 1.9
3.66 2.0
3.57 2.2
3.71 2.1
3.29 2.0
3.70 2.2
3.61 2.2
3.58 2.4
3.42 2.2
3.40 2.2
3.47 2.2
3.64 2.2
3.58 2.2
3.62 2.1
3.66 2.2
3.86 2.0
3.47 2.4
4.00 2.2
3.51 2.0
3.42 3.6
3.38 2.2
3.40 2.5
3.29 2.6
3.69 2.3
3.40 2.3
5.73 2.4
3.73 2.2
3.62 2.3
3.69 2.4
3.61 2.6
3.54 2.5
3.70 2.3
3.78 2.3
3.94 2.3
4.01 2.2
4.23 2.2
4.03 2.1
4.32 2.3
3.89 2.0
3.61 1.9
3.54 2.3
3.50 2.4
3.70 2.2
3.58 2.2
3.71 2.8
3.62 2.6
3.82 2.3
3.53 2.0
3.95 2.2
3.84 2.4
4.31 4.0
3.79 2.4
4.14 2.8
4.01 2.4
3.94 2.3
4.28 2.8
3.89 2.6
3.94 2.8
3.80 2.6
4.15 2.7
3.80 7.4
3.81 4.5
3.86 4.0
3.73 3.6
3.80 2.9
3.95 3.0
3.66 2.6
3.68 2.3
3.49 3.1
3.58 2.3
3.82 2.3
3.54 2.2
3.38 2.3
3.47 2.7
3.65 3.6
3.37 2.4
3.27 2.3
3.72 2.4
3.93 3.2
3.58 2.6
3.59 2.6
3.75 2.4
3.63 2.6
3.32 2.5
3.53 2.6
3.30 2.3
3.13 2.2
3.16 2.2
3.37 2.1
3.12 2.2
3.30 2.2
3.32 2.2
3.17 2.4
3.16 2.5
3.42 2.6
3.40 2.7
3.30 2.3
3.52 2.4
3.40 2.4
3.21 2.6
3.19 2.6
3.28 2.7
3.42 2.5
3.27 2.7
3.71 2.5
3.71 3.1
3.41 2.9
3.43 3.2
3.34 3.1
3.42 3.1
3.45 3.0
3.37 2.9
3.48 3.0
3.18 2.8
3.19 2.9
3.17 2.9
3.39 3.1
3.28 3.1
3.61 3.1
3.48 3.2
3.89 3.1
3.38 3.5
3.38 3.4
3.28 3.3
3.41 3.3
3.56 3.7
3.10 3.1
3.48 3.5
3.45 3.7
3.65 4.0
3.83 3.1
3.89 3.5
3.10 2.8
3.54 4.6
3.16 3.0
3.39 3.0
3.69 3.4
3.75 3.2
3.65 3.4
3.75 3.5
3.95 3.5
3.87 3.5
3.70 3.4
3.64 3.8
4.03 3.9
3.98 3.7
4.20 3.6
3.86 4.0
4.07 3.8
4.38 4.2
4.20 4.2
3.97 3.8
6.91 3.9
4.14 3.8
3.96 3.3
3.80 7.4
3.85 3.7
3.83 4.0
3.59 3.4
3.98 4.6
4.46 4.4
3.76 4.4
3.71 3.9
3.62 4.0
3.91 3.8
3.77 5.0
3.67 4.0
3.50 3.5
3.57 4.3
3.61 3.8
3.76 3.4
3.27 9.0
3.29 3.5
3.57 4.2
3.29 5.3
3.28 2.9
3.31 3.6
3.65 5.6
3.35 2.8
3.68 4.3
3.54 3.0
3.60 3.3
3.44 3.2
3.23 4.0
3.47 3.0
3.38 3.7
3.44 3.3
3.50 3.3
3.40 4.3
3.69 3.2
6.21 3.6
3.41 4.0
3.40 4.0
3.33 3.6
3.24 3.8
3.16 3.7
3.19 3.7
3.07 5.4
3.18 4.2
3.21 3.8
3.31 4.1
3.29 3.8
3.50 3.7
3.60 4.3
3.75 4.8
4.07 4.2
4.35 4.4
4.71 4.5
4.84 5.6
4.79 4.4
4.24 4.6
3.82 4.3
3.77 4.2
3.57 4.4
3.43 5.0
3.49 4.5
3.72 4.9
3.63 4.7
3.63 4.8
3.54 4.2
3.46 4.4
3.29 4.1
3.32 4.5
2.94 4.1
3.34 4.0
3.10 4.2
3.33 3.9
3.22 3.9
3.29 3.6
3.21 3.7
3.12 3.6
3.12 3.6
3.15 3.8
3.18 3.6
2.95 3.7
3.11 3.3
3.09 3.4
3.05 3.0
3.07 3.3
3.12 3.2
3.06 3.2
2.86 2.9
2.81 2.8
3.02 3.0
2.86 3.0
2.78 2.8
2.89 3.0
2.90 3.0
2.66 5.2
2.84 2.9
2.71 4.1
2.92 3.2
2.95 2.9
3.09 3.0
2.91 3.0
2.61 4.0
2.83 4.0
2.74 4.3
2.80 2.8
2.58 2.8
2.65 4.1
2.78 2.9
2.70 2.8
2.89 3.3
2.82 3.9
3.08 4.2
2.97 3.2
2.86 3.3
2.71 3.6
2.96 6.7
3.10 3.2
3.11 3.6
2.94 3.4
3.10 3.3
2.85 4.4
2.88 3.1
2.92 3.2
2.79 3.3
2.69 3.3
2.69 3.0
2.56 3.1
2.72 3.7
2.75 3.1
2.60 3.3
2.59 3.5
2.82 3.2
2.76 3.3
2.81 3.4
2.67 3.2
2.47 3.1
2.58 3.4
2.68 3.3
2.61 3.2
2.69 3.4
2.63 3.5
2.75 3.3
2.65 3.0
2.68 3.6
2.70 3.6
2.72 3.5
2.80 3.6
2.71 3.4
2.70 3.5
2.44 3.3
2.75 3.4
2.65 3.5
2.71 3.4
2.99 4.0
2.74 3.3
2.63 3.1
2.66 3.2
2.85 3.3
3.05 3.3
2.85 3.3
2.86 3.4
3.08 3.7
2.99 3.6
3.05 3.5
3.08 3.3
3.77 3.5
3.46 3.2
4.65 3.4
3.45 3.3
3.33 3.3
3.39 3.6
3.49 3.6
3.39 3.7
3.26 3.4
3.30 4.0
3.23 3.5
3.13 5.2
3.16 3.3
3.21 4.0
3.06 3.7
3.13 3.4
3.06 3.5
3.01 3.3
3.20 3.4
3.33 3.5
3.31 3.4
3.37 3.4
3.55 4.1
3.41 4.2
4.82 4.2
3.50 3.7
3.53 4.4
3.49 12.6
3.34 5.8
3.27 4.0
3.23 11.5
3.16 4.1
3.25 4.2
3.07 4.0
3.03 3.3
2.93 3.5