0.00 70
0.00 70
0.00 70
0.00 70
0.00 70
0.00 70
0.00 69
0.00 69
0.00 69
0.00 69
0.00 69
0.00 69
0.00 69
0.00 69
0.00 69
0.00 69
0.00 69
0.00 69
0.00 69
0.00 69
0.00 69
0.00 69
0.00 69
0.00 69
0.00 69
0.00 69
0.00 69
0.00 69
0.00 69
0.00 69
0.00 69
0.00 69
0.00 69
0.00 69
0.00 69
0.00 69
0.00 69
0.00 69
0.00 69
0.00 69
0.00 69
0.00 69
0.00 69
0.00 69
0.00 69
0.00 69
0.00 70
0.00 70
0.00 70
0.00 70
0.00 70
0.00 70
0.00 70
0.00 71
0.00 71
0.00 71
0.00 71
0.00 72
0.00 72
0.00 72
0.00 73
0.00 73
0.00 73
0.00 74
0.00 74
0.00 74
0.00 75
0.00 75
0.00 75
0.00 76
0.00 76
0.00 76
0.00 76
0.00 76
0.00 76
0.00 76
0.00 76
0.00 76
0.00 76
0.00 76
0.00 76
0.00 76
0.00 76
0.00 76
0.00 75
0.00 75
0.00 75
0.00 75
0.00 74
0.00 74
0.00 74
0.00 74
0.00 73
0.00 73
0.00 73
0.00 73
0.00 73
0.00 72
0.00 72
0.00 72
0.00 72
0.00 72
0.00 72
0.00 72
0.00 72
0.00 72
0.00 72
0.00 72
0.00 72
0.00 72
0.00 72
0.00 72
0.00 72
0.00 72
0.00 72
0.00 73
0.00 73
0.00 73
0.00 73
0.00 74
0.00 74
0.00 74
0.00 75
0.00 75
0.00 75
0.00 76
0.00 76
0.00 76
0.00 77
0.00 77
0.00 77
0.00 78
0.00 78
0.00 78
0.00 79
0.00 79
0.00 79
0.00 80
0.00 80
0.00 80
0.00 80
0.00 81
0.00 81
0.00 81
0.00 81
0.00 82
0.00 82
0.00 82
0.00 82
0.00 82
0.00 82
0.00 82
0.00 82
0.00 82
0.00 82
0.00 82
0.00 82
0.00 82
0.00 82
0.00 82
0.00 81
0.00 81
0.00 81
0.00 81
0.00 80
0.00 80
0.00 80
0.00 79
0.00 79
0.00 79
0.00 79
0.00 78
0.00 78
0.00 78
0.00 78
0.00 78
0.00 78
0.00 78
0.00 78
0.00 77
0.00 77
0.08 77
0.07 77
0.16 76
0.01 76
0.00 76
0.00 76
0.00 76
0.00 76
0.00 75
0.00 75
0.00 75
0.00 75
0.00 75
0.00 75
0.00 75
0.01 75
0.00 75
0.00 75
0.00 75
0.00 75
0.00 75
0.00 75
0.00 75
0.00 76
0.00 76
0.00 76
0.00 76
0.00 76
0.00 76
0.00 76
0.00 76
0.00 76
0.00 77
0.00 77
0.00 77
0.00 77
0.00 77
0.00 77
0.00 77
0.00 77
0.00 77
0.00 77
0.00 77
0.00 77
0.02 77
0.03 77
0.07 77
0.10 76
0.06 76
0.05 76
0.06 76
0.03 76
0.02 76
0.02 76
0.03 76
0.01 76
0.01 76
0.01 76
0.02 75
0.00 75
0.00 75
0.00 75
0.00 76
0.00 76
0.00 76
0.00 76
0.00 76
0.00 76
0.00 76
0.00 76
0.00 76
0.00 76
0.00 75
0.00 75
0.00 75
0.00 75
0.00 74
0.00 74
0.00 74
0.00 73
0.00 73
0.00 72
0.00 72
0.00 71
0.00 71
0.00 71
0.00 70
0.00 70
0.14 70
0.13 69
0.09 69
0.02 69
0.03 68
0.01 68
0.03 68
0.01 68
0.00 67
0.00 66
0.00 64
0.00 62
0.00 62
0.00 62
0.00 63
0.00 64
0.00 64
0.00 65
0.00 65
0.00 66
0.00 66
0.00 66
0.00 67
0.00 66
0.00 65
0.00 62
0.00 59
0.00 57
0.00 56
0.00 56
0.00 57
0.00 58
0.01 59
0.00 60
0.00 61
0.00 62
0.00 63
0.00 64
0.00 64
0.00 65
0.00 65
0.00 66
0.00 66
0.00 65
0.00 65
0.00 65
0.00 65
0.00 65
0.00 66
0.00 66
0.00 67
0.00 67
0.00 68
0.00 68
0.00 68
0.00 68
0.00 68
0.00 68
0.00 69
0.00 69
0.00 69
0.00 68
0.00 68
0.00 67
0.00 67
0.00 66
0.00 66
0.00 65
0.00 66
0.00 66
0.00 66
0.00 67
0.00 67
0.00 68
0.00 69
0.00 70
0.00 72
0.00 73
0.00 75
0.00 77
0.00 78
0.00 79
0.00 80
0.00 81
0.00 81
0.00 82
0.00 82
0.00 81
0.00 81
0.00 81
0.00 81
0.00 81
0.00 81
0.00 81
0.00 81
0.00 82
0.00 82
0.00 82
0.00 82
0.00 82
0.00 83
0.00 84
0.00 84
0.00 85
0.00 85
0.00 86
0.00 86
0.00 85
0.00 85
0.00 84
0.00 84
0.00 83
0.00 83
0.00 82
0.00 81
0.00 80
0.00 79
0.00 78
0.00 77
0.00 76
0.00 75
0.00 74
0.00 73
0.00 71
0.00 70
0.00 70
0.00 69
0.00 68
0.00 68
0.00 68
0.00 68
0.00 68
0.00 68
0.00 68
0.00 68
0.00 68
0.00 68
0.00 68
0.00 67
0.00 67
0.00 67
0.00 67
0.00 67
0.00 67
0.00 66
0.00 66
0.00 66
0.00 66
0.00 66
0.00 66
0.00 66
0.00 66
0.00 66
0.00 66
0.00 66
0.00 66
0.00 66
0.00 66
0.00 66
0.00 66
0.00 66
0.00 66
0.00 66
0.00 67
0.00 67
0.00 67
0.00 67
0.00 67
0.00 67
0.00 68
0.00 68
0.00 68
0.00 68
0.00 68
0.00 68
0.00 68
0.00 68
0.00 68
0.00 68
0.00 67
0.00 67
0.00 67
0.00 67
0.00 67
0.00 67
0.00 67
0.00 67
0.00 67
0.00 67
0.00 67
0.00 67
0.00 67
0.00 67
0.00 67
0.00 67
0.00 67
0.00 67
0.00 67
0.00 67
0.00 68
0.00 68
0.00 68
0.00 68
0.00 68
0.00 68
0.00 68
0.00 68
0.00 67
0.00 67
0.00 67
0.00 67
0.00 67
0.00 67
0.00 67
0.00 67
0.00 67
0.00 66
0.00 66
0.00 66
0.00 66
0.00 66
0.00 66
0.00 66
0.00 66
0.00 66
0.00 65
0.00 65
0.00 65
0.00 65
0.00 65
0.00 65
0.00 65
0.00 65
0.00 65
0.00 64
0.00 64
0.00 64
0.00 64
0.00 64
0.00 64
0.00 64
0.00 64
0.00 64
0.00 64
0.00 64
0.00 64
0.00 64
0.00 64
0.00 64
0.00 64
0.00 63
0.00 63
0.00 63
0.00 63
0.00 63
0.00 63
0.00 63
0.00 63
0.00 63
0.00 63
0.00 63
0.00 64
0.00 64
0.00 64
0.00 64
0.00 64
0.00 64
0.00 64
0.00 64
0.00 65
0.00 65
0.00 65
0.00 66
0.00 66
0.00 66
0.00 66
0.00 67
0.00 67
0.00 67
0.00 68
0.00 68
0.00 68
0.00 68
0.00 69
0.00 69
0.00 69
0.00 69
0.00 69
0.00 69
0.00 70
0.00 70
0.00 70
0.00 70
0.00 70
0.00 70
0.00 70
0.00 70
0.00 71
0.00 71
0.00 71
0.00 71
0.00 71
0.00 71
0.00 71
0.00 71
0.00 72
0.00 72
0.00 72
0.00 72
0.00 72
0.00 72
0.00 72
0.00 72
0.00 73
0.01 73
0.02 73
0.03 73
0.01 72
0.02 72
0.04 72
0.03 72
0.03 72
0.02 72
0.02 72
0.01 72
0.00 71
0.01 71
0.02 71
0.01 71
0.00 71
0.00 70
0.00 70
0.00 70
0.00 70
0.00 70
0.00 69
0.00 69
0.00 69
0.00 69
0.00 69
0.00 69
0.00 69
0.00 68
0.00 68
0.00 68
0.00 68
0.00 68
0.00 67
0.00 67
0.00 67
0.00 67
0.00 67
0.00 67
0.00 67
0.00 66
0.00 66
0.01 66
0.00 66
0.00 66
0.00 66
0.00 66
0.00 66
0.00 66
0.00 66
0.00 66
0.00 66
0.00 66
0.00 65
0.00 65
0.00 65
0.00 65
0.00 65
0.00 65
0.00 65
0.00 65
0.00 65
0.00 65
0.00 65
0.00 65
0.00 65
0.00 65
0.00 65
0.00 65
0.00 66
0.00 66
0.00 66
0.00 66
0.00 66
0.00 66
0.00 66
0.00 66
0.00 67
0.00 67
0.00 67
0.00 67
0.00 67
0.00 68
0.00 68
0.00 68
0.00 68
0.00 69
0.00 69
0.00 69
0.00 70
0.00 70
0.00 70
0.00 71
0.00 71
0.00 71
0.00 72
0.00 72
0.00 72
0.00 73
0.00 73
0.00 73
0.00 73
0.00 73
0.00 74
0.00 74
0.00 74
0.00 74
0.00 74
0.00 74
0.00 74
0.00 74
0.00 74
0.00 74
0.00 74
0.00 74
0.00 74
0.00 73
0.00 73
0.00 73
0.00 72
0.00 72
0.00 72
0.00 72
0.00 71
0.00 71
0.00 71
0.00 70
0.00 70
0.00 70
0.00 70
0.00 70
0.00 70
0.00 70
0.00 69
0.00 69
0.00 70
0.00 70
0.00 70
0.00 70
0.00 71
0.00 71
0.00 71
0.00 72
0.00 72
0.00 73
0.00 74
0.00 74
0.00 74
0.00 75
0.00 75
0.00 75
0.00 76
0.00 76
0.00 76
0.00 76
0.00 76
0.00 76
0.00 76
0.00 76
0.00 77
0.00 77
0.00 77
0.00 77
0.00 77
0.00 77
0.00 78
0.00 78
0.00 78
0.00 78
0.00 79
0.00 79
0.00 79
0.00 79
0.00 79
0.00 79
0.00 79
0.00 79
0.00 79
0.00 79
0.00 79
0.00 79
0.00 80
0.00 80
0.00 80
0.00 80
0.00 80
0.00 81
0.00 81
0.00 81
0.00 81
0.00 81
0.00 81
0.00 81
0.00 81
0.00 81
0.00 81
0.00 81
0.00 81
0.00 81
0.00 80
0.00 80
0.00 80
0.00 79
0.00 79
0.00 78
0.00 78
0.00 78
0.00 77
0.00 77
0.00 76
0.00 76
0.00 75
0.00 75
0.00 75
0.00 74
0.00 74
0.00 74
0.00 73
0.00 73
0.00 73
0.00 73
0.00 72
0.00 72
0.00 72
0.00 72
0.00 71
0.00 71
0.00 71
0.00 70
0.00 70
0.00 70
0.00 70
0.00 70
0.00 70
0.00 69
0.00 69
0.00 69
0.00 69
0.00 69
0.00 69
0.00 69
0.00 69
0.00 69
0.00 69
0.00 69
0.00 69
0.00 69
0.00 69
0.00 69
0.00 69
0.00 70
0.00 70
0.00 70
0.00 70
0.00 70
0.00 70
0.00 70
0.00 70
0.00 71
0.00 71
0.00 71
0.00 72
0.00 72
0.00 72
0.00 72
0.00 73
0.00 73
0.00 73
0.00 73
0.00 74
0.00 74
0.00 74
0.00 74
0.00 74
0.00 74
0.00 74
0.00 75
0.00 75
0.00 75
0.00 75
0.00 75
0.00 75
0.00 75
0.00 75
0.00 75
0.00 76
0.00 76
0.01 76
0.02 76
0.01 76
0.01 76
0.01 76
0.08 76
0.00 76
0.01 76
0.01 76
0.00 76
0.01 75
0.00 75
0.00 75
0.00 75
0.00 75
0.00 75
0.00 75
0.01 75
0.00 75
0.01 75
0.03 75
0.07 74
0.01 74
0.01 74
0.01 74
0.03 73
0.04 73
0.00 73
0.00 73
0.00 72
0.00 72
0.00 72
0.01 72
0.00 72
0.00 71
0.00 71
0.00 71
0.00 71
0.02 71
0.00 71
0.00 70
0.00 70
0.00 70
0.00 70
0.00 70
0.00 70
0.00 69
0.00 69
0.00 69
0.00 69
0.00 69
0.00 69
0.00 69
0.00 69
0.00 69
0.00 68
0.00 68
0.06 68
0.03 68
0.02 68
0.02 68
0.03 68
0.05 68
0.03 68
0.00 68
0.01 68
0.00 68
0.01 68
0.00 68
0.04 68
0.06 68
0.03 67
0.03 67
0.05 67
0.00 67
0.01 68
0.00 68
0.00 68
0.00 68
0.00 68
0.00 68
0.02 69
0.00 69
0.00 69
0.00 69
0.00 70
0.00 70
0.00 70
0.00 70
0.00 70
0.00 71
0.00 71
0.00 71
0.00 71
0.00 71
0.00 72
0.01 72
0.00 72
0.00 72
0.00 72
0.00 72
0.00 72
0.00 72
0.00 72
0.00 72
0.00 72
0.00 72
0.00 72
0.00 72
0.05 72
0.00 72
0.00 72
0.00 72
0.00 72
0.00 72
0.00 72
0.00 72
0.00 72
0.00 72
0.00 73
0.00 73
0.00 73
0.00 73
0.00 73
0.00 73
0.00 73
0.00 73
0.00 73
0.00 73
0.00 73
0.00 73
0.00 73
0.00 72
0.00 72
0.00 72
0.00 72
0.00 72
0.00 72
0.00 72
0.00 72
0.00 71
0.03 71
0.05 71
0.01 71
0.03 71
0.04 70
0.00 70
0.01 70
0.01 70
0.01 70
0.01 70
0.01 70
0.01 71
0.02 71
0.05 71
0.05 72
0.04 72
0.01 73
0.00 73
0.01 74
0.00 75
0.00 75
0.00 76
0.00 76
0.00 77
0.00 77
0.00 78
0.00 78
0.00 78
0.00 78
0.00 78
0.00 78
0.00 78
0.00 79
0.00 79
0.00 79
0.01 80
0.00 80
0.00 80
0.00 80
0.00 81
0.00 81
0.00 81
0.00 81
0.01 81
0.00 81
0.00 81
0.00 81
0.01 81
0.03 81
0.01 81
0.00 81
0.03 81
0.00 81
0.00 81
0.00 81
0.00 80
0.00 80
0.00 79
0.00 78
0.00 78
0.00 77
0.00 76
0.01 76
0.00 75
0.06 74
0.02 73
0.01 72
0.00 71
0.00 71
0.00 70
0.00 70
0.00 69
0.00 68
0.00 68
0.00 67
0.00 67
0.00 67
0.00 67
0.00 67
0.00 67
0.00 67
0.00 68
0.00 68
0.00 68
0.00 69
0.00 69
0.00 69
0.02 69
0.19 69
0.00 69
0.00 69
0.00 70
0.00 70
0.00 70
0.00 71
0.00 72
0.00 72
0.03 73
0.03 73
0.01 74
0.00 75
0.00 76
0.00 77
0.00 78
0.00 78
0.00 78
0.00 78
0.00 78
0.00 77
0.00 77
0.00 76
0.00 75
0.00 74
0.00 73
0.00 72
0.00 71
0.00 71
0.00 70
0.00 69
0.00 66
0.00 64
0.00 63
0.00 62
0.00 61
0.00 61
0.00 60
0.00 60
0.00 60
0.00 60
0.00 59
0.00 59
0.00 59
0.00 59
0.00 59
0.00 59
0.00 59
0.00 59
0.00 59
0.00 59
0.00 59
0.00 59
0.00 59
0.00 58
0.00 58
0.00 57
0.00 57
0.00 57
0.00 56
0.00 56
0.00 56
0.00 56
0.00 56
0.00 57
0.00 57
0.00 57
0.00 57
0.00 58
0.00 58
0.00 58
0.00 58
0.00 58
0.00 58
0.00 59
0.00 59
0.00 60
0.00 61
0.00 62
0.00 63
0.00 64
0.00 64
0.00 65
0.00 66
0.00 67
0.00 68
0.00 68
0.00 68
0.00 67
0.00 66
0.00 66
0.00 65
0.00 64
0.00 64
0.00 63
0.00 63
0.00 62
0.00 62
0.00 62
0.00 62
0.00 61
0.00 61
0.00 61
0.01 60
0.00 60
0.00 60
0.00 60
0.00 60
0.00 59
0.00 59
0.00 59
0.00 59
0.00 59
0.00 59
0.00 59
0.00 59
0.00 59
0.00 59
0.00 59
0.00 59
0.00 59
0.00 59
0.00 59
0.00 59
0.00 59
0.00 59
0.00 59
0.00 59
0.00 59
0.00 59
0.00 59
0.00 59
0.00 59
0.00 59
0.00 59
0.00 58
0.00 58
0.00 58
0.00 58
0.00 59
0.00 59
0.00 59
0.00 59
0.00 59
0.00 59
0.00 59
0.00 59
0.00 59
0.00 59
0.00 59
0.00 59
0.00 59
0.00 59
0.00 59
0.00 59
0.00 59
0.00 60
0.00 60
0.00 60
0.00 60
0.00 60
0.00 60
0.00 60
0.00 61
0.00 61
0.00 61
0.00 61
0.00 61
0.00 61
0.00 62
0.00 62
0.00 62
0.00 62
0.00 62
0.00 62
0.00 62
0.00 62
0.00 62
0.00 63
0.00 63
0.00 63
0.00 63
0.00 63
0.00 63
0.00 63
0.00 63
0.00 63
0.00 63
0.00 63
0.00 64
0.00 64
0.00 64
0.00 64
0.00 64
0.00 65
0.00 65
0.00 65
0.00 65
0.00 65
0.00 65
0.00 65
0.00 66
0.00 66
0.00 66
0.00 66
0.00 66
0.00 66
0.00 66
0.00 66
0.00 66
0.00 66
0.00 66
0.00 66
0.00 65
0.00 65
0.00 65
0.00 65
0.00 65
0.00 65
0.00 64
0.00 64
0.00 64
0.00 64
0.00 64
0.00 63
0.00 63
0.00 63
0.00 63
0.00 63
0.00 63
0.00 63
0.00 63
0.00 63
0.00 63
0.00 63
0.00 63
0.00 63
0.00 63
0.00 63
0.00 63
0.00 63
0.00 63
0.00 63
0.00 63
0.00 63
0.00 63
0.00 63
0.00 63
0.00 62
0.00 62
0.00 62
0.00 62
0.00 62
0.00 62
0.00 62
0.00 62
0.00 62
0.00 62
0.00 62
0.00 62
0.00 62
0.00 62
0.00 62
0.00 62
0.00 62
0.00 62
0.00 62
0.00 62
0.00 62
0.00 62
0.00 62
0.00 62
0.00 62
0.00 62
0.00 62
0.00 62
0.00 62
0.00 63
0.00 63
0.00 63
0.00 63
0.00 63
0.00 64
0.00 64
0.00 64
0.00 64
0.00 65
0.00 65
0.00 65
0.00 65
0.00 65
0.00 66
0.00 66
0.00 66
0.00 66
0.00 66
0.00 67
0.00 67
0.00 67
0.00 67
0.00 68
0.00 68
0.00 68
0.00 68
0.00 68
0.00 68
0.00 69
0.00 69
0.00 69
0.00 69
0.00 69
0.00 69
0.00 69
0.00 69
0.00 69
0.00 69
0.00 69
0.00 70
0.00 70
0.00 70
0.00 70
0.00 70
0.00 70
0.00 70
0.00 71
0.00 71
0.00 71
0.00 71
0.00 71
0.00 71
0.00 71
0.00 71
0.00 71
0.00 71
0.00 71
0.00 71
0.00 71
0.00 70
0.00 70
0.00 70
0.00 69
0.00 69
0.00 69
0.00 69
0.00 68
0.00 68
0.00 68
0.00 68
0.00 67
0.00 67
0.00 67
0.00 67
0.00 67
0.00 66
0.00 66
0.00 66
0.00 66
0.00 66
0.00 66
0.00 66
0.00 65
0.00 65
0.00 65
0.00 65
0.00 65
0.00 65
0.00 65
0.00 65
0.00 65
0.00 65
0.00 65
0.00 65
0.00 65
0.00 65
0.00 65
0.00 65
0.00 65
0.00 65
0.00 65
0.00 65
0.00 65
0.00 65
0.00 65
0.00 65
0.00 65
0.00 65
0.00 65
0.00 65
0.00 65
0.00 65
0.00 65
0.00 65
0.00 66
0.00 66
0.00 66
0.00 66
0.00 66
0.00 66
0.00 67
0.00 67
0.00 67
0.00 67
0.00 67
0.00 68
0.00 68
0.00 68
0.00 68
0.00 68
0.00 68
0.00 68
0.00 68
0.00 69
0.00 69
0.00 69
0.00 69
0.00 70
0.00 70
0.00 70
0.00 70
0.00 70
0.00 71
0.00 71
0.00 71
0.00 71
0.00 72
0.00 72
0.00 72
0.00 72
0.00 72
0.00 72
0.00 73
0.00 73
0.00 73
0.00 73
0.00 73
0.00 73
0.00 73
0.00 73
0.00 74
0.00 74
0.00 74
0.00 74
0.00 74
0.00 74
0.00 74
0.00 74
0.00 74
0.00 74
0.00 74
0.00 74
0.00 74
0.00 74
0.00 74
0.00 74
0.00 73
0.00 73
0.00 73
0.00 73
0.05 73
0.01 72
0.00 72
0.01 72
0.05 72
0.01 71
0.00 71
0.00 71
0.01 71
0.00 71
0.00 70
0.00 70
0.00 70
0.00 70
0.00 70
0.00 70
0.00 70
0.00 69
0.00 69
0.00 69
0.00 69
0.00 69
0.00 69
0.00 69
0.00 69
0.00 69
0.00 69
0.00 69
0.00 69
0.00 69
0.00 69
0.00 69
0.00 69
0.00 69
0.00 69
0.00 69
0.00 69
0.00 69
0.00 69
0.00 69
0.00 69
0.00 69
0.00 69
0.00 69
0.00 69
0.00 69
0.00 69
0.00 69
0.00 69
0.00 69
0.00 69
0.00 69
0.00 69
0.00 70
0.00 70
0.00 70
0.00 70
0.00 70
0.00 71
0.00 71
0.00 71
0.00 71
0.00 71
0.00 72
0.00 72
0.00 72
0.00 72
0.00 72
0.00 72
0.00 73
0.00 73
0.00 73
0.00 73
0.00 73
0.00 73
0.00 74
0.00 74
0.00 74
0.00 74
0.00 75
0.00 75
0.00 75
0.00 75
0.00 76
0.00 76
0.00 76
0.00 76
0.00 76
0.00 76
0.00 76
0.00 76
0.00 77
0.00 77
0.00 77
0.00 77
0.00 77
0.00 77
0.00 77
0.02 77
0.03 77
0.03 77
0.08 77
0.15 76
0.04 76
0.03 76
0.00 76
0.00 76
0.00 76
0.00 76
0.00 75
0.00 75
0.00 75
0.00 74
0.00 74
0.00 74
0.00 74
0.00 73
0.00 72
0.00 72
0.00 72
0.00 72
0.00 72
0.00 72
0.02 72
0.00 72
0.00 72
0.01 72
0.15 71
0.11 71
0.01 71
0.00 70
0.00 70
0.00 70
0.00 70
0.00 68
0.00 66
0.00 65
0.00 65
0.00 64
0.00 64
0.00 64
0.00 65
0.00 65
0.00 66
0.00 67
0.00 67
0.00 68
0.00 68
0.00 69
0.00 69
0.00 69
0.00 69
0.00 69
0.00 68
0.00 68
0.00 67
0.00 66
0.00 65
0.00 64
0.00 64
0.00 63
0.00 63
0.00 63
0.00 64
0.00 64
0.00 64
0.00 65
0.00 65
0.00 65
0.00 65
0.00 65
0.00 66
0.00 66
0.00 66
0.00 66
0.00 66
0.00 66
0.00 66
0.00 66
0.00 66
0.00 66
0.00 66
0.00 66
0.00 66
0.00 66
0.00 66
0.00 66
0.00 66
0.00 66
0.00 66
0.00 66
0.00 66
0.00 66
0.00 66
0.00 66
0.00 67
0.00 67
0.00 67
0.00 67
0.00 67
0.00 66
0.00 66
0.00 66
0.00 65
0.00 65
0.00 65
0.00 65
0.00 65
0.00 65
0.00 65
0.00 65
0.00 65
0.00 65
0.00 65
0.00 65
0.00 65
0.00 65
0.00 65
0.00 65
0.00 66
0.00 66
0.00 66
0.00 66
0.00 66
0.00 66
0.00 66
0.00 66
0.00 66
0.00 66
0.00 66
0.00 67
0.00 67
0.00 67
0.00 67
0.00 67
0.00 68
0.00 68
0.00 68
0.00 68
0.00 68
0.00 68
0.00 68
0.00 68
0.00 68
0.00 69
0.00 69
0.00 69
0.00 69
0.00 69
0.00 69
0.00 69
0.00 69
0.00 69
0.00 69
0.00 69
0.00 70
0.00 70
0.00 70
0.00 70
0.00 70
0.00 71
0.00 71
0.00 71
0.00 71
0.00 71
0.00 71
0.00 71
0.00 71
0.00 71
0.00 71
0.00 71
0.00 70
0.00 70
0.00 70
0.00 70
0.00 69
0.00 69
0.00 69
0.00 69
0.00 69
0.00 69
0.00 68
0.00 68
0.00 68
0.00 68
0.00 68
0.00 68
0.00 68
0.00 68
0.00 68
0.00 68
0.00 68
0.00 68
0.00 68
0.00 68
0.00 68
0.00 68
0.00 68
0.00 68
0.00 68
0.00 68
0.00 68
0.00 68
0.00 68
0.00 68
0.00 68
0.00 68
0.00 68
0.00 68
0.00 68
0.00 68
0.00 68
0.00 68
0.00 68
0.00 68
0.00 68
0.00 68
0.00 68
0.00 68
0.00 68
0.00 68
0.00 68
0.00 68
0.00 68
0.00 68
0.00 68
0.00 67
0.00 68
0.00 68
0.00 68
0.00 68
0.00 68
0.00 68
0.00 68
0.00 68
0.00 68
0.00 68
0.00 68
0.00 68
0.00 68
0.00 69
0.00 69
0.00 69
0.00 69
0.00 69
0.00 69
0.00 70
0.00 70
0.00 70
0.00 70
0.00 70
0.00 70
0.00 70
0.00 71
0.00 71
0.00 71
0.00 71
0.00 71
0.00 71
0.00 71
0.00 71
0.00 72
0.04 72
0.20 71
0.31 71
0.00 71
0.00 71
0.00 71
0.00 71
0.00 71
0.00 71
0.00 71
0.00 71
0.00 71
0.00 71
0.00 71
0.00 72
0.00 72
0.00 72
0.00 72
0.00 71
0.00 71
0.00 71
0.00 69
0.00 66
0.00 60
0.00 53
0.00 48
0.00 45
0.00 44
0.00 45
0.00 47
0.00 49
0.00 52
0.00 54
0.00 55
0.00 57
0.00 58
0.00 59
0.00 60
0.00 60
0.00 61
0.00 59
0.00 62
0.00 62
0.00 62
0.00 62
0.00 63
0.00 64
0.00 65
0.00 66
0.00 67
0.00 68
0.00 68
0.00 67
0.00 66
0.00 66
0.00 66
0.00 68
0.00 70
0.00 73
0.00 74
0.00 74
0.00 72
0.00 72
0.00 73
0.00 73
0.00 73
0.00 71
0.00 70
0.00 68
0.00 65
0.00 63
0.00 60
0.00 58
0.00 56
0.00 55
0.00 55
0.00 55
0.00 55
0.00 55
0.00 55
0.00 56
0.00 56
0.00 56
0.00 57
0.00 57
0.00 58
0.00 58
0.00 58
0.00 57
0.00 57
0.00 57
0.00 56
0.00 55
0.00 55
0.00 54
0.00 54
0.00 54
0.00 53
0.00 53
0.00 53
0.00 53
0.00 53
0.00 53
0.00 53
0.00 53
0.00 53
0.00 53
0.00 53
0.00 53
0.00 53
0.00 53
0.00 52
0.00 52
0.00 52
0.00 52
0.00 52
0.00 52
0.00 52
0.00 51
0.00 51
0.00 51
0.00 51
0.00 51
0.00 51
0.00 51
0.00 51
0.00 51
0.00 51
0.00 52
0.00 52
0.00 52
0.00 52
0.00 52
0.00 52
0.00 52
0.00 52
0.00 52
0.00 52
0.00 53
0.00 53
0.00 53
0.00 53
0.00 53
0.00 53
0.00 53
0.00 54
0.00 54
0.00 54
0.00 54
0.00 54
0.00 54
0.00 54
0.00 54
0.00 54
0.00 55
0.00 55
0.00 55
0.00 55
0.00 55
0.00 55
0.00 55
0.00 55
0.00 55
0.00 55
0.00 56
0.00 56
0.00 56
0.00 56
0.00 56
0.00 56
0.00 56
0.00 56
0.00 56
0.00 56
0.00 56
0.00 56
0.00 56
0.00 56
0.00 57
0.00 57
0.00 57
0.00 57
0.00 57
0.00 57
0.00 57
0.00 57
0.00 57
0.00 57
0.00 57
0.00 57
0.00 57
0.00 57
0.00 58
0.00 58
0.00 58
0.00 58
0.00 58
0.00 58
0.00 58
0.00 58
0.00 58
0.00 58
0.00 59
0.00 59
0.00 59
0.00 59
0.00 59
0.00 59
0.00 59
0.00 59
0.00 59
0.00 59
0.00 59
0.00 59
0.00 59
0.00 59
0.00 60
0.00 60
0.00 60
0.00 60
0.00 61
0.00 61
0.00 61
0.00 61
0.00 62
0.00 62
0.00 62
0.00 62
0.00 63
0.00 63
0.00 63
0.00 63
0.00 64
0.00 64
0.00 64
0.00 64
0.00 64
0.00 64
0.00 65
0.00 65
0.00 65
0.00 65
0.00 65
0.00 66
0.00 66
0.00 66
0.00 66
0.00 66
0.00 67
0.00 67
0.00 67
0.00 67
0.00 67
0.00 68
0.00 68
0.00 68
0.00 68
0.00 68
0.00 68
0.00 69
0.00 69
0.00 69
0.00 69
0.00 69
0.00 69
0.00 69
0.00 69
0.00 69
0.00 69
0.00 69
0.00 69
0.00 69
0.00 69
0.00 69
0.00 69
0.00 69
0.00 69
0.00 69
0.00 69
0.00 69
0.00 68
0.00 68
0.00 68
0.00 68
0.00 68
0.00 68
0.00 67
0.00 67
0.00 67
0.00 67
0.00 67
0.00 67
0.00 66
0.00 66
0.00 66
0.00 66
0.00 66
0.00 66
0.00 66
0.00 66
0.00 66
0.00 66
0.00 66
0.00 66
0.00 65
0.00 65
0.00 65
0.00 65
0.00 65
0.00 65
0.00 65
0.00 65
0.00 65
0.00 65
0.00 65
0.00 65
0.00 65
0.00 65
0.00 65
0.00 65
0.00 65
0.00 65
0.00 64
0.00 64
0.00 64
0.00 64
0.00 65
0.00 65
0.00 65
0.00 65
0.00 65
0.00 65
0.00 65
0.00 65
0.00 65
0.00 65
0.00 65
0.00 65
0.00 65
0.00 65
0.00 65
0.00 65
0.00 65
0.00 65
0.00 66
0.00 66
0.00 66
0.00 66
0.00 66
0.00 66
0.00 66
0.00 66
0.00 66
0.00 66
0.00 66
0.00 66
0.00 66
0.00 66
0.00 67
0.00 67
0.00 67
0.00 67
0.00 67
0.00 67
0.00 67
0.00 68
0.00 68
0.00 68
0.00 68
0.00 68
0.00 69
0.00 69
0.00 69
0.00 69
0.00 70
0.00 70
0.00 70
0.00 70
0.00 71
0.00 71
0.00 71
0.01 71
0.00 71
0.00 72
0.00 72
0.00 72
0.00 72
0.00 72
0.00 72
0.00 72
0.00 72
0.00 72
0.00 73
0.00 73
0.00 73
0.00 73
0.00 73
0.00 73
0.00 73
0.00 73
0.00 73
0.00 72
0.00 72
0.00 72
0.00 72
0.00 72
0.00 72
0.00 71
0.00 71
0.00 71
0.00 71
0.00 70
0.00 70
0.00 70
0.00 70
0.00 69
0.00 69
0.00 69
0.00 69
0.00 69
0.00 68
0.00 68
0.00 68
0.00 68
0.00 68
0.00 68
0.00 68
0.00 68
0.00 68
0.00 68
0.00 68
0.00 68
0.00 68
0.00 68
0.00 68
0.00 68
0.00 68
0.00 68
0.00 68
0.00 68
0.00 68
0.00 68
0.00 68
0.00 68
0.00 68
0.00 68
0.00 68
0.00 68
0.00 68
0.00 68
0.00 68
0.00 68
0.00 68
0.00 68
0.00 67
0.00 67
0.00 67
0.00 67
0.00 67
0.00 67
0.00 67
0.00 67
0.00 67
0.36 67
0.31 66
0.01 66
0.16 65
0.83 63
0.51 63
0.00 44
0.00 44
0.00 44
0.00 44
0.00 44
0.00 45
0.00 45
0.00 45
0.00 45
0.00 45
0.00 45
0.00 45
0.00 45
0.00 45
0.23 45
0.73 45
0.08 45
0.02 45
0.00 44
0.02 43
0.05 42
0.06 42
0.05 43
0.00 43
0.00 43
0.00 43
0.00 42
0.00 41
0.00 41
0.00 40
0.00 40
0.00 40
0.00 40
0.00 40
0.00 39
0.00 39
0.00 39
0.00 39
0.00 39
0.00 40
0.00 40
0.00 40
0.00 40
0.00 41
0.00 41
0.00 41
0.00 41
0.00 42
0.00 42
0.00 42
0.00 42
0.00 42
0.00 43
0.00 43
0.00 43
0.00 43
0.00 43
0.00 43
0.00 43
0.00 43
0.00 43
0.00 43
0.00 43
0.00 44
0.00 44
0.00 44
0.00 44
0.10 44
0.02 44
0.00 44
0.00 44
0.01 44
0.00 45
0.00 45
0.00 45
0.00 46
0.00 46
0.00 47
0.00 47
0.00 48
0.00 48
0.00 49
0.00 49
0.00 49
0.00 49
0.00 49
0.00 49
0.01 48
0.00 48
0.00 48
0.00 48
0.00 48
0.00 48
0.00 48
0.00 48
0.00 48
0.00 48
0.00 48
0.00 48
0.00 48
0.00 48
0.00 48
0.00 48
0.00 48
0.00 48
0.00 48
0.00 48
0.00 48
0.00 48
0.00 48
0.00 48
0.00 48
0.00 48
0.00 48
0.00 48
0.00 48
0.00 48
0.00 48
0.00 48
0.00 48
0.00 48
0.00 48
0.00 48
0.00 48
0.00 48
0.00 48
0.00 48
0.00 48
0.00 48
0.00 48
0.00 48
0.00 48
0.00 48
0.00 48
0.00 48
0.00 48
0.00 48
0.00 48
0.00 49
0.00 49
0.00 49
0.00 49
0.00 49
0.00 49
0.00 49
0.00 49
0.00 49
0.00 49
0.00 49
0.00 49
0.00 49
0.00 49
0.00 49
0.00 49
0.00 49
0.00 49
0.00 49
0.00 49
0.00 49
0.00 49
0.00 49
0.00 49
0.00 50
0.00 50
0.00 50
0.00 50
0.00 50
0.00 50
0.00 50
0.00 50
0.00 50
0.00 51
0.00 51
0.00 51
0.03 51
0.01 51
0.01 51
0.00 51
0.01 51
0.01 51
0.00 52
0.00 52
0.00 52
0.00 52
0.00 52
0.01 52
0.00 52
0.00 52
0.00 52
0.00 53
0.00 53
0.01 53
0.01 53
0.00 53
0.03 53
0.03 53
0.03 53
0.03 53
0.02 53
0.01 53
0.02 53
0.03 53
0.03 54
0.06 54
0.03 54
0.01 54
0.01 54
0.01 54
0.01 54
0.01 54
0.02 54
0.00 54
0.00 54
0.00 54
0.00 54
0.00 54
0.00 54
0.00 54
0.00 54
0.00 54
0.00 54
0.00 54
0.00 54
0.00 54
0.00 54
0.00 54
0.00 54
0.02 54
0.04 54
0.04 53
0.01 53
0.01 53
0.01 53
0.00 53
0.00 53
0.00 53
0.00 53
0.00 53
0.00 53
0.00 53
0.00 53
0.00 53
0.00 53
0.00 53
0.00 53
0.00 53
0.00 53
0.00 53
0.00 53
0.00 53
0.00 53
0.00 53
0.00 53
0.00 53
0.00 53
0.00 54
0.00 54
0.00 54
0.00 54
0.00 54
0.00 54
0.01 54
0.00 54
0.00 54
0.00 54
0.00 54
0.00 54
0.00 55
0.00 55
0.00 55
0.00 55
0.00 55
0.00 56
0.00 56
0.00 56
0.00 57
0.00 58
0.00 58
0.00 59
0.00 60
0.00 60
0.00 60
0.00 61
0.00 61
0.00 61
0.00 60
0.00 60
0.00 60
0.00 60
0.00 60
0.00 59
0.00 59
0.00 59
0.00 59
0.00 59
0.00 59
0.00 59
0.02 59
0.02 59
0.00 59
0.00 59
0.00 59
0.00 59
0.00 59
0.00 59
0.00 59
0.00 59
0.00 59
0.00 59
0.00 59
0.00 59
0.00 59
0.00 59
0.00 59
0.00 59
0.00 58
0.00 58
0.00 58
0.00 58
0.00 58
0.00 58
0.00 58
0.00 58
0.00 58
0.00 58
0.00 58
0.00 58
0.00 58
0.00 57
0.00 57
0.00 57
0.00 57
0.00 57
0.00 57
0.00 56
0.00 56
0.00 56
0.00 56
0.00 56
0.00 56
0.00 56
0.00 56
0.00 56
0.00 56
0.00 55
0.00 55
0.00 55
0.00 55
0.00 55
0.00 55
0.00 55
0.00 55
0.00 55
0.00 55
0.00 55
0.00 55
0.00 55
0.00 55
0.00 55
0.00 55
0.00 55
0.00 55
0.00 55
0.00 55
0.00 55
0.00 55
0.00 55
0.00 55
0.00 56
0.00 56
0.00 56
0.00 56
0.00 56
0.00 56
0.00 56
0.00 56
0.00 56
0.00 57
0.00 57
0.00 57
0.00 57
0.00 57
0.00 57
0.00 57
0.00 58
0.00 58
0.00 58
0.00 58
0.00 58
0.00 58
0.00 58
0.00 58
0.00 58
0.00 59
0.00 59
0.00 59
0.00 59
0.00 59
0.00 59
0.00 59
0.00 59
0.00 59
0.00 59
0.00 59
0.00 59
0.00 59
0.00 59
0.00 59
0.00 60
0.00 60
0.00 60
0.00 60
0.00 60
0.00 60
0.00 60
0.00 60
0.00 60
0.00 60
0.00 60
0.00 61
0.00 61
0.00 61
0.00 61
0.00 61
0.00 61
0.00 61
0.00 61
0.00 61
0.00 61
0.00 61
0.00 61
0.00 61
0.00 61
0.00 61
0.00 61
0.00 60
0.00 60