26.8 5.9
26.8 6.0
26.8 5.9
26.8 6.0
26.8 6.0
26.8 6.1
26.8 6.1
26.8 6.2
26.8 6.2
26.8 6.2
26.8 6.2
26.8 6.1
26.8 6.3
26.8 6.2
26.8 6.3
26.8 6.3
26.8 6.3
26.8 6.3
26.8 6.3
26.8 6.3
26.8 6.4
26.8 6.4
26.8 6.4
26.8 6.4
26.8 6.4
26.8 6.3
26.7 6.3
26.7 6.3
26.8 6.2
26.8 6.2
26.8 6.1
26.8 6.0
26.8 6.0
26.8 6.0
26.7 6.0
26.7 6.2
26.7 6.2
26.7 6.2
26.8 6.2
26.8 6.2
26.9 6.3
26.9 6.2
26.9 6.1
26.9 5.9
26.9 6.2
26.9 6.2
26.9 6.1
26.9 6.1
26.9 6.1
27.0 5.9
27.0 5.9
27.0 5.8
27.0 5.8
27.0 5.6
27.0 5.6
27.0 5.6
27.0 5.7
27.0 5.6
27.0 5.6
27.0 5.6
27.0 5.6
26.9 5.6
26.9 5.5
26.9 5.6
26.8 5.6
26.8 5.6
26.8 5.7
26.8 5.6
26.9 5.5
26.8 5.5
26.8 5.5
26.8 5.6
26.8 5.6
26.8 5.6
26.9 5.7
27.0 5.9
27.1 6.1
27.0 6.1
26.9 5.6
26.8 5.4
26.7 5.3
26.7 5.3
26.7 5.2
26.7 5.3
26.7 5.4
26.8 6.0
26.8 6.1
26.8 6.0
26.8 6.0
26.8 5.9
26.8 5.8
26.7 5.8
26.7 5.8
26.7 5.8
26.7 5.8
26.7 5.9
26.7 5.8
26.7 5.9
26.6 5.8
26.6 5.9
26.6 5.9
26.6 6.0
26.6 6.0
26.6 6.0
26.6 6.0
26.6 6.1
26.6 6.2
26.6 6.2
26.6 6.2
26.6 6.2
26.5 6.2
26.5 6.3
26.5 6.3
26.5 6.4
26.5 6.4
26.5 6.4
26.5 6.4
26.5 6.3
26.5 6.4
26.5 6.4
26.5 6.4
26.5 6.4
26.5 6.4
26.5 6.4
26.5 6.3
26.5 6.3
26.5 6.2
26.5 6.1
26.6 6.0
26.6 6.0
26.6 6.1
26.6 6.1
26.6 6.0
26.6 5.9
26.7 6.0
26.8 6.0
26.8 6.0
26.8 6.0
26.8 5.8
26.8 6.0
26.9 5.9
26.9 5.8
26.9 5.7
26.9 5.7
26.9 5.8
26.8 5.9
26.8 5.8
26.8 5.7
26.8 5.8
28.4 6.4
28.2 7.3
28.2 7.5
28.0 7.4
27.8 7.3
27.6 7.2
27.4 7.1
27.3 7.0
27.3 7.3
27.1 7.6
26.8 7.7
26.7 7.7
26.6 7.8
26.4 7.8
26.4 7.7
26.4 7.7
26.4 7.7
26.4 7.6
26.4 7.5
26.4 7.4
26.5 7.3
26.3 7.4
26.2 7.6
26.2 7.6
26.2 7.5
26.2 7.4
26.3 7.4
26.3 7.3
26.3 7.3
26.4 7.3
26.4 7.2
26.4 7.1
26.4 7.1
26.4 7.1
26.5 7.1
26.5 7.0
26.5 7.0
26.5 7.0
26.6 7.0
26.3 7.2
26.2 7.1
26.2 7.2
26.2 7.2
25.8 7.6
25.9 7.6
25.9 7.5
25.9 7.5
26.0 7.5
26.1 7.4
26.2 7.3
26.2 7.2
26.3 7.2
26.3 7.2
26.3 7.2
26.4 7.2
26.4 7.1
26.4 7.1
26.4 7.1
26.4 7.1
26.4 7.1
26.4 7.1
26.4 7.1
26.5 7.1
26.4 7.1
26.4 7.1
26.4 7.1
26.3 7.1
26.3 7.1
25.8 7.3
23.6 8.3
23.4 8.5
23.6 8.4
23.7 8.4
23.9 8.3
24.3 8.2
25.0 8.0
25.4 7.8
25.6 7.8
25.7 7.7
25.9 7.6
26.0 7.5
26.1 7.5
26.1 7.4
26.2 7.4
26.3 7.3
27.0 7.4
27.8 7.4
27.3 7.4
27.1 7.2
27.8 7.4
27.6 7.4
27.4 7.3
27.3 7.2
27.2 7.2
27.2 7.2
27.1 7.2
27.1 7.1
27.0 7.1
27.0 7.0
26.9 7.0
26.9 7.0
27.0 7.0
26.9 7.0
26.8 7.0
26.8 7.0
26.8 7.0
26.8 6.9
26.8 6.9
26.8 6.8
26.8 6.8
26.8 6.8
26.8 6.8
26.8 6.8
26.8 6.9
26.8 7.2
26.7 7.3
26.6 7.3
26.6 7.3
26.2 7.6
25.9 7.9
25.2 8.1
24.8 8.3
24.7 8.4
24.6 8.4
24.7 8.3
24.8 8.2
24.9 8.1
25.2 8.0
25.3 7.9
25.4 7.9
25.4 7.9
25.3 8.0
25.4 7.9
25.5 7.8
25.6 7.8
25.7 7.7
25.8 7.6
25.9 7.6
25.9 7.6
26.0 7.5
26.0 7.5
26.1 7.5
26.1 7.5
26.1 7.5
26.2 7.5
26.2 7.5
26.2 7.5
26.2 7.4
26.3 7.4
26.3 7.4
26.3 7.4
26.3 7.4
26.3 7.4
26.4 7.4
26.4 7.4
26.4 7.4
26.4 7.4
26.4 7.4
26.4 7.4
26.4 7.4
26.4 7.4
26.4 7.4
26.4 7.4
26.4 7.4
26.4 7.4
26.4 7.4
26.4 7.4
26.4 7.3
26.4 7.3
26.4 7.3
26.5 7.2
26.5 7.2
26.5 7.2
26.5 7.2
26.6 7.1
26.6 7.1
26.6 7.0
26.6 7.0
26.6 7.0
26.7 7.0
26.7 7.0
26.7 7.0
26.7 6.9
26.8 6.9
26.8 6.9
26.8 6.8
26.9 6.8
27.0 6.8
27.1 6.8
27.0 6.7
27.0 6.7
27.1 6.8
30.4 7.2
30.7 7.4
29.6 7.0
28.6 6.7
28.1 6.7
27.8 6.6
27.6 6.6
27.9 6.8
28.0 6.9
27.7 6.8
27.5 6.8
27.5 6.7
27.4 6.6
27.4 6.5
27.3 6.5
27.3 6.5
27.2 6.5
27.2 6.5
27.2 6.4
27.1 6.4
27.1 6.4
27.1 6.4
27.0 6.4
27.1 6.4
27.0 6.4
27.0 6.4
27.0 6.5
27.0 6.4
26.9 6.4
26.9 6.4
26.9 6.3
26.9 6.3
26.9 6.3
26.9 6.4
26.9 6.4
26.8 6.4
26.8 6.5
26.8 6.5
26.8 6.5
26.8 6.5
26.8 6.5
26.8 6.6
26.8 6.6
26.8 6.6
26.7 6.6
26.7 6.6
26.7 6.7
26.7 6.8
26.7 6.8
26.7 6.8
26.7 6.8
26.7 6.9
26.6 6.9
26.6 6.9
26.6 6.9
26.6 6.9
26.6 6.9
26.6 7.0
26.6 7.0
26.6 7.0
26.6 7.0
26.6 7.0
26.6 7.0
26.6 7.0
26.6 7.0
26.6 7.0
26.5 7.0
26.5 7.0
26.5 7.0
26.5 6.9
26.5 6.9
26.5 6.8
26.5 6.7
26.5 6.7
26.6 6.6
26.6 6.5
26.6 6.5
26.6 6.5
26.6 6.5
26.6 6.5
26.7 6.4
26.7 6.5
26.7 6.5
26.7 6.5
26.8 6.6
26.8 6.6
26.8 6.5
26.8 6.5
26.8 6.5
26.8 6.5
26.9 6.6
26.9 6.5
27.0 6.5
27.0 6.5
27.0 6.5
27.0 6.6
27.0 6.5
27.0 6.5
27.0 6.5
27.0 6.4
27.0 6.4
27.0 6.3
27.0 6.3
27.0 6.4
27.0 6.3
27.0 6.2
27.0 6.2
27.0 6.3
27.0 6.3
27.0 6.3
27.0 6.2
27.0 6.2
27.0 6.1
27.0 6.2
26.9 6.1
26.9 6.2
26.9 6.1
26.9 6.1
26.9 6.1
26.9 6.2
26.9 6.0
26.9 6.0
26.9 6.1
26.9 6.2
26.9 6.1
26.8 6.1
26.8 6.1
26.8 6.0
26.8 6.0
26.8 6.0
26.8 5.9
26.8 6.0
26.8 5.9
26.8 5.9
26.8 6.1
26.8 6.0
26.8 6.1
26.8 6.0
26.8 6.2
26.8 6.2
26.8 6.2
26.8 6.2
26.8 6.3
26.8 6.3
26.8 6.2
26.8 6.4
26.8 6.3
26.8 6.4
26.8 6.3
26.8 6.4
26.8 6.5
26.8 6.5
26.8 6.5
26.8 6.5
26.8 6.6
26.8 6.6
26.7 6.6
26.7 6.6
26.7 6.5
26.7 6.7
26.7 6.7
26.7 6.7
26.7 6.7
26.7 6.7
26.7 6.6
26.7 6.6
26.7 6.5
26.7 6.6
26.7 6.3
26.7 6.3
26.7 6.4
26.7 6.3
26.8 6.3
26.8 6.2
26.8 6.3
26.8 6.3
26.8 6.3
26.8 6.3
26.8 6.2
26.8 6.3
26.9 6.3
26.9 6.3
26.9 6.3
26.9 6.3
26.9 6.2
26.9 6.1
26.9 6.0
26.9 6.2
27.0 6.2
27.0 6.1
27.0 6.0
27.0 6.0
27.0 6.0
27.1 6.0
27.0 6.0
27.0 6.0
27.0 6.0
27.0 6.0
27.0 5.6
27.0 5.8
26.9 5.9
26.9 5.9
26.9 5.9
26.9 5.8
26.9 5.8
26.9 5.9
26.9 5.8
26.9 5.8
26.9 5.8
26.9 5.8
26.9 5.6
26.9 5.6
26.9 5.7
26.9 5.6
26.9 5.6
26.9 5.6
26.8 5.6
26.9 5.6
26.8 5.6
26.8 5.6
26.8 5.7
26.8 5.5
26.8 5.6
26.8 5.6
26.8 5.7
26.8 5.6
26.8 5.6
26.8 5.7
26.8 5.7
26.8 5.7
26.8 5.8
26.8 5.8
26.8 5.8
26.8 5.7
26.8 5.8
26.8 5.8
26.8 5.7
26.8 5.8
26.8 5.8
26.8 5.8
26.8 6.0
26.7 6.0
26.7 6.1
26.7 6.1
26.7 6.3
26.7 6.2
26.7 6.3
26.7 6.4
26.7 6.3
26.7 6.3
26.7 6.4
26.6 6.4
26.6 6.5
26.6 6.5
26.6 6.5
26.6 6.5
26.6 6.5
26.6 6.5
26.6 6.5
26.6 6.5
26.5 6.4
26.5 6.2
26.5 5.9
26.5 5.8
26.6 5.6
26.6 5.6
26.6 5.4
26.6 5.5
26.6 5.3
26.6 5.2
26.6 5.5
26.7 5.4
26.7 5.3
26.7 5.3
26.8 5.4
26.8 5.5
26.8 5.3
26.8 5.3
26.8 5.5
26.8 5.4
26.9 5.4
26.9 5.5
26.9 5.4
27.0 5.2
27.0 5.2
27.0 4.7
27.0 5.3
27.0 5.2
27.0 5.1
27.0 5.4
27.0 5.5
27.0 5.5
27.0 5.5
27.0 5.5
27.0 5.5
27.0 5.4
27.0 5.4
27.0 5.4
27.0 5.4
27.0 5.3
26.9 5.4
26.9 5.4
27.0 5.4
27.0 5.5
27.0 5.6
27.0 5.6
27.0 5.5
26.9 5.4
26.9 5.5
26.9 5.3
26.9 5.2
26.9 5.2
26.9 5.3
26.9 5.4
26.9 5.4
26.9 5.3
26.8 5.4
26.8 5.3
26.9 5.3
26.8 5.3
26.8 5.2
26.8 5.2
26.8 5.1
26.8 5.1
26.8 5.1
26.8 5.2
26.8 5.2
26.8 5.3
26.8 5.2
26.8 5.3
26.8 5.2
26.8 5.2
26.8 5.4
26.8 5.5
26.8 5.6
26.8 5.6
26.8 5.6
26.8 5.7
26.8 5.8
26.8 5.8
26.8 5.8
26.8 5.9
26.8 5.9
26.8 6.0
26.8 6.0
26.8 6.0
26.8 6.0
26.7 6.1
26.8 6.1
26.8 6.0
26.8 6.0
26.7 6.0
26.7 6.0
26.7 6.0
26.7 6.1
26.7 6.1
26.7 6.1
26.7 6.0
26.7 6.0
26.7 5.8
26.7 5.7
26.7 5.5
26.8 5.5
26.8 5.4
26.8 5.3
26.8 5.4
26.8 5.2
26.9 5.2
26.9 5.3
26.9 5.3
26.9 5.3
27.0 5.2
27.0 5.3
27.0 5.2
27.0 5.2
27.0 5.1
27.0 5.1
27.0 5.1
27.0 5.0
27.1 5.2
27.1 5.1
27.2 5.1
27.2 5.1
27.2 5.1
27.2 5.0
27.2 5.0
27.2 5.0
27.2 5.0
27.2 5.1
27.2 5.2
27.1 5.1
27.1 5.1
27.1 5.1
27.1 5.1
27.1 5.1
27.1 5.1
27.1 5.0
27.1 5.0
27.1 5.0
27.1 5.0
27.1 5.1
27.0 5.0
27.0 5.1
27.0 5.0
27.0 5.0
27.0 5.0
27.0 5.0
27.0 5.0
27.0 5.0
27.0 4.9
27.0 4.9
27.0 4.9
27.0 4.8
27.0 4.8
27.0 4.8
27.0 4.8
27.0 4.8
27.0 4.8
27.0 4.8
27.0 4.8
26.9 4.9
26.9 4.9
26.9 5.0
26.9 5.0
26.9 5.1
26.9 5.1
26.9 5.1
26.9 5.0
26.9 5.0
26.9 5.0
26.9 5.0
26.9 5.1
26.9 5.2
26.9 5.2
26.9 5.2
26.9 5.3
26.9 5.4
26.9 5.4
26.9 5.5
26.9 5.5
26.9 5.6
26.9 5.6
26.9 5.6
26.9 5.6
26.9 5.6
26.9 5.6
26.9 5.7
26.9 5.6
26.9 5.6
26.9 5.7
26.9 5.7
26.9 5.6
26.9 5.6
26.9 5.6
26.9 5.6
26.9 5.5
26.9 5.4
26.9 5.4
26.9 5.2
27.0 5.3
27.0 5.3
27.0 5.2
27.0 5.0
27.0 5.1
27.0 5.0
27.0 4.9
27.0 4.8
27.0 4.6
27.0 4.7
26.9 4.8
27.0 4.9
27.0 4.9
27.0 4.9
27.0 5.0
27.1 5.0
27.2 5.0
27.2 5.0
27.2 4.9
27.2 4.8
27.2 4.7
27.2 4.7
27.3 4.6
27.3 4.5
27.3 4.5
27.2 4.4
27.3 4.4
27.3 4.4
27.3 4.5
27.3 4.4
27.3 4.5
27.2 4.6
27.2 4.6
27.2 4.6
27.2 4.6
27.2 4.6
27.2 4.5
27.2 4.6
27.2 4.6
27.2 4.5
27.2 4.5
27.2 4.3
27.2 4.4
28.8 5.7
28.7 6.0
27.7 6.1
28.6 6.3
28.4 6.6
28.1 6.5
27.9 6.3
27.7 6.0
27.6 5.8
27.5 5.6
27.4 5.3
27.4 5.3
27.3 5.4
27.3 5.4
27.2 5.3
27.2 5.4
27.2 5.5
27.2 5.3
27.2 5.2
27.2 5.2
27.1 5.3
27.1 5.2
27.1 5.3
27.1 5.2
27.1 5.3
27.1 5.5
27.1 5.4
27.1 5.4
27.1 5.5
27.0 5.7
27.0 5.7
27.0 5.8
27.0 5.8
27.0 5.8
27.0 5.9
27.0 5.8
27.0 5.9
27.0 5.9
27.0 6.0
27.0 5.8
27.0 5.9
27.0 6.0
27.0 5.8
27.0 5.9
26.9 5.7
26.9 5.8
26.9 5.9
26.9 5.6
26.9 5.9
26.9 5.9
26.9 6.0
26.9 6.0
26.9 6.0
26.9 5.9
26.9 5.8
27.0 5.8
27.0 5.8
27.0 5.7
27.1 5.7
27.1 5.7
27.1 5.7
27.1 5.5
27.1 5.7
27.2 5.7
27.2 5.7
27.2 5.8
27.2 5.8
27.2 5.7
27.2 5.6
27.2 5.7
27.3 5.7
27.3 5.6
29.4 5.7
30.5 6.7
30.1 6.3
29.4 6.2
28.8 6.1
28.4 5.9
28.2 5.7
28.0 5.7
27.8 5.6
27.8 5.6
27.7 5.6
27.8 5.6
27.7 5.5
27.6 5.6
27.5 5.7
27.5 5.5
27.4 5.7
27.4 5.8
27.4 5.7
27.4 5.7
27.3 5.5
27.3 5.7
27.3 5.7
27.3 5.6
27.3 5.5
27.2 5.6
27.2 5.6
27.2 5.5
27.2 5.4
27.2 5.5
27.2 5.4
27.2 5.6
27.2 5.5
27.2 5.5
27.2 5.6
27.2 5.6
27.2 5.7
27.2 5.6
27.2 5.8
27.2 5.8
27.2 5.7
27.2 5.7
27.1 5.7
27.1 5.6
27.1 5.7
27.1 5.7
27.1 5.8
27.1 5.8
27.1 5.9
27.1 6.0
27.1 5.9
27.1 5.8
27.1 5.8
27.1 5.9
27.1 5.9
27.1 6.0
27.1 6.1
27.1 6.2
27.1 6.0
27.1 6.0
27.0 6.1
27.0 6.0
27.0 6.2
27.0 6.3
27.0 6.3
27.0 6.3
27.0 6.4
27.0 6.4
27.0 6.4
27.0 6.4
27.0 6.4
27.0 6.4
27.0 6.4
27.0 6.4
27.0 6.4
27.0 6.3
27.0 6.3
27.0 6.3
27.0 6.3
27.1 6.3
27.1 6.2
27.1 6.2
27.1 6.2
27.2 6.2
27.2 6.2
27.2 6.2
27.2 6.3
27.3 6.3
27.2 6.2
29.9 7.0
30.0 6.9
29.7 6.8
29.4 6.6
29.2 6.4
28.9 6.2
28.7 6.1
28.6 6.0
28.4 5.9
28.2 5.9
28.1 5.9
28.0 5.8
28.0 5.8
27.9 5.6
27.8 5.7
27.8 5.7
27.8 5.7
27.7 5.8
27.6 5.9
27.6 5.9
27.6 5.9
27.5 5.9
27.5 5.9
27.5 5.8
27.5 5.9
27.5 5.9
27.5 5.8
27.5 5.7
27.4 5.6
27.4 5.6
27.5 5.8
27.7 6.0
27.4 6.0
27.4 6.0
27.4 5.9
27.4 5.8
27.4 5.7
27.4 5.7
27.4 5.6
27.4 5.5
27.3 5.6
27.3 5.6
27.3 5.6
27.3 5.7
27.3 5.7
27.3 5.7
27.3 5.6
27.2 5.7
27.2 5.7
27.2 5.6
27.2 5.8
27.2 5.8
27.2 5.6
27.2 5.8
27.2 5.8
27.2 6.0
27.2 6.0
27.2 6.1
27.2 6.1
27.2 6.2
27.2 6.2
27.2 6.2
27.1 6.3
27.1 6.3
27.1 6.3
27.1 6.4
27.1 6.4
27.1 6.4
27.1 6.4
27.1 6.4
27.1 6.4
27.0 6.4
27.0 6.5
27.0 6.5
27.0 6.5
27.0 6.5
27.0 6.5
27.0 6.5
27.0 6.5
27.0 6.4
27.0 6.3
27.0 6.2
27.0 6.1
27.0 6.1
27.0 6.1
27.0 6.1
27.0 6.1
27.0 6.1
27.0 6.1
27.1 6.0
27.1 6.2
27.1 6.2
27.1 6.2
27.2 6.2
27.2 6.2
27.2 6.2
27.2 6.2
27.2 6.3
27.2 6.2
27.2 6.0
27.3 6.0
27.3 6.1
27.3 6.1
27.4 6.2
27.4 6.2
27.4 6.2
27.3 6.2
27.3 6.2
27.3 6.2
27.6 6.1
27.6 6.0
27.5 5.9
27.4 5.8
27.4 5.7
27.4 5.4
27.4 5.0
27.3 5.0
27.3 5.2
27.5 5.4
27.5 5.5
27.4 5.6
27.3 5.6
27.3 5.7
27.2 5.8
27.2 5.8
27.2 5.8
27.2 5.8
27.1 5.8
27.1 5.8
27.1 5.8
27.1 5.8
27.1 5.7
27.1 5.6
27.1 5.8
27.1 5.8
27.0 5.8
27.0 5.8
27.0 5.8
27.0 5.8
27.0 5.9
27.0 5.8
27.0 5.9
27.0 5.9
27.0 5.8
27.0 5.7
27.0 5.7
27.0 5.6
27.0 5.8
27.0 5.8
26.9 5.9
26.9 5.9
26.9 5.9
26.9 6.0
26.9 6.1
26.9 6.1
26.9 6.2
26.9 6.2
26.9 6.3
26.9 6.3
26.9 6.3
26.8 6.4
26.8 6.4
26.8 6.4
26.8 6.4
26.8 6.4
26.8 6.4
26.8 6.4
26.8 6.4
26.8 6.5
26.7 6.5
26.7 6.5
26.7 6.5
26.7 6.5
26.7 6.5
26.7 6.5
26.7 6.4
26.7 6.3
26.7 6.3
26.8 6.2
26.8 6.1
26.9 5.9
26.9 5.8
27.0 5.7
27.0 5.7
27.0 5.6
27.0 5.6
27.0 5.5
27.0 5.7
27.1 5.6
27.1 5.6
27.1 5.6
27.0 5.6
27.0 5.5
27.1 5.4
27.6 5.7
28.1 6.0
27.0 7.4
27.8 7.3
27.9 7.1
28.0 6.9
28.0 6.8
27.9 6.4
27.8 6.2
27.7 6.2
27.6 6.1
27.5 6.0
27.5 5.8
27.4 5.9
27.4 6.0
27.4 5.9
27.4 5.8
27.4 5.9
27.3 5.8
27.3 5.7
27.3 5.5
27.3 5.6
27.3 5.7
27.3 5.7
27.3 5.8
27.2 5.8
27.2 5.7
27.2 5.7
27.2 5.6
27.2 5.5
27.2 5.5
27.2 5.5
27.2 5.4
27.2 5.3
27.2 5.4
27.2 5.3
27.1 5.2
27.2 5.2
27.1 5.2
27.1 5.2
27.1 5.3
27.1 5.2
27.1 5.4
27.1 5.4
27.1 5.4
27.1 5.4
27.1 5.4
27.1 5.4
27.1 5.5
27.1 5.5
27.1 5.5
27.0 5.7
27.0 5.8
27.0 5.8
27.0 5.9
27.0 5.8
27.0 6.0
27.0 6.0
27.0 6.0
26.9 6.2
26.9 6.2
26.9 6.2
27.0 6.1
27.0 6.2
27.0 6.3
27.0 6.3
27.0 6.3
27.0 6.3
26.9 6.4
26.9 6.3
26.9 6.3
26.9 6.4
26.9 6.3
26.9 6.3
26.9 6.3
26.9 6.2
26.9 6.1
27.0 6.1
26.9 5.8
26.9 5.8
26.9 5.8
26.9 5.8
26.9 5.6
27.0 5.7
27.0 5.5
27.0 5.5
27.0 5.6
27.0 5.3
27.1 5.5
27.1 5.5
27.1 5.5
27.1 5.5
27.1 5.5
27.1 5.4
27.1 5.6
27.1 5.4
27.1 5.4
27.2 5.5
27.2 5.6
27.2 5.5
27.2 5.4
27.2 5.4
27.3 5.3
27.3 5.3
27.2 5.4
27.2 5.3
27.3 5.3
27.3 5.3
27.3 4.8
27.3 5.0
27.2 4.9
27.2 5.0
27.2 4.8
27.2 5.1
27.2 5.2
27.2 5.2
27.2 5.3
27.2 5.2
27.2 5.1
28.7 6.2
28.5 6.2
28.1 6.0
27.7 5.6
27.5 4.8
27.5 4.4
27.4 4.3
27.3 4.3
27.3 4.5
27.3 4.4
27.3 4.4
27.2 4.6
27.2 4.4
27.2 4.6
27.2 4.6
27.2 4.4
27.2 4.5
27.2 4.6
27.2 4.8
27.1 4.8
27.1 4.8
27.1 4.8
27.1 4.9
27.1 4.8
27.1 4.9
27.1 4.9
26.9 5.5
26.5 6.4
26.2 6.9
26.1 7.0
26.2 6.9
26.3 6.8
26.4 6.7
26.5 6.6
26.6 6.4
26.6 6.4
26.7 6.3
26.7 6.2
26.8 6.2
26.8 6.2
26.8 6.2
26.8 6.2
26.9 6.3
26.9 6.3
26.9 6.3
26.9 6.4
26.9 6.3
26.9 6.4
26.9 6.3
26.9 6.3
26.9 6.3
26.9 6.3
26.4 6.6
26.4 6.7
26.4 6.7
26.4 6.6
26.5 6.4
26.6 6.2
26.6 6.1
26.7 5.9
26.8 5.9
26.8 5.8
26.9 5.7
26.9 5.7
26.9 5.7
26.9 5.6
26.9 5.6
27.0 5.5
27.1 5.6
27.0 5.5
27.1 5.4
27.1 5.5
27.1 5.5
27.1 5.4
27.1 5.4
27.2 5.5
27.2 5.5
27.2 5.4
27.2 5.4
27.2 5.4
27.2 5.5
27.2 5.6
27.2 5.6
27.2 5.5
27.2 5.5
27.2 5.5
27.2 5.5
27.2 5.4
27.2 5.2
27.2 5.3
27.2 5.4
27.2 5.3
27.1 5.3
27.1 5.2
27.2 5.4
27.1 5.3
27.1 5.5
27.1 5.5
27.1 5.6
27.1 5.6
27.1 5.4
27.1 5.5
27.1 5.6
27.0 5.6
27.0 5.4
27.0 5.5
27.0 5.4
27.0 5.6
27.0 5.6
27.0 5.6
27.0 5.6
27.0 5.7
27.0 5.7
27.0 5.8
27.0 5.7
26.9 5.7
26.9 5.7
26.9 5.8
26.9 5.9
26.9 5.9
26.9 5.9
26.9 6.0
26.9 6.0
26.9 6.0
26.9 5.9
26.9 5.9
26.9 6.1
26.9 6.1
26.9 6.1
26.9 6.2
26.9 6.2
26.9 6.3
26.9 6.2
26.9 6.2
26.9 6.2
26.9 6.2
26.9 6.3
26.8 6.3
26.8 6.4
26.8 6.3
26.8 6.4
26.8 6.4
26.8 6.4
26.8 6.4
26.8 6.4
26.8 6.4
26.8 6.4
26.8 6.4
26.8 6.3
26.8 6.3
26.8 6.4
26.8 6.3
26.8 6.2
26.8 6.2
26.8 5.9
26.8 6.0
26.8 6.0
26.9 6.0
26.9 6.0
26.9 6.0
26.9 6.0
26.9 5.8
26.9 5.9
26.9 6.0
27.0 5.9
26.9 5.8
27.0 5.6
27.0 5.6
27.0 5.6
27.0 5.7
27.0 5.7
27.1 5.7
27.1 5.8
27.1 5.8
27.2 5.9
27.2 5.9
27.2 5.9
27.2 5.7
27.2 5.5
27.2 5.6
27.2 5.6
27.2 5.6
27.2 5.4
27.1 5.2
27.1 5.2
27.1 5.2
27.1 5.2
27.1 5.0
27.1 4.8
27.1 5.0
27.1 5.1
27.8 6.3
27.8 6.6
27.8 6.4
27.7 6.6
27.6 7.0
27.4 7.1
27.2 7.3
27.1 7.2
27.1 7.1
27.0 6.9
27.0 6.8
27.0 6.7
27.1 6.5
27.1 6.4
27.1 6.4
27.1 6.3
27.1 6.2
27.1 6.2
27.1 6.1
27.1 6.2
27.1 6.1
27.1 6.0
27.1 6.0
27.1 6.1
27.1 6.0
27.1 5.9
27.1 6.0
27.1 5.8
27.1 6.1
27.1 6.1
27.1 6.2
27.0 6.2
27.0 6.2
27.0 6.2
27.0 6.3
27.0 6.2
27.0 6.3
27.0 6.3
27.0 6.2
27.0 6.2
27.0 6.2
27.0 6.3
27.0 6.4
27.0 6.4
27.0 6.4
27.0 6.5
27.0 6.4
27.0 6.5
27.0 6.4
27.0 6.5
27.0 6.2
27.0 6.4
26.9 6.3
27.0 6.4
27.0 6.4
27.0 6.4
27.0 6.4
27.0 6.2
27.0 6.2
27.0 6.1
27.0 5.9
27.0 6.0
27.0 6.0
27.0 6.0
27.0 5.8
27.0 5.9
27.0 5.8
27.0 5.8
27.0 5.6
26.9 5.7
25.0 7.8
25.2 7.9
25.7 7.9
26.0 7.8
26.3 7.7
26.3 7.6
26.4 7.5
26.4 7.4
26.4 7.4
26.4 7.3
26.4 7.3
26.4 7.3
26.4 7.2
26.4 7.2
26.4 7.2
26.5 7.3
26.5 7.3
26.6 7.3
26.6 7.3
26.7 7.3
26.7 7.2
26.7 7.2
26.7 7.1
26.7 7.1
26.7 7.2
26.7 7.2
26.7 7.2
26.7 7.1
26.7 7.1
26.7 7.0
26.7 7.0
26.7 7.0
26.7 7.0
26.6 7.1
26.6 7.1
26.6 7.1
26.6 7.1
26.6 7.2
26.6 7.2
26.6 7.2
26.6 7.2
26.6 7.2
26.6 7.2
26.6 7.2
26.6 7.2
26.6 7.1
26.6 7.1
26.5 7.2
26.5 7.2
26.5 7.2
26.5 7.2
26.5 7.2
26.5 7.2
26.5 7.2
26.5 7.2
26.5 7.2
26.5 7.2
26.5 7.2
26.5 7.2
26.5 7.2
26.5 7.3
26.4 7.3
26.4 7.3
26.4 7.3
26.4 7.3
26.4 7.3
26.4 7.2
26.4 7.3
26.4 7.3
26.4 7.3
26.4 7.3
26.4 7.3
26.4 7.3
26.3 7.3
26.3 7.3
26.3 7.3
26.3 7.3
26.3 7.3
26.3 7.3
26.3 7.3
26.3 7.3
26.3 7.4
26.3 7.3
26.3 7.4
26.3 7.4
26.3 7.4
26.3 7.4
26.4 7.4
26.4 7.4
26.4 7.4
26.4 7.4
26.5 7.5
26.5 7.5
26.5 7.4
26.6 7.4
26.6 7.4
26.6 7.4
26.6 7.5
26.6 7.5
26.6 7.5
26.7 7.5
26.7 7.5
26.8 7.4
26.8 7.4
26.8 7.2
26.8 7.1
26.8 7.1
26.8 7.1
26.9 7.2
26.8 7.2
26.8 7.2
26.8 7.1
26.9 7.1
26.9 7.1
27.0 7.1
27.0 7.1
27.0 6.8
27.0 6.6
26.9 6.5
26.9 6.5
26.9 6.6
26.9 6.7
26.8 6.7
26.8 6.8
27.3 6.8
26.8 7.7
26.9 7.7
26.9 7.6
26.9 7.4
26.8 7.4
26.8 7.3
26.8 7.2
26.8 7.2
26.7 7.2
26.7 7.2
26.7 7.1
26.7 7.2
26.6 7.1
26.6 7.1
26.6 7.1
26.6 7.1
26.6 7.0
26.6 7.0
26.6 7.0
26.6 7.0
26.6 7.1
26.6 7.0
26.6 7.1
26.6 7.0
26.6 7.0
26.6 7.0
26.6 7.1
26.6 7.1
26.6 7.1
26.5 7.1
26.5 7.1
26.5 7.1
26.5 7.2
26.5 7.2
26.5 7.2
26.5 7.2
26.5 7.2
26.5 7.2
26.5 7.2
26.5 7.2
26.5 7.3
26.5 7.3
26.5 7.3
26.5 7.3
26.5 7.3
26.5 7.3
26.5 7.3
26.4 7.3
26.4 7.3
26.4 7.3
26.4 7.3
26.4 7.3
26.4 7.3
26.4 7.3
26.4 7.3
26.4 7.2
26.5 7.3
26.5 7.3
26.5 7.3
26.5 7.3
26.6 7.3
26.6 7.4
26.6 7.4
26.6 7.4
26.7 7.4
26.7 7.3
26.7 7.3
26.7 7.3
26.7 7.4
26.8 7.4
26.8 7.3
26.8 7.3
26.8 7.3
26.9 7.3
26.8 7.3
26.8 7.2
27.4 6.8
28.6 7.4
26.3 8.3
27.0 8.2
27.3 7.9
27.3 7.7
27.3 7.6
27.4 7.5
27.3 7.4
27.3 7.3
27.2 7.3
27.2 7.3
27.2 7.2
27.1 7.2
27.1 7.2
27.1 7.1
27.1 7.1
27.1 7.1
27.0 7.2
27.0 7.1
27.0 7.1
27.0 7.0
27.0 7.1
27.0 7.1
27.0 7.1
27.0 7.1
27.0 7.1
26.9 7.0
26.9 7.0
26.9 7.1
26.9 7.1
26.9 7.1
26.9 7.1
26.9 7.1
26.9 7.2
26.9 7.2
26.9 7.2
26.9 7.2
26.9 7.2
26.9 7.2
26.9 7.2
26.9 7.2
26.8 7.2
26.8 7.2
26.8 7.2
26.8 7.2
26.8 7.2
26.8 7.2
26.8 7.2
26.8 7.3
26.8 7.3
26.8 7.3
26.8 7.3
26.8 7.3
26.8 7.3
26.8 7.3
26.8 7.3
26.8 7.3
26.8 7.3
26.8 7.3
26.8 7.3
26.8 7.3
26.8 7.3
26.8 7.3
26.7 7.3
26.7 7.3
26.7 7.3
26.7 7.3
26.7 7.3
26.7 7.3
26.7 7.4
26.7 7.4
26.7 7.3
26.7 7.3
26.7 7.3
26.7 7.3
26.7 7.3
26.7 7.3
26.8 7.3
26.8 7.3
26.8 7.3
26.8 7.3
26.8 7.3
26.8 7.4
26.9 7.4
26.9 7.4
26.9 7.4
26.9 7.4
26.9 7.3
26.9 7.2
26.9 7.2
26.9 7.1
26.9 7.0
27.0 7.0
27.1 7.2
27.1 7.2
27.2 7.2
27.2 7.2
27.3 7.2
27.3 7.2
27.3 7.2
27.3 7.2
27.3 7.1
27.3 7.1
27.3 7.1
27.3 7.1
27.3 7.1
27.3 7.1
27.3 7.2
27.3 7.1
27.3 7.1
27.3 7.1
27.2 7.1
27.2 7.1
27.1 7.1
27.1 7.1
27.1 7.0
27.1 7.0
27.1 7.0
27.1 7.0
27.1 7.0
27.1 7.0
27.0 7.0
27.0 7.0
27.0 7.0
27.0 7.1
27.0 7.1
27.0 7.0
27.0 7.1
27.0 7.0
27.0 7.0
27.0 7.0
27.0 7.0
27.0 7.0
26.9 7.0
26.9 7.0
26.9 7.0
26.9 7.0
26.9 7.1
26.9 7.1
26.9 7.1
26.9 7.2
26.9 7.2
26.9 7.2
26.9 7.2
26.9 7.2
26.9 7.2
26.9 7.2
26.9 7.2
26.9 7.2
26.8 7.2
26.8 7.2
26.8 7.3
26.8 7.3
26.8 7.3
26.8 7.3
26.8 7.3
26.8 7.3
26.8 7.3
26.8 7.3
26.8 7.3
26.8 7.3
26.8 7.3
26.8 7.3
26.8 7.3
26.8 7.3
26.8 7.3
26.8 7.3
26.8 7.3
26.8 7.2
26.8 7.2
26.8 7.2
26.8 7.2
26.9 7.3
26.9 7.3
26.9 7.3
26.9 7.3
26.9 7.3
26.9 7.3
27.0 7.3
27.0 7.4
27.0 7.4
27.0 7.4
27.0 7.4
27.0 7.4
27.2 7.4
27.2 7.4
27.2 7.4
27.2 7.4
27.2 7.4
27.2 7.4
27.3 7.4
27.3 7.3
27.3 7.3
27.3 7.3
27.3 7.2
27.3 7.2
27.4 7.2
27.3 7.2
27.3 7.2
27.4 7.2
27.4 7.2
27.3 7.2
27.3 7.2
27.3 7.1
27.3 7.0
27.3 7.0
27.3 7.0
27.3 7.0
27.3 7.0
27.3 7.0
27.2 7.0
27.2 6.9
27.2 6.9
27.2 7.0
27.2 7.0
27.2 7.0
27.2 7.0
27.2 7.0
27.2 7.0
27.2 7.0
27.1 7.0
27.1 7.0
27.1 7.0
27.1 7.1
27.1 7.1
27.1 7.1
27.1 7.1
27.1 7.0
27.1 7.0
27.1 7.0
27.1 7.1
27.1 7.1
27.1 7.1
27.1 7.1
27.1 7.1
27.1 7.1
27.1 7.2
27.1 7.2
27.1 7.2
27.1 7.2
27.1 7.2
27.1 7.2
27.0 7.2
27.1 7.2
27.1 7.2
27.1 7.2
27.1 7.2
27.1 7.2
27.1 7.2
27.1 7.3
27.1 7.3
27.0 7.3
27.0 7.3
27.0 7.3
27.0 7.3
27.0 7.3
27.0 7.3
27.0 7.3
27.0 7.3
27.0 7.3
27.0 7.3
27.0 7.3
27.0 7.3
27.0 7.3
27.0 7.3
27.0 7.3
27.0 7.2
27.0 7.2
27.0 7.2
27.0 7.2
27.0 7.2
27.0 7.3
27.0 7.3
27.0 7.4
27.1 7.4
27.1 7.4
27.1 7.4
27.2 7.4
27.2 7.5
27.2 7.4
27.1 7.4
27.2 7.3
27.2 7.3
27.1 7.2
27.2 7.3
27.2 7.3
27.2 7.3
27.2 7.3
27.2 7.3
27.2 7.3
27.3 7.2
27.3 7.1
27.3 6.9
27.3 6.9
27.3 6.9
27.3 6.9
27.2 6.9
27.2 6.9
27.2 6.9
27.2 6.9
27.2 7.0
27.3 7.0
27.3 7.0
27.3 7.0
27.3 7.0
27.3 7.0
27.3 6.8
27.3 6.9
27.3 6.9
27.3 6.9
27.3 7.0
27.2 7.0
27.2 7.0
27.2 7.0
27.2 7.0
27.2 7.0
27.2 7.0
27.2 7.0
27.2 6.9
27.2 6.8
27.2 6.8
27.2 6.7
27.2 6.8
27.1 6.8
27.1 6.8
27.1 6.8
27.1 6.8
27.1 6.8
27.1 6.8
27.1 6.9
27.2 6.9
27.3 6.7
27.3 6.6
27.2 6.6
27.2 6.7
27.2 6.7
27.2 6.7
27.2 6.8
27.2 6.8
27.2 6.8
27.2 6.9
27.2 6.9
27.2 6.9
27.2 6.9
27.2 7.0
27.2 7.0
27.1 7.0
27.1 7.0
27.1 7.0
27.1 7.1
27.1 7.1
27.1 7.1
27.1 7.1
27.1 7.1
27.1 7.2
27.1 7.2
27.1 7.2
27.1 7.2
27.0 7.2
27.0 7.2
27.0 7.2
27.0 7.2
27.0 7.2
27.1 7.2
27.1 7.2
27.1 7.2
27.1 7.3
27.1 7.3
27.1 7.3
27.1 7.4
27.1 7.4
27.1 7.3
27.1 7.2
28.7 7.4
29.0 7.3
28.7 7.0
28.4 6.8
28.0 6.7
27.8 6.8
29.0 6.8
28.6 6.6
29.4 7.3
29.0 7.7
29.6 7.4
29.4 7.3
29.1 7.2
29.3 7.0
29.8 7.1
29.7 7.0
29.2 7.0
29.1 6.9
28.9 6.9
28.7 6.8
28.5 6.7
28.4 6.7
28.3 6.7
28.2 6.7
28.1 6.8
28.0 6.8
28.0 6.8
27.9 6.8
27.9 6.7
27.8 6.7
27.7 6.7
27.7 6.8
27.7 6.8
27.6 6.8
27.6 6.9
27.5 6.9
27.5 6.9
27.5 6.9
27.4 6.9
27.4 6.9
27.4 7.0
27.4 7.0
27.4 7.0
27.4 7.0
27.4 7.0
27.3 7.0
27.3 7.0
27.3 7.0
27.3 7.0
27.3 7.0
27.3 7.0
27.3 7.0
27.3 7.0
27.3 7.1
27.3 7.1
27.3 7.1
27.2 7.1
27.2 7.1
27.2 7.1
27.2 7.1
27.2 7.1
27.2 7.1
27.2 7.1
27.2 7.1
27.2 7.1
27.2 7.1
27.2 7.1
27.2 7.1
27.2 7.1
27.2 7.2
27.2 7.2
27.2 7.2
27.2 7.2
27.2 7.2
27.2 7.2
27.2 7.2
27.2 7.2
27.2 7.2
27.1 7.2
27.1 7.2
27.1 7.2
27.1 7.2
27.1 7.2
27.1 7.2
27.1 7.2
27.1 7.2
27.1 7.3
27.1 7.3
27.1 7.3
27.1 7.3
27.1 7.4
27.1 7.4
27.2 7.4
27.2 7.5
27.2 7.5
27.2 7.5
27.2 7.5
27.2 7.4
27.2 7.4
27.2 7.5
27.3 7.5
27.3 7.5
27.3 7.5
27.3 7.4
27.3 7.4
27.4 7.4
27.4 7.4
27.4 7.4
27.4 7.3
27.4 7.2
27.4 7.2
27.4 7.2
27.4 7.2
27.4 7.2
27.4 7.2
27.4 7.2
27.4 7.2
27.4 7.2
27.4 7.1
27.4 7.1
27.4 7.2
27.3 7.2
27.3 7.1
27.3 7.1
27.3 7.1
27.3 7.0
27.3 6.9
27.3 7.0
27.2 7.0
27.2 7.0
27.2 7.0
27.2 7.0
27.2 7.0
27.2 7.0
27.3 7.0
27.3 7.0
27.2 7.0
27.2 7.1
27.2 7.1
27.2 7.1
27.2 7.0
27.2 6.9
27.1 7.0
27.1 7.0
27.1 7.0
27.1 7.0
27.1 7.0
27.1 7.0
27.1 7.0
27.1 7.0
27.1 7.0
27.1 7.1
27.1 7.1
27.1 7.1
27.1 7.2
27.1 7.2
27.1 7.2
27.1 7.2
27.1 7.2
27.1 7.2
27.1 7.2
27.1 7.2
27.1 7.2
27.1 7.2
27.1 7.2
27.1 7.2
27.1 7.2
27.1 7.2
27.1 7.2
27.1 7.3
27.1 7.3
27.1 7.3
27.1 7.2
27.1 7.3
27.1 7.3
27.1 7.2
27.1 7.3
27.1 7.3
27.1 7.2
27.1 7.2
27.1 7.3
27.1 7.3
27.1 7.3
27.1 7.3
27.1 7.3
27.1 7.4
27.1 7.4
27.2 7.3
27.2 7.2
27.2 7.1
27.2 7.1
27.2 7.2
27.2 7.3
27.2 7.4
27.2 7.4
27.2 7.4
27.3 7.4
27.3 7.4
27.3 7.4
27.3 7.3
27.4 7.2
27.4 7.2
27.4 7.2
27.4 7.2
27.4 7.1
27.4 7.1
27.4 7.1
27.4 7.0
27.4 6.9
27.4 7.0
27.4 7.0
27.4 7.1
27.4 7.1
27.4 7.2
27.3 7.2
27.3 7.2
27.3 7.2
27.3 7.2
27.3 7.2
27.3 7.1
27.3 7.1
27.3 7.1
27.3 7.1
27.2 7.1
27.2 7.1
27.2 7.1
27.2 7.1
27.2 7.1
27.2 7.0
27.2 7.0
27.2 7.0
27.2 7.0
27.2 7.0
27.2 7.0
27.2 7.0
27.2 7.0
28.1 7.0
28.2 7.5
27.8 7.2
27.2 7.8
27.2 8.0
27.2 7.8
27.3 7.7
27.2 7.5
27.2 7.4
27.1 7.3
27.2 7.2
27.2 7.2
27.2 7.2
27.2 7.2
27.2 7.1
27.2 7.1
27.2 7.1
27.2 7.1
27.2 7.1
27.2 7.1
27.2 7.1
27.2 7.1
27.2 7.0
27.2 7.1
27.2 7.1
27.2 7.2
27.2 7.2
27.2 7.1
27.2 7.2
27.2 7.2
27.2 7.2
27.2 7.2
27.2 7.2
27.2 7.2
27.1 7.2
27.1 7.2
27.1 7.2
27.1 7.2
27.1 7.2
27.1 7.3
27.1 7.3
27.1 7.3
27.1 7.2
27.1 7.2
27.1 7.2
27.1 7.2
27.2 7.3
27.2 7.3
27.2 7.3
27.2 7.3
27.2 7.3
27.3 7.3
27.3 7.2
27.3 7.2
27.3 7.2
27.4 7.2
27.5 7.2
28.4 7.3
28.4 7.8
28.3 7.7
28.4 7.7
28.3 7.6
28.1 7.6
28.1 7.5
28.2 7.4
28.2 7.4
28.1 7.3
28.0 7.3
27.9 7.2
27.8 7.2
27.7 7.2
27.7 7.2
27.7 7.2
27.6 7.2
27.6 7.2
27.6 7.2
27.6 7.2
27.6 7.2
27.5 7.2
27.5 7.1
27.5 7.0
27.5 7.0
27.5 7.0
27.5 7.0
27.4 6.9
27.4 6.9
27.4 6.9
27.4 6.9
27.4 6.9
27.4 6.9
27.4 6.8
27.4 6.9
27.4 6.9
27.3 6.9
27.3 7.0
27.3 7.0
27.3 7.0
27.3 7.0
27.3 7.0
27.3 7.0
27.3 7.0
27.4 6.9
27.3 6.9
27.3 7.0
27.3 7.0
27.3 7.0
27.3 7.0
27.3 6.9
27.3 7.0
27.3 7.0
27.3 7.1
27.3 7.1
27.3 7.1
27.3 7.2
27.3 7.2
27.3 7.2
27.3 7.2
27.3 7.2
27.3 7.2
27.3 7.2
27.3 7.2
27.3 7.2
27.3 7.2
27.3 7.2
27.3 7.2
27.2 7.2
27.2 7.2
27.2 7.2
27.2 7.3
27.2 7.2
27.2 7.2
27.2 7.3
27.2 7.3
27.2 7.3
27.2 7.2
27.2 7.2
27.2 7.2
27.2 7.2
27.2 7.2
27.2 7.2
27.2 7.2
27.2 7.2
27.2 7.2
27.2 7.1
27.3 7.2
27.3 7.3
27.3 7.2
27.3 7.3
27.3 7.3
27.3 7.3
27.4 7.3
27.4 7.3
27.4 7.3
27.4 7.3
27.4 7.3
27.3 7.3
27.3 7.3
29.0 7.3
29.5 6.8
29.3 6.5
28.8 6.4
28.4 6.6
28.1 6.7
27.9 6.8
27.8 6.9
27.7 6.9
27.7 7.0
27.6 7.0
27.6 6.9
27.6 7.0
27.5 7.0
27.6 7.0
27.6 7.0
27.5 7.1
27.5 7.0
27.5 7.0
27.5 7.0
27.5 7.0
27.4 7.0
27.4 7.0
27.4 7.0
27.4 7.1
27.4 7.1
27.4 7.0
27.4 7.0
27.4 7.0
27.4 6.9
27.3 6.9
27.3 7.0
27.3 7.0
27.3 7.0
27.3 7.0
27.3 7.1
27.3 7.1
27.3 7.1
27.3 7.0
27.2 7.0
27.2 7.0
27.2 7.0
27.3 6.9
27.3 7.0
27.2 7.0
27.2 7.0
27.2 7.0
27.2 7.0
27.2 7.0
27.2 7.0
27.2 7.1
27.2 7.1
27.2 7.1
27.2 7.1
27.2 7.1
27.2 7.1
27.2 7.2
27.2 7.2
27.2 7.2
27.2 7.2
27.2 7.2
27.2 7.2
27.2 7.2
27.2 7.2
27.2 7.2
27.2 7.2
27.2 7.2
27.2 7.0
27.2 6.6
27.2 6.4
27.2 6.5
27.2 6.7
27.1 6.8
27.1 6.9
27.1 7.0
27.1 7.1
27.1 7.1
27.1 7.1
27.1 7.1
27.1 7.1
27.1 7.2
27.1 7.2
27.1 7.3
27.1 7.3
27.2 7.3
27.2 7.3
27.2 7.2
27.2 7.2
27.2 7.3
27.2 7.3
27.2 7.3
27.2 7.2
27.3 7.2
27.3 7.3
27.3 7.3
27.3 7.4
27.3 7.4
27.3 7.4
27.3 7.4
27.3 7.4
27.3 7.4
27.3 7.4
27.3 7.4
27.3 7.4
27.3 7.4
27.3 7.3
27.3 7.2
27.3 7.1
27.3 7.1
27.3 7.2
27.2 7.2
27.3 7.2
27.2 7.1
27.2 7.1
27.2 7.1
27.2 7.0
27.2 7.0
27.2 7.0
27.2 7.0
27.2 7.1
27.2 7.0
27.1 7.0
27.1 7.0
27.1 7.0
27.1 7.0
27.1 6.9
27.1 6.8
27.1 6.8
27.1 6.8
27.1 6.8
27.1 6.9
27.1 6.9
27.1 7.0
27.1 7.0
27.1 7.0
27.1 7.0
27.1 7.1
27.1 7.0
27.1 7.0
27.0 7.0
27.0 7.0
27.1 7.1
27.0 7.0
27.0 7.0
27.0 7.0
27.0 7.0
27.1 7.0
27.1 7.0
27.1 7.1
27.1 7.1
27.1 7.1
27.1 7.1
27.1 7.1
27.0 7.2
27.0 7.2
27.0 7.2
27.0 7.2
27.0 7.2
27.0 7.2
27.0 7.2
27.0 7.2
27.0 7.2
27.0 7.2
27.0 7.2
27.0 7.2
26.9 7.2
26.9 7.1
26.9 7.1
26.9 7.0
26.9 7.1
26.9 6.9
26.9 6.8
26.9 6.8
26.9 6.8
26.9 6.8
26.9 6.9
26.9 7.0
26.9 7.1
27.0 7.1
27.0 7.2
27.0 7.2
27.0 7.2
27.0 7.2
27.1 7.3
27.1 7.4
27.1 7.4
27.1 7.2
28.2 7.4
28.4 7.6
28.1 7.6
28.3 7.3
28.2 7.2
28.2 7.2
28.0 7.2
27.9 7.2
27.8 7.1
27.7 7.0
28.8 7.2
28.4 7.2
28.0 7.1
28.0 7.0
28.0 7.1
27.9 7.0
27.8 7.0
27.8 7.0
27.7 7.0
27.7 7.0
27.6 7.1
27.6 7.1
27.5 7.1
27.5 7.1
27.5 7.1
27.4 7.1
27.4 7.1
27.4 7.1
27.4 7.0
27.4 7.0
27.3 7.1
27.3 7.0
27.3 7.0
27.2 7.0
27.2 7.0
27.2 7.0
27.2 6.9
27.2 6.9
27.2 7.0
27.2 7.0
27.2 7.0
27.2 7.1
27.2 7.1
27.1 7.1
27.1 7.1
27.2 7.1
27.1 7.1
27.1 7.1
27.2 7.1
27.2 7.1
27.2 7.1
27.2 7.1
27.2 7.1
27.1 7.1
27.1 7.1
27.1 7.1
27.1 7.2
27.1 7.2
27.1 7.2
27.1 7.2
27.1 7.2
27.1 7.2
27.1 7.2
27.1 7.2
27.1 7.3
27.1 7.3
27.1 7.3
27.1 7.3
27.1 7.3
27.1 7.3
27.0 7.3
27.0 7.3
27.1 7.3
27.0 7.3
27.0 7.3
27.0 7.3
27.0 7.3
27.0 7.3
27.0 7.3
27.0 7.2
27.0 7.3
27.0 7.3
27.0 7.2
27.0 7.2
27.0 7.2
27.0 7.3
27.1 7.4
27.1 7.4
27.1 7.4
27.1 7.5
27.1 7.5
27.1 7.5
27.1 7.5
27.2 7.5
27.1 7.5
27.1 7.6
27.2 7.5
27.1 7.5
27.2 7.5
27.2 7.5
27.3 7.4
27.2 7.4
27.2 7.4
27.2 7.4
27.3 7.4
27.3 7.4
27.3 7.4
27.3 7.4
27.3 7.4
27.3 7.4
27.3 7.3
27.3 7.3
27.3 7.4
27.3 7.3
27.3 7.3
27.3 7.3
27.3 7.3
27.3 7.2
27.3 7.2
27.3 7.3
27.3 7.2
27.3 7.2
27.2 7.1
27.2 7.0
27.2 7.0
27.2 7.0
27.2 7.0
27.2 7.0
27.2 7.0
27.2 7.0
27.2 7.0
27.2 7.0
27.2 7.0
27.2 7.0
27.2 7.0
27.2 7.0
27.2 7.1
27.2 7.0
27.2 7.1
27.2 7.1
27.2 7.1
27.2 7.1
27.2 7.1
27.2 7.1
27.2 7.1
27.2 7.0
27.2 7.0
27.2 7.1
27.2 7.0
27.2 7.1
27.2 7.1
27.2 7.1
27.2 7.1
27.2 7.2
27.2 7.2
27.2 7.2
27.2 7.2
27.2 7.2
27.2 7.2
27.2 7.2
27.2 7.2
27.2 7.2
27.2 7.2
27.2 7.2
27.2 7.2
27.2 7.2
27.2 7.2
27.2 7.3
27.2 7.2
27.1 7.3
27.2 7.3
27.2 7.3
27.2 7.3
27.2 7.3
27.2 7.3
27.2 7.3
27.2 7.3
27.2 7.3
27.2 7.3
27.2 7.3
27.2 7.3
27.2 7.3
27.2 7.3
27.2 7.3
27.2 7.3
27.2 7.4
27.2 7.4
27.2 7.4
27.2 7.3
27.3 7.3
27.3 7.3
27.3 7.3
27.4 7.2
27.4 7.2
27.4 7.3
27.4 7.4
27.5 7.4
27.5 7.3
27.5 7.2
27.5 7.1
27.5 7.0
27.5 7.0
27.5 7.0
27.5 7.0
27.5 7.0
27.5 7.0
27.5 7.0
27.5 7.0
27.5 6.9
27.4 6.9
27.4 6.9
27.4 6.9
27.4 6.9
27.4 6.8
27.4 6.8
27.4 6.8
27.4 6.8
27.4 6.8
27.4 6.9
27.4 6.9
27.4 6.9
27.4 6.8
27.4 6.8
27.4 6.8
27.4 6.8
27.4 6.8
27.4 6.8
27.4 6.8
27.4 6.7
27.4 6.8
27.4 6.8
27.4 6.9
27.4 6.9
27.4 6.9
27.4 7.0
27.4 7.0
27.4 7.0
27.4 7.0
27.4 7.0
27.4 6.9
27.4 6.8
27.4 6.9