-5.0 20.4
-4.0 20.3
-4.0 20.3
-5.0 20.2
-5.0 20.2
-6.0 20.2
-5.0 20.1
-5.0 20.1
-4.0 20.0
-5.0 20.0
-5.0 20.0
-5.0 19.9
-5.0 19.9
-5.0 19.8
-6.0 19.8
-5.0 19.7
-5.0 19.7
-4.0 19.6
-5.0 19.6
-5.0 19.6
-5.0 19.5
-5.0 19.4
-4.0 19.4
-5.0 19.4
1.0 19.3
18.0 19.2
41.0 19.2
68.0 19.2
101 19.1
134 19.1
177 19.1
175 19.0
283 19.0
631 19.0
653 19.0
754 19.0
892 19.0
776 19.1
1030 19.1
1100 19.2
1310 19.2
1120 19.3
675 19.4
767 19.4
866 19.5
1520 19.5
1540 19.5
1570 19.6
1490 19.7
1550 19.8
1570 19.8
1610 19.9
1560 19.9
1540 20.0
1490 20.1
1520 20.2
1520 20.2
1500 20.4
1470 20.5
1370 20.6
1300 20.8
164 20.9
190 21.0
269 21.0
328 21.0
479 21.0
213 21.0
260 21.0
177 21.0
211 21.0
166 21.0
125 21.0
115 21.0
78.0 21.0
73.0 20.9
58.0 20.9
31.0 20.9
18.0 20.9
12.0 20.8
3.0 20.8
-4.0 20.8
-4.0 20.7
-5.0 20.7
-4.0 20.7
-5.0 20.7
-5.0 20.7
-4.0 20.6
-5.0 20.5
-4.0 20.4
-5.0 20.4
-5.0 20.3
-5.0 20.2
-5.0 20.1
-5.0 20.1
-5.0 20.0
-4.0 19.9
-5.0 19.8
-5.0 19.6
-5.0 19.5
-5.0 19.3
-6.0 19.1
-5.0 18.8
-5.0 18.6
-5.0 18.3
-5.0 18.2
-6.0 18.2
-6.0 18.2
-5.0 18.2
-5.0 18.2
-5.0 18.2
-5.0 18.2
-6.0 18.1
-6.0 18.1
-7.0 18.0
-6.0 18.0
-5.0 18.0
-6.0 17.9
-6.0 17.9
-6.0 17.8
-5.0 17.7
-1.0 17.6
11.0 17.5
16.0 17.6
34.0 17.7
73.0 17.7
160 17.7
194 17.7
235 17.7
512 17.7
380 17.8
428 17.8
303 17.8
392 17.8
384 17.8
411 17.9
558 17.9
634 17.9
956 18.0
1150 18.0
1370 18.1
1350 18.2
1420 18.4
1640 18.6
1640 18.8
1370 19.1
665 19.4
1740 19.6
307 19.7
309 19.8
1470 19.9
312 20.0
288 20.0
343 20.1
205 20.1
327 20.1
1570 20.2
278 20.3
151 20.5
190 20.6
179 20.8
192 20.9
175 21.0
224 21.0
176 21.1
229 21.1
96.0 21.1
79.0 21.1
81.0 21.1
84.0 21.1
62.0 21.1
55.0 21.1
57.0 21.1
41.0 21.1
31.0 21.1
15.0 21.0
4.0 21.0
-3.0 21.0
-5.0 20.9
-5.0 20.9
-5.0 20.8
-5.0 20.8
-4.0 20.8
-5.0 20.7
-6.0 20.7
-5.0 20.7
-5.0 20.7
-5.0 20.6
-5.0 20.6
-5.0 20.6
-6.0 20.6
-5.0 20.6
-5.0 20.6
-5.0 20.5
-6.0 20.5
-6.0 20.5
-5.0 20.5
-5.0 20.5
-6.0 20.4
-6.0 20.4
-6.0 20.4
-6.0 20.4
-5.0 20.4
-7.0 20.4
-6.0 20.3
-6.0 20.3
-6.0 20.3
-6.0 20.3
-6.0 20.3
-6.0 20.3
-6.0 20.2
-6.0 20.2
-7.0 20.2
-6.0 20.2
-7.0 20.2
-6.0 20.2
-6.0 20.1
-1.0 20.1
18.0 20.1
39.0 20.1
57.0 20.1
90.0 20.0
124 20.0
157 20.0
422 20.0
514 20.0
512 20.0
724 20.0
818 20.1
453 20.2
206 20.2
310 20.3
577 20.4
558 20.4
656 20.4
1280 20.5
1310 20.6
1470 20.7
1440 20.8
618 21.0
898 21.2
470 21.3
564 21.4
1460 21.5
980 21.6
592 21.6
1900 21.8
1180 22.0
755 22.1
634 22.3
499 22.3
517 22.4
556 22.4
451 22.4
341 22.5
162 22.6
197 22.7
168 22.7
230 22.8
150 22.8
142 22.9
142 23.0
107 23.0
93.0 23.0
86.0 23.0
72.0 23.0
58.0 23.0
67.0 23.0
49.0 23.0
16.0 22.9
9.0 22.8
12.0 22.7
-2.0 22.7
-5.0 22.6
-6.0 22.6
-6.0 22.5
-6.0 21.4
-5.0 20.0
-5.0 18.9
-5.0 19.6
-5.0 19.6
-5.0 19.8
-5.0 20.2
-5.0 20.0
-5.0 20.3
-6.0 20.2
-5.0 20.1
-6.0 20.0
-6.0 19.9
-6.0 19.8
-6.0 19.6
-6.0 19.5
-6.0 19.3
-6.0 19.2
-6.0 19.0
-7.0 18.9
-7.0 18.8
-6.0 18.8
-6.0 18.7
-7.0 18.6
-6.0 18.6
-8.0 18.5
-6.0 18.5
-7.0 18.4
-6.0 18.4
-7.0 18.4
-7.0 18.4
-6.0 18.4
-7.0 18.3
-6.0 18.3
-6.0 18.3
-7.0 18.3
-8.0 18.2
-3.0 18.2
2.0 18.2
17.0 18.2
22.0 18.2
29.0 18.2
35.0 18.2
84.0 18.2
136 18.2
154 18.2
166 18.2
116 18.2
134 18.2
585 18.2
257 18.2
306 18.2
301 18.2
346 18.3
228 18.3
750 18.3
314 18.4
195 18.4
175 18.4
212 18.5
117 18.5
284 18.5
277 18.5
396 18.5
158 18.5
304 18.5
123 18.5
154 18.5
207 18.6
181 18.6
321 18.6
197 18.6
239 18.6
323 18.6
252 18.7
122 18.7
221 18.7
126 18.7
91.0 18.8
169 18.8
62.0 18.8
36.0 18.8
97.0 18.8
122 18.9
114 18.9
80.0 18.9
68.0 18.9
48.0 18.9
34.0 18.9
26.0 18.9
13.0 18.9
1.0 18.9
-7.0 18.9
-11.0 18.9 
-11.0 18.9 
-12.0 18.9 
-12.0 18.9 
-11.0 18.9 
-12.0 18.9 
-12.0 18.8 
-12.0 18.8 
-12.0 18.8 
-12.0 18.8 
-12.0 18.8 
-12.0 18.8 
-12.0 18.8 
-13.0 18.8 
-12.0 18.8 
-13.0 18.8 
-13.0 18.8 
-12.0 18.8 
-13.0 18.8 
-12.0 18.8 
-12.0 18.8 
-12.0 18.8 
-12.0 18.8 
-12.0 18.8 
-13.0 18.8 
-13.0 18.8 
-13.0 18.8 
-12.0 18.8 
-13.0 18.8 
-13.0 18.8 
-13.0 18.8 
-12.0 18.8 
-12.0 18.8 
-13.0 18.8 
-13.0 18.8 
-14.0 18.8 
-13.0 18.8 
-13.0 18.8 
-14.0 18.8 
-13.0 18.8 
-11.0 18.8 
-6.0 18.8
3.0 18.8
2.0 18.8
13.0 18.7
25.0 18.7
43.0 18.7
46.0 18.7
30.0 18.7
63.0 18.7
79.0 18.7
91.0 18.7
72.0 18.7
228 18.7
105 18.7
229 18.7
188 18.7
177 18.7
219 18.7
146 18.7
154 18.7
183 18.7
181 18.7
233 18.7
186 18.7
208 18.8
183 18.8
277 18.8
232 18.8
130 18.8
487 18.8
319 18.8
213 18.8
234 18.8
200 18.8
157 18.9
88.0 18.9
269 18.9
304 18.9
477 19.0
459 19.0
56.0 19.1
76.0 19.1
165 19.1
127 19.0
130 19.0
149 19.0
85.0 19.0
78.0 19.0
92.0 19.0
89.0 19.0
103 19.0
44.0 19.0
10.0 19.0
-4.0 19.0
-13.0 18.9 
-21.0 18.9 
-22.0 18.9 
-22.0 18.9 
-22.0 18.8 
-22.0 18.8 
-21.0 18.8 
-21.0 18.8 
-21.0 18.8 
-20.0 18.8 
-20.0 18.7 
-20.0 18.7 
-20.0 18.7 
-20.0 18.6 
-20.0 18.6 
-19.0 18.6 
-20.0 18.6 
-20.0 18.6 
-20.0 18.6 
-20.0 18.6 
-20.0 18.5 
-20.0 18.5 
-20.0 18.5 
-20.0 18.5 
-20.0 18.5 
-20.0 18.5 
-20.0 18.5 
-20.0 18.5 
-20.0 18.5 
-20.0 18.5 
-20.0 18.4 
-20.0 18.4 
-20.0 18.4 
-20.0 18.4 
-21.0 18.4 
-21.0 18.4 
-22.0 18.4 
-22.0 18.4 
-23.0 18.4 
-22.0 18.4 
-22.0 18.3 
-21.0 18.3 
-14.0 18.3 
-8.0 18.3
9.0 18.3
5.0 18.3
18.0 18.3
8.0 18.3
22.0 18.3
6.0 18.3
84.0 18.3
385 18.3
208 18.3
202 18.3
325 18.4
204 18.4
399 18.4
397 18.4
225 18.4
443 18.5
251 18.6
443 18.6
453 18.7
368 18.7
783 18.8
692 18.8
404 18.9
1750 19.0
379 19.1
1630 19.2
1620 19.3
1610 19.4
1710 19.5
1490 19.6
292 19.7
309 19.7
123 19.8
215 19.9
163 19.9
158 19.9
212 20.0
174 20.0
254 20.0
238 19.9
219 19.8
72.0 19.8
65.0 19.9
107 19.9
47.0 19.9
105 19.9
49.0 19.9
31.0 19.9
15.0 19.9
8.0 19.8
8.0 19.8
-1.0 19.7
-10.0 19.7 
-12.0 19.7 
-12.0 19.6 
-12.0 19.6 
-11.0 19.6 
-12.0 19.6 
-11.0 19.6 
-11.0 19.6 
-12.0 19.5 
-11.0 19.5 
-11.0 19.5 
-11.0 19.5 
-11.0 19.4 
-11.0 19.4 
-11.0 19.4 
-11.0 19.4 
-10.0 19.4 
-10.0 19.3 
-10.0 19.3 
-10.0 19.3 
-10.0 19.3 
-10.0 19.3 
-10.0 19.2 
-10.0 19.2 
-10.0 19.2 
-9.0 19.2
-10.0 19.2 
-9.0 19.2
-9.0 19.1
-9.0 19.1
-9.0 19.1
-9.0 19.1
-9.0 19.0
-10.0 19.0 
-9.0 19.0
-10.0 19.0 
-9.0 18.9
-9.0 18.9
-9.0 18.9
-7.0 18.8
-1.0 18.8
24.0 18.8
51.0 18.8
69.0 18.8
47.0 18.7
61.0 18.7
179 18.7
371 18.7
203 18.7
751 18.7
788 18.7
880 18.7
966 18.7
1050 18.8
1130 18.9
1220 19.0
1290 19.1
1360 19.2
1410 19.3
1470 19.4
1630 19.5
1630 19.6
580 19.7
337 19.8
444 19.9
430 20.0
385 20.0
362 20.1
1870 20.2
1750 20.2
1800 20.2
1790 20.3
1870 20.4
1850 20.6
269 20.7
164 20.8
141 20.8
215 20.9
220 20.9
142 21.0
191 21.0
104 21.0
133 21.0
146 21.1
133 21.1
165 21.1
142 21.1
162 21.1
81.0 21.1
82.0 21.0
43.0 21.0
36.0 21.0
28.0 20.9
28.0 20.8
20.0 20.8
5.0 20.7
-4.0 20.6
-7.0 20.6
-7.0 20.5
-7.0 20.4
-7.0 20.4
-7.0 20.3
-7.0 20.3
-7.0 20.2
-7.0 20.2
-8.0 20.1
-7.0 20.1
-7.0 20.0
-8.0 20.0
-8.0 20.0
-7.0 19.9
-7.0 19.9
-8.0 19.8
-7.0 19.8
-8.0 19.7
-8.0 19.7
-9.0 19.7
-8.0 19.6
-8.0 19.6
-9.0 19.6
-9.0 19.5
-8.0 19.5
-8.0 19.5
-8.0 19.4
-8.0 19.4
-9.0 19.4
-8.0 19.4
-8.0 19.3
-8.0 19.3
-9.0 19.3
-9.0 19.2
-9.0 19.2
-8.0 19.2
-9.0 19.2
-9.0 19.1
-7.0 19.1
-1.0 19.1
7.0 19.0
17.0 19.0
36.0 19.0
72.0 19.0
116 19.0
228 19.0
481 18.9
442 18.9
749 18.9
518 18.9
429 19.0
1010 19.0
1080 19.1
1020 19.1
1210 19.2
649 19.3
1460 19.4
1390 19.5
1430 19.6
1490 19.7
1500 19.8
1590 20.0
1640 20.1
1630 20.3
1800 20.4
326 20.6
283 20.7
311 20.8
1740 20.8
1680 20.8
1680 20.8
637 20.8
375 20.9
467 21.1
244 21.2
165 21.6
292 21.6
265 21.3
219 21.2
287 21.2
200 21.3
113 21.4
123 21.4
161 21.5
143 21.5
129 21.5
127 21.4
99.0 21.4
52.0 21.4
40.0 21.3
42.0 21.3
8.0 21.2
-5.0 21.2
-5.0 21.1
-6.0 21.1
-6.0 21.0
-6.0 21.0
-7.0 20.9
-6.0 20.9
-6.0 20.8
-6.0 20.8
-7.0 20.7
-7.0 20.6
-6.0 20.6
-7.0 20.6
-7.0 20.5
-8.0 20.5
-7.0 20.4
-7.0 20.4
-7.0 20.4
-8.0 20.3
-8.0 20.3
-7.0 20.2
-8.0 20.2
-8.0 20.2
-8.0 20.2
-8.0 20.1
-9.0 20.1
-8.0 20.1
-8.0 20.0
-8.0 20.0
-9.0 20.0
-8.0 20.0
-8.0 19.9
-8.0 19.9
-8.0 19.9
-9.0 19.8
-8.0 19.8
-8.0 19.8
-9.0 19.7
-9.0 19.7
-9.0 19.6
-8.0 19.6
-7.0 19.6
-5.0 19.6
4.0 19.5
27.0 19.5
18.0 19.5
24.0 19.5
80.0 19.5
99.0 19.4
140 19.4
233 19.4
22.0 19.4
94.0 19.4
92.0 19.4
98.0 19.4
122 19.4
77.0 19.4
118 19.4
126 19.4
126 19.4
164 19.4
208 19.4
198 19.4
132 19.4
122 19.4
103 19.4
75.0 19.4
79.0 19.4
99.0 19.3
96.0 19.3
86.0 19.3
264 19.3
60.0 19.3
321 19.2
225 19.2
245 19.2
190 19.2
121 19.2
185 19.2
66.0 19.2
145 19.1
116 19.1
118 19.1
258 19.0
176 19.0
209 19.0
192 19.0
219 19.0
185 19.0
136 18.9
55.0 18.9
87.0 18.9
64.0 18.9
49.0 18.8
3.0 18.8
15.0 18.7
12.0 18.7
-6.0 18.6
-10.0 18.6 
-10.0 18.5 
-9.0 18.4
-10.0 18.3 
-10.0 18.3 
-10.0 18.2 
-9.0 18.2
-9.0 18.1
-9.0 18.0
-8.0 18.0
-9.0 17.9
-10.0 17.8 
-9.0 17.8
-9.0 17.7
-10.0 17.6 
-9.0 17.6
-9.0 17.5
-9.0 17.5
-9.0 17.4
-9.0 17.4
-9.0 17.3
-8.0 17.3
-9.0 17.2
-9.0 17.2
-9.0 17.1
-9.0 17.1
-9.0 17.0
-8.0 17.0
-9.0 16.9
-9.0 16.9
-9.0 16.8
-9.0 16.8
-9.0 16.7
-8.0 16.6
-9.0 16.6
-9.0 16.5
-8.0 16.5
-9.0 16.4
-5.0 16.4
6.0 16.4
20.0 16.3
34.0 16.3
44.0 16.3
55.0 16.2
64.0 16.2
173 16.2
500 16.1
611 16.1
705 16.1
798 16.1
889 16.1
972 16.2
1060 16.2
1140 16.3
1220 16.5
1290 16.6
1360 16.7
1410 16.8
1470 16.9
1510 17.0
1560 17.1
1600 17.2
1630 17.3
1660 17.4
1670 17.5
1680 17.6
1680 17.8
1680 17.9
1680 18.0
1660 18.0
1640 18.1
1610 18.2
679 18.2
91.0 18.3
86.0 18.4
80.0 18.6
78.0 18.7
75.0 18.8
71.0 18.8
68.0 18.9
66.0 19.0
63.0 19.0
59.0 19.0
57.0 19.1
55.0 19.0
54.0 19.0
51.0 19.0
48.0 19.0
43.0 19.0
45.0 18.9
44.0 18.8
39.0 18.7
34.0 18.6
23.0 18.6
10.0 18.5
-1.0 18.4
-5.0 18.4
-7.0 18.3
-6.0 18.2
-5.0 18.2
-6.0 18.1
-5.0 18.1
-5.0 18.0
-6.0 18.0
-6.0 18.0
-6.0 17.9
-6.0 17.9
-6.0 17.8
-6.0 17.8
-5.0 17.7
-5.0 17.7
-5.0 17.7
-6.0 17.6
-6.0 17.6
-5.0 17.6
-6.0 17.5
-6.0 17.5
-6.0 17.4
-6.0 17.4
-6.0 17.4
-6.0 17.4
-6.0 17.3
-6.0 17.3
-6.0 17.3
-6.0 17.2
-7.0 17.2
-7.0 17.2
-6.0 17.2
-7.0 17.2
-7.0 17.1
-7.0 17.1
-6.0 17.1
-6.0 17.1
-7.0 17.0
-3.0 17.0
7.0 17.0
26.0 16.9
46.0 16.9
66.0 16.9
93.0 16.9
105 16.9
173 16.8
279 16.8
549 16.8
519 16.9
682 16.9
590 17.0
728 17.0
967 17.2
1040 17.3
1140 17.4
1220 17.5
1310 17.6
1370 17.7
1440 17.8
1480 17.9
1510 18.1
1530 18.2
1500 18.4
1440 18.6
1600 18.7
1560 18.9
1640 19.0
1620 19.1
1600 19.2
1520 19.3
1470 19.4
1520 19.5
914 19.7
263 19.8
256 19.9
235 19.9
260 20.0
244 20.0
206 20.1
272 20.1
222 20.2
206 20.2
202 20.2
178 20.2
154 20.2
186 20.2
114 20.2
130 20.2
109 20.1
99.0 20.1
90.0 20.1
61.0 20.0
39.0 20.0
22.0 19.9
10.0 19.8
0.0 19.8
-4.0 19.7
-4.0 19.7
-4.0 19.6
-5.0 19.6
-5.0 19.5
-5.0 19.4
-5.0 19.4
-5.0 19.3
-5.0 19.3
-5.0 19.2
-4.0 19.2
-5.0 19.1
-5.0 19.1
-4.0 19.0
-5.0 19.0
-5.0 18.9
-6.0 18.9
-5.0 18.8
-6.0 18.8
-5.0 18.8
-5.0 18.7
-5.0 18.7
-5.0 18.7
-5.0 18.6
-5.0 18.6
-5.0 18.6
-6.0 18.6
-5.0 18.5
-6.0 18.5
-6.0 18.5
-5.0 18.4
-5.0 18.4
-5.0 18.4
-6.0 18.4
-5.0 18.3
-6.0 18.3
-6.0 18.3
-5.0 18.3
1.0 18.2
17.0 18.2
44.0 18.2
69.0 18.1
92.0 18.1
129 18.1
151 18.1
195 18.1
296 18.1
461 18.1
565 18.1
677 18.1
853 18.1
809 18.2
1050 18.2
1000 18.4
943 18.5
911 18.6
1170 18.6
1510 18.7
1590 18.8
1280 18.8
1640 18.9
1060 19.0
1610 19.1
1630 19.2
1630 19.3
1620 19.4
1650 19.5
1520 19.6
1560 19.7
1600 19.8
1510 19.8
1310 20.0
787 20.1
857 20.3
269 20.4
286 20.5
250 20.6
234 20.7
169 20.9
126 21.0
123 21.0
138 21.0
173 21.0
169 21.1
175 21.1
178 21.1
164 21.1
149 21.1
121 21.1
104 21.1
71.0 21.1
46.0 21.0
40.0 21.0
22.0 20.9
7.0 20.9
-1.0 20.8
-4.0 20.8
-5.0 20.7
-6.0 20.7
-5.0 20.7
-5.0 20.6
-5.0 20.6
-5.0 20.6
-6.0 20.5
-5.0 20.5
-5.0 20.5
-6.0 20.4
-6.0 20.4
-6.0 20.4
-6.0 20.4
-5.0 20.3
-6.0 20.3
-6.0 20.3
-7.0 20.2
-7.0 20.2
-7.0 20.2
-6.0 20.2
-7.0 20.2
-6.0 20.2
-6.0 20.2
-7.0 20.1
-7.0 20.1
-7.0 20.1
-7.0 20.1
-7.0 20.1
-7.0 20.1
-6.0 20.1
-8.0 20.1
-7.0 20.0
-7.0 20.0
-8.0 20.0
-8.0 20.0
-7.0 20.0
-8.0 20.0
-7.0 20.0
-5.0 20.0
2.0 19.9
12.0 19.9
19.0 19.9
55.0 19.9
54.0 19.9
53.0 19.9
45.0 19.9
46.0 19.9
56.0 19.9
66.0 19.9
97.0 19.8
135 19.8
158 19.8
262 19.8
144 19.8
170 19.8
194 19.8
247 19.9
270 19.9
354 19.9
345 19.9
398 19.9
384 19.9
424 20.0
335 20.0
179 20.0
309 20.0
295 20.0
278 20.0
210 20.0
190 20.0
207 20.0
104 20.0
87.0 20.0
43.0 20.0
50.0 19.9
211 19.9
146 19.9
50.0 19.9
81.0 19.9
114 19.9
64.0 19.9
11.0 19.8
6.0 19.8
31.0 19.8
87.0 19.8
49.0 19.8
53.0 19.7
23.0 19.7
-11.0 19.7 
-12.0 19.6 
-12.0 19.6 
-15.0 19.6 
-20.0 19.5 
-23.0 19.5 
-24.0 19.4 
-25.0 19.4 
-26.0 19.4 
-26.0 19.4 
-27.0 19.3 
-26.0 19.3 
-27.0 19.3 
-27.0 19.3 
-27.0 19.2 
-27.0 19.2 
-28.0 19.2 
-28.0 19.1 
-28.0 19.1 
-28.0 19.0 
-27.0 19.0 
-28.0 19.0 
-28.0 19.0 
-29.0 18.9 
-28.0 18.9 
-28.0 18.8 
-28.0 18.8 
-29.0 18.8 
-29.0 18.8 
-29.0 18.7 
-30.0 18.7 
-31.0 18.6 
-34.0 18.6 
-39.0 18.5 
-48.0 18.5 
-49.0 16.6 
-41.0 16.6 
-18.0 16.5 
29.0 16.5
-7.0 16.5
-11.0 16.5 
12.0 16.5
-4.0 16.5
43.0 16.4
106 16.4
49.0 16.4
59.0 16.4
52.0 16.4
46.0 16.4
33.0 16.4
-11.0 16.4 
13.0 16.4
13.0 16.4
35.0 16.3
-9.0 16.4
5.0 16.4
15.0 16.6
30.0 16.6
74.0 16.7
149 16.7
138 16.8
276 16.8
331 16.7
148 16.7
67.0 16.7
66.0 16.7
91.0 16.6
192 16.6
84.0 16.6
47.0 16.6
102 16.6
38.0 16.6
8.0 16.6
39.0 16.7
41.0 16.7
30.0 16.7
24.0 16.7
0.0 16.7
-12.0 16.7 
-2.0 16.7
6.0 16.7
-5.0 16.7
-7.0 16.7
-28.0 16.7 
-28.0 16.7 
-39.0 16.8 
-44.0 16.9 
-50.0 16.9 
-29.0 16.9 
17.0 16.9
24.0 16.9
73.0 16.9
-23.0 16.9 
-2.0 16.9
189 16.9
177 16.9
119 17.0
167 17.0
161 17.0
146 17.0
124 17.0
212 17.1
151 17.1
113 17.1
93.0 17.1
120 17.1
212 17.2
228 17.2
165 17.3
172 17.3
426 17.4
87.0 17.4
245 17.5
251 17.6
405 17.6
301 17.6
437 17.7
301 17.7
340 17.8
350 17.8
313 17.8
300 17.9
295 17.9
131 17.9
112 18.0
73.0 18.0
70.0 18.0
87.0 18.1
126 18.1
-8.0 18.1
-14.0 18.2 
31.0 18.2
-24.0 18.2 
-29.0 18.2 
-35.0 18.2 
-43.0 18.2 
-46.0 18.2 
-48.0 17.8 
-33.0 17.8 
-29.0 17.8 
-27.0 17.8 
15.0 17.8
36.0 17.8
54.0 17.8
80.0 17.8
72.0 17.8
194 17.8
166 17.8
239 17.8
676 17.8
579 17.8
713 17.8
175 17.8
212 17.9
176 17.9
211 17.9
121 17.9
-16.0 17.9 
-48.0 18.0 
-16.0 18.0 
-34.0 19.5 
7.0 19.8
102 19.9
871 20.0
1560 20.0
1330 20.0
764 20.0
223 20.0
223 20.1
263 19.9
246 19.8
244 19.8
165 19.7
174 19.7
182 19.8
188 19.8
196 19.9
179 19.9
120 19.9
74.0 19.9
72.0 20.0
54.0 20.0
9.0 20.0
-38.0 20.0 
-8.0 19.5
61.0 19.5
29.0 19.5
50.0 19.5
55.0 19.5
35.0 19.5
71.0 19.5
21.0 19.5
109 19.5
20.0 19.5
33.0 19.5
-13.0 19.5 
-37.0 19.5 
15.0 19.5
165 19.5
478 19.5
297 19.5
350 19.6
1040 19.6
1530 19.8
1530 19.9
1560 20.1
1580 20.2
1590 20.4
1600 20.5
1590 20.6
1590 20.8
1590 20.8
1570 20.8
1550 21.0
85.0 21.1
112 21.3
142 21.5
104 21.7
122 21.8
30.0 21.9
119 22.1
112 22.1
79.0 22.2
73.0 22.1
92.0 22.1
95.0 22.1
35.0 22.0
57.0 22.0
5.0 22.0
36.0 22.0
-12.0 22.0 
-18.0 22.0 
-21.0 22.0 
-22.0 22.0 
-28.0 21.9 
-38.0 21.9 
-46.0 21.9 
-49.0 21.1 
-49.0 21.1 
-45.0 21.1 
-44.0 21.0 
-42.0 21.0 
-41.0 20.9 
-40.0 20.9 
-38.0 20.8 
-36.0 20.8 
-33.0 20.8 
-32.0 20.7 
-30.0 20.7 
-29.0 20.6 
-28.0 20.6 
-27.0 20.6 
-21.0 20.5 
-9.0 20.5
5.0 20.5
17.0 20.4
29.0 20.4
60.0 20.4
61.0 20.4
387 20.3
499 20.3
619 20.3
714 20.3
801 20.2
889 20.3
967 20.3
1060 20.3
1140 20.4
1220 20.5
1280 20.6
1350 20.6
1410 20.7
1460 20.8
1520 20.9
1620 21.0
1610 21.1
1650 21.2
1730 21.3
1740 21.4
1760 21.5
1660 21.6
1310 21.7
1380 21.8
482 21.8
326 21.8
267 21.8
267 21.8
310 21.8
319 21.9
328 22.0
151 22.0
191 22.0
173 22.0
101 22.0
192 22.0
207 22.0
148 22.1
96.0 22.1
128 22.1
88.0 22.0
61.0 22.0
48.0 22.0
39.0 21.9
51.0 21.8
31.0 21.8
30.0 21.7
25.0 21.7
27.0 21.6
5.0 21.6
-3.0 21.5
-9.0 21.4
-13.0 21.4 
-13.0 21.3 
-13.0 21.2 
-13.0 21.2 
-14.0 21.1 
-12.0 21.1 
-12.0 21.0 
-11.0 21.0 
-11.0 20.9 
-11.0 20.9 
-11.0 20.8 
-10.0 20.8 
-10.0 20.8 
-10.0 20.7 
-10.0 20.6 
-10.0 20.6 
-10.0 20.6 
-10.0 20.5 
-10.0 20.5 
-10.0 20.5 
-10.0 20.5 
-10.0 20.4 
-10.0 20.4 
-10.0 20.4 
-10.0 20.4 
-10.0 20.3 
-10.0 20.3 
-11.0 20.3 
-11.0 20.2 
-11.0 20.2 
-12.0 20.2 
-11.0 20.1 
-11.0 20.1 
-12.0 20.0 
-12.0 20.0 
-12.0 20.0 
-11.0 19.9 
-5.0 19.9
7.0 19.9
20.0 19.8
33.0 19.8
44.0 19.8
61.0 19.7
75.0 19.7
410 19.7
533 19.6
629 19.6
720 19.6
760 19.6
897 19.5
1000 19.6
1080 19.6
1190 19.6
463 19.7
1490 19.8
994 19.8
1590 19.9
1490 20.0
1640 20.1
603 20.2
1760 20.3
609 20.4
988 20.5
1800 20.5
1930 20.6
1620 20.7
1830 20.8
1670 19.3
1640 21.0
1630 21.0
196 21.1
268 21.4
197 21.4
181 21.4
283 21.4
77.0 21.4
76.0 21.4
90.0 21.4
58.0 21.5
65.0 21.5
58.0 21.5
52.0 21.5
47.0 21.5
45.0 21.5
44.0 21.4
40.0 21.4
39.0 21.3
36.0 21.2
33.0 21.2
29.0 21.1
25.0 21.0
19.0 20.9
12.0 20.9
3.0 20.8
-4.0 20.7
-7.0 20.6
-6.0 20.6
-7.0 20.5
-7.0 20.4
-7.0 20.4
-6.0 20.3
-7.0 20.2
-6.0 20.2
-6.0 20.1
-6.0 20.1
-6.0 20.0
-6.0 20.0
-6.0 19.9
-5.0 19.8
-5.0 19.8
-5.0 19.7
-5.0 19.7
-5.0 19.6
-4.0 19.5
-5.0 19.5
-5.0 19.4
-5.0 19.4
-5.0 19.3
-5.0 19.3
-5.0 19.2
-5.0 19.1
-5.0 19.1
-5.0 19.0
-5.0 19.0
-5.0 18.9
-6.0 18.9
-5.0 18.8
-5.0 18.8
-6.0 18.8
-6.0 18.7
-6.0 18.7
-4.0 18.6
3.0 18.6
14.0 18.6
25.0 18.5
35.0 18.5
44.0 18.4
55.0 18.4
91.0 18.4
424 18.3
563 18.2
657 18.2
749 18.2
842 18.2
934 18.2
1020 18.3
1100 18.3
1190 18.4
1270 18.5
1320 18.6
1380 18.7
1440 18.8
1490 18.9
1540 19.0
1820 19.1
1630 19.2
1190 19.3
1740 19.4
1850 19.5
372 19.6
341 19.6
1080 19.7
1830 19.7
966 19.8
1420 19.8
1150 19.9
327 19.9
350 20.0
271 19.9
179 19.9
167 20.0
264 20.1
229 20.1
179 20.1
185 20.1
115 20.1
65.0 20.1
51.0 20.1
51.0 20.0
50.0 20.0
46.0 20.0
42.0 20.0
39.0 19.9
36.0 19.9
36.0 19.8
29.0 19.8
29.0 19.7
27.0 19.7
12.0 19.6
0.0 19.6
-4.0 19.5
-7.0 19.4
-6.0 19.4
-6.0 19.3
-6.0 19.3
-6.0 19.2
-6.0 19.2
-6.0 19.1
-7.0 19.0
-8.0 19.0
-6.0 18.9
-7.0 18.9
-6.0 18.8
-7.0 18.8
-6.0 18.7
-7.0 18.7
-7.0 18.6
-7.0 18.6
-7.0 18.6
-7.0 18.5
-8.0 18.5
-8.0 18.5
-8.0 18.4
-8.0 18.4
-9.0 18.4
-8.0 18.4
-8.0 18.4
-8.0 18.3
-9.0 18.3
-9.0 18.3
-9.0 18.3
-9.0 18.2
-10.0 18.2 
-10.0 18.2 
-10.0 18.2 
-10.0 18.1 
-10.0 18.1 
-10.0 18.1 
-9.0 18.1
-6.0 18.0
0.0 18.0
11.0 18.0
31.0 18.0
21.0 17.9
74.0 17.9
55.0 17.9
41.0 17.8
59.0 17.8
39.0 17.8
43.0 17.8
78.0 17.7
43.0 17.7
93.0 17.7
113 17.7
56.0 17.7
62.0 17.6
69.0 17.6
125 17.6
160 17.6
187 17.6
242 17.6
154 17.5
177 17.5
266 17.5
202 17.5
166 17.5
259 17.4
273 17.4
199 17.4
253 17.4
136 17.4
135 17.4
183 17.4
146 17.4
263 17.4
200 17.3
187 17.3
155 17.3
162 17.3
75.0 17.3
76.0 17.2
114 17.2
70.0 17.2
26.0 17.1
46.0 17.1
50.0 17.1
88.0 17.0
45.0 17.0
46.0 17.0
26.0 16.9
0.0 16.9
4.0 16.8
-4.0 16.8
-12.0 16.7 
-18.0 16.7 
-21.0 16.6 
-23.0 16.6 
-23.0 16.6 
-23.0 16.6 
-24.0 16.5 
-23.0 16.5 
-25.0 16.4 
-24.0 16.4 
-25.0 16.4 
-24.0 16.3 
-25.0 16.3 
-26.0 16.2 
-26.0 16.2 
-32.0 16.2 
-40.0 16.1 
-43.0 16.1 
-47.0 16.0 
-45.0 16.0 
-45.0 15.9 
-45.0 15.8 
-45.0 15.7 
-45.0 15.5 
-46.0 15.3 
-46.0 15.2 
-47.0 15.1 
-48.0 15.1 
-49.0 15.1 
-41.0 13.9 
-36.0 13.9 
-17.0 13.9 
-33.0 13.8 
-21.0 13.8 
-18.0 13.8 
-14.0 13.8 
54.0 13.7
43.0 13.7
59.0 13.7
58.0 13.7
236 13.7
224 13.7
122 13.7
112 13.7
150 13.7
183 13.7
288 13.7
183 13.7
103 13.8
115 13.8
89.0 13.8
97.0 13.8
148 13.8
252 13.8
113 13.8
118 13.8
217 13.8
214 13.8
281 13.8
173 13.8
75.0 13.8
112 13.8
216 13.9
199 13.9
157 13.9
93.0 13.9
54.0 13.9
68.0 13.9
137 13.9
134 13.9
82.0 13.9
133 13.9
72.0 13.9
22.0 13.9
74.0 13.9
68.0 13.9
17.0 13.9
-13.0 13.9 
-26.0 13.9 
-8.0 13.9
-37.0 13.9 
-46.0 13.9 
-36.0 13.8 
37.0 13.7
23.0 13.7
111 13.7
141 13.7
81.0 13.7
181 13.7
365 13.7
73.0 13.7
209 13.8
307 13.8
248 13.8
150 13.8
135 13.9
538 13.9
629 13.9
272 14.0
735 14.0
337 14.0
1840 14.1
495 14.2
1900 14.3
1460 14.4
358 14.6
247 14.7
293 14.7
1770 14.8
161 14.8
1140 14.9
1640 15.0
331 15.1
642 15.2
207 15.2
298 15.2
93.0 15.2
123 15.3
191 15.4
107 15.4
84.0 15.5
90.0 15.5
12.0 15.6
42.0 15.6
103 15.6
88.0 15.6
125 15.6
78.0 15.6
87.0 15.6
74.0 15.6
36.0 15.6
21.0 15.5
-10.0 15.5 
-19.0 15.5 
-30.0 15.5 
-44.0 15.4 
-48.0 15.4 
-50.0 15.2 
-49.0 15.2 
-49.0 15.2 
-48.0 15.2 
-47.0 15.2 
-45.0 15.2 
-45.0 15.2 
-42.0 15.2 
-41.0 15.2 
-39.0 15.2 
-39.0 15.2 
-37.0 15.2 
-37.0 15.2 
-36.0 15.2 
-36.0 15.2 
-35.0 15.1 
-36.0 15.1 
-38.0 15.1 
-37.0 15.1 
-36.0 15.1 
-36.0 15.1 
-36.0 15.0 
-36.0 15.0 
-36.0 15.0 
-35.0 15.0 
-30.0 15.0 
-23.0 15.0 
-14.0 15.0 
7.0 15.0
26.0 14.9
50.0 14.9
79.0 14.9
117 14.9
156 14.9
229 14.9
257 14.9
288 14.9
414 14.9
459 14.9
696 15.0
684 15.0
1160 15.0
642 15.1
698 15.2
691 15.3
1720 15.4
1740 15.4
1580 15.5
401 15.6
1170 15.8
1770 15.8
1950 15.9
1740 16.0
241 16.1
178 16.2
718 16.2
964 16.2
449 16.2
232 16.3
402 16.3
355 16.3
74.0 16.3
275 16.3
112 16.2
222 16.2
148 16.2
197 16.3
181 16.3
63.0 16.4
143 16.4
40.0 16.4
161 16.4
37.0 16.4
34.0 16.5
50.0 16.5
62.0 16.5
25.0 16.5
58.0 16.5
25.0 16.5
42.0 16.4
9.0 16.4
9.0 16.4
-3.0 16.3
-11.0 16.3 
-14.0 16.2 
-16.0 16.2 
-19.0 16.2 
-20.0 16.1 
-19.0 16.1 
-21.0 16.0 
-20.0 16.0 
-22.0 16.0 
-22.0 15.9 
-22.0 15.9 
-22.0 15.9 
-22.0 15.9 
-21.0 15.8 
-20.0 15.8 
-18.0 15.8 
-15.0 15.8 
-15.0 15.8 
-15.0 15.8 
-15.0 15.7 
-15.0 15.7 
-15.0 15.7 
-14.0 15.7 
-14.0 15.7 
-14.0 15.6 
-14.0 15.6 
-13.0 15.6 
-13.0 15.6 
-13.0 15.6 
-13.0 15.5 
-13.0 15.5 
-13.0 15.5 
-13.0 15.4 
-14.0 15.4 
-13.0 15.4 
-14.0 15.4 
-14.0 15.3 
-12.0 15.3 
-4.0 15.3
6.0 15.3
17.0 15.2
25.0 15.2
33.0 15.2
44.0 15.2
84.0 15.2
467 15.1
572 15.1
648 15.1
698 15.1
722 15.1
934 15.2
1010 15.2
972 15.3
1190 15.4
1220 15.6
1040 15.7
1380 15.8
1000 15.9
1520 16.0
1330 16.2
1140 16.3
1620 16.4
429 16.6
1890 16.7
428 16.8
1710 16.8
1880 16.9
368 17.0
1700 17.0
489 17.1
523 17.1
342 17.2
356 17.2
422 17.2
197 17.2
293 17.2
280 17.3
250 17.3
227 17.4
286 17.4
294 17.4
249 17.4
176 17.4
220 17.4
191 17.4
164 17.4
157 17.4
142 17.4
110 17.3
99.0 17.3
84.0 17.3
63.0 17.2
44.0 17.2
35.0 17.1
20.0 17.1
7.0 17.0
-2.0 17.0
-5.0 16.9
-5.0 16.9
-6.0 16.8
-6.0 16.8
-7.0 16.8
-7.0 16.8
-6.0 16.8
-7.0 16.7
-7.0 16.7
-6.0 16.7
-6.0 16.7
-6.0 16.6
-6.0 16.6
-6.0 16.6
-6.0 16.6
-7.0 16.6
-7.0 16.6
-6.0 16.6
-7.0 16.5
-7.0 16.5
-7.0 16.5
-7.0 16.5
-6.0 16.5
-7.0 16.5
-7.0 16.5
-7.0 16.5
-7.0 16.5
-7.0 16.4
-8.0 16.4
-7.0 16.4
-8.0 16.4
-7.0 16.4
-8.0 16.3
-8.0 16.3
-8.0 16.3
-8.0 16.3
-5.0 16.2
3.0 16.2
14.0 16.2
25.0 16.2
36.0 16.2
44.0 16.1
60.0 16.1
191 16.1
476 16.1
563 16.0
657 16.0
747 16.0
837 16.0
923 16.1
1000 16.1
1080 16.2
1160 16.3
1240 16.4
1310 16.6
1380 16.7
1430 16.8
1480 16.9
1540 17.1
1580 17.2
1650 17.3
1670 17.4
1730 17.5
1450 17.7
1400 17.7
1760 17.8
1710 17.9
1760 18.0
1740 18.1
1730 18.2
189 18.2
166 18.4
202 18.5
196 18.6
239 18.6
189 18.6
168 18.7
204 18.8
190 18.9
198 18.9
183 18.9
157 18.9
144 19.0
89.0 19.0
91.0 19.0
65.0 19.1
64.0 19.1
45.0 19.1
58.0 19.1
41.0 19.0
32.0 19.0
28.0 19.0
22.0 18.9
15.0 18.9
6.0 18.9
-1.0 18.9
-5.0 18.9
-5.0 18.8
-5.0 18.8
-5.0 18.7
-5.0 18.7
-5.0 18.6
-5.0 18.6
-5.0 18.6
-5.0 18.6
-5.0 18.5
-6.0 18.5
-5.0 18.5
-5.0 18.4
-5.0 18.4
-5.0 18.4
-6.0 18.4
-5.0 18.3
-5.0 18.3
-6.0 18.3
-5.0 18.3
-6.0 18.2
-5.0 18.2
-5.0 18.2
-6.0 18.2
-6.0 18.1
-6.0 18.1
-6.0 18.1
-6.0 18.0
-6.0 18.0
-6.0 18.0
-7.0 18.0
-7.0 17.9
-7.0 17.9
-7.0 17.9
-7.0 17.8
-8.0 17.8
-4.0 17.8
6.0 17.7
29.0 17.7
51.0 17.7
86.0 17.6
111 17.6
139 17.6
201 17.6
293 17.6
285 17.6
307 17.6
362 17.6
371 17.6
386 17.6
556 17.7
520 17.7
722 17.8
639 17.8
761 17.9
734 17.9
703 18.0
593 18.1
798 18.2
845 18.2
792 18.2
731 18.3
794 18.4
616 18.5
599 18.5
540 18.5
504 18.6
529 18.6
542 18.6
370 18.7
354 18.7
360 18.7
352 18.7
326 18.7
308 18.7
335 18.7
302 18.7
292 18.7
222 18.7
269 18.8
267 18.8
256 18.8
238 18.8
202 18.8
97.0 18.8
163 18.8
134 18.8
125 18.8
87.0 18.8
75.0 18.8
60.0 18.8
46.0 18.7
27.0 18.7
11.0 18.6
3.0 18.6
-3.0 18.6
-5.0 18.5
-5.0 18.5
-5.0 18.4
-5.0 18.4
-5.0 18.4
-5.0 18.4
-5.0 18.3
-5.0 18.3
-5.0 18.3
-5.0 18.2
-5.0 18.2
-5.0 18.2
-5.0 18.2
-5.0 18.2
-6.0 18.1
-5.0 18.1
-5.0 18.1
-5.0 18.1
-5.0 18.1
-5.0 18.1
-6.0 18.1
-5.0 18.0
-5.0 18.0
-6.0 18.0
-6.0 18.0
-7.0 18.0
-6.0 18.0
-7.0 17.9
-8.0 17.9
-8.0 17.9
-8.0 17.9
-9.0 17.9
-9.0 17.8
-8.0 17.8
-9.0 17.8
-9.0 17.8
-9.0 17.7
-7.0 17.7
-5.0 17.7
4.0 17.7
13.0 17.6
10.0 17.6
13.0 17.6
28.0 17.6
46.0 17.5
61.0 17.5
78.0 17.5
87.0 17.5
88.0 17.4
108 17.4
127 17.4
127 17.4
140 17.4
153 17.4
162 17.4
191 17.4
175 17.4
161 17.4
238 17.4
251 17.4
248 17.3
246 17.3
239 17.3
266 17.3
174 17.3
187 17.3
148 17.3
143 17.3
169 17.2
244 17.2
74.0 17.1
259 17.0
263 17.0
159 16.9
204 16.9
128 16.9
79.0 16.9
155 16.9
140 16.9
100 16.9
42.0 16.9
73.0 16.9
99.0 16.9
76.0 16.9
80.0 16.9
22.0 16.9
46.0 16.9
9.0 16.9
14.0 16.8
10.0 16.8
-10.0 16.8 
-22.0 16.8 
-39.0 16.8 
-43.0 16.7 
-48.0 16.7 
-46.0 15.0 
-30.0 14.9 
7.0 14.9
20.0 14.9
131 14.9
180 14.9
204 14.9
224 14.9
91.0 14.9
91.0 14.9
94.0 14.9
105 14.9
104 14.9
75.0 15.0
165 15.0
209 15.0
157 15.0
205 15.0
75.0 15.0
166 15.0
441 15.1
335 15.1
455 15.1
176 15.1
496 15.2
417 15.2
382 15.3
608 15.4
1440 15.4
433 15.5
440 15.5
301 15.6
321 15.6
335 15.7
228 15.7
225 15.8
286 15.8
268 15.9
267 16.0
159 16.0
211 16.1
205 16.1
156 16.2
159 16.2
118 16.3
113 16.3
77.0 16.4
106 16.4
40.0 16.4
24.0 16.4
33.0 16.5
17.0 16.5
-22.0 16.5 
-47.0 16.5 
-38.0 16.7 
12.0 16.7
-7.0 16.7
20.0 16.7
55.0 16.7
47.0 16.7
17.0 16.7
18.0 16.7
47.0 16.8
-10.0 16.8 
32.0 16.8
97.0 16.8
95.0 16.8
125 16.8
136 16.8
132 16.9
101 16.9
217 16.9
297 17.0
1500 17.0
489 17.1
1530 17.2
1600 17.4
1630 17.6
1600 17.8
1390 17.9
309 18.1
273 18.2
238 18.3
115 18.3
73.0 18.3
95.0 18.3
117 18.3
162 18.3
62.0 18.3
30.0 18.3
110 18.3
69.0 18.3
119 18.3
112 18.3
120 18.3
103 18.4
57.0 18.4
77.0 18.4
55.0 18.4
29.0 18.4
-8.0 18.4
-7.0 18.4
-29.0 18.4 
-49.0 18.4 
-47.0 18.5 
-44.0 18.3 
-47.0 18.3 
10.0 18.3
25.0 18.2
64.0 18.2
141 18.1
537 18.0
268 18.0
203 18.0
146 18.0
525 18.0
307 18.0
372 18.0
953 18.0
1140 18.0
438 18.1
537 18.1
866 18.2
1360 18.2
537 18.2
1280 18.3
335 18.4
1740 18.4
448 18.5
1650 18.5
1680 18.6
103 18.6
1660 18.7
1520 18.7
131 18.8
99.0 18.8
148 18.9
129 19.0
275 19.0
267 19.1
175 19.1
-4.0 19.1
4.0 19.1
109 19.0
210 19.0
46.0 19.0
80.0 19.1
-27.0 19.1 
-14.0 19.1 
86.0 19.0
39.0 19.1
60.0 19.1
29.0 19.3
-6.0 19.1
-13.0 19.0 
-26.0 18.9 
-34.0 18.9 
-49.0 18.8 
