13.2 958
13.4 959
13.5 959
13.5 959
13.5 958
13.4 958
13.3 958
13.4 958
13.4 958
13.4 958
13.3 958
13.3 958
13.3 958
13.3 958
13.3 958
13.4 958
13.4 958
13.5 958
13.5 958
13.6 958
13.6 958
13.6 958
13.3 958
13.0 958
13.0 958
12.8 958
12.6 958
12.8 958
13.4 959
13.5 959
13.7 959
13.8 959
14.0 959
14.1 959
14.1 959
14.4 959
14.3 960
14.3 960
14.7 960
15.0 960
15.1 960
14.7 960
14.3 960
14.2 960
14.9 960
15.7 961
15.5 961
15.5 961
16.4 961
17.1 961
17.1 961
17.7 961
17.3 961
17.2 961
16.7 961
16.5 962
16.3 961
15.9 962
16.3 962
15.6 962
16.3 962
16.4 962
17.3 962
17.8 962
18.0 961
18.6 961
19.3 961
19.5 961
19.3 961
19.4 961
18.8 962
19.0 962
19.0 962
19.0 962
18.4 962
18.2 962
17.8 962
17.9 962
17.6 962
17.4 962
17.0 962
16.5 962
16.1 962
15.3 962
14.9 963
14.6 963
14.3 963
13.8 963
13.5 963
12.8 963
12.5 963
12.5 964
12.4 964
11.7 964
11.9 963
12.0 963
11.4 963
11.0 963
11.8 963
12.3 963
12.6 963
12.9 963
12.4 963
12.1 963
11.1 963
11.2 963
11.6 963
12.1 963
11.9 963
11.0 963
11.3 963
11.7 963
12.0 963
11.9 963
11.7 963
10.8 963
10.6 963
10.6 963
10.6 963
10.7 963
10.9 963
10.9 963
10.8 964
10.6 964
10.0 964
9.8 964
9.8 964
9.8 964
9.8 964
9.9 964
10.1 964
10.6 964
11.2 964
11.6 964
12.1 964
12.4 964
12.7 964
12.7 964
13.1 964
12.8 964
13.0 964
13.0 964
13.0 964
13.3 964
13.7 964
13.7 964
14.2 964
14.5 964
14.0 964
14.0 964
14.5 964
15.6 964
15.7 964
16.0 964
16.3 964
16.4 964
12.2 964
9.9 965
9.3 965
9.7 965
10.6 965
11.3 965
12.1 965
12.4 965
13.0 965
13.0 965
13.3 965
12.6 965
13.7 965
13.5 965
13.0 965
12.6 965
12.2 965
11.4 966
10.5 966
10.2 966
9.9 966
9.7 965
9.6 966
9.3 966
9.1 966
9.1 966
8.7 966
8.4 966
8.4 966
8.4 966
8.2 966
8.2 966
8.1 966
8.0 966
7.8 967
7.4 967
7.4 967
7.4 967
7.4 967
7.2 967
7.0 967
6.7 967
6.3 967
5.9 967
5.9 967
6.8 967
6.7 967
6.6 967
6.6 967
6.4 967
6.1 967
5.8 967
6.1 967
6.8 967
7.0 967
6.6 967
6.4 967
6.3 967
6.2 967
6.2 967
6.0 968
5.7 968
5.6 968
5.5 968
5.9 968
6.4 968
7.0 968
7.2 968
7.3 969
7.6 969
7.8 969
8.3 969
8.6 969
9.3 969
9.9 969
10.6 969
11.0 969
11.7 969
12.4 969
12.6 969
13.3 969
13.4 969
13.8 969
13.9 969
14.3 969
14.6 969
14.9 968
15.4 968
15.8 968
15.9 968
15.7 968
16.3 968
16.6 968
16.6 968
17.2 968
17.2 967
17.3 967
16.9 967
16.8 967
17.5 967
17.9 967
18.1 967
17.6 967
17.9 967
17.8 967
17.8 967
17.8 967
17.9 967
17.8 967
17.6 967
17.6 967
17.3 967
17.1 967
16.8 967
16.5 967
16.0 967
15.1 967
14.8 967
14.6 967
14.4 967
13.8 967
13.4 967
12.6 967
12.4 967
12.3 968
12.4 968
11.8 968
10.3 968
10.0 968
9.0 968
8.1 968
8.8 968
8.8 968
8.8 968
9.1 968
8.8 968
9.0 967
9.0 968
8.4 967
8.2 967
7.8 967
8.0 967
8.0 967
8.0 967
7.9 967
8.3 967
8.4 967
8.7 967
8.7 967
8.7 967
8.4 967
8.0 967
8.2 967
8.4 967
8.5 967
8.2 967
7.6 967
7.4 967
6.8 968
7.3 968
7.7 968
8.3 968
9.2 968
10.2 968
10.9 968
11.2 968
11.6 969
12.1 969
12.6 969
12.9 969
13.4 969
14.0 969
14.8 968
15.6 969
16.6 969
16.5 969
16.6 969
17.0 969
17.5 968
17.6 968
17.7 968
18.0 968
18.3 968
18.4 968
18.6 968
18.8 967
19.2 967
19.2 967
19.6 967
19.4 967
19.8 967
19.8 967
20.0 967
19.9 966
20.1 966
20.1 966
20.3 966
20.3 966
20.6 966
20.9 966
20.6 966
20.8 965
20.7 965
21.1 965
21.3 965
21.2 965
21.6 965
21.0 965
20.5 965
20.4 965
20.3 965
19.9 965
19.8 965
18.1 965
16.9 965
15.8 965
15.5 965
15.2 965
15.3 965
14.6 965
13.9 965
13.7 965
13.9 965
14.1 965
14.0 965
14.3 965
14.1 965
13.2 965
12.8 966
12.3 966
14.0 966
14.1 966
9.1 966
10.0 966
11.9 966
11.7 966
12.2 966
12.7 966
12.6 966
13.0 966
12.4 966
12.6 966
12.5 966
10.5 966
11.7 966
12.6 966
13.0 966
12.3 965
11.7 965
10.6 965
10.8 965
11.7 965
12.0 965
12.6 966
11.9 966
10.4 966
10.8 966
10.9 966
11.8 966
12.9 966
13.3 966
14.1 966
14.9 966
16.2 966
17.3 967
17.9 967
18.4 967
19.0 967
19.2 967
19.9 966
20.0 966
20.3 966
20.8 966
20.7 966
21.1 966
21.0 966
21.4 966
21.3 966
22.1 965
22.0 965
22.3 965
22.3 965
22.4 965
22.8 965
22.7 965
23.2 965
23.2 964
23.2 964
23.5 964
23.5 964
23.4 964
23.7 964
23.6 964
23.6 964
23.9 964
23.8 964
23.8 964
24.2 964
23.8 963
23.5 963
23.5 963
23.7 964
23.9 964
23.9 963
23.8 963
23.6 963
23.0 963
22.4 963
21.8 963
20.6 963
19.4 963
19.0 963
18.6 963
18.2 963
18.0 963
17.8 963
17.3 963
16.5 964
16.5 964
16.7 964
17.8 964
15.2 964
15.7 964
15.3 965
17.1 965
16.2 965
15.2 965
13.8 965
13.1 965
12.4 965
11.8 965
11.9 965
11.6 965
11.9 965
11.4 965
11.4 965
11.1 966
10.8 966
10.8 966
11.4 966
11.3 966
10.5 966
10.6 966
10.5 966
10.6 966
10.8 966
10.1 966
10.0 966
10.2 966
10.1 966
9.8 966
10.1 967
9.8 967
10.0 967
10.6 967
10.7 967
11.4 967
12.0 967
12.7 967
13.3 967
14.0 967
15.1 967
16.0 967
16.8 967
17.6 967
18.3 967
18.6 967
19.0 967
19.5 967
19.8 967
20.0 967
20.1 967
20.3 967
20.7 967
21.0 967
21.8 967
21.9 967
22.0 967
22.2 966
22.7 967
22.8 966
22.9 966
23.0 966
23.0 966
22.8 966
23.0 966
22.8 966
22.7 966
22.6 966
22.6 966
22.5 965
22.3 965
22.0 965
21.7 965
21.6 965
21.4 965
21.2 965
21.0 965
20.6 965
20.5 965
20.0 965
19.7 965
19.3 965
18.8 965
18.4 965
18.1 965
17.8 965
17.4 965
17.0 965
16.7 966
17.0 966
16.8 966
16.8 966
16.3 966
16.6 967
16.4 967
16.0 967
15.7 967
16.1 967
15.8 967
15.7 967
15.4 967
15.2 967
15.0 967
14.9 967
15.0 966
14.8 966
14.6 966
14.8 966
15.2 966
15.1 966
15.2 966
15.3 966
15.6 966
15.2 966
14.7 966
14.6 966
14.8 966
14.9 966
14.4 966
14.4 966
14.1 966
14.0 966
13.2 966
12.7 966
12.7 966
12.8 966
12.2 966
12.7 966
13.3 966
13.7 966
14.2 966
14.9 966
15.7 966
16.2 967
16.6 967
17.0 967
17.4 967
17.8 967
17.4 967
17.7 967
17.9 967
18.7 967
19.5 967
19.9 967
20.1 967
20.0 967
20.0 967
20.1 967
20.0 966
20.0 966
20.1 966
20.1 966
20.0 966
20.1 966
20.5 966
20.2 966
20.1 966
20.5 966
20.3 966
19.7 966
19.5 966
19.7 966
18.9 966
18.3 966
18.2 966
17.4 966
16.4 966
15.8 966
15.5 966
15.7 966
15.8 966
16.2 966
16.2 966
16.2 966
16.2 966
15.8 966
15.6 966
15.6 966
15.3 966
15.0 966
15.2 966
15.2 966
14.9 966
14.7 966
14.6 967
14.4 967
13.5 967
13.8 967
14.4 967
13.3 967
13.4 968
13.7 967
13.8 968
13.5 968
13.1 968
13.0 968
12.9 968
12.6 968
12.7 968
12.6 968
12.1 968
12.0 968
12.2 968
12.1 968
12.0 968
12.1 968
12.3 968
12.2 968
12.2 968
12.0 968
11.9 968
11.8 968
12.2 968
11.3 968
11.9 968
12.0 968
11.9 968
12.0 968
12.1 968
12.1 968
11.9 968
12.0 968
12.2 968
11.9 968
12.4 969
12.8 969
13.0 969
12.7 969
12.4 969
12.8 970
13.4 970
15.0 970
16.0 970
16.9 970
17.8 970
18.5 970
19.3 970
19.6 970
20.2 970
20.5 970
20.9 970
21.3 970
22.0 970
22.4 970
22.4 970
23.0 970
22.8 970
23.2 970
23.4 970
23.6 969
24.0 969
23.2 969
23.2 969
23.8 969
24.5 969
24.3 969
24.7 969
24.4 969
24.5 969
24.5 969
24.3 968
25.4 968
25.2 968
24.9 968
25.1 968
25.2 968
25.0 968
24.9 968
24.7 968
24.5 968
24.3 968
24.0 969
23.7 969
23.2 969
22.7 969
21.6 969
21.2 969
20.8 969
20.2 970
20.1 970
19.5 970
19.1 970
18.5 970
17.8 970
18.0 971
17.7 971
16.5 971
15.7 971
15.5 971
15.6 971
15.7 971
15.6 971
15.0 971
15.0 971
14.6 972
14.8 972
14.4 972
14.3 972
14.2 972
14.0 972
13.5 972
13.2 972
13.7 972
14.6 972
14.3 972
14.0 972
13.6 972
12.9 972
12.7 972
12.6 972
12.7 972
12.5 972
11.8 972
11.6 972
11.1 972
11.0 972
11.1 972
11.2 972
11.7 973
11.9 973
12.3 973
12.8 973
13.3 973
13.9 973
14.5 973
15.1 973
15.7 974
16.1 974
16.5 974
17.2 974
18.0 974
18.6 974
18.9 974
19.4 974
20.0 974
20.6 974
20.9 974
21.2 974
21.6 974
21.9 974
22.5 974
22.7 974
23.2 973
23.3 973
23.8 973
23.9 973
24.0 973
24.1 973
24.5 973
24.4 973
24.4 973
24.6 973
24.9 973
24.9 973
25.0 972
25.1 972
24.9 972
25.0 972
25.0 972
25.1 972
25.3 972
25.2 972
25.1 972
25.1 972
25.1 972
25.0 972
24.8 972
24.3 972
23.9 972
23.0 972
22.2 972
21.1 972
20.2 972
20.6 972
20.0 972
18.3 972
18.5 973
16.8 973
16.2 973
17.1 973
15.8 973
15.6 973
15.6 973
16.5 973
16.0 973
16.0 973
15.9 973
16.2 973
16.3 973
15.5 973
15.0 973
14.1 973
13.8 973
13.5 973
14.2 973
14.8 973
15.5 973
15.4 973
15.1 972
15.1 972
14.9 972
14.2 972
13.8 973
14.1 973
14.2 973
13.6 973
13.8 973
13.8 973
14.1 973
13.9 973
13.0 973
13.4 973
14.7 973
14.5 973
14.4 973
14.5 974
14.4 974
14.6 974
15.1 974
15.7 974
16.6 974
17.4 974
18.0 974
18.5 974
19.0 974
19.5 974
20.0 974
20.5 974
20.9 974
21.4 974
21.8 974
22.5 974
23.0 974
23.4 974
24.1 974
24.4 974
24.8 974
25.2 974
25.4 974
25.6 974
25.9 974
26.1 974
26.3 973
26.9 973
26.8 973
27.0 973
27.3 973
27.4 973
27.4 973
27.7 973
27.7 973
27.9 972
27.8 972
27.9 972
28.1 972
28.2 972
28.1 972
28.2 972
28.0 972
27.9 972
28.0 972
27.8 972
27.6 972
27.3 972
26.7 972
26.2 972
25.4 972
23.9 972
22.8 972
22.9 972
21.8 972
21.5 972
21.8 972
21.6 973
21.2 973
20.4 973
19.6 973
19.4 973
19.6 973
19.6 973
19.2 973
19.6 973
19.3 973
18.8 973
19.0 973
19.9 973
19.8 973
19.2 973
18.1 973
18.0 973
17.3 973
16.6 973
16.1 973
16.2 972
16.0 972
15.7 972
16.6 972
16.5 972
16.4 972
17.0 972
17.2 972
17.2 972
17.0 972
17.9 972
17.5 972
18.4 972
18.2 972
16.9 972
16.6 972
17.2 972
17.2 972
16.4 972
16.6 972
17.0 972
17.5 972
18.1 973
18.4 973
18.3 973
19.0 973
19.8 973
20.7 973
21.5 973
22.4 972
23.0 972
23.9 972
24.5 972
25.0 972
25.4 972
25.6 972
25.7 972
26.3 972
26.6 972
27.0 972
27.3 971
27.5 971
27.6 971
27.9 971
28.0 971
28.2 971
28.6 970
28.3 970
28.6 970
28.5 970
28.7 970
28.9 969
28.6 969
28.6 969
28.6 969
28.5 969
28.4 969
28.0 968
28.0 968
28.0 968
28.1 968
27.9 968
27.7 968
27.6 968
27.2 968
26.8 968
26.6 967
26.2 967
25.5 967
24.8 967
23.8 967
22.1 967
21.1 967
20.4 967
19.3 967
18.7 967
18.1 967
18.1 967
17.1 967
17.0 967
17.2 968
18.8 968
19.1 967
18.4 967
18.1 967
17.5 967
16.8 967
16.9 967
17.0 967
16.8 967
16.0 967
15.4 967
15.4 967
15.1 967
15.6 967
15.6 967
15.2 967
15.0 966
14.8 966
15.0 966
15.6 966
15.1 966
15.3 966
15.4 966
14.3 966
14.9 966
14.2 966
13.9 966
14.5 966
14.4 966
14.8 966
14.9 966
14.8 966
15.1 966
14.6 966
14.5 966
15.4 966
16.4 966
17.1 966
18.0 966
18.7 966
19.3 966
20.1 966
20.8 966
21.5 966
22.1 965
22.8 965
23.0 965
23.5 965
23.8 965
23.9 965
24.3 965
24.8 965
25.1 964
24.8 964
25.3 964
25.6 964
25.7 963
25.8 963
25.9 963
26.4 963
26.2 962
26.4 962
26.5 962
26.9 962
26.8 962
27.0 961
27.0 961
27.1 961
27.3 961
27.0 960
27.2 960
27.1 960
27.1 960
26.8 960
26.8 960
26.7 960
26.9 959
26.8 959
26.6 959
26.3 959
26.1 959
25.9 959
25.4 959
25.0 959
24.5 959
23.4 959
22.2 959
21.4 959
20.4 959
19.8 959
19.8 959
19.7 959
19.4 959
19.3 959
19.2 959
18.9 959
18.6 959
18.7 959
18.6 959
18.7 959
18.1 959
18.1 959
18.1 959
18.4 959
18.7 959
18.8 959
18.8 959
18.6 959
18.5 959
18.1 959
17.8 958
17.5 958
17.5 958
17.3 958
17.7 958
17.4 958
17.3 958
17.0 958
15.8 958
14.4 958
15.2 958
15.4 958
16.0 958
16.0 958
15.5 958
16.1 958
15.7 958
14.1 958
13.4 958
13.9 958
15.1 958
16.1 958
17.1 958
18.1 958
19.1 958
20.1 958
20.8 958
21.4 958
22.4 958
22.9 958
23.7 958
24.1 958
24.6 958
24.8 958
25.1 958
25.6 958
26.0 958
25.8 958
26.1 958
26.6 957
26.9 957
27.0 957
27.1 957
27.0 957
27.6 956
27.6 956
27.6 956
28.0 956
27.8 956
28.3 955
28.1 955
28.4 955
28.4 955
28.2 955
28.2 955
28.2 955
28.4 954
28.3 954
28.3 954
28.2 954
28.1 954
28.2 954
28.0 954
27.9 954
27.7 954
27.6 954
27.4 954
27.1 954
26.9 954
26.5 954
26.0 954
25.4 954
24.5 954
23.4 954
21.8 954
21.1 954
20.8 954
20.6 954
20.2 954
20.9 955
20.4 955
20.3 955
20.4 955
20.3 955
20.1 955
20.3 955
20.0 955
19.8 954
19.7 954
19.6 954
19.6 954
19.6 954
19.4 954
19.4 954
19.3 954
19.3 954
19.2 954
19.2 953
19.0 953
18.7 953
18.8 953
18.8 953
18.8 953
18.2 953
18.0 953
17.8 953
17.6 952
17.4 952
17.2 952
17.1 952
17.0 952
17.1 952
16.8 952
16.0 952
16.0 952
16.3 952
16.8 952
17.3 952
18.1 952
18.8 952
19.4 952
20.2 952
20.8 952
21.2 952
21.8 952
22.2 952
22.9 952
23.4 952
24.2 952
24.8 952
25.4 952
26.0 952
26.6 952
27.2 951
27.5 951
27.8 951
28.3 951
28.4 951
28.3 951
28.9 951
29.3 951
29.5 951
29.4 950
29.5 950
29.7 950
29.5 950
29.3 950
28.8 950
30.0 950
29.6 950
29.8 949
29.8 949
29.8 949
30.0 949
30.0 949
29.9 949
29.4 949
29.4 949
29.1 949
29.1 949
28.8 948
28.8 948
28.7 948
28.7 948
28.3 948
28.0 948
27.8 948
27.6 948
27.3 948
27.0 948
26.9 948
26.5 948
25.8 948
25.6 948
25.2 948
24.9 948
24.7 948
24.5 948
24.1 948
23.9 948
23.7 948
23.0 948
22.3 948
22.2 948
22.0 948
21.9 947
22.0 947
21.8 947
21.4 947
21.1 947
20.9 946
20.7 946
20.9 946
20.8 946
20.5 946
20.1 946
20.0 946
20.0 946
19.8 946
19.4 946
19.8 946
19.8 947
19.7 947
19.2 947
18.6 947
18.0 947
17.7 947
17.4 948
16.9 948
16.3 948
15.8 948
15.5 949
15.3 949
15.1 950
15.2 950
15.5 950
15.9 950
16.4 950
16.9 951
17.5 951
18.1 951
18.5 951
19.5 951
20.0 952
19.9 952
19.8 952
20.4 952
21.0 952
21.4 953
21.9 953
22.0 953
21.9 953
22.0 953
22.9 954
22.9 953
23.8 953
24.9 953
24.3 953
24.4 953
24.7 953
25.3 953
25.3 954
25.5 953
26.2 953
26.2 954
26.5 953
26.5 953
26.7 953
27.0 953
26.7 953
27.0 953
27.0 954
27.0 953
27.0 954
27.0 954
26.7 954
26.6 954
26.4 954
26.4 954
26.1 954
25.8 954
25.5 954
25.2 954
24.5 954
23.7 954
23.1 954
22.1 954
21.4 954
21.1 955
21.3 955
20.6 955
19.7 955
19.6 955
19.1 955
17.9 955
16.6 955
17.3 955
17.0 955
16.1 955
16.7 955
15.4 955
16.4 955
17.7 955
18.4 955
18.1 955
17.9 955
17.7 955
17.6 955
17.4 955
17.4 954
16.7 954
16.3 954
15.8 954
15.7 954
15.9 954
15.7 954
14.8 954
15.1 954
14.7 954
14.3 954
14.4 954
14.6 954
15.3 953
16.2 953
15.6 952
14.8 952
14.8 952
15.7 953
15.5 953
16.0 953
16.3 953
16.6 953
17.1 953
17.6 953
18.4 953
19.2 953
19.6 953
19.7 953
20.0 953
20.5 953
21.1 953
21.2 953
21.2 954
21.4 954
21.3 954
22.0 954
22.4 954
23.1 954
23.2 954
23.7 954
23.7 953
24.0 953
24.3 953
24.6 953
25.0 953
25.0 953
25.0 953
24.9 953
24.9 953
25.0 953
25.1 953
24.4 953
25.1 953
24.8 953
25.3 953
25.3 954
24.6 954
24.8 954
24.6 954
24.3 954
23.3 954
22.1 955
21.9 955
21.6 955
21.6 956
21.4 956
21.3 956
21.1 956
20.7 956
20.5 956
20.2 956
19.3 957
18.2 957
17.3 958
16.6 958
16.2 958
15.9 958
15.9 959
15.8 959
15.4 960
15.4 960
15.1 960
14.8 960
14.5 960
14.2 960
13.9 960
13.6 960
13.2 961
12.8 961
12.5 961
12.4 961
12.7 961
12.9 961
12.9 961
12.8 961
12.7 961
12.5 961
12.6 961
12.7 961
12.6 961
12.6 962
12.4 962
11.9 962
11.8 962
11.7 962
11.4 962
11.3 962
11.1 962
10.7 962
10.6 962
10.6 963
10.1 963
10.3 963
10.8 963
11.2 963
11.7 964
12.2 964
12.5 964
12.6 964
13.2 964
13.6 964
14.1 964
14.5 964
14.9 964
15.1 964
15.7 964
16.1 965
16.3 965
16.7 965
17.0 965
17.7 965
18.2 965
18.7 965
19.1 965
19.6 964
19.9 964
20.3 964
20.6 964
21.2 964
21.4 964
21.8 964
22.2 963
22.6 963
22.7 963
23.0 963
23.3 963
23.8 963
23.7 963
23.8 963
24.2 962
24.2 962
24.6 962
24.6 962
24.6 962
24.6 962
24.3 962
23.8 962
24.3 962
24.2 962
24.2 962
23.8 962
23.5 962
23.0 962
22.8 962
22.0 962
21.2 962
20.5 962
19.2 962
18.4 962
17.6 962
18.1 963
17.3 962
17.6 962
17.3 963
17.4 963
16.9 963
16.6 963
16.5 963
16.5 963
16.4 964
16.8 964
16.9 964
16.0 964
15.9 964
15.8 964
14.7 964
15.1 964
15.1 964
15.0 964
14.9 964
14.2 964
13.9 964
14.1 964
14.2 964
14.0 964
14.0 964
14.3 964
13.6 963
12.9 963
12.4 963
12.0 963
11.8 963
11.6 963
11.5 964
11.0 964
10.8 964
10.6 964
10.5 964
11.1 964
11.3 964
11.8 964
11.9 964
12.3 964
12.7 964
13.2 964
13.8 964
14.4 964
15.0 964
15.6 964
16.2 964
16.6 964
17.5 964
18.0 964
18.3 964
18.8 964
19.6 964
19.8 963
20.4 963
20.8 963
21.4 963
21.7 963
22.5 963
22.7 962
23.1 962
23.4 962
23.8 961
24.1 961
24.3 961
24.7 961
25.0 960
24.7 960
25.2 960
25.4 960
25.6 959
25.8 959
25.5 959
25.4 959
25.7 958
25.6 958
25.7 958
24.8 958
25.4 958
24.7 958
24.3 957
24.3 956
24.5 956
24.0 955
23.6 955
23.4 956
23.4 957
23.0 956
22.8 956
22.0 955
21.5 955
21.1 956
20.5 955
20.4 956
20.1 955
20.2 956
20.3 955
19.9 955
19.7 958
18.8 958
18.7 958
18.7 957
18.8 957
18.4 956
18.2 956
18.1 956
17.8 956
17.6 955
17.3 954
17.2 954
17.1 954
17.1 954
16.9 954
16.9 954
17.0 955
17.0 954
17.1 954
17.5 953
17.5 953
17.6 954
17.6 954
17.6 954
17.7 954
17.6 954
17.6 954
17.6 954
17.6 954
17.5 954
17.4 954
17.4 954
17.4 954
17.2 954
17.1 955
17.2 954
17.2 954
17.3 954
17.5 954
17.8 954
17.9 954
18.0 954
18.2 954
18.7 954
19.1 954
19.2 954
19.5 953
20.0 953
20.3 953
20.4 953
20.4 953
20.4 953
20.3 954
20.3 954
20.4 954
20.7 953
21.4 953
21.5 953
22.0 953
22.7 953
22.8 953
23.6 953
24.8 953
24.2 953
23.8 952
24.6 952
25.1 952
26.0 952
24.8 951
24.1 950
24.6 949
24.2 950
23.8 950
24.3 950
23.8 950
22.6 949
21.5 949
21.1 949
20.9 950
20.8 951
15.4 952
13.8 950
13.3 948
13.8 949
14.8 949
15.3 950
15.1 950
15.4 950
15.3 949
15.2 949
15.4 950
15.4 949
15.2 950
15.3 950
15.2 951
15.3 951
15.2 950
15.3 949
15.8 950
16.3 951
15.8 951
15.3 951
15.1 951
14.7 951
14.8 951
15.0 951
15.1 951
15.1 951
15.1 951
15.1 952
15.0 952
15.2 952
15.4 952
15.4 952
15.3 952
15.2 952
15.2 952
15.0 952
14.8 952
14.2 951
13.9 950
13.7 950
13.8 949
13.8 949
13.6 950
13.6 950
13.5 950
13.1 950
13.0 951
12.8 951
12.7 951
12.4 951
12.2 952
11.7 952
11.2 952
10.9 952
10.7 953
10.7 953
10.7 953
11.0 953
11.0 953
11.2 954
11.5 954
12.0 954
12.3 954
11.9 954
12.3 954
13.0 954
13.3 955
13.7 955
14.0 955
14.1 955
14.1 956
14.2 956
14.8 956
15.2 956
15.5 956
15.4 956
15.4 956
15.2 956
15.8 956
16.3 956
16.1 956
16.3 957
16.8 957
16.7 957
16.5 957
16.4 957
16.2 957
16.3 957
16.4 958
16.6 958
16.9 958
17.0 958
17.0 958
17.0 958
17.2 958
17.0 958
16.8 959
16.8 959
16.4 959
16.4 959
16.2 959
15.8 959
15.1 960
14.5 960
13.7 960
13.4 960
13.0 960
12.8 960
12.6 961
12.6 961
12.7 961
12.4 961
12.1 961
11.5 961
11.3 962
10.9 962
10.8 962
10.8 962
10.6 962
10.5 962
10.7 962
10.5 962
10.4 962
10.1 962
8.9 962
8.4 962
8.3 962
8.6 963
9.0 963
9.8 963
9.7 963
9.8 963
9.9 963
9.4 963
9.4 963
9.2 963
9.2 963
8.9 963
9.0 964
8.7 964
8.6 964
8.6 964
8.5 964
8.7 964
8.9 964
9.2 965
9.6 965
10.0 965
10.4 965
11.0 966
11.3 966
11.6 966
11.9 966
12.2 966
12.6 966
13.1 966
13.5 966
13.9 966
14.3 966
14.6 966
15.1 966
15.4 966
15.7 966
16.0 966
16.4 967
16.8 966
17.3 966
17.7 966
18.2 966
18.7 966
19.1 966
19.3 966
19.7 966
19.6 966
19.7 966
19.9 966
19.4 966
19.3 966
19.2 966
19.2 966
19.6 966
20.0 966
20.3 965
20.8 965
20.9 965
21.0 965
21.0 965
21.1 965
20.8 966
20.1 966
19.7 966
19.4 967
19.1 967
18.6 967
18.8 967
18.2 967
17.6 967
16.2 967
16.1 967
15.4 967
14.7 967
14.7 967
13.9 967
13.7 968
14.0 968
14.3 968
14.2 968
14.0 968
13.8 968
14.0 968
14.4 969
13.8 969
13.4 968
13.5 968
13.4 968
12.6 968
12.1 968
11.6 968
11.7 968
11.7 968
11.2 969
11.2 969
10.9 969
11.0 969
10.6 969
10.2 969
9.8 969
9.7 969
9.6 969
8.9 969
9.0 969
9.4 969
9.1 969
8.7 970
8.8 970
8.1 970
8.6 970
8.3 970
8.9 970
9.0 971
9.8 971
10.5 971
11.0 971
11.3 971
11.2 971
11.5 971
11.8 972
12.0 972
12.6 972
12.8 972
13.2 972
13.5 972
13.8 972
14.1 972
14.4 972
14.7 972
15.0 972
15.3 972
15.7 972
16.0 972
15.7 972
16.0 972
16.5 972
16.6 972
17.0 972
17.3 972
17.6 972
17.6 971
17.9 971
18.6 971
18.8 971
19.0 971
19.4 971
19.6 970
19.8 970
19.5 970
19.6 970
19.5 970
19.7 970
19.5 970
19.0 970
19.3 970
19.8 970
19.7 970
19.6 970
19.7 970
19.5 970
19.0 970
18.9 970
18.6 970
18.5 970
18.3 970
17.6 970
16.7 970
15.9 970
15.0 970
14.7 970
14.4 970
14.7 970
14.4 970
13.7 971
13.4 971
12.8 971
11.8 971
11.8 971
12.3 971
10.9 971
10.8 971
10.2 970
10.3 970
9.7 970
9.7 970
9.6 970
9.6 970
9.5 970
9.6 971
9.2 971
8.8 970
8.5 970
8.1 970
8.5 970
7.9 970
7.9 971
8.3 971
8.5 971
8.8 971
8.8 971
8.8 971
9.2 971
9.4 971
9.1 971
9.5 971
9.8 971
9.6 971
9.8 971
10.1 971
10.5 971
10.5 971
10.8 971
11.2 971
11.2 971
11.1 971
11.2 971
11.8 971
12.3 972
12.2 972
12.4 971
12.8 971
13.1 971
13.6 970
14.8 970
15.4 970
15.4 971
15.6 971
16.1 971
16.8 971
17.3 971
16.6 971
17.0 970
17.0 969
17.0 969
16.6 969
16.4 969
16.6 968
16.3 967
16.2 967
16.4 967
16.9 968
17.6 968
17.8 968
17.8 969
16.8 969
16.0 969
15.7 968
15.3 968
16.2 968
16.9 967
16.8 967
16.7 967
16.6 967
16.6 967
16.4 967
16.1 967
16.1 966
16.1 967
15.4 967
14.7 967
14.7 967
14.6 967
14.6 967
14.4 967
14.5 967
14.4 967
14.4 968
14.4 968
14.3 967
14.4 967
14.4 968
14.5 968
14.5 968
14.1 968
14.0 968
14.0 968
13.9 968
13.8 968
13.8 968
13.8 968
13.8 968
13.7 968
13.7 968
13.7 968
13.7 968
13.8 968
13.7 968
13.6 967
13.5 967
13.4 967
13.4 967
13.3 967
13.1 966
13.0 966
13.0 967
13.3 967
13.4 967
13.5 967
13.3 967
13.2 967
13.3 967
13.4 967
13.5 967
13.5 967
13.5 967
13.7 967
13.7 968
13.7 968
13.8 968
14.0 968
14.3 968
14.7 967
15.2 967
15.8 967
16.4 967
17.4 968
17.6 968
18.3 967
17.8 968
17.9 968
18.6 968
19.5 968
20.1 968
20.2 969
20.4 969
20.8 969
21.1 969
21.5 969
21.9 969
22.4 969
22.6 968
22.8 968
23.1 968
23.2 968
23.5 968
23.6 968
23.6 968
23.8 968
23.4 968
23.4 968
23.0 968
22.9 968
22.9 968
23.0 968
22.7 968
22.5 968
22.4 968
22.6 968
22.7 968
22.4 968
22.2 968
22.0 968
21.9 968
21.6 968
21.4 968
21.1 968
20.8 968
20.5 968
20.0 968
19.6 968
19.5 967
19.4 967
19.1 967
19.3 967
19.4 968
19.3 969
19.0 969
18.6 969
18.2 969
18.1 969
18.3 969
18.3 970
18.3 970
18.5 969
18.4 970
18.2 970
17.3 970
17.0 970
16.8 969
16.2 969
16.1 969
16.1 969
16.0 969
16.0 970
15.8 969
15.8 969
15.6 969
15.6 969
15.5 969
15.5 969
15.5 969
15.5 969
15.3 968
15.2 969
15.1 968
15.1 968
15.2 968
15.2 968
15.1 969
15.0 969
15.0 970
14.8 970
13.9 970
13.5 970
13.3 971
13.0 971
12.9 971
12.9 971
12.8 971
12.8 971
12.7 971
12.7 972
12.7 971
12.8 971
12.9 971
13.0 971
13.2 970
13.4 970
14.2 970
14.5 970
14.9 971
15.0 971
15.5 971
15.7 971
16.0 971
15.9 971
16.0 971
15.6 971
15.2 971
15.3 971
15.7 971
15.9 971
16.1 972
16.0 972
16.0 972
15.9 972
16.4 972
16.1 972
16.1 972
16.2 971
16.4 971
16.7 971
16.8 971
17.0 971
17.1 971
17.1 971
17.1 971
17.2 971
17.1 971
17.0 971
17.3 971
17.0 971
16.6 971
16.3 971
15.9 972
15.4 972
15.2 972
15.2 972
15.0 972
15.1 973
15.0 972
14.6 972
14.2 972
14.3 972
14.0 972
13.4 972
13.3 972
13.5 972
13.4 972
13.5 971
13.6 971
13.7 971
13.6 971
13.4 970
13.2 970
13.1 970
13.0 970
12.7 970
12.8 971
12.6 971
12.4 971
12.5 971
12.3 971
12.3 971
12.2 971
12.4 971
12.4 971
12.3 971
12.4 971
12.5 971
12.5 971
12.5 971
12.5 971
12.6 971
12.6 971
12.6 971
12.7 971
12.8 971
12.9 971
12.9 971
12.9 971
13.0 971
13.0 971
13.1 971
13.3 970
13.5 970
13.8 970
14.0 970
14.1 970
14.1 970
14.1 970
14.4 970
14.5 970
14.5 970
14.6 970
14.4 970
14.4 970
14.5 970
14.5 970
14.1 970
13.5 970
13.2 971
12.9 971
12.9 971
12.7 971
12.5 970
12.3 970
12.4 970
12.4 970
12.4 970
12.6 970
12.8 970
12.7 970
12.6 970
12.6 970
12.6 970
12.7 970
12.6 970
12.5 970
12.4 970
12.2 970
12.0 970
12.0 970
11.9 970
11.9 970
11.9 970
11.7 970
11.5 970
11.3 970
11.1 970
11.0 970
10.9 970
10.8 970
10.7 970
10.7 971
10.7 971
10.7 971
10.7 971
10.6 971
10.6 971
10.5 971
10.5 971
10.6 971
10.7 971
10.8 971
10.9 970
10.9 970
10.9 970
10.9 970
10.9 970
10.9 970
10.9 970
10.9 971
10.9 970
10.9 970
10.9 970
10.9 970
10.9 970
11.0 970
11.0 970
11.0 970
10.9 970
11.0 970
11.0 970
11.0 970
10.9 970
10.9 970
10.9 970
10.9 970
10.9 970
10.9 970
10.8 970
10.8 970
10.9 970
10.9 970
11.0 970
11.1 971
11.2 971
11.4 971
11.6 971
11.7 971
11.9 971
12.0 971
12.1 971
12.3 971
12.4 971
12.5 971
12.8 971
12.9 971
13.2 971
13.3 971
13.3 971
13.1 972
13.3 972
13.7 971
13.7 971
13.5 971
13.5 971
13.6 971
13.7 971
13.7 971
13.8 971
13.8 971
14.0 971
14.2 971
14.4 971
14.6 971
14.6 970
14.8 970
14.7 970
14.8 970
14.8 970
14.7 970
14.7 970
14.7 970
14.8 970
14.6 970
14.6 970
14.6 970
14.6 970
14.6 970
14.6 970
14.6 970
14.6 970
14.4 970
14.2 970
14.1 970
14.0 970
13.9 970
13.7 970
13.6 970
13.4 970
13.4 970
13.4 970
13.2 971
13.4 971
13.4 971
13.4 971
13.4 971
13.4 971
13.3 971
13.1 971
13.0 971
12.8 971
12.6 971
12.7 971
12.7 971
12.6 970
12.5 970
12.5 970
12.5 970
12.4 970
12.1 970
11.6 970
11.2 970
11.2 970
10.8 970
10.6 970
10.5 970
10.3 970
9.9 970
10.0 970
9.9 970
9.3 970
9.3 970
8.9 971
8.8 971
8.6 971
8.8 971
8.9 971
9.4 971
10.6 971
11.0 971
11.4 971
11.8 971
12.6 971
13.1 971
13.5 972
13.9 972
14.5 972
14.9 972
15.0 972
15.3 972
15.9 972
15.5 971
15.5 971
16.1 971
16.3 971
16.9 971
17.3 971
17.2 971
17.7 970
17.7 970
17.8 970
18.0 970
17.9 970
18.3 970
18.8 970
19.0 970
18.3 970
18.9 970
18.8 970
19.0 970
18.9 970
18.9 970
19.0 969
19.1 969
19.0 969
19.2 969
19.2 969
19.0 969
19.0 969
18.9 969
18.9 969
18.7 968
18.5 968
18.3 968
18.2 968
18.0 968
17.8 968
17.4 968
16.9 969
16.3 969
16.1 969
15.5 969
14.6 969
14.1 969
13.7 969
13.4 969
13.2 969
13.2 969
13.0 969
13.0 969
13.0 969
12.9 970
12.7 970
12.7 970
12.9 970
12.8 970
12.9 970
12.9 970
12.8 970
12.7 970
12.8 970
12.8 970
12.8 970
12.8 970
13.0 969
13.0 969
13.0 969
13.1 970
13.0 970
13.1 970
13.1 970
13.2 970
13.1 970
13.0 970
13.0 970
12.9 970
12.9 970
12.9 970
12.9 970
12.9 970
12.8 970
12.9 970
13.0 970
13.1 970
13.1 970
13.3 970
13.4 970
13.4 970
13.7 970
13.7 970
14.0 970
14.3 970
14.6 970
15.2 970
16.0 970
16.2 970
16.4 970
17.0 970
16.7 970
17.6 970
17.8 970
18.2 970
18.0 970
18.5 970
18.0 970
18.0 970
18.8 970
19.1 970
18.7 970
20.0 970
19.9 970
20.0 970
20.2 970
20.2 970
20.8 969
21.0 969
21.1 969
21.2 969
20.8 969
20.6 969
20.9 969
21.2 969
21.0 968
20.6 968
20.4 968
20.2 968
19.6 968
17.5 968
16.9 969
17.7 968
17.0 968
17.0 968
17.2 968
16.9 968
16.7 968
16.5 969
15.7 969
15.2 969
14.6 969
14.2 969
14.1 969
13.8 969
13.2 969
12.6 969
12.6 969
12.8 969
12.5 970
12.7 970
12.6 969
12.7 969
12.7 969
12.0 969
12.4 969
12.9 969
12.7 969
12.6 969
12.4 969
12.2 969
12.9 969
12.9 969
12.6 969
12.2 969
11.9 969
11.9 969
11.6 969
11.5 969
11.4 969
11.2 969
11.1 969
10.8 969
10.7 969
10.6 969
10.4 969
10.3 969
10.2 969
10.0 969
9.9 969
10.5 969
10.7 970
11.4 970
11.6 970
12.4 970
13.4 970
14.2 970
14.8 970
15.3 970
15.8 970
16.6 970
17.3 970
18.0 970
18.4 970
18.8 970
19.2 970
19.6 970
20.0 970
20.4 970
20.7 970
21.0 970
21.2 970
21.4 970
21.6 970
21.8 970
21.9 969
22.1 969
22.2 969
22.4 969
22.6 969
22.6 969
23.0 969
23.6 969
23.5 969
23.4 969
23.6 968
23.5 968
23.5 968
23.8 968
23.6 968
23.7 968
23.7 968
23.8 968
23.8 967
23.7 967
23.6 967
23.6 967
23.5 967
23.3 967
23.0 967
22.6 967
22.2 967
21.7 967
21.2 967
20.5 967
19.9 967
19.1 966
18.7 966
18.5 966
18.4 966
17.6 967
17.0 967
16.8 967
16.6 967
16.6 967
16.7 967
16.8 967
16.7 967
16.2 967
16.0 967
16.0 967
16.2 967
15.9 967
16.1 966
15.7 966
15.8 966
16.0 966
15.8 966
15.6 966
15.8 966
15.6 966
15.4 966
15.5 965
15.0 965
14.7 965
14.8 965
15.0 965
14.7 965
14.5 965
14.5 965
15.0 965
15.2 965
14.8 965
14.8 965
15.0 965
15.4 965
15.6 965
15.8 965
16.0 965
16.1 965
16.6 965
16.8 964
17.0 964
17.5 964
18.0 964
18.4 964
19.1 964
19.5 964
20.1 964
20.9 964
21.6 963
22.5 963
23.1 963
23.7 963
24.1 963
24.3 963
24.5 963
24.9 963
25.7 963
26.3 963
26.7 963
27.4 962
28.0 962
28.4 962
28.7 962
28.9 962
28.8 962
29.0 962
29.2 961
29.3 961
29.2 961
29.5 961
29.2 961
28.9 961
28.2 961
28.7 960
28.4 960
28.0 960
29.5 960
29.3 960
29.3 960
29.1 960
28.9 960
28.7 960
28.6 960
28.3 960
28.1 960
27.6 960
27.1 960
26.6 960
25.8 960
24.9 960
24.6 960
24.0 961
22.4 961
21.5 961
20.9 961
20.3 962
19.8 962
19.4 962
19.2 962
19.5 962
19.5 963
18.6 962
18.1 962