130000 16.15
132000 16.32
133000 16.38
134000 16.41
134000 16.45
134000 16.48
135000 16.50
135000 16.52
135000 16.52
135000 16.54
135000 16.55
135000 16.56
135000 16.54
136000 16.57
135000 16.56
135000 16.56
136000 16.57
136000 16.59
136000 16.58
136000 16.58
136000 16.60
136000 16.60
136000 16.60
136000 16.60
136000 16.59
136000 16.59
135000 16.54
131000 16.18
128000 15.97
122000 15.50
119000 15.21
121000 15.38
122000 15.47
121000 15.39
121000 15.39
121000 15.39
120000 15.30
117000 15.08
115000 14.93
115000 14.87
114000 14.80
114000 14.77
113000 14.75
113000 14.71
113000 14.72
114000 14.81
115000 14.87
114000 14.77
113000 14.72
113000 14.70
112000 14.68
113000 14.70
112000 14.67
112000 14.67
112000 14.65
113000 14.75
115000 14.90
115000 14.90
114000 14.84
116000 15.01
118000 15.19
121000 15.39
123000 15.58
122000 15.46
122000 15.48
127000 15.91
132000 16.27
135000 16.51
137000 16.67
138000 16.78
139000 16.85
140000 16.93
140000 16.97
141000 17.05
142000 17.07
142000 17.11
142000 17.11
142000 17.12
143000 17.16
142000 17.15
142000 17.14
141000 17.04
140000 16.91
139000 16.86
140000 16.93
141000 17.02
141000 17.06
142000 17.11
142000 17.12
142000 17.15
142000 17.15
143000 17.17
143000 17.16
143000 17.18
143000 17.16
143000 17.20
143000 17.22
143000 17.22
143000 17.18
142000 17.12
142000 17.08
142000 17.07
141000 17.06
142000 17.07
141000 17.05
141000 17.05
141000 17.06
147000 17.54
151000 17.83
153000 18.02
155000 18.17
157000 18.28
157000 18.33
158000 18.39
158000 18.43
159000 18.49
160000 18.52
160000 18.52
160000 18.56
160000 18.58
161000 18.60
160000 18.58
161000 18.60
161000 18.59
161000 18.60
161000 18.65
161000 18.63
161000 18.60
161000 18.65
161000 18.63
161000 18.65
161000 18.66
161000 18.65
161000 18.66
162000 18.67
161000 18.62
161000 18.66
162000 18.70
162000 18.69
163000 18.78
162000 18.67
158000 18.41
152000 17.92
146000 17.47
142000 17.12
138000 16.80
136000 16.60
136000 16.58
136000 16.58
136000 16.61
136000 16.62
135000 16.54
134000 16.45
134000 16.41
134000 16.43
132000 16.30
132000 16.25
131000 16.24
130000 16.12
126000 15.84
125000 15.74
122000 15.48
123000 15.59
121000 15.37
119000 15.25
118000 15.16
117000 15.06
117000 15.04
116000 14.98
119000 15.22
125000 15.72
128000 15.96
129000 16.04
130000 16.10
129000 16.05
129000 16.05
131000 16.23
134000 16.46
135000 16.49
136000 16.62
135000 16.56
137000 16.70
136000 16.62
133000 16.38
131000 16.24
132000 16.28
130000 16.09
129000 16.07
127000 15.87
126000 15.78
130000 16.13
133000 16.35
132000 16.28
127000 15.92
123000 15.53
120000 15.29
118000 15.16
117000 15.04
116000 14.95
115000 14.93
115000 14.93
115000 14.88
116000 15.02
117000 15.08
118000 15.14
118000 15.16
118000 15.17
118000 15.17
118000 15.19
119000 15.21
119000 15.20
119000 15.20
118000 15.19
119000 15.21
119000 15.20
119000 15.20
119000 15.20
118000 15.19
118000 15.12
118000 15.14
114000 14.82
112000 14.67
111000 14.52
110000 14.43
109000 14.42
108000 14.25
104000 13.93
103000 13.86
102000 13.79
104000 13.89
105000 14.03
107000 14.16
110000 14.49
112000 14.67
114000 14.77
115000 14.86
115000 14.89
116000 14.95
116000 15.01
116000 15.01
116000 15.02
115000 14.86
113000 14.73
112000 14.67
112000 14.68
110000 14.49
108000 14.32
110000 14.48
109000 14.39
109000 14.35
110000 14.50
109000 14.38
110000 14.47
107000 14.19
106000 14.07
105000 13.98
104000 13.93
104000 13.96
103000 13.86
104000 13.96
104000 13.94
106000 14.08
107000 14.17
108000 14.25
108000 14.32
109000 14.38
109000 14.38
111000 14.58
111000 14.58
111000 14.57
111000 14.51
110000 14.50
110000 14.47
110000 14.47
110000 14.45
110000 14.46
110000 14.45
110000 14.49
110000 14.50
111000 14.53
111000 14.52
111000 14.53
112000 14.64
114000 14.79
115000 14.91
116000 14.96
116000 14.98
116000 14.96
114000 14.82
111000 14.58
110000 14.48
110000 14.46
110000 14.47
111000 14.54
111000 14.53
111000 14.53
109000 14.39
109000 14.38
109000 14.42
110000 14.44
110000 14.47
110000 14.48
111000 14.52
111000 14.52
110000 14.50
111000 14.53
111000 14.54
111000 14.55
111000 14.53
110000 14.50
113000 14.72
115000 14.87
116000 14.94
116000 15.00
117000 15.04
118000 15.15
120000 15.28
120000 15.30
121000 15.39
121000 15.38
120000 15.28
122000 15.45
121000 15.40
120000 15.35
121000 15.37
119000 15.25
120000 15.31
118000 15.12
117000 15.09
117000 15.05
116000 15.02
116000 15.02
117000 15.06
116000 14.99
117000 15.09
118000 15.14
117000 15.09
117000 15.05
116000 15.00
114000 14.83
113000 14.70
113000 14.69
111000 14.57
111000 14.55
110000 14.46
109000 14.36
108000 14.26
107000 14.21
106000 14.09
107000 14.17
108000 14.25
108000 14.31
108000 14.29
107000 14.21
108000 14.29
108000 14.29
107000 14.23
109000 14.36
110000 14.50
111000 14.53
112000 14.60
111000 14.54
112000 14.61
111000 14.54
112000 14.66
113000 14.73
112000 14.63
110000 14.50
111000 14.59
109000 14.35
107000 14.18
107000 14.23
107000 14.16
106000 14.13
105000 14.06
104000 13.94
104000 13.94
106000 14.10
109000 14.40
111000 14.52
112000 14.62
111000 14.54
108000 14.33
105000 14.04
110000 14.43
116000 14.99
120000 15.30
122000 15.48
124000 15.62
125000 15.74
126000 15.80
127000 15.86
127000 15.90
128000 15.95
128000 15.97
128000 16.00
129000 16.01
129000 16.05
129000 16.07
129000 16.07
129000 16.07
130000 16.11
130000 16.12
130000 16.11
130000 16.13
130000 16.13
130000 16.15
130000 16.13
132000 16.32
132000 16.28
133000 16.38
134000 16.43
134000 16.41
135000 16.49
135000 16.51
134000 16.41
133000 16.36
134000 16.44
133000 16.39
132000 16.30
129000 16.05
126000 15.80
123000 15.56
122000 15.52
120000 15.32
120000 15.32
122000 15.45
122000 15.45
121000 15.42
122000 15.45
121000 15.39
121000 15.40
121000 15.37
119000 15.23
118000 15.11
117000 15.06
118000 15.11
119000 15.20
119000 15.25
120000 15.34
121000 15.38
121000 15.40
123000 15.57
125000 15.73
125000 15.75
126000 15.80
125000 15.71
124000 15.64
123000 15.58
122000 15.50
122000 15.51
122000 15.51
125000 15.75
123000 15.60
122000 15.44
122000 15.51
125000 15.69
125000 15.72
125000 15.71
122000 15.45
120000 15.30
118000 15.16
117000 15.05
120000 15.34
121000 15.43
121000 15.38
122000 15.51
123000 15.56
124000 15.68
125000 15.71
126000 15.81
127000 15.91
129000 16.04
130000 16.12
131000 16.18
132000 16.29
134000 16.45
135000 16.52
134000 16.48
131000 16.23
131000 16.22
134000 16.42
135000 16.53
136000 16.62
137000 16.73
138000 16.75
138000 16.76
138000 16.80
138000 16.82
138000 16.81
139000 16.84
139000 16.84
139000 16.87
139000 16.86
139000 16.88
139000 16.87
139000 16.90
139000 16.87
139000 16.87
139000 16.88
139000 16.90
139000 16.89
139000 16.88
139000 16.89
140000 16.97
141000 17.06
142000 17.13
143000 17.18
143000 17.21
143000 17.20
143000 17.17
141000 17.02
140000 16.95
140000 16.96
141000 17.05
141000 17.05
142000 17.13
142000 17.09
142000 17.08
140000 16.96
139000 16.88
140000 16.98
140000 16.91
138000 16.81
137000 16.67
136000 16.60
135000 16.56
135000 16.49
135000 16.54
135000 16.53
134000 16.48
133000 16.40
134000 16.44
133000 16.39
134000 16.41
133000 16.39
133000 16.33
133000 16.33
132000 16.32
132000 16.32
133000 16.33
133000 16.33
132000 16.30
132000 16.27
132000 16.29
132000 16.29
132000 16.30
132000 16.29
132000 16.29
132000 16.31
133000 16.38
133000 16.35
133000 16.33
132000 16.31
132000 16.31
132000 16.31
131000 16.23
130000 16.13
130000 16.16
131000 16.19
130000 16.10
129000 16.07
129000 16.08
129000 16.03
129000 16.07
128000 15.96
127000 15.88
125000 15.76
124000 15.68
125000 15.69
124000 15.64
123000 15.59
123000 15.57
123000 15.55
123000 15.54
122000 15.51
122000 15.51
127000 15.90
129000 16.07
131000 16.19
132000 16.27
132000 16.31
133000 16.36
134000 16.41
134000 16.43
134000 16.45
134000 16.44
134000 16.48
134000 16.48
135000 16.49
135000 16.52
135000 16.53
135000 16.52
135000 16.54
135000 16.55
135000 16.55
135000 16.55
135000 16.56
136000 16.57
135000 16.55
136000 16.57
136000 16.57
136000 16.57
135000 16.56
135000 16.53
135000 16.49
134000 16.44
132000 16.28
131000 16.18
132000 16.26
130000 16.13
129000 16.07
129000 16.04
129000 16.02
128000 15.99
128000 15.98
128000 15.96
128000 15.96
128000 15.94
128000 15.94
128000 15.93
128000 15.93
127000 15.92
127000 15.91
127000 15.91
127000 15.92
127000 15.89
127000 15.91
127000 15.89
127000 15.91
128000 15.94
128000 16.00
130000 16.11
129000 16.01
129000 16.02
130000 16.14
128000 15.98
128000 15.99
128000 15.99
128000 15.94
127000 15.89
127000 15.88
127000 15.89
126000 15.84
127000 15.88
127000 15.87
127000 15.86
128000 16.00
127000 15.89
127000 15.87
124000 15.64
121000 15.37
118000 15.18
117000 15.09
115000 14.89
114000 14.77
112000 14.65
111000 14.57
110000 14.50
110000 14.45
108000 14.29
106000 14.15
105000 14.03
104000 13.96
102000 13.79
104000 13.96
106000 14.11
105000 13.99
105000 14.01
107000 14.16
105000 13.98
105000 13.99
106000 14.15
117000 15.10
123000 15.56
127000 15.85
129000 16.02
131000 16.21
132000 16.27
133000 16.37
134000 16.46
135000 16.52
135000 16.56
136000 16.61
136000 16.63
137000 16.68
137000 16.67
137000 16.72
138000 16.75
138000 16.77
138000 16.77
138000 16.77
138000 16.79
138000 16.81
139000 16.83
138000 16.82
138000 16.81
138000 16.82
138000 16.81
138000 16.81
138000 16.80
138000 16.82
138000 16.82
138000 16.81
138000 16.80
138000 16.81
138000 16.82
139000 16.85
139000 16.85
139000 16.84
139000 16.85
139000 16.84
139000 16.84
139000 16.87
139000 16.85
139000 16.86
139000 16.86
139000 16.86
139000 16.85
139000 16.86
136000 16.63
135000 16.52
134000 16.46
133000 16.38
133000 16.37
134000 16.43
133000 16.36
133000 16.39
135000 16.52
136000 16.63
137000 16.69
137000 16.73
138000 16.75
138000 16.81
138000 16.82
139000 16.85
138000 16.81
139000 16.87
139000 16.88
139000 16.90
139000 16.87
140000 16.91
139000 16.90
140000 16.93
139000 16.88
136000 16.62
135000 16.51
133000 16.38
135000 16.49
131000 16.24
134000 16.42
133000 16.34
132000 16.27
131000 16.22
130000 16.16
131000 16.22
132000 16.27
131000 16.24
132000 16.28
132000 16.27
131000 16.18
134000 16.41
135000 16.52
134000 16.47
134000 16.48
136000 16.61
137000 16.66
135000 16.52
136000 16.59
142000 17.13
145000 17.36
147000 17.51
147000 17.55
149000 17.64
149000 17.69
150000 17.73
150000 17.76
151000 17.81
151000 17.83
151000 17.86
151000 17.85
152000 17.89
152000 17.89
152000 17.91
152000 17.91
152000 17.94
152000 17.89
152000 17.92
152000 17.94
152000 17.90
152000 17.92
152000 17.92
152000 17.92
152000 17.94
152000 17.93
152000 17.92
150000 17.78
149000 17.65
148000 17.59
147000 17.52
147000 17.52
147000 17.48
146000 17.45
146000 17.40
146000 17.42
146000 17.41
145000 17.38
145000 17.38
145000 17.36
145000 17.36
145000 17.36
145000 17.35
145000 17.35
145000 17.35
145000 17.33
145000 17.32
145000 17.35
145000 17.32
145000 17.33
145000 17.32
144000 17.30
144000 17.31
144000 17.30
145000 17.33
144000 17.29
145000 17.33
144000 17.29
145000 17.32
144000 17.29
144000 17.30
144000 17.29
144000 17.31
144000 17.27
144000 17.31
144000 17.28
145000 17.32
144000 17.31
144000 17.29
144000 17.31
145000 17.32
144000 17.31
143000 17.22
143000 17.17
143000 17.17
142000 17.13
142000 17.13
142000 17.12
142000 17.10
142000 17.10
140000 16.97
140000 16.95
139000 16.87
139000 16.88
141000 17.03
139000 16.89
139000 16.89
140000 16.91
143000 17.18
142000 17.09
142000 17.13
142000 17.12
142000 17.10
141000 17.02
140000 16.94
140000 16.93
140000 16.98
140000 16.98
141000 17.01
142000 17.08
141000 17.06
142000 17.07
141000 17.01
141000 17.02
141000 17.05
141000 17.03
141000 17.01
142000 17.13
142000 17.13
142000 17.08
143000 17.23
144000 17.30
145000 17.32
146000 17.46
147000 17.52
147000 17.54
148000 17.56
148000 17.61
148000 17.57
150000 17.74
151000 17.81
150000 17.78
150000 17.75
150000 17.73
152000 17.88
153000 18.00
154000 18.06
155000 18.15
156000 18.27
159000 18.46
160000 18.53
159000 18.47
159000 18.48
159000 18.45
157000 18.32
158000 18.37
158000 18.42
159000 18.44
159000 18.44
159000 18.44
159000 18.44
159000 18.45
158000 18.40
159000 18.45
159000 18.44
158000 18.39
155000 18.19
153000 17.98
150000 17.74
149000 17.65
147000 17.52
148000 17.56
146000 17.43
145000 17.38
146000 17.40
147000 17.48
146000 17.42
146000 17.43
145000 17.33
145000 17.37
144000 17.27
144000 17.25
143000 17.21
142000 17.14
142000 17.13
142000 17.12
142000 17.10
141000 17.02
140000 16.97
140000 16.93
139000 16.88
139000 16.89
139000 16.87
138000 16.80
138000 16.79
138000 16.77
140000 16.92
141000 17.04
140000 16.96
141000 17.03
141000 17.01
139000 16.90
140000 16.98
141000 17.06
140000 16.96
139000 16.89
139000 16.86
139000 16.83
138000 16.81
138000 16.80
138000 16.77
138000 16.76
138000 16.75
138000 16.77
138000 16.77
138000 16.74
138000 16.78
138000 16.75
137000 16.73
138000 16.75
138000 16.78
138000 16.78
138000 16.75
138000 16.74
138000 16.74
139000 16.83
139000 16.90
139000 16.87
138000 16.80
139000 16.84
140000 16.98
141000 17.02
143000 17.23
145000 17.35
145000 17.35
144000 17.26
142000 17.14
141000 17.06
141000 17.01
140000 16.93
141000 17.02
140000 16.95
140000 16.95
139000 16.87
142000 17.08
140000 16.96
139000 16.87
139000 16.86
139000 16.89
140000 16.95
140000 16.93
139000 16.86
140000 16.98
141000 17.01
140000 16.93
141000 17.05
140000 16.94
140000 16.91
140000 16.95
140000 16.95
140000 16.91
141000 16.99
140000 16.96
141000 17.00
140000 16.92
141000 17.03
141000 17.04
141000 17.04
141000 16.99
142000 17.12
143000 17.20
144000 17.30
142000 17.12
142000 17.14
142000 17.13
142000 17.09
141000 17.06
140000 16.97
140000 16.96
140000 16.94
140000 16.92
142000 17.12
140000 16.96
140000 16.96
140000 16.94
139000 16.90
140000 16.93
141000 17.00
140000 16.93
139000 16.88
139000 16.85
139000 16.84
140000 16.97
140000 16.94
139000 16.88
139000 16.86
139000 16.85
138000 16.82
139000 16.87
139000 16.83
139000 16.84
138000 16.81
138000 16.79
138000 16.82
138000 16.78
137000 16.71
135000 16.55
135000 16.49
134000 16.44
134000 16.41
133000 16.36
133000 16.35
134000 16.41
133000 16.34
132000 16.31
132000 16.32
133000 16.38
133000 16.36
133000 16.34
132000 16.28
133000 16.39
133000 16.40
133000 16.36
133000 16.39
133000 16.36
134000 16.41
133000 16.35
134000 16.43
133000 16.35
133000 16.34
133000 16.36
133000 16.40
134000 16.45
134000 16.46
137000 16.71
136000 16.57
135000 16.50
134000 16.47
135000 16.49
134000 16.48
137000 16.66
136000 16.65
137000 16.70
136000 16.65
137000 16.66
136000 16.63
137000 16.72
136000 16.61
135000 16.51
135000 16.50
134000 16.41
134000 16.41
134000 16.45
134000 16.43
134000 16.43
133000 16.40
133000 16.37
133000 16.37
133000 16.36
132000 16.32
132000 16.31
132000 16.30
132000 16.30
132000 16.29
132000 16.32
132000 16.30
132000 16.27
132000 16.25
132000 16.27
132000 16.32
132000 16.27
132000 16.27
132000 16.27
132000 16.27
132000 16.28
131000 16.23
131000 16.24
131000 16.24
131000 16.21
131000 16.22
132000 16.26
132000 16.25
132000 16.25
131000 16.22
131000 16.23
131000 16.21
131000 16.20
132000 16.25
131000 16.20
131000 16.20
131000 16.20
131000 16.20
131000 16.20
129000 16.06
128000 15.99
128000 15.99
128000 15.98
127000 15.92
127000 15.90
127000 15.91
126000 15.81
125000 15.75
125000 15.73
125000 15.74
126000 15.77
125000 15.75
126000 15.77
125000 15.76
125000 15.76
125000 15.76
125000 15.76
126000 15.77
125000 15.76
125000 15.75
125000 15.75
126000 15.77
126000 15.83
128000 15.93
128000 15.96
129000 16.07
130000 16.11
129000 16.08
131000 16.19
132000 16.26
131000 16.18
131000 16.23
132000 16.25
133000 16.38
132000 16.31
133000 16.34
134000 16.43
135000 16.51
136000 16.63
136000 16.59
135000 16.55
136000 16.61
136000 16.62
136000 16.61
136000 16.61
136000 16.61
135000 16.52
136000 16.59
137000 16.68
137000 16.67
137000 16.73
138000 16.79
138000 16.81
138000 16.79
137000 16.68
138000 16.79
138000 16.80
138000 16.78
134000 16.48
133000 16.39
135000 16.52
136000 16.65
134000 16.41
132000 16.29
133000 16.35
132000 16.29
131000 16.21
130000 16.14
131000 16.19
130000 16.11
131000 16.17
130000 16.11
129000 16.03
129000 16.01
126000 15.82
125000 15.74
125000 15.74
124000 15.65
126000 15.78
124000 15.62
123000 15.60
123000 15.57
123000 15.55
123000 15.54
124000 15.64
121000 15.42
120000 15.33
120000 15.29
119000 15.20
118000 15.14
118000 15.13
118000 15.12
117000 15.08
117000 15.06
117000 15.10
117000 15.10
117000 15.10
117000 15.05
118000 15.17
117000 15.09
117000 15.07
117000 15.04
117000 15.10
117000 15.07
117000 15.06
117000 15.07
118000 15.14
117000 15.10
117000 15.10
117000 15.08
118000 15.19
118000 15.12
118000 15.17
118000 15.11
118000 15.12
117000 15.10
117000 15.08
117000 15.08
118000 15.16
118000 15.13
118000 15.18
118000 15.11
118000 15.11
117000 15.10
118000 15.17
118000 15.19
118000 15.16
119000 15.20
118000 15.16
118000 15.12
118000 15.13
118000 15.17
118000 15.15
118000 15.14
119000 15.21
118000 15.16
118000 15.19
118000 15.16
118000 15.15
118000 15.13
118000 15.16
118000 15.12
118000 15.18
118000 15.14
117000 15.09
118000 15.13
118000 15.16
118000 15.14
118000 15.11
118000 15.11
118000 15.11
117000 15.09
117000 15.10
117000 15.08
117000 15.08
117000 15.06
116000 14.96
114000 14.83
114000 14.79
113000 14.71
111000 14.55
109000 14.41
109000 14.36
108000 14.30
107000 14.24
106000 14.09
103000 13.82
99500 13.52
97700 13.35
96200 13.21
93600 12.96
91900 12.80
90700 12.68
89900 12.60
89200 12.53
88700 12.48
88100 12.42
88100 12.42
89800 12.59
95300 13.12
97600 13.34
99900 13.56
103000 13.84
106000 14.15
110000 14.45
112000 14.67
112000 14.65
114000 14.83
116000 14.99
117000 15.08
118000 15.15
119000 15.21
119000 15.23
120000 15.29
120000 15.33
120000 15.30
119000 15.27
118000 15.13
117000 15.06
114000 14.83
110000 14.50
110000 14.50
114000 14.77
114000 14.83
115000 14.90
115000 14.93
115000 14.93
116000 14.95
116000 14.98
116000 14.98
116000 14.97
116000 14.98
116000 14.99
116000 14.96
116000 14.99
116000 14.98
116000 14.99
116000 14.98
116000 14.96
116000 14.99
116000 14.97
116000 14.99
116000 14.99
116000 15.01
116000 15.00
116000 15.01
116000 15.01
116000 15.00
116000 15.00
116000 14.94
118000 15.15
116000 14.98
116000 14.94
115000 14.89
114000 14.85
113000 14.76
113000 14.73
112000 14.66
112000 14.64
112000 14.63
112000 14.62
111000 14.59
112000 14.60
111000 14.58
111000 14.56
111000 14.57
111000 14.58
111000 14.57
111000 14.57
111000 14.57
111000 14.58
111000 14.59
111000 14.58
111000 14.59
111000 14.58
111000 14.56
111000 14.55
111000 14.56
112000 14.60
112000 14.60
111000 14.56
112000 14.60
112000 14.62
114000 14.78
113000 14.69
113000 14.74
112000 14.67
112000 14.66
112000 14.63
112000 14.63
112000 14.60
111000 14.57
111000 14.56
111000 14.58
111000 14.57
111000 14.58
114000 14.82
115000 14.93
119000 15.24
119000 15.22
119000 15.20
119000 15.27
118000 15.11
117000 15.08
115000 14.88
114000 14.78
116000 14.96
114000 14.80
113000 14.71
112000 14.66
111000 14.59
111000 14.57
109000 14.40
108000 14.32
107000 14.23
106000 14.15
106000 14.12
106000 14.12
110000 14.43
112000 14.66
113000 14.76
114000 14.85
115000 14.92
116000 14.97
116000 15.02
118000 15.12
119000 15.21
120000 15.28
119000 15.25
121000 15.38
124000 15.64
125000 15.70
123000 15.58
127000 15.92
131000 16.18
133000 16.36
134000 16.42
135000 16.50
137000 16.71
138000 16.75
138000 16.76
140000 16.93
142000 17.10
142000 17.14
143000 17.16
142000 17.08
141000 17.04
141000 17.05
141000 17.06
142000 17.08
141000 17.03
142000 17.10
142000 17.12
141000 17.04
141000 17.03
142000 17.08
140000 16.94
141000 17.06
141000 17.00
140000 16.92
140000 16.91
140000 16.91
140000 16.91
140000 16.98
141000 17.04
139000 16.90
141000 17.01
140000 16.98
140000 16.92
140000 16.93
141000 17.02
141000 17.05
141000 17.05
140000 16.92
139000 16.86
139000 16.87
141000 17.00
142000 17.09
142000 17.10
142000 17.10
141000 17.02
142000 17.09
140000 16.95
139000 16.84
140000 16.98
139000 16.84
138000 16.79
139000 16.86
140000 16.98
141000 17.06
140000 16.97
141000 17.01
142000 17.11
143000 17.19
141000 17.06
141000 17.01
143000 17.16
143000 17.22
143000 17.20
143000 17.19
141000 17.04
140000 16.96
141000 17.00
139000 16.85
137000 16.73
137000 16.66
134000 16.46
133000 16.35
133000 16.39
132000 16.29
130000 16.14
130000 16.15
130000 16.16
130000 16.09
129000 16.02
129000 16.01
129000 16.04
129000 16.06
129000 16.02
129000 16.01
128000 15.99
128000 15.99
128000 15.98
128000 15.96
128000 15.98
128000 15.96
128000 15.96
128000 15.95
128000 15.97
128000 15.97
128000 15.98
130000 16.09
131000 16.21
132000 16.31
132000 16.29
133000 16.37
132000 16.29
130000 16.14
129000 16.07
128000 15.99
128000 15.98
126000 15.82
126000 15.79
125000 15.75
125000 15.71
127000 15.89
129000 16.03
128000 15.97
127000 15.92
127000 15.88
125000 15.74
124000 15.65
123000 15.58
123000 15.58
126000 15.84
124000 15.64
123000 15.58
123000 15.60
123000 15.58
122000 15.50
124000 15.65
122000 15.47
122000 15.52
123000 15.53
122000 15.45
121000 15.38
121000 15.37
122000 15.45
121000 15.40
120000 15.35
120000 15.34
120000 15.32
120000 15.32
120000 15.32
120000 15.30
120000 15.31
119000 15.27
119000 15.27
119000 15.26
120000 15.30
120000 15.31
120000 15.32
120000 15.31
119000 15.27
117000 15.10
116000 14.94
114000 14.84
114000 14.77
112000 14.60
111000 14.51
109000 14.38
108000 14.30
107000 14.23
107000 14.16
106000 14.12
106000 14.09
105000 14.06
105000 14.04
105000 14.02
105000 14.01
105000 13.98
104000 13.97
104000 13.97
104000 13.97
104000 13.96
104000 13.97
104000 13.95
104000 13.93
104000 13.93
104000 13.93
104000 13.93
104000 13.92
104000 13.92
104000 13.92
104000 13.93
104000 13.92
104000 13.91
104000 13.92
104000 13.92
104000 13.92
104000 13.91
104000 13.93
104000 13.92
104000 13.92
104000 13.90
104000 13.92
104000 13.93
104000 13.93
104000 13.92
104000 13.94
104000 13.95
104000 13.94
104000 13.93
105000 14.01
106000 14.08
107000 14.21
105000 14.01
103000 13.88
103000 13.83
102000 13.76
101000 13.68
101000 13.68
99700 13.54
98000 13.38
96600 13.25
95800 13.17
97100 13.29
96000 13.19
95600 13.15
96100 13.20
98600 13.43
95000 13.10
92200 12.82
90000 12.61
88600 12.47
88000 12.41
88000 12.41
87800 12.39
87300 12.34
86800 12.29
86200 12.23
85200 12.12
85400 12.14
83300 11.93
83400 11.94
81200 11.70
80300 11.60
79500 11.52
77700 11.32
75600 11.08
76000 11.13
74200 10.92
72700 10.76
71800 10.65
71200 10.58
70500 10.50
70200 10.46
69900 10.43
69400 10.37
68800 10.30
68200 10.22
67800 10.18
67600 10.15
67300 10.11
67300 10.12
68100 10.21
67700 10.16
67600 10.15
67700 10.16
67300 10.12
67200 10.10
67000 10.08
66900 10.06
66900 10.07
67600 10.15
67800 10.18
67400 10.13
67100 10.09
67600 10.15
67300 10.12
67100 10.09
66900 10.07
66900 10.07
66900 10.06
66700 10.04
66600 10.03
67600 10.15
67000 10.08
67000 10.08
66900 10.06
66900 10.06
66700 10.04
66700 10.04
66700 10.04
66600 10.03
66600 10.03
66700 10.04
67800 10.17
68900 10.31
71000 10.56
72400 10.72
73400 10.84
75300 11.05
77600 11.31
79800 11.55
84000 12.00
87700 12.38
92100 12.81
95900 13.18
98700 13.44
100000 13.61
102000 13.75
103000 13.84
104000 13.91
105000 13.98
105000 14.02
108000 14.25
109000 14.41
111000 14.59
113000 14.72
114000 14.78
116000 15.01
117000 15.10
118000 15.19
119000 15.27
120000 15.35
121000 15.43
122000 15.46
122000 15.52
123000 15.55
123000 15.57
123000 15.60
124000 15.62
124000 15.62
124000 15.63
124000 15.64
124000 15.64
124000 15.64
123000 15.54
122000 15.45
121000 15.38
121000 15.36
117000 15.05
115000 14.91
114000 14.79
113000 14.69
109000 14.35
107000 14.16
105000 14.02
104000 13.93
103000 13.85
103000 13.86
104000 13.89
104000 13.93
103000 13.85
103000 13.80
102000 13.77
106000 14.09
106000 14.09
107000 14.22
110000 14.43
111000 14.58
111000 14.54
111000 14.56
113000 14.69
113000 14.69
114000 14.78
116000 15.00
116000 15.01
116000 15.02
118000 15.12
119000 15.27
118000 15.13
118000 15.15
120000 15.31
120000 15.31
117000 15.07
114000 14.82
114000 14.83
115000 14.86
115000 14.88
115000 14.89
115000 14.87
115000 14.87
112000 14.65
111000 14.51
109000 14.42
110000 14.46
110000 14.46
110000 14.45
110000 14.46
110000 14.43
110000 14.45
110000 14.43
110000 14.43
109000 14.41
110000 14.43
109000 14.42
109000 14.42
109000 14.42
109000 14.39
109000 14.40
109000 14.42
110000 14.44
113000 14.76
115000 14.90
116000 15.01
117000 15.06
118000 15.12
118000 15.17
118000 15.19
119000 15.20
118000 15.17
117000 15.09
118000 15.17
116000 15.02
113000 14.76
110000 14.50
110000 14.49
110000 14.46
106000 14.12
105000 14.00
106000 14.08
104000 13.89
102000 13.73
101000 13.65
101000 13.64
100000 13.57
100000 13.59
99300 13.50
99700 13.54
102000 13.75
102000 13.74
102000 13.71
103000 13.84
104000 13.97
105000 14.04
107000 14.16
106000 14.13
104000 13.91
102000 13.77
101000 13.64
99700 13.54
97900 13.37
96400 13.23
95300 13.12
95000 13.10
95700 13.16
94200 13.02
93700 12.97
93900 12.99
93100 12.91
93100 12.91
93200 12.92
93000 12.90
92800 12.88
96200 13.21
98400 13.42
98000 13.38
99200 13.49
101000 13.69
104000 13.91
106000 14.07
108000 14.26
109000 14.34
111000 14.56
111000 14.59
113000 14.71
110000 14.48
108000 14.26
111000 14.57
111000 14.55
108000 14.26
107000 14.19
111000 14.52
113000 14.69
114000 14.78
114000 14.82
116000 14.95
116000 14.96
115000 14.92
115000 14.93
116000 15.02
116000 15.00
117000 15.07
117000 15.10
117000 15.04
117000 15.09
118000 15.11
117000 15.09
118000 15.11
117000 15.09
118000 15.14
118000 15.15
118000 15.14
118000 15.19
119000 15.22
119000 15.23
119000 15.21
119000 15.25
119000 15.20
118000 15.13
118000 15.14
119000 15.20
118000 15.18
118000 15.18
118000 15.16
118000 15.11
118000 15.14
117000 15.04
117000 15.05
116000 15.00
114000 14.84
111000 14.58
110000 14.49
109000 14.38
107000 14.23
106000 14.12
107000 14.24
111000 14.54
113000 14.74
115000 14.87
115000 14.92
115000 14.92
116000 14.94
116000 15.02
117000 15.06
117000 15.06
117000 15.04
117000 15.09
114000 14.84
113000 14.73
112000 14.67
112000 14.68
112000 14.60
109000 14.40
107000 14.22
107000 14.18
107000 14.21
107000 14.16
106000 14.13
106000 14.09
106000 14.07
105000 13.99
108000 14.26
109000 14.39
109000 14.38
110000 14.45
111000 14.57
113000 14.71
113000 14.69
115000 14.89
116000 15.00
118000 15.15
116000 14.95
118000 15.15
120000 15.34
122000 15.47
123000 15.54
123000 15.59
124000 15.62
123000 15.56
122000 15.50
124000 15.64
125000 15.72
124000 15.68
124000 15.67
125000 15.70
126000 15.83
127000 15.89
128000 15.95
128000 15.98
128000 16.00
129000 16.03
129000 16.04
127000 15.91
125000 15.76
124000 15.65
123000 15.58
123000 15.55
122000 15.51
122000 15.49
122000 15.48
121000 15.42
121000 15.42
121000 15.41
121000 15.42
121000 15.40
121000 15.40
121000 15.38
121000 15.39
121000 15.37
121000 15.38
121000 15.37
121000 15.37
121000 15.37
121000 15.37
121000 15.37
121000 15.37
121000 15.36
120000 15.35
120000 15.35
120000 15.34
120000 15.35
121000 15.40
121000 15.38
120000 15.30
120000 15.34
120000 15.33
120000 15.32
120000 15.29
120000 15.31
120000 15.29
120000 15.31
120000 15.33
120000 15.30
120000 15.29
120000 15.30
119000 15.24
120000 15.30
119000 15.24
119000 15.22
117000 15.03
115000 14.91
114000 14.83
114000 14.78
113000 14.74
113000 14.72
112000 14.68
112000 14.66
111000 14.51
109000 14.41
109000 14.35
108000 14.29
108000 14.27
108000 14.25
107000 14.23
107000 14.22
107000 14.24
105000 14.05
104000 13.97
104000 13.89
103000 13.86
103000 13.82
105000 14.02
108000 14.33
105000 14.03
107000 14.22
112000 14.64
116000 14.99
119000 15.21
121000 15.43
123000 15.56
124000 15.65
125000 15.74
126000 15.82
128000 15.94
128000 15.99
127000 15.88
125000 15.70
123000 15.57
121000 15.41
122000 15.45
122000 15.48
122000 15.49
122000 15.50
118000 15.14
114000 14.80
112000 14.64
111000 14.56
111000 14.53
111000 14.54
111000 14.53
111000 14.53
111000 14.53
111000 14.59
111000 14.59
111000 14.58
112000 14.62
111000 14.59
112000 14.64
112000 14.64
113000 14.74
114000 14.83
115000 14.87
115000 14.90
116000 14.96
116000 14.96
116000 14.97
116000 14.96
116000 14.98
116000 15.01
116000 15.01
117000 15.03
117000 15.03
116000 15.02
117000 15.04
116000 14.96
116000 15.00
116000 14.96
116000 14.95
116000 15.00
116000 15.00
115000 14.92
115000 14.89
115000 14.92
116000 14.95
116000 14.95
115000 14.92
114000 14.82
114000 14.85
113000 14.74
113000 14.70
111000 14.51
110000 14.45
109000 14.42
109000 14.35
108000 14.30
108000 14.31
108000 14.28
108000 14.28
107000 14.23
107000 14.23
107000 14.20
107000 14.18
107000 14.17
107000 14.17
107000 14.21
107000 14.20
107000 14.18
107000 14.17
107000 14.19
107000 14.20
107000 14.18
107000 14.20
107000 14.17
107000 14.19
107000 14.17
107000 14.23
107000 14.18
107000 14.19
106000 14.15
107000 14.21
108000 14.26
110000 14.45
112000 14.60
110000 14.46
109000 14.37
108000 14.31
110000 14.45
111000 14.58
112000 14.61
112000 14.61
111000 14.56
109000 14.42
109000 14.35
108000 14.29
108000 14.28
108000 14.27
108000 14.25
107000 14.24
107000 14.20
107000 14.17
107000 14.19
108000 14.28
109000 14.38
105000 14.03
103000 13.83
101000 13.69
101000 13.65
99500 13.52
99300 13.50
98700 13.44
98700 13.44
98400 13.42
98800 13.45
98700 13.44
98600 13.43
98700 13.44
98700 13.44
98700 13.44
98800 13.45
98700 13.44
98800 13.45
98700 13.44
98400 13.42
98600 13.43
98600 13.43
98700 13.44
98700 13.44
98300 13.41
98400 13.42
98100 13.39
98400 13.42
98200 13.40
98100 13.39
98000 13.38
98300 13.41
97600 13.34
97700 13.35
98100 13.39
97900 13.37
98100 13.39
97600 13.34
97700 13.35
98000 13.38
97600 13.34
97400 13.32
97100 13.29
96100 13.20
95800 13.17
95600 13.15
95200 13.11
95000 13.10
95200 13.11
94900 13.09
94800 13.08
94600 13.06
94600 13.06
94400 13.04
94400 13.04
94300 13.03
94400 13.04
93000 12.90
91600 12.77
90900 12.70
90100 12.62
88600 12.47
87400 12.35
86300 12.24
86000 12.20
85400 12.14
85700 12.17
86600 12.27
87200 12.33
87600 12.37
87600 12.37
87900 12.40
88000 12.41
88100 12.42
88100 12.42
88500 12.46
88400 12.45
88300 12.44
88300 12.44
86900 12.30
86200 12.23
85900 12.19
85500 12.15
85300 12.13
85100 12.11
85000 12.10
84800 12.08
84600 12.06
84800 12.08
84600 12.06
84500 12.05
84200 12.02
83900 11.99
83400 11.94
83200 11.92
83300 11.93
83200 11.92
83200 11.91
83000 11.89
83000 11.89
83000 11.89
83000 11.89
82900 11.88
82900 11.88
82900 11.88
82900 11.88
83000 11.89
82900 11.88
83000 11.89
82900 11.88
83000 11.89
82900 11.88
82900 11.88
82800 11.87
82800 11.87
83000 11.89
82900 11.88
82800 11.87
83100 11.90
83100 11.90
83100 11.90
83100 11.90
83200 11.91
83300 11.93
83300 11.93
83400 11.94
85000 12.10
84300 12.03
84900 12.09
85300 12.13
86700 12.28
87600 12.37
86900 12.30
86300 12.24
86600 12.27
87300 12.34
88800 12.49
90400 12.65
91000 12.71
91700 12.78
91600 12.77
92500 12.85
93400 12.94
94500 13.05
95500 13.14
95900 13.18
96200 13.21
96600 13.25
96000 13.19
95200 13.11
94700 13.07
93600 12.96
91300 12.74
90300 12.64
89800 12.59
88400 12.45
90100 12.62
88600 12.47
88500 12.46
88900 12.50
89300 12.54
89800 12.59
89300 12.54
90100 12.62
88100 12.42
87900 12.40
89500 12.56
88000 12.41
87300 12.34
87900 12.40
91300 12.74
92900 12.89
93900 12.99
95900 13.18
96100 13.20
96200 13.21
97300 13.31
97400 13.32
97800 13.36
96400 13.23
93600 12.96
91000 12.71
89500 12.56
90500 12.66
92600 12.86
94100 13.01
93000 12.90
90900 12.70
88800 12.49
88200 12.43
86900 12.30
86500 12.26
87900 12.40
88200 12.43
88600 12.47
88700 12.48
88800 12.49
88900 12.50
90100 12.62
89800 12.59
89500 12.56
89400 12.55
89300 12.54
89200 12.53
89200 12.53
89100 12.52
89200 12.53
89100 12.52
89200 12.53
89100 12.52
89100 12.52
89000 12.51
89000 12.51
89000 12.51
89000 12.51
89000 12.51
89600 12.57
89200 12.53
89600 12.57
89400 12.55
89300 12.54
90000 12.61
89400 12.55
89500 12.56
89900 12.60
89800 12.59
90000 12.61
89700 12.58
89700 12.58
89800 12.59
89700 12.58
89400 12.55
89300 12.54
89100 12.52
86700 12.28
85700 12.17
85200 12.12
84900 12.09
84200 12.02
84400 12.04
83900 11.99
83200 11.91
83200 11.92
82800 11.87
82400 11.83
82100 11.80
81900 11.78
81800 11.76
81800 11.76
81700 11.75
81500 11.73
81700 11.75
81400 11.72
81200 11.70
81100 11.69
81100 11.69
81000 11.68
80800 11.66
80900 11.67
81400 11.72
81100 11.69
80900 11.67
80700 11.65
80800 11.66
80600 11.64
80800 11.66
80900 11.67
80900 11.67
80700 11.65
80700 11.65
80800 11.66
80800 11.66
80700 11.65
80600 11.64
80700 11.65
80700 11.65
80800 11.66
80700 11.65
80600 11.64
80600 11.63
80700 11.65
82600 11.85
85000 12.10
88500 12.46
91400 12.75
93400 12.94
94700 13.07
95900 13.18
96600 13.25
97200 13.30
97800 13.36
98200 13.40
98400 13.42
98400 13.42
99000 13.47
99000 13.47
99100 13.48
99400 13.51
99600 13.53
99900 13.56
100000 13.57
100000 13.58
100000 13.59
101000 13.67
102000 13.77
103000 13.82
102000 13.78
102000 13.74
102000 13.75
102000 13.74
102000 13.71
101000 13.70
101000 13.69
101000 13.69
101000 13.69
101000 13.67
101000 13.70
101000 13.66
101000 13.69
101000 13.67
101000 13.64
101000 13.65
102000 13.74
101000 13.69
101000 13.69
101000 13.66
102000 13.77
101000 13.70
101000 13.69
101000 13.70
101000 13.69
101000 13.66
101000 13.67
101000 13.68
101000 13.66
101000 13.66
101000 13.68
101000 13.67
101000 13.67
101000 13.67
101000 13.67
102000 13.73
102000 13.77
103000 13.80
103000 13.84
103000 13.86
102000 13.78
103000 13.82
102000 13.77
102000 13.72
101000 13.70
101000 13.70
102000 13.79
102000 13.78
102000 13.73
102000 13.75
103000 13.81
103000 13.85
102000 13.77
103000 13.82
102000 13.79
102000 13.76
103000 13.83
103000 13.80
102000 13.74
102000 13.73
103000 13.81
103000 13.84
103000 13.83
102000 13.76
103000 13.85
103000 13.84
103000 13.81
103000 13.87
104000 13.96
106000 14.13
106000 14.14
107000 14.19
109000 14.41
110000 14.50
111000 14.56
112000 14.63
112000 14.64
113000 14.70
113000 14.71
113000 14.74
113000 14.75
114000 14.78
114000 14.80
114000 14.80
114000 14.81
114000 14.83
114000 14.83
114000 14.82
117000 15.03
119000 15.25
120000 15.35
121000 15.43
122000 15.47
122000 15.51
123000 15.56
123000 15.55
124000 15.62
123000 15.58
123000 15.60
123000 15.60
124000 15.64
124000 15.66
124000 15.68
126000 15.83
129000 16.02
130000 16.15
131000 16.23
132000 16.27
131000 16.24
133000 16.34
133000 16.37
133000 16.36
133000 16.40
134000 16.43
134000 16.45
134000 16.43
135000 16.49
136000 16.61
137000 16.67
137000 16.71
138000 16.74
138000 16.79
138000 16.81
139000 16.83
139000 16.84
139000 16.87
138000 16.80
139000 16.84
137000 16.69
138000 16.81
138000 16.77
138000 16.75
138000 16.81
139000 16.86
139000 16.87
139000 16.87
139000 16.83
139000 16.87
139000 16.84
139000 16.86
138000 16.82
139000 16.83
138000 16.79
135000 16.56
136000 16.58
136000 16.60
136000 16.57
136000 16.63
135000 16.53
135000 16.54
134000 16.44
134000 16.44
132000 16.31
130000 16.10
130000 16.09
129000 16.04
127000 15.88
125000 15.73
123000 15.60
124000 15.67
124000 15.68
123000 15.58
123000 15.56
121000 15.43
123000 15.53
123000 15.54
122000 15.48
120000 15.34
120000 15.35
120000 15.32
120000 15.30
119000 15.25
119000 15.22
119000 15.23
118000 15.19
118000 15.19
118000 15.14
118000 15.16
118000 15.16
118000 15.14
118000 15.16
118000 15.15
117000 15.09
118000 15.12
117000 15.10
117000 15.08
117000 15.07
117000 15.06
117000 15.07
117000 15.04
117000 15.06
117000 15.04
118000 15.12
117000 15.06
117000 15.09
117000 15.06
116000 15.02
117000 15.04
116000 15.02
117000 15.03
116000 15.00
116000 14.99
116000 15.00
116000 14.98
116000 14.97
114000 14.83
113000 14.76
113000 14.71
111000 14.57
108000 14.29
108000 14.29
106000 14.11
105000 14.03
105000 13.99
104000 13.95
104000 13.92
103000 13.88
103000 13.88
103000 13.87
103000 13.84
103000 13.80
103000 13.80
103000 13.81
103000 13.83
107000 14.24
106000 14.14
105000 13.99
107000 14.18
107000 14.22
109000 14.40
113000 14.76
114000 14.85
113000 14.72
114000 14.78
113000 14.71
114000 14.81
112000 14.64
111000 14.57
114000 14.80
116000 14.97
113000 14.74
113000 14.72
112000 14.63
113000 14.69
112000 14.61
111000 14.59
111000 14.53
108000 14.29
107000 14.22
108000 14.33
109000 14.39
107000 14.17
111000 14.52
112000 14.62
113000 14.71
113000 14.70
113000 14.73
113000 14.71
112000 14.65
109000 14.38
112000 14.64
114000 14.81
116000 14.98
118000 15.14
119000 15.20
120000 15.29
120000 15.28
120000 15.34
121000 15.40
121000 15.39
122000 15.49
124000 15.61
124000 15.65
124000 15.67
125000 15.75
125000 15.74
126000 15.83
126000 15.81
127000 15.86
127000 15.87
127000 15.85
127000 15.86
126000 15.84
127000 15.88
127000 15.85
126000 15.83
126000 15.83
126000 15.83
126000 15.83
126000 15.83
126000 15.80
126000 15.84
127000 15.87
127000 15.85
126000 15.80
126000 15.81
126000 15.83
126000 15.82
126000 15.81
126000 15.82
125000 15.71
124000 15.62
123000 15.56
123000 15.53
122000 15.50
122000 15.47
120000 15.31
119000 15.22
118000 15.17
118000 15.12
117000 15.09
117000 15.05
117000 15.04
117000 15.03
116000 15.02
116000 15.00
116000 15.00
116000 14.99
116000 14.98
116000 14.99
117000 15.08
120000 15.31
121000 15.43
123000 15.58
126000 15.84
130000 16.12
132000 16.29
134000 16.41
133000 16.37
134000 16.46
134000 16.41
134000 16.42
133000 16.35
133000 16.37
132000 16.27
131000 16.22
130000 16.15
131000 16.17
130000 16.15
130000 16.15
130000 16.13
132000 16.28
134000 16.42
135000 16.50
135000 16.53
136000 16.57
136000 16.58
136000 16.61
135000 16.53
133000 16.33
131000 16.18
130000 16.10
130000 16.12
129000 16.06
128000 15.99
128000 15.96
129000 16.01
131000 16.23
133000 16.33
133000 16.34
130000 16.16
129000 16.04
127000 15.90
126000 15.81
126000 15.78
126000 15.79
126000 15.79
126000 15.79
126000 15.78
125000 15.76
127000 15.88
128000 15.96
128000 15.99
129000 16.04
133000 16.34
138000 16.77
140000 16.96
142000 17.15
143000 17.23
144000 17.30
145000 17.35
146000 17.41
146000 17.44
146000 17.47
147000 17.52
147000 17.55
148000 17.57
148000 17.58
148000 17.60
148000 17.61
148000 17.63
148000 17.62
147000 17.55
146000 17.42
142000 17.12
137000 16.67
133000 16.38
130000 16.16
129000 16.01
127000 15.90
127000 15.85
126000 15.81
127000 15.88
128000 15.96
130000 16.12
131000 16.21
132000 16.30
133000 16.37
133000 16.36
134000 16.43
134000 16.44
131000 16.24
129000 16.08
129000 16.07
128000 15.98
127000 15.85
128000 15.97
130000 16.15
133000 16.34
134000 16.44
132000 16.26
129000 16.01
127000 15.90
125000 15.74
124000 15.63
125000 15.76
124000 15.62
124000 15.68
123000 15.57
122000 15.52
122000 15.50
122000 15.52
122000 15.47
122000 15.45
121000 15.42
121000 15.39
121000 15.41
121000 15.38
121000 15.37
120000 15.35
121000 15.37
121000 15.37
121000 15.36
120000 15.34
120000 15.33
120000 15.33
120000 15.34
120000 15.33
120000 15.34
120000 15.31
120000 15.31
120000 15.32
120000 15.34
120000 15.33
120000 15.31