757 20.85
757 20.82
757 20.80
757 20.82
757 20.79
757 20.80
757 20.82
757 20.80
757 20.80
757 20.62
757 20.02
757 19.65
757 19.47
757 19.41
757 19.36
757 19.34
757 19.34
757 19.35
757 19.33
757 19.34
757 19.33
757 19.20
757 18.69
757 18.17
757 17.76
757 17.44
757 17.22
757 17.06
757 16.94
757 16.86
757 16.81
758 16.77
758 16.75
758 16.74
758 16.73
758 16.72
758 16.72
758 16.72
758 16.72
758 16.73
758 16.72
758 16.73
758 16.73
758 16.73
759 16.73
759 16.74
758 16.75
758 16.77
758 16.79
758 16.81
758 16.83
757 16.85
757 16.87
757 16.88
757 16.90
757 16.91
757 16.92
757 16.93
757 17.08
757 17.93
757 18.75
757 19.14
756 19.28
756 19.35
755 19.35
755 19.37
755 19.37
755 19.36
756 19.37
755 19.38
755 19.78
756 20.41
756 20.70
755 20.79
755 20.78
755 20.77
755 20.81
755 20.79
755 20.78
755 20.80
755 20.80
755 20.78
755 20.80
756 20.80
756 20.81
756 20.78
756 20.80
756 20.78
756 20.80
756 20.76
756 20.78
756 20.77
756 20.77
756 20.76
756 20.79
756 20.81
756 20.81
756 20.78
756 20.77
756 20.76
756 20.78
756 20.78
756 20.80
756 20.80
756 20.81
756 20.77
756 20.77
756 20.78
756 20.81
756 20.78
756 20.79
756 20.77
756 20.77
756 20.77
756 20.78
756 20.72
756 20.77
756 20.51
756 19.96
756 19.62
756 19.42
756 19.37
756 19.37
756 19.34
756 19.34
757 19.32
757 19.32
757 19.34
757 19.34
757 19.33
757 19.35
757 19.34
757 19.20
757 18.69
756 18.17
756 17.75
756 17.45
756 17.22
756 17.06
757 16.96
757 16.88
757 16.84
757 16.81
757 16.80
757 16.81
757 16.81
757 16.83
757 16.85
756 16.86
756 16.88
756 16.89
756 16.89
756 16.90
756 16.90
755 16.91
755 16.91
755 16.91
755 16.91
755 16.91
754 16.92
754 16.92
754 16.92
754 16.95
754 17.47
753 18.46
753 19.00
753 19.23
753 19.31
753 19.34
753 19.35
753 19.34
753 19.34
753 19.34
753 19.34
754 19.65
753 20.34
753 20.66
754 20.75
754 20.78
754 20.81
754 20.80
754 20.78
754 20.82
754 20.81
754 20.81
755 20.67
755 20.63
755 20.69
755 20.79
756 20.78
756 20.79
756 20.78
756 20.79
756 20.79
756 20.80
756 20.81
755 20.80
755 20.78
755 20.81
755 20.81
755 20.79
754 20.82
754 20.81
754 20.79
754 20.79
754 20.79
754 20.82
754 20.76
754 20.78
754 20.77
754 20.77
754 20.81
753 20.77
753 20.82
753 20.77
753 20.74
753 20.65
753 20.69
753 20.75
753 20.79
753 20.78
753 20.74
754 20.20
754 19.75
754 19.52
754 19.43
754 19.26
754 18.73
755 18.23
755 17.85
755 17.57
755 17.36
755 17.23
755 17.13
755 17.05
755 17.01
754 16.98
754 16.96
754 16.94
754 16.93
754 16.93
754 16.92
754 16.92
754 16.92
753 16.92
753 16.91
754 16.91
754 16.91
753 16.91
753 16.91
753 16.96
753 17.56
752 18.53
752 19.03
752 19.26
752 19.34
752 19.36
752 19.36
751 19.37
751 19.37
751 19.39
751 19.38
751 19.38
751 19.40
751 19.39
751 19.24
751 18.71
751 18.20
750 17.78
750 17.48
750 17.36
750 17.89
750 18.67
750 19.10
750 19.94
750 20.55
751 20.79
751 20.69
752 20.76
752 20.85
752 20.89
752 20.88
752 20.88
752 20.89
752 20.90
752 20.89
752 20.89
752 20.92
753 21.00
752 20.96
752 20.94
752 20.98
752 20.97
752 20.94
752 20.98
752 20.98
752 20.97
752 21.00
752 20.98
752 20.97
752 20.97
752 20.97
752 20.98
752 21.00
752 21.00
752 21.00
752 20.99
752 21.01
752 21.02
752 21.01
752 20.99
752 20.98
752 21.03
752 20.96
752 20.72
752 20.15
752 19.78
752 19.61
752 19.18
753 18.61
753 18.14
753 17.80
753 17.55
753 17.39
753 17.27
753 17.19
753 17.15
753 17.12
753 17.10
753 17.09
753 17.07
753 17.07
753 17.05
753 17.05
753 17.04
753 17.04
753 17.04
753 17.04
753 17.03
753 17.03
753 17.04
753 17.09
753 17.17
753 17.22
753 17.23
753 17.23
752 17.21
752 17.19
752 17.18
752 17.16
752 17.14
752 17.13
752 17.13
752 17.13
752 17.36
752 18.23
752 18.91
752 19.22
752 19.34
752 19.41
752 19.42
752 19.45
752 19.43
752 19.43
752 19.43
752 19.56
752 20.20
752 20.43
752 20.53
752 20.55
752 20.55
752 20.63
752 20.77
752 20.83
752 20.88
752 20.87
752 20.87
753 20.82
753 20.47
753 19.92
753 19.64
753 19.49
753 19.46
753 19.43
753 19.43
753 19.41
753 19.42
753 19.43
753 19.42
753 19.43
753 19.41
753 19.40
753 19.38
753 19.12
753 18.66
753 18.74
753 19.08
753 19.29
753 19.40
753 19.43
753 19.45
753 19.45
753 19.48
753 19.48
753 19.87
753 20.48
753 20.74
753 20.81
753 20.86
753 20.86
754 20.89
754 20.83
754 20.83
754 20.83
754 20.33
754 19.82
754 19.53
755 19.41
755 19.35
755 19.34
755 19.33
755 19.33
755 19.32
755 18.97
756 18.45
756 17.98
756 17.62
756 17.36
756 17.16
756 17.03
756 16.93
756 16.86
756 16.82
756 16.79
756 16.77
756 16.75
756 16.75
755 16.75
755 17.01
755 18.00
755 18.75
755 19.08
755 19.22
755 19.29
755 19.29
755 19.29
755 19.29
755 19.30
755 19.30
755 19.30
755 19.28
755 19.30
755 19.29
755 19.28
754 19.28
754 19.29
754 19.29
754 19.30
754 19.28
754 19.28
754 19.30
755 19.30
755 19.33
755 19.94
755 20.49
755 20.72
755 20.70
755 20.76
755 20.76
755 20.78
755 20.77
755 20.73
755 20.76
755 20.61
755 20.04
755 19.64
755 19.43
756 19.34
756 19.32
756 19.32
756 19.31
756 19.29
756 19.31
756 19.31
756 19.31
756 19.32
756 19.32
756 19.31
756 19.31
756 19.31
756 19.30
756 19.32
756 19.30
756 19.32
756 19.31
756 19.31
756 19.31
756 19.30
756 19.71
756 20.37
756 20.66
757 20.72
757 20.75
756 20.77
756 20.76
757 20.75
757 20.79
757 20.77
757 20.81
757 20.76
757 20.32
758 19.82
758 19.52
758 19.39
758 19.33
758 19.31
758 19.31
758 19.31
758 19.02
758 18.46
758 17.98
758 17.61
758 17.34
758 17.15
758 17.01
759 16.91
758 16.84
758 16.79
758 16.77
758 16.75
758 16.84
758 17.47
758 17.96
758 18.53
758 18.96
758 19.18
758 19.25
758 19.31
758 19.30
757 19.31
757 19.31
757 19.34
757 19.31
757 19.32
756 19.33
756 19.33
756 19.32
756 19.33
756 19.32
756 19.31
756 19.32
756 19.32
756 19.31
756 19.31
756 19.33
756 19.31
756 19.32
756 19.32
756 19.58
756 20.29
756 20.61
756 20.70
756 20.78
756 20.79
756 20.74
756 20.79
755 20.78
755 20.76
756 20.79
755 20.57
756 20.01
756 19.61
756 19.46
756 19.36
756 19.34
756 19.31
756 19.31
756 19.32
756 19.32
756 19.31
756 19.31
756 19.30
756 19.33
756 19.32
756 19.33
756 19.32
756 19.32
756 19.32
755 19.32
755 19.33
755 19.33
755 19.32
756 19.32
756 19.32
756 19.58
757 20.29
757 20.65
757 20.76
757 20.81
757 20.84
757 20.80
758 20.79
758 20.80
758 20.82
758 20.81
758 20.81
758 20.80
758 20.80
758 20.83
758 20.80
758 20.36
757 19.83
757 19.55
757 19.42
757 19.21
756 18.67
756 18.15
756 17.74
756 17.43
756 17.22
756 17.06
756 16.95
756 16.88
756 16.83
757 16.81
757 16.80
757 16.81
757 16.84
757 17.27
757 18.31
757 18.96
756 19.22
756 19.32
756 19.34
756 19.36
756 19.36
756 19.36
756 19.37
755 19.36
755 19.36
755 19.37
755 19.35
755 19.36
755 19.34
755 19.36
755 19.34
755 19.36
755 19.35
756 19.34
755 19.35
756 19.63
756 20.32
756 20.63
756 20.77
756 20.78
756 20.79
755 20.83
755 20.79
755 20.82
755 20.80
755 20.78
755 20.78
755 20.77
755 20.79
755 20.81
756 20.77
756 20.22
756 19.76
756 19.52
756 19.39
755 19.21
755 19.06
755 18.99
755 19.02
755 19.17
756 19.30
755 19.39
755 19.42
755 19.44
755 19.41
755 19.42
755 19.40
755 19.42
755 19.41
755 19.40
755 19.44
755 20.01
755 20.57
755 20.75
755 20.79
755 20.79
756 20.81
756 20.81
756 20.76
756 20.29
756 19.80
755 19.54
756 19.40
756 18.95
756 18.38
756 17.91
756 17.57
756 17.30
756 17.12
756 16.99
756 16.89
756 16.83
756 16.79
756 16.76
756 16.75
756 16.73
756 16.73
756 16.73
756 16.72
756 16.72
756 16.72
756 16.73
756 16.73
756 16.75
756 16.76
756 16.78
756 16.81
756 16.83
756 16.85
756 16.86
755 16.87
755 16.89
755 16.90
755 16.91
755 16.91
754 16.92
754 16.92
754 16.92
754 16.92
754 16.95
754 17.40
754 18.39
754 18.96
753 19.22
753 19.33
753 19.34
753 19.80
753 20.41
753 20.70
753 20.76
753 20.77
753 20.80
753 20.76
753 20.77
753 20.77
753 20.76
752 20.78
752 20.78
752 20.76
753 20.77
753 20.78
753 20.75
753 20.75
753 20.77
753 20.82
753 20.75
753 20.77
754 20.77
754 20.75
754 20.74
754 20.80
754 20.77
754 20.80
754 20.74
754 20.73
754 20.77
754 20.78
754 20.80
754 20.74
754 20.59
754 20.00
754 19.63
754 19.42
754 19.76
754 20.23
754 20.58
754 20.70
753 20.74
754 20.76
754 20.76
753 20.76
753 20.78
753 20.79
753 20.75
754 20.71
754 20.20
754 19.72
754 19.49
754 19.37
753 19.32
753 19.11
753 18.61
753 18.54
753 18.74
754 18.49
754 18.06
754 17.70
754 17.41
754 17.20
754 17.05
754 16.93
754 16.86
754 16.81
754 16.77
754 16.75
754 16.73
754 16.72
754 16.72
754 16.72
754 16.72
754 16.72
754 16.71
754 16.71
754 16.72
754 16.72
754 16.72
754 16.72
754 16.72
754 16.72
754 16.72
754 16.72
754 16.72
754 16.73
754 16.73
754 16.74
754 17.02
753 18.04
753 18.81
753 19.14
753 19.27
753 19.33
754 19.33
754 19.33
753 19.30
754 19.29
754 19.28
754 19.28
754 19.28
754 19.33
754 19.98
754 20.49
754 20.70
754 20.75
754 20.77
754 20.72
754 20.71
754 20.77
754 20.75
754 20.76
755 20.76
755 20.78
755 20.76
756 20.80
756 20.76
756 20.76
756 20.78
756 20.47
756 19.93
756 19.57
756 19.39
756 19.33
755 19.30
755 19.29
755 19.29
754 19.30
754 19.28
755 19.29
755 19.27
754 19.29
754 19.29
754 19.27
755 19.29
755 19.24
755 18.80
754 18.28
754 17.84
754 17.51
754 17.27
754 17.10
754 16.98
754 16.89
754 16.83
754 16.79
754 16.77
754 16.75
754 16.75
754 16.76
754 16.77
754 16.80
753 16.82
753 16.85
754 16.87
754 16.89
754 16.91
754 16.91
754 16.92
754 16.93
754 16.94
755 16.94
755 16.94
755 16.94
755 16.95
755 16.95
755 16.94
754 16.95
754 16.95
754 16.95
754 16.95
754 16.95
754 16.95
754 16.94
754 16.95
754 16.94
754 16.95
754 16.94
754 16.95
754 16.95
754 16.94
754 16.95
754 16.95
754 16.95
754 16.95
754 16.95
754 17.07
754 17.89
754 18.72
754 19.10
754 19.26
755 19.31
754 19.33
754 19.34
754 19.38
755 19.96
754 20.52
754 20.75
754 20.78
754 20.80
754 20.80
754 20.82
755 20.80
755 20.80
755 20.80
755 20.80
755 20.83
756 20.80
756 20.78
756 20.81
756 20.79
756 20.77
756 20.82
756 20.79
756 20.67
756 20.12
756 19.71
756 19.47
756 19.40
756 19.36
756 19.36
756 19.35
756 19.33
756 19.34
756 19.33
756 19.34
756 19.32
756 19.33
756 19.32
756 19.32
756 19.33
756 19.32
756 19.32
756 19.35
756 19.32
755 19.31
755 19.55
756 20.27
756 20.63
756 20.74
756 20.77
756 20.81
756 20.75
756 20.78
756 20.82
756 20.80
756 20.79
756 20.77
756 20.76
756 20.28
757 19.31
757 18.55
756 18.25
756 18.23
756 17.98
757 17.68
757 17.41
757 17.20
757 17.04
757 16.93
757 16.85
757 16.80
757 16.77
757 16.74
758 16.73
757 16.72
757 16.71
757 16.71
757 16.71
757 16.71
758 16.71
757 16.71
758 16.71
757 16.71
758 16.72
757 16.71
757 16.72
757 16.73
757 16.74
757 16.75
757 16.77
757 16.79
757 16.81
757 16.83
757 16.85
757 16.87
757 16.89
756 16.91
756 16.94
756 16.96
756 16.97
756 16.97
756 16.97
755 16.96
756 16.95
756 16.95
756 16.94
756 16.94
756 16.94
756 16.95
756 16.98
756 17.00
756 17.02
756 17.01
756 17.01
756 17.00
756 16.97
756 16.97
756 16.95
756 16.94
756 16.94
755 16.93
755 16.92
755 16.92
755 16.92
755 16.92
755 17.06
755 18.00
755 18.91
755 19.21
755 19.31
755 19.33
754 19.37
754 19.38
754 19.36
754 19.39
754 19.40
754 19.41
754 19.42
754 19.42
754 19.42
754 19.44
754 19.42
754 19.43
754 19.45
754 19.42
754 19.44
754 19.45
754 19.43
754 19.28
754 18.74
754 18.21
754 17.80
754 17.48
754 17.25
754 17.09
754 16.97
754 16.88
754 16.83
754 16.79
754 16.76
755 16.74
755 16.73
755 16.72
755 16.72
755 16.73
755 16.85
755 17.15
754 17.44
754 17.56
754 17.56
754 17.51
754 17.44
754 17.36
754 17.29
754 17.22
754 17.16
754 17.11
754 17.08
754 17.05
753 17.03
753 17.00
753 16.98
753 16.97
753 16.96
753 16.95
752 16.95
752 16.94
752 16.94
752 16.93
752 16.93
752 16.92
752 16.92
752 16.93
752 16.93
752 16.92
752 16.92
751 16.92
751 16.92
751 16.92
751 16.91
751 16.91
751 16.91
751 16.91
751 16.91
751 16.91
751 16.94
751 17.49
751 18.48
751 19.01
751 19.22
751 19.31
752 19.33
752 19.35
752 19.37
752 19.37
752 19.35
752 19.35
752 19.36
752 19.36
753 19.35
753 19.35
753 19.35
753 19.36
753 19.37
753 19.36
753 19.36
753 19.35
752 19.35
752 19.36
752 19.37
752 19.36
752 19.36
752 19.35
752 19.34
752 19.34
752 19.34
752 19.34
752 19.35
752 19.34
752 19.34
752 19.32
752 19.18
752 18.67
752 18.14
752 17.74
752 17.42
752 17.21
752 17.06
752 16.94
752 16.87
752 16.82
752 16.80
752 16.78
753 16.79
753 16.80
753 16.82
753 16.83
753 16.85
753 16.87
753 16.88
753 16.89
753 16.90
753 16.91
753 16.91
753 16.91
753 16.92
753 16.92
753 16.95
753 17.02
753 17.09
753 17.12
753 17.13
753 17.12
752 17.09
752 17.07
752 17.04
752 17.00
752 16.95
752 16.90
752 16.86
752 16.84
752 16.83
752 16.83
751 16.84
751 16.85
751 16.87
751 16.89
751 16.91
751 16.93
751 16.95
751 17.02
751 17.66
751 18.59
751 19.06
751 19.27
751 19.33
751 19.36
751 19.38
751 19.37
751 19.36
751 19.36
751 19.35
751 19.35
751 19.33
751 19.33
751 19.32
751 19.35
751 19.38
751 19.37
752 19.38
752 19.38
752 19.39
752 19.39
752 19.39
752 19.41
752 19.38
752 19.40
752 19.40
752 19.40
752 19.38
752 19.40
752 19.41
752 19.42
752 19.38
752 19.39
752 19.41
752 19.40
752 19.40
752 19.40
752 19.41
752 19.41
752 19.41
752 19.40
752 19.41
752 19.34
752 18.88
752 18.35
752 17.94
752 17.64
752 17.42
752 17.28
752 17.18
752 17.12
752 17.09
752 17.06
753 17.15
753 17.92
753 19.47
753 20.44
753 20.72
753 20.81
753 20.54
753 19.97
753 19.65
753 19.46
754 19.41
754 19.41
754 19.42
754 19.46
754 19.45
754 19.45
754 19.46
754 19.46
754 19.46
753 19.46
753 19.42
753 19.39
753 19.35
753 19.32
753 19.31
753 19.30
753 19.29
753 19.23
753 18.76
753 18.23
753 17.80
753 17.47
752 17.24
752 17.07
752 16.94
752 16.86
752 16.82
752 16.80
752 16.79
752 16.79
752 16.96
752 17.87
752 18.71
752 19.09
752 19.22
751 19.29
751 19.30
751 19.32
751 19.32
751 19.32
751 19.32
751 19.31
752 19.32
752 19.31
752 19.32
752 19.31
752 19.32
752 19.33
752 19.31
752 19.31
753 19.30
753 19.32
752 19.32
752 19.31
752 19.31
752 19.30
752 19.29
752 19.32
752 19.32
752 19.31
752 19.29
752 19.29
752 19.30
752 19.31
752 19.29
752 19.30
752 19.31
752 19.31
752 19.29
752 19.31
752 19.31
752 19.36
752 19.99
752 20.53
752 20.70
752 20.72
752 20.76
752 20.77
752 20.79
753 20.78
753 20.76
753 20.78
753 20.77
753 20.44
753 19.44
753 18.63
753 18.05
753 17.64
753 17.35
754 17.15
754 17.00
754 16.89
754 16.81
754 16.77
754 16.74
754 16.72
754 16.70
754 16.69
754 16.69
755 16.68
755 16.68
755 16.68
755 16.68
754 16.68
755 16.68
754 16.68
754 16.68
754 16.68
754 16.68
754 16.68
754 16.68
754 16.68
754 16.68
754 16.68
754 16.82
754 18.66
754 20.19
754 20.62
754 20.79
754 20.76
754 20.84
753 20.70
753 20.12
753 20.02
753 20.49
753 20.66
753 20.75
753 20.80
753 20.79
753 20.80
753 20.78
753 20.78
753 20.79
753 20.83
753 20.79
753 20.81
753 20.79
753 20.75
753 20.77
754 20.77
754 20.76
754 20.78
754 20.74
754 20.83
754 20.80
754 20.75
754 20.76
754 20.75
754 20.77
754 20.78
754 20.79
754 20.78
754 20.78
754 20.76
754 20.75
754 20.76
754 20.77
754 20.75
754 20.79
754 20.75
754 20.78
754 20.74
754 20.21
754 19.92
754 20.39
754 20.64
754 20.74
754 20.76
754 20.75
754 20.73
754 20.19
754 19.74
754 19.48
754 19.41
754 19.35
754 19.33
754 19.32
754 19.31
754 19.33
754 19.11
754 18.89
754 19.00
754 19.15
754 19.25
754 19.27
754 19.28
754 19.28
754 19.61
754 20.28
754 20.61
754 20.69
754 20.45
754 19.90
754 19.56
754 19.47
754 19.72
754 20.01
754 19.97
754 19.40
754 18.79
754 18.30
755 17.95
754 17.68
754 17.47
754 17.32
754 17.20
754 17.11
754 17.03
754 16.97
754 16.93
754 16.89
754 16.86
754 16.84
754 16.82
754 16.89
754 18.29
754 20.10
754 20.67
754 20.81
753 20.83
753 20.81
753 20.82
753 20.85
753 20.81
753 20.78
753 20.81
753 20.77
753 20.78
753 20.77
753 20.70
753 20.15
753 19.70
753 19.47
753 19.36
753 19.33
753 19.30
753 19.30
753 19.30
753 19.30
753 19.31
753 19.18
753 18.68
753 18.37
753 18.61
753 18.94
753 19.15
753 19.22
753 19.27
753 19.72
753 20.36
753 20.61
753 20.71
753 20.76
753 20.75
753 20.73
753 20.77
754 20.76
754 20.77
753 20.75
753 20.75
754 20.75
754 20.75
754 20.74
754 20.76
754 20.79
754 20.78
754 20.77
754 20.77
754 20.75
754 20.68
754 20.08
754 19.66
754 19.42
754 19.36
754 19.31
754 19.27
754 19.29
754 19.55
754 19.75
754 19.74
754 19.37
754 18.83
755 18.52
755 18.49
755 18.42
755 18.27
755 18.05
755 17.85
755 17.67
756 17.50
756 17.38
757 17.27
756 17.37
756 18.96
756 20.27
756 20.65
756 20.78
756 20.80
757 20.79
757 20.81
757 20.83
756 20.81
755 20.39
755 19.52
755 18.70
755 18.11
755 17.84
755 18.21
755 18.77
755 19.09
755 19.23
755 19.29
755 19.28
755 19.29
755 19.30
755 19.30
755 19.31
755 19.30
754 19.28
754 19.29
754 19.30
754 19.29
754 18.87
754 18.33
754 18.12
754 18.53
754 19.01
754 19.28
754 19.37
754 19.37
754 19.38
754 19.36
754 19.33
754 19.34
754 19.35
754 19.33
754 19.32
754 19.32
754 19.32
754 19.31
754 19.30
754 19.32
754 19.30
754 19.32
754 19.30
754 19.30
754 19.32
754 19.30
754 19.32
754 19.31
754 19.32
754 19.31
754 19.32
754 19.30
754 19.68
754 20.34
754 20.66
754 20.74
754 20.74
754 20.74
754 20.80
754 20.77
754 20.77
754 20.79
754 20.78
754 20.71
754 20.16
754 19.70
754 19.46
754 19.35
754 18.90
754 18.36
754 17.91
754 17.61
754 17.41
754 17.27
754 17.16
754 17.07
754 17.01
755 16.96
755 16.92
755 16.89
756 16.86
756 16.84
756 16.82
757 16.88
756 17.10
756 17.30
756 17.39
756 17.38
756 17.32
756 17.24
756 17.18
756 17.12
756 17.08
756 17.05
756 17.01
756 16.97
756 16.94
756 16.91
756 16.90
756 17.26
755 18.23
755 18.87
755 19.16
755 19.24
755 19.29
755 19.32
755 19.31
755 19.33
755 19.31
755 19.31
755 19.30
755 19.31
754 19.30
754 19.30
754 19.30
754 19.28
754 19.30
754 19.30
753 19.29
754 19.33
754 19.98
754 20.47
754 20.70
754 20.73
754 20.74
754 20.74
754 20.75
754 20.70
754 20.14
754 19.70
754 19.43
754 19.33
754 19.29
754 19.28
754 19.27
754 19.29
754 19.27
754 19.27
754 19.27
754 19.25
754 19.26
754 19.28
754 19.27
754 19.28
754 19.82
754 20.44
754 20.69
754 20.76
754 20.77
754 20.77
754 20.73
754 20.78
753 20.76
754 20.60
754 20.04
754 19.62
754 19.45
754 19.47
754 19.52
754 19.50
754 19.49
754 19.44
754 19.40
754 19.37
754 19.31
755 18.91
755 18.35
755 17.90
755 17.55
755 17.30
755 17.11
755 16.97
755 16.88
755 16.81
755 16.92
755 17.78
755 18.65
755 19.06
755 19.21
755 19.28
755 19.32
755 19.91
755 20.46
755 20.68
755 20.71
755 20.74
755 20.75
755 20.59
755 20.03
755 20.03
755 20.49
755 20.67
755 20.75
754 20.78
754 20.78
754 20.77
754 20.78
754 20.38
754 19.85
754 19.55
754 19.41
754 19.34
754 19.32
754 19.31
753 19.30
753 19.30
753 19.30
753 19.29
753 19.30
753 19.28
753 19.27
753 19.29
753 19.31
753 19.94
753 20.52
753 20.69
753 20.77
753 20.77
753 20.77
753 20.82
753 20.79
753 20.77
753 20.78
753 20.79
753 20.81
753 20.77
753 20.22
753 19.77
753 20.14
753 20.59
753 20.76
753 20.80
753 20.82
753 20.79
753 20.78
753 20.80
753 20.82
753 20.81
753 20.77
753 20.76
753 20.78
753 20.78
752 20.78
752 20.77
752 20.79
753 20.75
753 20.79
752 20.82
752 20.76
752 20.78
752 20.76
752 20.79
752 20.78
753 20.73
753 20.75
753 20.78
753 20.78
753 20.76
753 20.44
753 20.20
752 20.21
753 19.80
753 19.53
753 19.38
753 19.34
753 19.30
754 19.28
754 19.29
754 19.28
754 19.34
754 19.93
754 20.48
754 20.67
754 20.73
754 20.77
754 20.75
754 20.77
754 20.76
754 20.79
754 20.77
754 20.78
754 20.73
754 20.76
754 20.79
754 20.75
754 20.73
754 20.76
753 20.75
753 20.75
753 20.76
753 20.76
753 20.76
753 20.77
753 20.72
753 20.76
753 20.72
752 20.69
752 20.70
752 20.72
752 20.72
752 20.71
752 20.71
752 20.71
752 20.70
751 20.73
751 20.66
751 20.70
751 20.69
751 20.70
751 20.97
751 20.70
750 20.70
750 20.70
751 20.66
751 20.70
751 20.68
751 20.68
751 20.71
751 20.69
751 20.70
751 20.70
751 20.70
751 20.66
751 20.28
751 19.76
751 19.48
751 19.35
751 19.32
752 19.28
752 19.30
752 19.28
752 19.29
752 19.28
752 19.28
752 19.28
752 19.28
752 19.29
752 19.29
751 19.29
752 19.28
751 19.28
751 19.30
751 19.28
751 19.28
751 19.29
751 19.29
751 19.27
751 19.29
751 19.27
751 19.30
751 19.29
751 19.28
751 19.28
751 19.26
751 19.29
751 19.28
751 19.27
751 19.30
752 19.30
752 19.29
752 19.55
752 20.26
752 20.60
752 20.72
753 20.75
753 20.62
753 20.53
753 20.58
753 20.73
753 20.77
753 20.76
754 20.78
754 20.73
754 20.77
754 20.77
754 20.74
754 20.72
754 20.72
754 20.74
754 20.74
754 20.75
754 20.71
754 20.74
753 20.73
753 20.70
754 20.72
753 20.69
753 20.71
753 20.71
753 20.71
754 20.69
753 20.79
753 20.75
753 20.75
753 20.68
753 20.58
753 20.63
753 20.71
753 20.74
753 20.76
753 20.77
753 20.76
753 20.78
754 20.73
754 20.78
754 20.75
754 20.76
754 20.75
754 20.56
754 20.01
754 20.22
754 20.57
754 20.71
754 20.74
754 20.78
754 20.78
754 20.76
754 20.77
754 20.81
755 20.76
755 20.42
755 19.89
755 19.56
755 19.40
755 19.34
755 19.31
755 19.32
755 19.30
755 19.32
755 19.30
755 19.29
755 19.31
755 19.29
755 19.31
755 19.32
754 19.30
754 19.29
754 19.30
754 19.30
754 19.30
754 19.31
754 19.29
754 19.31
754 19.29
754 19.30
754 19.30
754 19.30
755 19.28
755 19.31
755 19.29
755 19.31
755 19.22
756 18.74
756 18.27
756 18.36
756 18.78
756 19.17
756 20.01
756 20.59
757 20.78
757 20.79
757 20.81
757 20.80
757 20.80
757 20.81
757 20.81
757 20.81
757 20.81
757 20.79
757 20.79
757 20.81
757 20.79
757 20.79
757 20.79
757 20.77
756 20.80
756 20.81
756 20.81
756 20.86
756 20.81
756 20.84
756 20.83
756 20.80
755 20.80
755 20.81
755 20.81
755 20.82
755 20.82
755 20.79
755 20.80
755 20.79
755 20.79
755 20.78
754 20.79
754 20.79
754 20.74
754 20.15
754 19.71
754 19.50
754 19.62
754 19.97
754 20.42
754 21.15
754 21.36
754 21.29
755 21.15
755 21.02
755 20.87
755 20.25
755 19.77
755 19.55
755 19.45
755 19.40
755 19.37
755 19.36
755 19.34
755 19.35
756 19.33
756 19.32
756 19.31
756 19.33
756 19.32
756 19.31
756 19.32
756 19.32
756 19.32
756 19.30
755 19.32
755 19.33
755 19.31
755 19.32
755 19.30
755 19.32
755 19.31
755 19.32
755 19.30
755 19.30
755 19.32
755 19.30
755 19.33
755 19.31
755 19.29
755 19.34
755 19.32
756 19.31
756 19.30
756 19.32
756 19.31
756 19.30
756 19.31
756 19.30
756 19.37
756 20.06
756 20.57
756 20.74
757 20.54
757 20.59
757 20.69
757 20.75
757 20.40
757 19.72
757 19.52
757 20.57
757 21.03
757 21.05
757 21.03
757 20.98
757 20.92
757 20.89
757 20.88
757 20.83
757 20.84
757 20.83
757 20.83
757 20.81
757 20.84
757 20.83
757 20.80
757 20.84
757 20.79
757 20.82
757 20.81
757 20.82
756 20.80
756 20.79
756 20.83
756 20.81
756 20.84
756 20.79
756 20.79
756 20.76
756 20.77
756 20.78
756 20.60
756 20.32
756 20.55
756 20.68
756 20.72
756 20.75
756 20.75
756 20.78
756 20.74
756 20.75
756 20.50
756 19.96
756 19.60
756 19.43
756 19.37
757 19.34
757 19.31
757 19.32
757 19.32
757 19.31
757 19.34
757 19.32
757 19.32
757 19.32
757 19.33
757 19.30
757 19.31
757 19.32
757 19.31
757 19.31
757 19.32
757 19.31
757 19.32
757 19.31
757 19.32
757 19.31
757 19.33
757 19.32
757 19.31
757 19.31
757 19.32
757 19.30
757 19.33
757 19.33
758 19.30
758 19.18
758 18.67
758 18.15
758 17.73
758 17.43
758 17.20
758 17.04
758 16.93
758 16.85
759 16.79
759 16.76
759 16.75
759 16.73
759 16.72
759 16.72
759 16.72
759 16.71
759 16.71
759 16.72
759 16.71
759 16.71
759 16.71
759 16.71
759 16.71
759 16.71
759 16.71
759 16.71
759 16.71
759 16.71
759 16.70
759 16.71
758 16.71
758 16.71
758 16.71
758 16.70
758 16.71
758 16.70
758 16.71
758 16.96
758 18.92
758 20.23
757 20.70
757 20.72
757 20.76
757 20.81
757 20.78
757 20.74
757 20.78
757 20.77
757 20.76
757 20.76
757 20.75
757 20.70
757 20.80
757 20.78
757 20.72
757 20.77
757 20.76
757 20.77
757 20.68
756 20.10
756 19.72
756 20.14
756 20.58
756 20.73
757 20.81
757 20.80
757 20.80
758 20.79
758 20.80
758 20.80
758 20.79
758 20.77
758 20.80
758 20.76
758 20.80
758 20.78
758 20.78
758 20.78
758 20.79
758 20.76
758 20.75
758 20.80
758 20.77
758 20.77
758 20.75
758 20.76
757 20.77
757 20.74
757 20.72
757 20.17
757 20.24
757 20.60
757 20.69
757 20.73
757 20.76
757 20.74
757 20.76
758 20.77
758 20.77
758 20.76
758 20.75
758 20.75
758 20.74
758 20.38
758 19.63
758 18.83
758 18.20
759 17.75
759 17.43
759 17.20
759 17.04
759 16.92
759 16.84
759 16.78
759 16.75
759 16.72
759 16.71
759 16.70
759 16.70
759 16.69
759 16.69
759 16.68
759 16.68
759 16.68
759 16.68
758 16.68
758 16.68
758 16.68
758 16.68
758 16.68
758 16.68
758 16.68
758 16.68
758 16.68
758 16.76
758 17.51
758 18.50
758 18.99
758 19.18
757 19.26
757 19.28
757 19.30
757 19.31
757 19.30
757 19.32
757 19.29
757 19.28
757 19.25
756 19.26
756 19.39
756 20.14
756 20.54
756 20.69
756 20.74
756 20.76
756 20.76
756 20.74
756 20.77
756 20.77
756 20.78
756 20.66
756 20.05
756 20.17
756 20.52
756 20.68
757 20.74
757 20.72
757 20.74
757 20.76
757 20.76
756 20.75
756 20.72
757 20.74
756 20.72
757 20.75
757 20.74
757 20.77
757 20.75
757 20.71
756 20.75
756 20.76
756 20.74
756 20.75
756 20.77
756 20.75
756 20.74
756 20.74
756 20.76
758 20.62
757 20.18
757 19.85
757 19.69
757 19.52
757 19.45
757 19.40
757 19.35
757 19.35
756 19.34
756 19.32
756 19.26
756 18.83
756 18.28
756 17.87
756 18.01
756 18.59
756 19.01
756 19.41
756 20.21
756 20.63
756 20.74
756 20.81
756 20.80
757 20.80
757 20.44
757 19.89
757 19.92
757 20.43
757 20.72
757 20.44
757 19.61
757 18.79
757 18.20
757 18.06
757 18.52
757 18.96
757 19.19
757 19.29
757 19.30
756 19.32
756 19.31
756 19.32
756 19.31
756 19.31
756 19.29
756 19.31
756 19.30
755 19.29
755 19.30
755 19.30
755 19.29
755 19.30
755 19.29
755 19.29
755 19.28
754 19.29
755 19.29
754 19.48
755 20.20
755 20.60
755 20.71
756 20.76
756 20.86
756 21.00
756 21.08
756 20.99
756 20.90
756 20.84
756 20.82
757 20.83
758 20.82
758 20.79
758 20.81
758 20.87
758 20.92
758 20.91
757 20.86
757 20.83
757 20.84
757 20.85
757 20.83
757 20.85
757 20.82
756 20.83
756 20.81
756 20.81
756 20.83
756 20.90
756 21.53
756 22.16
756 22.50
756 22.62
756 22.55
756 22.18
756 21.71
756 21.42
756 21.19
756 21.08
756 21.03
756 20.94
756 20.89
756 20.87
756 20.85
756 20.85
756 20.83
756 20.81
756 20.81
757 20.81
757 20.84
757 20.82
757 20.82
757 20.81
757 20.84
757 20.81
757 20.82
757 20.79
757 20.82
757 20.66
758 20.60
758 20.69
758 20.85
758 20.90
758 20.88
758 20.87
758 20.83
758 20.85
758 20.88
758 20.94
758 21.57
758 21.93
758 22.02
758 22.13
757 22.31
757 22.40
757 21.89
757 21.45
757 21.27
757 21.14
757 21.09
756 21.00
756 20.94
756 20.91
757 20.91
758 21.04
758 21.14
758 21.14
758 21.12
758 21.03
758 21.02
758 21.00
758 20.98
757 20.99
757 20.93
757 20.93
756 20.93
756 20.91
756 20.90
756 20.87
756 20.85
756 21.08
756 22.20
756 22.64
756 22.70
756 22.67
757 22.63
757 23.17
757 23.73
757 23.97
757 24.10
757 24.12
757 24.12
757 24.11
757 24.15
757 24.16
757 24.14
757 24.13
757 24.18
757 24.18
757 24.12
757 24.16
757 24.17
757 24.16
757 24.19
757 24.21
756 24.29
756 24.35
757 24.41
756 24.43
757 24.61
756 25.18
756 25.54
756 25.68
756 25.66
756 25.78
756 25.79
756 25.75
756 25.74
757 25.78
757 25.77
757 25.82
757 25.79
757 25.84
757 25.86
757 25.84
757 25.84
758 26.23
758 26.78
758 27.03
758 27.11
758 27.14
758 27.14
758 27.15
758 27.16
758 27.06
758 27.09
758 27.09
758 27.07
758 27.07
758 27.02
758 27.00
758 27.05
758 27.03
758 26.97
758 26.97
758 26.99
758 26.96
758 26.83
758 26.37
757 26.03
757 25.94
757 25.88
757 25.84
757 25.85
757 25.89
757 25.94
757 25.93
757 25.90
757 25.90
757 25.93
756 25.96
757 25.95
756 25.97
756 25.92
756 25.91
756 25.94
756 25.94
756 25.96
756 25.95
756 25.93
756 25.94
756 25.95
756 25.91
756 25.90
756 25.94
756 25.93
756 25.96
756 25.96
756 25.98
756 25.95
756 25.98
756 25.97
756 25.95
756 25.96
756 26.00
757 25.96
757 25.97
757 25.96
757 25.95
757 25.93
757 25.97
757 25.98
757 25.98
757 25.93
757 26.01
757 25.96
758 25.92
758 25.91
758 25.94
757 25.93
757 25.92
757 25.93
757 25.94
757 25.95
757 25.92
757 25.96
757 25.94
757 25.73
757 25.29
758 25.86
758 26.38
757 25.73
757 25.08
757 24.71
757 24.59
757 24.48
757 24.48
757 24.45
757 24.41
757 24.39
757 24.43
757 24.32
757 24.33
757 24.35
757 24.32
757 24.14
757 23.66
758 23.19
758 22.92
757 22.86
757 22.79
757 22.76
758 22.77
758 22.68
758 22.77
758 22.75
757 22.72
757 22.71
757 22.73
757 22.73
757 22.72
757 22.62
757 22.40
757 22.04
757 21.40
757 21.02
757 20.87
758 20.83
758 20.82
757 20.83
757 20.85
756 20.88
756 20.92
757 20.93
756 21.33
756 21.81
756 21.95
756 22.20
756 22.44
756 22.60
756 22.75
756 22.80
756 22.79
756 22.87
756 22.79
756 22.74
756 22.79
755 22.77
755 22.83
755 22.77
755 22.78
755 22.75
755 22.82
755 22.81
755 22.77
755 22.82
755 22.76
755 22.76
755 22.78
755 22.76
755 22.79
755 22.77
756 22.75
756 22.77
756 22.75
756 22.76
756 22.82
756 22.82
756 22.77
756 22.82
756 22.78
756 22.74
756 22.72
755 22.77
755 22.77
755 22.74
755 22.77
755 22.75
755 22.75
755 22.70
755 22.72
754 22.71
754 22.72
754 22.76
754 22.76
754 22.57
754 22.27
754 21.19
754 20.26
754 20.37
754 20.75
754 20.90
754 20.94
754 20.93
755 20.92
754 20.89
754 20.85
755 20.88
755 20.88
755 20.86
755 20.86
755 20.86
755 20.87
755 20.88
755 20.85
754 20.84
754 20.87
754 20.86
754 20.85
754 20.86
754 20.85
754 20.85
754 20.86
754 20.85
754 20.85
754 20.85
754 20.55
754 20.14
754 20.47
754 20.72
753 20.84
753 20.87
753 20.84
753 20.83
753 20.79
753 20.78
753 21.05
752 21.64
752 21.92
753 22.11
753 22.33
752 22.42
752 22.53
752 22.58
752 22.59
752 22.64
752 22.61
752 22.62
751 22.62
751 22.62
751 22.62
751 22.75
752 23.37
752 23.85
752 24.06
752 24.13
752 24.15
752 24.14
752 24.10
752 24.13
752 24.13
752 24.09
752 24.08
752 24.07
752 24.06
752 24.02
753 23.97
753 23.90
753 23.46
753 23.08
753 22.79
753 22.67
753 22.60
753 22.50
753 22.58
753 22.51
753 22.51
753 22.54
753 22.53
753 23.00
753 23.61
753 23.90
753 23.97
753 24.06
753 24.10
753 24.11
753 24.10
753 24.12
753 24.10
753 24.10
753 24.07
753 24.05
753 24.10
753 24.12
753 24.15
753 24.10
753 24.17
753 24.10
753 24.10
753 24.11
753 24.17
753 24.12
753 24.10
753 24.12
753 24.11
753 24.11
753 24.16
754 24.14
754 24.13
754 24.10
754 24.10
754 24.04
754 23.90
754 23.49
754 23.12
754 22.91
754 22.81
754 22.80
754 22.82
753 22.74
753 22.75
753 22.73
753 22.75
753 22.72
753 22.75
753 22.77
753 22.70
753 22.77
753 22.79
752 22.76
752 22.77
752 22.80
752 22.75
752 22.83
752 22.71
752 22.77
752 22.76
752 22.76
752 22.75
752 22.72
752 22.74
752 22.72
752 22.97
752 23.50
751 23.67
751 23.40
751 23.06
751 22.86
751 22.79
752 22.79
752 22.74
752 22.76
752 22.72
752 23.00
752 23.56
752 23.92
752 24.02
752 24.09
752 24.13
752 24.10
752 24.13
752 24.15
752 24.15
752 24.09
753 24.14
753 24.12
753 24.10
753 24.15
753 24.11