8.8 272
8.6 276
8.5 280
8.4 284
8.2 289
8.1 293
8.0 298
7.9 302
7.8 306
7.7 310
7.6 314
7.5 317
7.4 320
7.3 323
7.2 325
7.1 327
7.1 330
7.0 332
6.9 333
6.9 333
6.8 335
6.8 337
6.8 338
6.7 338
6.7 341
6.7 340
6.7 341
6.8 340
6.8 341
6.8 342
6.9 341
7.0 340
7.1 340
7.2 336
7.4 337
7.5 336
7.6 336
7.8 335
8.0 333
8.1 333
8.3 332
8.4 329
8.6 327
8.7 326
8.9 322
9.1 320
9.2 316
9.4 313
9.6 309
9.7 303
9.9 300
10.1 296
10.3 290
10.4 285
10.6 280
10.8 276
11.0 271
11.1 266
11.3 262
11.4 259
11.5 254
11.7 249
11.8 246
11.9 244
12.0 239
12.1 235
12.2 232
12.3 231
12.3 227
12.3 225
12.3 222
12.3 222
12.3 220
12.2 218
12.2 218
12.1 218
12.0 218
11.9 218
11.7 218
11.6 221
11.4 221
11.3 222
11.1 224
11.0 228
10.9 227
10.7 230
10.6 233
10.4 237
10.3 239
10.1 242
10.0 245
9.8 250
9.7 253
9.6 256
9.4 261
9.3 266
9.1 270
9.0 274
8.9 279
8.7 286
8.6 290
8.4 295
8.3 299
8.2 305
8.1 309
8.0 313
7.9 318
7.8 321
7.7 324
7.6 328
7.5 331
7.4 334
7.4 336
7.3 339
7.2 341
7.1 343
7.1 344
7.0 346
7.0 347
6.9 348
6.9 350
6.8 350
6.8 351
6.9 352
6.9 352
7.0 344
7.0 349
7.0 350
7.1 351
7.2 351
7.4 350
7.4 350
7.4 350
7.6 350
7.8 349
7.9 348
8.0 346
8.2 346
8.3 344
8.5 342
8.6 339
8.8 337
9.0 333
9.1 329
9.3 323
9.5 318
9.6 312
9.7 312
10.0 303
10.1 296
10.2 292
10.3 287
10.6 280
10.7 275
10.8 271
11.0 266
11.2 260
11.3 256
11.4 251
11.6 248
11.7 243
11.8 239
11.8 236
11.9 235
12.0 232
12.0 228
12.0 226
12.0 225
12.0 224
11.9 223
11.9 222
11.8 223
11.7 222
11.6 220
11.5 223
11.4 225
11.2 226
11.0 227
10.9 229
10.7 232
10.6 233
10.4 236
10.2 239
10.0 244
9.9 247
9.7 250
9.5 254
9.4 260
9.2 263
9.1 268
8.9 272
8.8 279
8.6 283
8.5 288
8.3 293
8.2 299
8.0 304
7.9 308
7.8 314
7.6 318
7.6 322
7.4 325
7.3 328
7.2 332
7.1 335
7.0 338
6.9 342
6.8 343
6.8 345
6.7 347
6.6 350
6.5 351
6.4 353
6.4 354
6.3 356
6.3 357
6.2 358
6.2 359
6.2 360
6.2 360
6.2 361
6.2 362
6.2 362
6.3 362
6.4 362
6.4 363
6.5 362
6.6 362
6.7 362
6.9 362
7.0 361
7.1 360
7.3 359
7.4 357
7.5 356
7.8 354
7.9 351
8.1 348
8.3 344
8.4 342
8.6 337
8.8 333
9.0 328
9.0 324
9.2 319
9.4 314
9.5 308
9.8 302
9.9 295
10.1 289
10.1 285
10.2 282
10.4 276
10.4 272
10.5 268
10.6 266
10.8 260
10.8 258
10.8 255
10.9 254
11.0 250
10.9 247
10.9 247
10.8 248
10.8 245
10.8 244
10.7 243
10.6 244
10.5 244
10.5 244
10.3 244
10.2 246
10.1 247
9.9 249
9.8 251
9.6 254
9.4 257
9.3 260
8.9 274
8.5 297
8.3 321
8.1 309
8.0 302
8.0 303
7.9 305
7.7 310
7.5 318
7.4 318
7.3 317
7.1 319
7.0 321
6.9 323
6.8 325
6.6 329
6.5 330
6.4 334
6.2 335
6.0 338
5.9 340
5.8 341
5.7 342
5.6 345
5.5 346
5.5 347
5.4 349
5.4 350
5.3 352
5.3 352
5.2 351
5.2 353
5.2 352
5.2 352
5.1 353
5.1 353
5.1 354
5.2 353
5.2 355
5.2 355
5.3 354
5.3 354
5.4 355
5.4 356
5.4 356
5.5 358
5.5 358
5.6 358
5.8 360
5.9 360
6.0 362
6.2 363
6.2 365
6.3 364
6.4 368
6.5 370
6.6 371
6.7 369
6.8 370
6.9 369
7.0 369
7.0 368
7.1 368
7.2 368
7.3 368
7.4 366
7.3 366
7.4 368
7.4 371
7.6 373
7.6 372
7.7 367
7.7 365
7.7 364
7.8 364
7.8 362
7.8 362
7.8 361
7.8 362
7.8 360
7.8 361
7.8 361
7.7 362
7.6 364
7.6 364
7.5 366
7.4 368
7.3 367
7.3 368
7.2 367
7.2 369
7.1 373
7.1 374
7.0 373
7.0 373
6.9 372
6.9 372
6.8 370
6.8 372
6.8 371
6.7 371
6.7 372
6.6 372
6.6 374
6.6 375
6.5 374
6.5 376
6.4 377
6.4 378
6.4 379
6.3 379
6.3 380
6.2 381
6.2 381
6.2 382
6.2 382
6.2 383
6.2 382
6.1 384
6.1 384
6.1 384
6.1 384
6.1 385
6.1 385
6.1 386
6.1 386
6.1 386
6.1 387
6.1 388
6.1 387
6.0 388
6.0 389
6.1 389
6.1 389
6.1 390
6.1 391
6.1 391
6.2 390
6.2 391
6.2 391
6.3 392
6.4 391
6.4 391
6.4 392
6.4 392
6.4 390
6.5 391
6.5 392
6.6 392
6.7 389
6.7 390
6.7 391
6.7 391
6.8 389
6.9 390
7.0 389
7.1 389
7.2 388
7.3 388
7.3 388
7.4 388
7.4 386
7.5 386
7.5 385
7.5 386
7.5 387
7.6 389
7.7 389
7.7 388
7.8 387
7.9 387
8.0 386
8.0 384
8.0 384
8.0 387
8.2 393
8.1 381
8.1 382
8.1 381
8.1 380
8.0 382
8.0 381
8.0 385
8.0 386
7.9 386
7.9 385
7.8 388
7.8 390
7.8 389
7.7 386
7.6 386
7.6 385
7.5 386
7.5 383
7.4 384
7.4 385
7.4 386
7.3 384
7.2 385
7.2 384
7.2 384
7.1 383
7.1 386
7.0 386
7.0 387
6.9 387
6.9 388
6.9 388
6.8 390
6.8 390
6.8 392
6.8 392
6.8 393
6.7 393
6.7 394
6.7 395
6.7 395
6.7 395
6.7 397
6.7 396
6.6 397
6.6 398
6.6 397
6.6 398
6.6 397
6.6 399
6.6 397
6.6 398
6.6 398
6.6 398
6.6 397
6.6 399
6.7 399
6.7 398
6.7 399
6.8 400
6.8 400
6.9 399
6.9 400
7.0 400
7.0 400
7.1 399
7.2 400
7.2 400
7.3 399
7.4 398
7.4 398
7.4 398
7.5 396
7.5 393
7.6 393
7.7 393
7.8 391
7.9 391
8.0 390
8.1 388
8.1 387
8.2 386
8.3 384
8.4 383
8.4 381
8.5 381
8.7 379
8.7 378
8.8 375
8.9 373
8.9 372
9.0 371
9.0 368
9.0 368
9.0 367
9.0 365
9.0 366
8.9 365
9.0 364
8.9 362
8.9 363
8.9 363
8.8 364
8.7 365
8.7 365
8.7 366
8.6 366
8.5 368
8.5 368
8.4 370
8.3 371
8.2 372
8.1 374
8.0 375
7.9 376
7.8 375
7.7 375
7.7 374
7.6 374
7.5 373
7.4 374
7.4 374
7.3 375
7.2 375
7.2 376
7.2 376
7.1 377
7.1 378
7.0 378
7.0 379
7.0 380
7.0 380
6.9 381
6.9 382
6.9 384
6.9 384
6.9 386
6.9 386
6.8 385
6.8 386
6.8 386
6.8 386
6.8 387
6.8 388
6.8 388
6.8 389
6.8 389
6.8 389
6.8 390
6.9 390
6.9 392
6.9 393
6.9 393
7.0 394
7.1 396
7.1 396
7.2 397
7.2 397
7.2 398
7.3 398
7.4 398
7.4 394
7.5 394
7.6 394
7.6 391
7.7 390
7.8 389
7.9 388
7.9 387
8.0 385
8.1 385
8.2 385
8.3 384
8.4 383
8.5 380
8.6 378
8.6 376
8.7 376
8.8 373
8.8 370
8.9 369
9.0 367
9.0 365
9.1 362
9.2 360
9.2 359
9.2 355
9.2 354
9.2 353
9.2 353
9.1 352
9.1 352
9.0 352
9.1 352
9.1 351
9.1 350
9.0 351
8.9 350
8.8 351
8.8 351
8.7 352
8.6 353
8.5 354
8.4 355
8.4 356
8.3 357
8.2 358
8.2 358
8.2 361
8.1 363
8.0 366
8.0 368
7.9 370
7.8 372
7.8 373
7.7 375
7.6 376
7.6 378
7.5 379
7.5 380
7.4 381
7.4 384
7.3 386
7.2 386
7.2 388
7.1 388
7.1 390
7.0 390
7.0 392
6.9 392
6.9 393
6.8 393
6.8 394
6.8 394
6.7 396
6.7 396
6.6 397
6.6 396
6.6 396
6.6 397
6.5 398
6.5 397
6.5 399
6.5 397
6.5 399
6.5 398
6.6 398
6.6 398
6.6 398
6.7 396
6.7 396
6.7 395
6.8 394
6.8 392
6.9 391
6.9 390
7.0 389
7.1 387
7.1 387
7.2 386
7.3 385
7.3 385
7.4 383
7.4 384
7.5 382
7.6 381
7.7 381
7.8 381
8.1 378
8.2 378
8.3 377
8.3 374
8.4 373
8.4 372
8.4 370
8.4 373
8.4 372
8.4 371
8.5 370
8.6 369
8.7 367
8.7 365
8.7 363
8.6 363
8.6 364
8.5 365
8.4 366
8.4 367
8.4 366
8.3 367
8.3 366
8.2 367
8.2 369
8.1 370
8.0 370
8.0 371
7.9 373
7.8 373
7.8 374
7.8 375
7.7 377
7.6 377
7.6 378
7.5 380
7.5 381
7.4 381
7.4 383
7.4 385
7.3 386
7.3 386
7.2 389
7.2 390
7.1 390
7.1 390
7.0 392
7.0 394
6.9 396
6.9 396
6.8 393
6.8 397
6.7 399
6.6 399
6.5 400
6.5 401
6.5 404
6.4 401
6.4 403
6.3 405
6.3 405
6.3 404
6.2 405
6.2 403
6.2 404
6.1 405
6.1 405
6.1 406
6.0 407
6.0 403
6.0 403
6.0 400
6.1 400
6.5 399
6.3 393
6.1 394
6.1 396
6.2 394
6.3 396
6.5 400
6.8 400
6.9 399
6.6 402
7.0 402
7.1 392
6.9 398
6.8 403
6.7 405
6.7 405
6.6 403
6.6 404
6.6 403
6.6 404
6.6 400
6.6 399
6.7 398
6.7 398
6.8 397
6.9 396
7.0 396
7.0 397
7.1 398
7.2 399
7.3 400
7.3 398
7.4 397
7.4 396
7.5 395
7.5 395
7.5 395
7.5 395
7.5 390
7.5 388
7.6 389
7.6 390
7.6 394
7.6 396
7.7 397
7.7 398
7.8 398
7.8 399
7.9 398
7.9 397
7.9 395
7.9 396
7.9 396
7.9 394
7.9 393
8.0 394
8.0 394
8.0 393
8.0 392
8.0 392
8.1 390
8.1 389
8.1 388
8.1 388
8.2 388
8.2 388
8.2 390
8.2 389
8.2 388
8.2 389
8.2 389
8.2 390
8.2 390
8.2 390
8.2 390
8.2 390
8.2 392
8.2 391
8.2 392
8.2 392
8.2 391
8.2 392
8.2 393
8.2 392
8.3 392
8.3 392
8.3 395
8.3 392
8.3 393
8.3 393
8.3 394
8.3 394
8.4 394
8.4 395
8.4 396
8.4 397
8.4 395
8.4 395
8.4 396
8.5 396
8.5 398
8.5 398
8.5 398
8.6 397
8.6 396
8.6 395
8.6 396
8.6 396
8.7 395
8.7 396
8.8 396
8.8 398
8.8 395
8.9 396
8.9 396
8.9 398
9.0 396
9.0 397
9.0 396
9.0 396
9.1 396
9.1 396
9.2 394
9.2 394
9.2 394
9.2 392
9.3 393
9.3 392
9.3 391
9.3 391
9.3 390
9.3 388
9.3 388
9.3 387
9.3 387
9.3 386
9.3 386
9.3 385
9.3 386
9.2 384
9.2 387
9.2 385
9.1 385
9.1 385
9.1 387
9.0 384
9.0 384
9.0 385
8.9 384
8.9 384
8.9 383
8.8 383
8.8 385
8.8 383
8.7 384
8.7 383
8.6 384
8.6 384
8.5 383
8.5 383
8.5 382
8.4 384
8.4 383
8.4 384
8.3 385
8.3 384
8.3 384
8.2 384
8.2 385
8.2 385
8.2 386
8.2 385
8.1 388
8.1 386
8.1 386
8.1 387
8.1 387
8.0 388
8.0 389
8.0 388
8.0 388
8.0 389
8.0 389
8.0 390
8.0 389
8.0 390
8.0 391
8.0 391
8.0 391
8.0 391
8.0 392
8.0 393
8.0 393
8.1 394
8.1 396
8.1 398
8.2 399
8.2 401
8.2 402
8.3 404
8.3 404
8.3 405
8.4 406
8.4 407
8.5 407
8.5 407
8.5 406
8.6 407
8.6 406
8.7 405
8.8 405
8.8 404
8.9 403
9.0 402
9.0 401
9.1 400
9.1 398
9.2 395
9.2 394
9.3 392
9.3 390
9.4 389
9.4 386
9.4 386
9.4 385
9.4 384
9.4 383
9.4 381
9.4 382
9.4 381
9.4 376
9.4 379
9.3 380
9.3 380
9.3 380
9.2 382
9.2 381
9.2 379
9.1 380
9.1 381
9.0 383
8.9 384
8.9 384
8.8 386
8.8 386
8.8 387
8.7 387
8.7 387
8.6 387
8.6 389
8.6 389
8.5 388
8.5 389
8.4 388
8.4 389
8.3 389
8.3 389
8.2 390
8.2 390
8.1 392
8.1 392
8.0 392
8.0 392
8.0 392
7.9 393
7.9 394
7.9 394
7.8 395
7.8 396
7.8 396
7.8 396
7.7 396
7.7 397
7.7 397
7.7 397
7.7 398
7.7 398
7.7 398
7.6 398
7.7 400
7.7 399
7.6 399
7.7 400
7.7 400
7.7 400
7.7 400
7.7 401
7.7 401
7.8 403
7.8 403
7.8 404
7.8 403
7.9 405
7.9 405
8.0 404
8.0 405
8.1 403
8.1 404
8.2 404
8.2 402
8.2 402
8.3 401
8.3 401
8.4 400
8.4 398
8.5 397
8.5 397
8.6 395
8.6 394
8.7 392
8.8 391
8.8 389
8.9 389
8.9 386
9.0 385
9.0 383
9.1 382
9.1 380
9.2 379
9.2 377
9.2 377
9.3 375
9.3 373
9.3 373
9.4 372
9.3 371
9.3 369
9.3 368
9.3 370
9.3 368
9.2 369
9.2 369
9.2 372
9.1 371
9.0 371
9.0 373
8.9 376
8.8 376
8.8 376
8.7 378
8.6 379
8.6 381
8.6 382
8.5 383
8.4 383
8.4 384
8.3 385
8.3 386
8.2 388
8.1 387
8.1 389
8.0 389
8.0 390
7.9 390
7.9 391
7.8 392
7.7 392
7.7 394
7.6 394
7.5 395
7.5 396
7.4 396
7.4 395
7.4 398
7.3 398
7.3 397
7.2 399
7.2 397
7.1 398
7.1 397
7.0 398
7.0 398
7.0 398
7.0 398
6.9 398
6.9 401
6.9 401
6.8 402
6.8 402
6.8 403
6.8 402
6.8 404
6.8 404
6.9 405
6.9 404
7.0 403
7.0 404
7.0 404
7.1 403
7.1 403
7.2 403
7.2 404
7.3 402
7.3 403
7.4 402
7.4 402
7.4 401
7.4 402
7.5 396
7.6 397
7.6 399
7.7 399
7.7 400
7.8 399
7.9 397
7.9 397
7.8 396
7.8 396
7.8 397
7.8 398
7.8 400
7.8 401
7.9 400
7.9 399
7.9 398
8.0 396
8.1 396
8.1 394
8.1 395
8.1 396
8.1 395
8.1 395
8.1 394
8.1 394
8.1 393
8.0 393
8.0 394
8.0 393
7.9 394
7.9 393
7.9 393
7.8 393
7.8 393
7.7 391
7.6 390
7.5 391
7.5 391
7.5 392
7.4 392
7.4 393
7.3 392
7.3 391
7.2 390
7.2 390
7.2 389
7.1 396
7.1 388
7.1 388
7.1 388
7.1 389
7.1 392
7.1 394
7.1 396
7.1 398
7.2 400
7.1 400
7.1 401
7.0 400
7.0 399
7.0 400
7.0 399
7.0 399
7.0 399
7.1 400
7.1 394
7.1 396
7.1 395
7.1 395
7.0 391
7.0 390
7.0 389
7.1 391
7.1 390
7.2 394
7.4 396
7.4 398
7.6 400
7.8 405
7.7 405
7.6 403
7.6 401
7.7 402
7.7 401
7.7 401
7.7 401
7.7 401
7.8 401
7.7 402
7.8 402
7.8 402
7.9 399
7.9 398
8.0 400
8.0 402
8.0 402
8.0 401
8.1 402
8.2 405
8.2 408
8.2 406
8.2 406
8.2 404
8.2 403
8.2 402
8.2 400
8.2 398
8.3 401
8.3 401
8.4 400
8.4 402
8.4 403
8.4 403
8.4 403
8.4 403
8.4 405
8.4 405
8.5 404
8.5 404
8.5 403
8.6 403
8.6 403
8.6 403
8.6 404
8.6 404
8.6 405
8.6 407
8.6 412
8.6 412
8.6 414
8.6 418
8.6 418
8.6 421
8.6 420
8.6 422
8.6 422
8.6 424
8.6 424
8.6 425
8.6 425
8.5 427
8.6 426
8.6 427
8.5 428
8.5 430
8.5 427
8.5 428
8.5 430
8.5 431
8.5 430
8.5 432
8.5 431
8.4 431
8.4 429
8.4 430
8.4 432
8.4 434
8.4 431
8.4 433
8.4 434
8.4 432
8.3 431
8.3 432
8.3 433
8.2 434
8.2 430
8.2 434
8.2 434
8.1 435
8.1 431
8.0 434
8.0 433
8.0 436
7.9 432
8.0 433
8.0 433
8.0 434
8.0 433
8.0 431
8.1 431
8.1 431
8.1 430
8.1 430
8.2 430
8.2 429
8.2 426
8.2 427
8.3 427
8.3 426
8.4 426
8.4 427
8.4 427
8.4 425
8.4 425
8.5 425
8.5 425
8.5 425
8.5 423
8.6 423
8.6 331
8.6 360
8.6 365
8.6 367
8.6 368
8.6 367
8.6 369
8.6 369
8.6 370
8.6 368
8.6 368
8.6 368
8.6 369
8.6 367
8.6 368
8.6 368
8.6 368
8.5 367
8.6 367
8.6 368
8.6 368
8.6 367
8.5 368
8.5 368
8.5 368
8.5 368
8.5 369
8.5 370
8.5 370
8.5 369
8.5 369
8.5 369
8.4 369
8.5 368
8.4 369
8.5 369
8.5 370
8.5 369
8.4 369
8.4 369
8.4 368
8.4 368
8.4 367
8.4 367
8.4 367
8.4 366
8.4 367
8.4 367
8.4 368
8.4 368
8.4 369
8.4 370
8.4 373
8.4 374
8.4 376
8.4 378
8.4 380
8.4 380
8.4 382
8.4 383
8.4 383
8.4 383
8.4 384
8.4 384
8.4 385
8.4 385
8.4 385
8.4 384
8.4 383
8.4 383
8.4 382
8.4 381
8.4 380
8.4 380
8.4 380
8.4 380
8.4 379
8.4 379
8.4 378
8.4 377
8.4 376
8.4 374
8.4 375
8.4 374
8.4 375
8.4 376
8.4 373
8.4 368
8.5 362
8.4 361
8.5 360
8.5 360
8.5 361
8.5 364
8.5 364
8.5 363
8.5 360
8.4 359
8.4 358
8.4 357
8.4 356
8.4 357
8.4 356
8.4 357
8.4 358
8.4 359
8.4 359
8.4 359
8.4 359
8.5 361
8.5 362
8.5 362
8.5 363
8.5 364
8.6 364
8.6 365
8.6 365
8.6 367
8.6 368
8.6 369
8.6 370
8.6 370
8.6 371
8.5 372
8.5 372
8.5 373
8.4 374
8.4 374
8.3 375
8.3 375
8.2 376
8.2 377
8.2 377
8.1 377
8.1 378
8.1 378
8.0 379
8.0 378
8.0 378
8.0 378
8.0 379
8.0 379
8.0 380
8.0 380
8.0 380
8.0 378
8.0 378
8.0 378
8.0 377
8.0 376
8.0 378
8.0 378
8.0 379
8.0 379
8.0 380
8.0 381
8.0 382
8.0 380
8.0 383
8.0 384
8.0 385
8.0 387
8.0 388
8.0 389
8.0 389
8.1 389
8.1 390
8.1 392
8.1 393
8.0 394
8.1 396
8.1 399
8.1 403
8.1 406
8.1 387
8.1 399
8.1 408
8.1 412
8.1 415
8.1 416
8.1 416
8.1 414
8.2 412
8.1 412
8.1 412
8.2 412
8.1 411
8.2 403
8.2 400
8.2 401
8.2 400
8.2 400
8.2 403
8.2 405
8.2 405
8.2 405
8.2 407
8.2 407
8.2 408
8.2 409
8.2 412
8.2 412
8.2 413
8.2 413
8.2 415
8.2 416
8.2 416
8.2 417
8.2 418
8.2 420
8.1 420
8.1 421
8.1 423
8.1 425
8.1 426
8.1 427
8.1 428
8.1 430
8.0 430
8.0 431
8.0 432
8.0 432
8.0 433
8.0 434
8.0 435
8.0 436
7.9 436
7.9 437
7.9 438
7.9 438
7.9 439
7.9 438
7.8 439
7.8 440
7.8 441
7.8 441
7.8 441
7.8 441
7.8 441
7.8 441
7.8 441
7.8 441
7.8 441
7.8 441
7.7 441
7.7 439
7.7 438
7.7 437
7.7 435
7.7 435
7.7 435
7.7 435
7.7 435
7.8 435
7.8 436
7.8 436
7.8 435
7.8 435
7.8 434
7.8 432
7.8 432
7.8 428
7.8 430
7.8 431
7.8 430
7.9 430
7.9 429
7.9 427
7.9 427
7.9 426
8.0 424
8.0 422
8.0 422
8.0 422
8.0 421
8.1 420
8.1 419
8.1 419
8.1 418
8.1 418
8.2 418
8.2 420
8.2 419
8.2 419
8.2 419
8.3 420
8.3 419
8.3 417
8.3 417
8.3 417
8.3 416
8.4 415
8.4 414
8.4 415
8.4 414
8.4 414
8.4 415
8.4 416
8.4 415
8.4 415
8.4 416
8.4 416
8.4 416
8.4 416
8.4 417
8.4 418
8.4 418
8.4 419
8.4 420
8.4 421
8.4 420
8.4 421
8.3 422
8.3 422
8.3 421
8.3 421
8.3 422
8.3 422
8.3 422
8.2 421
8.2 422
8.2 422
8.2 423
8.2 423
8.2 424
8.2 423
8.2 424
8.2 424
8.1 424
8.1 424
8.1 425
8.1 425
8.1 425
8.1 425
8.1 426
8.1 426
8.1 427
8.1 426
8.1 426
8.1 427
8.1 427
8.1 426
8.1 427
8.1 428
8.1 428
8.1 427
8.0 428
8.0 428
8.0 428
8.0 427
8.0 424
8.0 427
8.0 427
8.0 426
8.1 427
8.1 426
8.1 426
8.1 425
8.1 424
8.1 424
8.2 421
8.2 421
8.2 421
8.2 419
8.2 418
8.3 414
8.3 414
8.3 413
8.3 412
8.4 412
8.4 410
8.4 409
8.5 408
8.5 408
8.5 407
8.5 405
8.6 404
8.6 405
8.6 399
8.6 399
8.7 399
8.7 400
8.7 400
8.7 400
8.8 401
8.8 402
8.8 401
8.8 400
8.8 400
8.8 401
8.8 400
8.8 400
8.8 401
8.8 402
8.8 401
8.8 402
8.8 402
8.8 403
8.8 402
8.8 403
8.8 404
8.8 405
8.8 405
8.8 405
8.8 407
8.7 407
8.7 408
8.7 409
8.7 410
8.6 411
8.6 411
8.6 411
8.6 412
8.5 412
8.5 414
8.5 414
8.5 414
8.4 414
8.4 415
8.4 414
8.4 414
8.4 414
8.3 415
8.3 417
8.3 416
8.3 417
8.3 417
8.2 418
8.3 419
8.2 418
8.2 421
8.2 421
8.2 422
8.2 422
8.2 423
8.2 424
8.2 424
8.2 423
8.2 425
8.2 426
8.2 426
8.2 424
8.2 425
8.2 425
8.2 426
8.2 425
8.2 426
8.2 427
8.2 426
8.2 424
8.2 425
8.3 426
8.3 424
8.3 422
8.3 423
8.3 422
8.4 421
8.4 418
8.4 417
8.5 416
8.5 415
8.5 413
8.5 413
8.6 411
8.6 410
8.6 409
8.7 408
8.7 408
8.8 407
8.8 407
8.8 406
8.9 406
8.9 406
9.0 406
9.0 404
9.0 402
9.1 402
9.1 401
9.1 400
9.2 399
9.2 398
9.2 398
9.2 396
9.3 397
9.2 396
9.3 398
9.3 395
9.3 395
9.3 395
9.3 395
9.4 395
9.3 394
9.3 394
9.3 395
9.3 395
9.3 396
9.3 395
9.3 396
9.3 397
9.2 397
9.2 398
9.2 398
9.2 398
9.2 399
9.1 400
9.1 400
9.1 401
9.0 402
9.0 403
9.0 402
8.9 404
8.9 405
8.9 406
8.8 405
8.8 407
8.8 408
8.7 409
8.7 408
8.7 409
8.6 411
8.6 412
8.6 410
8.6 413
8.6 413
8.5 413
8.5 412
8.5 414
8.4 414
8.4 416
8.4 414
8.4 416
8.4 416
8.3 418
8.3 415
8.3 417
8.3 417
8.3 418
8.3 416
8.3 418
8.2 420
8.2 419
8.2 417
8.2 418
8.2 419
8.2 420
8.2 418
8.3 420
8.2 419
8.2 420
8.2 418
8.3 419
8.3 420
8.3 420
8.3 417
8.3 418
8.3 418
8.3 418
8.3 415
8.4 416
8.4 416
8.4 414
8.4 413
8.4 413
8.4 414
8.5 415
8.5 413
8.5 414
8.5 416
8.5 414
8.6 412
8.7 409
8.7 409
8.7 409
8.8 409
8.7 409
8.7 412
8.8 411
8.8 411
8.8 411
8.8 412
8.9 411
8.9 410
8.9 409
8.9 409
8.9 408
8.9 409
8.9 409
9.0 409
9.0 409
9.0 408
9.0 408
9.0 409
9.0 408
9.0 408
9.0 408
9.0 409
9.0 410
9.1 410
9.0 411
9.1 412
9.1 414
9.1 412
9.1 413
9.1 415
9.1 415
9.1 414
9.0 416
9.1 416
9.1 413
9.1 411
9.1 413
9.0 415
9.1 415
9.1 411
9.2 404
9.2 403
9.2 406
9.2 409
9.2 411
9.2 414
9.2 416
9.2 417
9.2 419
9.2 419
9.2 418
9.2 412
9.2 412
9.2 412
9.2 413
9.2 413
9.3 414
9.3 415
9.3 418
9.3 417
9.3 418
9.3 419
9.3 420
9.3 420
9.3 420
9.3 422
9.3 421
9.3 421
9.3 421
9.3 422
9.3 420
9.3 419
9.3 419
9.4 420
9.4 417
9.4 417
9.4 416
9.4 416
9.4 417
9.4 416
9.5 416
9.5 417
9.5 416
9.6 417
9.6 416
9.6 416
9.6 418
9.6 417
9.6 418
9.6 418
9.6 420
9.6 418
9.6 419
9.6 420
9.6 421
9.6 420
9.7 422
9.7 422
9.7 422
9.7 422
9.7 422
9.7 422
9.7 423
9.7 421
9.7 421
9.7 420
9.7 420
9.7 420
9.7 420
9.7 419
9.7 420
9.7 422
9.7 420
9.7 421
9.7 422
9.7 422
9.7 423
9.7 424
9.7 423
9.7 423
9.7 425
9.7 426
9.7 426
9.7 426
9.7 428
9.7 427
9.7 431
9.7 429
9.7 430
9.7 430
9.7 430
9.7 431
9.7 431
9.7 431
9.7 433
9.7 431
9.7 433
9.7 433
9.7 435
9.7 434
9.7 434
9.7 435
9.7 437
9.7 435
9.7 436
9.7 436
9.7 437
9.7 437
9.7 436
9.7 438
9.7 438
9.7 436
9.7 441
9.7 440
9.7 440
9.7 438
9.7 439
9.7 440
9.7 440
9.7 439
9.7 441
9.7 441
9.7 441
9.7 440
9.7 441
9.7 441
9.7 441
9.7 439
9.7 441
9.7 440
9.7 440
9.7 438
9.7 437
9.7 435
9.7 436
9.7 433
9.7 431
9.7 431
9.7 428
9.7 429
9.7 426
9.7 427
9.7 426
9.7 424
9.7 426
9.7 424
9.7 422
9.7 423
9.8 421
9.8 420
9.8 420
9.8 421
9.8 419
9.8 417
9.8 416
9.8 416
9.8 414
9.8 414
9.8 410
9.8 413
9.8 413
9.9 410
9.9 411
9.9 409
9.9 411
9.9 411
9.9 411
9.9 412
9.9 412
9.9 414
9.9 413
9.9 416
9.9 416
9.9 418
9.9 419
9.9 419
9.9 422
9.9 421
9.9 422
9.9 424
9.9 426
9.8 424
9.8 427
9.8 426
9.8 427
9.8 428
9.8 429
9.8 428
9.8 428
9.8 429
9.7 430
9.7 430
9.7 432
9.7 432
9.7 431
9.7 430
9.7 431
9.7 431
9.7 432
9.6 431
9.6 432
9.6 432
9.6 433
9.6 432
9.6 433
9.6 433
9.6 434
9.6 432
9.6 433
9.6 433
9.6 435
9.6 432
9.6 434
9.6 435
9.5 433
9.5 433
9.5 434
9.5 433
9.5 433
9.5 434
9.5 434
9.5 433
9.5 434
9.6 432
9.6 432
9.6 432
9.6 432
9.6 430
9.6 428
9.6 427
9.6 425
9.7 425
9.7 425
9.7 422
9.8 421
9.8 422
9.8 420
9.8 418
9.9 416
9.9 416
9.9 415
10.0 412
10.0 411
10.0 411
10.0 411
10.1 408
10.1 405
10.1 407
10.1 404
10.1 400
10.2 398
10.2 398
10.2 395
10.2 393
10.2 392
10.2 393
10.3 393
10.3 390
10.3 389
10.3 394
10.3 392
10.3 393
10.3 391
10.3 396
10.3 394
10.3 395
10.3 396
10.3 399
10.3 401
10.3 401
10.2 401
10.2 406
10.2 404
10.2 405
10.2 407
10.1 408
10.1 408
10.1 409
10.1 408
10.0 410
10.0 410
10.0 413
10.0 412
9.9 413
9.9 414
9.9 415
9.9 416
9.9 416
9.8 416
9.8 416
9.8 417
9.8 418
9.8 417
9.8 417
9.8 418
9.8 417
9.7 418
9.7 417
9.7 417
9.7 417
9.7 417
9.7 419
9.7 419
9.7 418
9.7 419
9.7 418
9.6 418
9.6 419
9.6 419
9.6 418
9.6 419
9.6 418
9.6 418
9.6 418
9.6 418
9.6 418
9.6 418
9.6 418
9.6 418
9.6 418
9.6 420
9.7 418
9.7 420
9.7 418
9.7 416
9.8 416
9.8 414
9.8 416
9.8 412
9.9 409
9.9 408
9.9 408
10.0 406
10.0 406
10.0 404
10.0 405
10.1 405
10.1 403
10.1 403
10.2 404
10.2 402
10.2 401
10.3 398
10.3 398
10.3 396
10.4 394
10.4 394
10.4 393
10.4 392
10.4 390
10.4 392
10.4 392
10.5 390
10.5 389
10.5 389
10.4 390
10.5 389
10.4 389
10.5 388
10.5 390
10.5 388
10.5 388
10.4 388
10.4 392
10.4 389
10.4 391
10.4 391
10.4 393
10.3 391
10.3 393
10.3 393
10.2 395
10.2 396
10.2 397
10.2 397
10.1 398
10.1 398
10.0 401
10.0 400
10.0 401
9.9 401
9.9 403
9.8 403
9.8 405
9.8 405
9.7 406
9.7 409
9.7 409
9.6 408
9.6 412
9.6 410
9.6 411
9.5 414
9.5 413
9.5 411
9.5 412
9.5 412
9.4 413
9.4 416
9.4 414
9.4 416
9.4 414
9.4 415
9.4 415
9.4 418
9.4 416
9.4 416
9.4 416
9.4 416
9.4 416
9.4 416
9.4 416
9.4 417
9.4 415
9.4 413
9.4 412
9.5 410
9.5 410
9.5 407
9.5 408
9.6 404
9.6 403
9.7 404
9.7 400
9.8 400
9.8 397
9.8 393
9.9 393
9.9 391
10.0 387
10.0 384
10.0 383
10.1 381
10.2 379
10.2 376
10.3 376
10.3 371
10.3 369
10.4 365
10.4 368
10.4 365
10.4 361
10.5 360
10.5 362
10.5 361
10.5 357
10.6 355
10.5 358
10.6 355
10.5 355
10.5 355
10.5 358
10.5 356
10.5 356
10.5 356
10.5 359
10.5 360
10.5 358
10.5 357
10.4 360
10.4 360
10.4 363
10.3 361
10.3 365
10.2 365
10.2 366
10.1 368
10.1 373
10.0 371
10.0 374
9.9 375
9.9 380
9.8 378
9.8 382
9.7 381
9.7 385
9.6 385
9.6 387
9.5 388
9.4 390
9.4 391
9.3 393
9.3 394
9.2 396
9.2 396
9.1 397
9.1 400
9.0 400
9.0 400
8.9 401
8.9 404
8.9 402
8.8 403
8.8 404
8.8 404
8.8 406
8.8 405
8.8 407
8.7 407
8.7 408
8.7 408
8.7 409
8.7 410
8.7 409
8.7 410
8.7 410
8.7 410
8.8 410
8.8 410
8.8 409
8.8 409
8.9 407
8.9 406
9.0 404
9.0 403
9.0 402
9.1 400
9.1 398
9.2 396
9.3 397
9.3 393
9.4 389
9.5 389
9.5 385
9.6 383
9.7 379
9.7 379
9.8 376
9.9 374
10.0 370
10.1 365
10.2 365
10.2 361
10.3 357
10.4 355
10.4 352
10.5 346
10.6 342
10.6 338
10.7 338
10.7 334
10.8 329
10.8 327
10.8 329
10.8 326
10.8 324
10.8 323
10.8 327
10.8 325
10.8 325
10.8 325
10.8 329
10.8 327
10.7 330
10.7 329
10.6 334
10.6 334
10.5 334
10.5 337
10.4 342
10.3 343
10.3 346
10.2 348
10.2 355
10.1 356
10.0 357
10.0 362
9.9 364
9.8 366
9.8 368
9.7 372
9.6 373
9.6 374
9.5 374
9.4 376
9.4 379
9.3 380
9.2 381
9.2 382
9.1 384
9.0 388
9.0 387
9.0 387
8.9 389
8.9 392
8.8 391
8.8 392
8.8 393
8.8 394
8.7 395
8.7 397
8.7 398
8.7 400
8.7 401
8.7 405
8.7 403
8.7 404
8.6 406
8.6 407
8.6 406
8.6 407
8.7 407
8.6 410
8.7 410
8.7 407
8.7 408
8.7 407
8.8 405
8.8 404
8.9 406
8.9 402
9.0 401
9.1 397
9.1 395
9.2 393
9.2 392
9.3 389
9.3 386
9.4 384
9.4 386
9.4 380
9.5 377
9.5 374
9.6 372
9.6 368
9.7 367
9.8 361
9.8 361
9.9 357
10.0 354
10.0 350
10.1 350
10.2 348
10.2 344
10.2 340
10.3 344
10.4 338
10.4 336
10.4 334
10.4 338
10.3 340
10.3 340
10.3 340
10.3 344
10.3 342
10.2 342
10.2 344
10.2 350
10.1 348
10.1 351
10.0 352
10.0 354
10.0 356
10.0 355
9.9 357
9.9 362
9.8 363
9.8 365
9.7 370
9.6 373
9.6 372
9.5 373
9.4 373
9.4 375
9.3 374
9.2 377
9.2 377
9.2 379
9.1 380
9.1 383
9.1 385
9.1 389
9.0 390
9.0 390
8.9 391
8.9 391
8.8 392
8.8 391
8.8 394
8.8 394
8.8 395
8.8 395
8.8 396
8.8 399
8.8 396
8.8 397
8.8 397
8.8 399
8.8 401
8.8 402
8.9 404
8.9 407
8.9 406
8.9 407
8.9 407
8.9 410
8.9 409
8.9 410
9.0 411
9.0 412
9.0 410
9.0 411
9.0 411
9.1 410
9.1 410
9.2 410
9.2 406
9.3 407
9.3 404
9.4 403
9.4 402
9.4 401
9.5 403
9.5 399
9.6 400
9.6 397
9.7 393
9.7 391
9.8 389
9.9 386
9.9 384
10.0 378
10.1 377
10.1 377
10.2 375
10.2 375
10.2 375
10.3 376
10.3 372
10.3 372
10.4 369
10.4 372
10.4 368
10.5 365
10.5 364
10.6 365
10.6 362
10.6 361
10.6 360
10.6 361
10.6 361
10.6 359
10.7 355
10.7 357
10.7 354
10.7 353
10.7 351
10.7 353
10.6 351
10.6 351
10.6 350
10.5 353
10.5 351
10.4 351
10.4 352
10.4 356
10.3 356
10.3 358
10.2 360
10.2 366
10.2 366
10.1 369
10.1 371
10.0 374
9.9 373
9.9 373
9.8 377
9.7 378
9.6 378
9.6 380
9.5 381
9.5 387
9.4 386
9.4 389
9.3 390
9.3 393
9.2 392
9.2 394
9.2 396
9.2 398
9.1 399
9.1 401
9.1 402
9.1 404
9.1 404
9.0 405
9.0 409
9.0 407
9.0 408
9.0 409
8.9 411
8.9 409
8.9 410
8.9 411
8.9 410
8.9 411
8.9 411
8.9 411
8.9 411
9.0 409
9.0 409
9.0 409
9.0 408
9.1 408
9.1 408
9.1 408
9.2 404
9.4 401
9.5 397
9.5 394
9.6 391
9.6 390
9.6 382
9.8 379
10.0 369
10.0 367
10.1 362
10.2 361
10.3 352
10.4 350
10.5 345
10.7 336
10.8 331
10.8 329
10.9 322
11.0 317
10.9 316
11.0 318
11.1 312
11.2 305
11.3 298
11.3 300
11.4 294
11.4 289
11.5 285
11.6 286
11.5 280
11.5 278
11.5 278
11.5 279
11.4 278
11.3 277
11.2 279
11.1 289
11.0 289
11.0 291
10.9 292
10.8 299
10.7 300
10.6 303
10.6 306
10.5 313
10.4 316
10.3 318
10.2 323
10.1 327
10.0 330
9.9 334
9.8 338
9.7 345
9.6 348
9.5 352
9.4 358
9.3 362
9.2 365
9.1 368
9.0 372
8.9 376
8.8 377
8.7 377
8.7 377
8.6 367
8.6 359
8.6 357
8.5 361
8.4 371
8.4 374
8.4 374
8.2 373
7.9 378
7.8 382
7.8 388
7.7 400
7.8 410
7.8 417
7.7 418
7.8 421
8.0 420
8.0 424
8.0 422
7.9 427
8.1 421
8.0 422
8.0 425
8.0 432
8.1 438
8.1 440
8.0 445
8.0 448
8.1 451
8.0 453
8.0 459
8.0 458
8.0 456
8.0 462
7.9 457
7.9 465
7.9 458
7.9 466
7.9 461
7.9 463
7.9 463
7.9 470
7.8 465
7.8 467
7.9 470
7.9 474
7.9 468
7.9 471
7.9 469
7.9 469
7.9 469
7.9 470
7.9 468
7.8 469
7.8 476
7.8 474
7.8 469
7.8 470
7.7 471
7.7 477
7.7 474
7.7 471
7.7 472
7.6 474
7.6 473
7.6 473
7.6 474
7.6 474
7.6 473
7.6 474
7.6 475
7.5 482
7.6 475
7.5 480
7.6 477
7.5 478
7.6 477
7.5 478
7.6 478
7.6 478
7.7 477
7.7 478
7.7 479
7.7 477
7.8 475
7.8 476
7.8 476
7.8 476
7.9 474