0.00 7.29
0.00 7.29
0.00 7.29
0.00 7.29
0.00 7.29
0.00 7.29
0.00 7.29
0.00 7.29
0.00 7.29
0.00 7.29
0.00 7.29
0.00 7.29
0.00 7.29
0.00 7.29
0.00 7.29
0.00 7.29
0.00 7.29
0.00 7.29
0.00 7.29
0.00 7.29
0.00 7.29
0.00 7.30
0.00 7.29
0.00 7.29
0.00 7.29
0.00 7.29
0.00 7.29
0.00 7.29
0.00 7.29
0.00 7.29
0.00 7.29
0.00 7.29
0.00 7.29
0.00 7.29
0.00 7.29
0.00 7.28
0.00 7.29
0.00 7.28
0.00 7.28
0.00 7.28
0.00 7.28
0.00 7.28
0.00 7.28
0.00 7.28
0.00 7.28
0.00 7.27
0.00 7.27
0.00 7.27
0.00 7.28
0.00 7.28
0.00 7.28
0.00 7.28
0.00 7.28
0.00 7.28
0.00 7.28
0.00 7.28
0.00 7.28
0.00 7.28
0.00 7.28
0.00 7.28
0.00 7.28
0.00 7.28
0.00 7.28
0.00 7.28
0.00 7.29
0.00 7.28
0.00 7.29
0.00 7.28
0.00 7.29
0.00 7.29
0.00 7.28
0.00 7.29
0.00 7.29
0.00 7.29
0.00 7.29
0.00 7.29
0.00 7.29
0.00 7.30
0.00 7.29
0.00 7.29
0.00 7.29
0.00 7.29
0.00 7.29
0.00 7.29
0.00 7.29
0.00 7.29
0.00 7.29
0.00 7.29
0.00 7.29
0.00 7.29
0.00 7.29
0.00 7.29
0.00 7.29
0.00 7.29
0.00 7.29
0.00 7.29
0.00 7.29
0.00 7.29
0.00 7.29
0.00 7.29
0.00 7.29
0.00 7.29
0.00 7.29
0.00 7.29
0.00 7.30
0.00 7.29
0.00 7.30
0.00 7.29
0.00 7.29
0.00 7.29
0.00 7.29
0.00 7.30
0.00 7.29
0.00 7.29
0.00 7.30
0.00 7.30
0.00 7.30
0.00 7.30
0.00 7.30
0.00 7.30
0.00 7.30
0.00 7.29
0.00 7.30
0.00 7.30
0.00 7.29
0.00 7.29
0.00 7.29
0.00 7.29
0.00 7.29
0.00 7.29
0.00 7.29
0.00 7.29
0.00 7.29
0.00 7.29
0.00 7.29
0.00 7.29
0.00 7.28
0.00 7.28
0.00 7.28
0.00 7.28
0.00 7.28
0.00 7.28
0.00 7.28
0.00 7.28
0.00 7.28
0.00 7.28
0.00 7.28
0.00 7.28
0.00 7.27
0.00 7.28
0.00 7.28
0.00 7.28
0.00 7.28
0.00 7.28
0.00 7.28
0.01 7.28
0.00 7.28
0.00 7.28
0.00 7.28
0.00 7.28
0.00 7.28
0.00 7.28
0.00 7.29
0.00 7.29
0.00 7.28
0.00 7.28
0.00 7.29
0.00 7.29
0.00 7.29
0.00 7.29
0.00 7.29
0.00 7.28
0.00 7.28
0.00 7.28
0.00 7.28
0.00 7.28
0.00 7.28
0.00 7.28
0.00 7.28
0.00 7.28
0.00 7.28
0.00 7.28
0.00 7.29
0.00 7.28
0.00 7.29
0.00 7.28
0.00 7.29
0.00 7.29
0.00 7.29
0.00 7.29
0.00 7.29
0.23 7.29
0.21 7.33
0.07 7.39
0.03 7.42
0.06 7.42
0.05 7.42
0.04 7.42
0.00 7.42
0.00 7.41
0.00 7.40
0.00 7.40
0.00 7.39
0.01 7.39
0.00 7.38
0.00 7.38
0.00 7.37
0.00 7.37
0.00 7.37
0.00 7.37
0.00 7.36
0.00 7.36
0.00 7.36
0.00 7.36
0.00 7.36
0.00 7.35
0.00 7.35
0.00 7.35
0.00 7.35
0.00 7.35
0.00 7.35
0.01 7.34
0.00 7.34
0.00 7.34
0.00 7.34
0.00 7.34
0.00 7.34
0.00 7.34
0.00 7.34
0.00 7.34
0.02 7.34
0.01 7.34
0.00 7.34
0.00 7.34
0.00 7.34
0.00 7.33
0.00 7.33
0.00 7.33
0.00 7.33
0.00 7.33
0.00 7.33
0.00 7.33
0.00 7.33
0.00 7.32
0.00 7.32
0.00 7.32
0.00 7.32
0.00 7.32
0.00 7.32
0.00 7.32
0.00 7.32
0.00 7.32
0.00 7.31
0.00 7.32
0.00 7.31
0.00 7.31
0.00 7.31
0.00 7.31
0.00 7.31
0.00 7.30
0.00 7.31
0.00 7.30
0.00 7.30
0.00 7.30
0.00 7.30
0.00 7.30
0.00 7.31
0.00 7.30
0.00 7.31
0.00 7.31
0.00 7.31
0.00 7.31
0.00 7.31
0.00 7.31
0.00 7.31
0.00 7.31
0.00 7.31
0.00 7.31
0.00 7.31
0.00 7.31
0.00 7.31
0.00 7.31
0.00 7.31
0.00 7.31
0.00 7.31
0.00 7.31
0.00 7.31
0.00 7.31
0.00 7.31
0.00 7.31
0.00 7.31
0.00 7.31
0.00 7.31
0.00 7.31
0.00 7.31
0.00 7.31
0.00 7.31
0.00 7.31
0.00 7.31
0.00 7.31
0.00 7.31
0.00 7.31
0.00 7.31
0.00 7.31
0.00 7.31
0.00 7.31
0.00 7.31
0.00 7.31
0.00 7.31
0.00 7.31
0.00 7.31
0.00 7.31
0.00 7.31
0.00 7.31
0.00 7.31
0.00 7.31
0.00 7.31
0.00 7.31
0.00 7.31
0.00 7.31
0.00 7.31
0.00 7.31
0.00 7.31
0.00 7.31
0.00 7.31
0.00 7.30
0.00 7.30
0.00 7.30
0.00 7.30
0.00 7.30
0.00 7.29
0.00 7.29
0.00 7.29
0.00 7.29
0.00 7.29
0.00 7.29
0.00 7.29
0.00 7.28
0.00 7.28
0.00 7.28
0.00 7.28
0.00 7.28
0.00 7.28
0.00 7.27
0.00 7.27
0.00 7.27
0.00 7.27
0.00 7.27
0.00 7.27
0.00 7.27
0.00 7.27
0.00 7.26
0.00 7.27
0.00 7.26
0.00 7.26
0.00 7.26
0.00 7.26
0.00 7.27
0.00 7.27
0.00 7.26
0.00 7.27
0.00 7.27
0.00 7.27
0.00 7.27
0.00 7.27
0.00 7.27
0.00 7.27
0.00 7.27
0.00 7.27
0.00 7.27
0.00 7.27
0.00 7.27
0.00 7.27
0.00 7.27
0.00 7.27
0.00 7.28
0.00 7.28
0.00 7.28
0.00 7.28
0.00 7.28
0.00 7.28
0.00 7.28
0.00 7.28
0.00 7.28
0.00 7.28
0.00 7.28
0.00 7.28
0.00 7.28
0.00 7.28
0.00 7.28
0.00 7.28
0.00 7.28
0.00 7.28
0.00 7.28
0.00 7.28
0.00 7.29
0.00 7.28
0.00 7.28
0.00 7.28
0.00 7.28
0.00 7.28
0.00 7.28
0.00 7.28
0.00 7.29
0.00 7.29
0.00 7.29
0.00 7.28
0.00 7.28
0.00 7.28
0.00 7.28
0.00 7.28
0.00 7.28
0.01 7.28
0.00 7.28
0.00 7.28
0.00 7.28
0.00 7.28
0.00 7.28
0.00 7.28
0.00 7.28
0.00 7.27
0.00 7.27
0.00 7.27
0.00 7.27
0.00 7.27
0.00 7.26
0.00 7.26
0.00 7.26
0.00 7.26
0.00 7.25
0.00 7.25
0.00 7.25
0.00 7.25
0.00 7.25
0.00 7.25
0.00 7.25
0.00 7.25
0.00 7.25
0.00 7.25
0.00 7.25
0.00 7.24
0.00 7.24
0.00 7.24
0.00 7.24
0.00 7.24
0.00 7.24
0.00 7.24
0.00 7.24
0.00 7.24
0.00 7.24
0.00 7.24
0.00 7.24
0.00 7.24
0.00 7.24
0.00 7.24
0.00 7.24
0.00 7.24
0.00 7.24
0.00 7.24
0.00 7.24
0.00 7.24
0.00 7.24
0.00 7.24
0.00 7.24
0.00 7.24
0.00 7.24
0.00 7.24
0.00 7.24
0.00 7.24
0.00 7.24
0.00 7.24
0.00 7.24
0.00 7.24
0.00 7.24
0.00 7.24
0.00 7.24
0.00 7.24
0.00 7.24
0.00 7.24
0.00 7.24
0.00 7.24
0.00 7.24
0.00 7.24
0.00 7.24
0.00 7.25
0.00 7.25
0.00 7.25
0.00 7.24
0.00 7.25
0.00 7.25
0.00 7.25
0.00 7.25
0.00 7.25
0.00 7.25
0.00 7.25
0.00 7.25
0.00 7.25
0.00 7.25
0.00 7.25
0.00 7.25
0.00 7.25
0.00 7.25
0.00 7.25
0.00 7.25
0.00 7.25
0.00 7.25
0.00 7.25
0.00 7.25
0.00 7.24
0.00 7.24
0.00 7.24
0.00 7.24
0.00 7.24
0.00 7.24
0.00 7.24
0.01 7.24
0.00 7.24
0.00 7.23
0.00 7.23
0.00 7.23
0.00 7.23
0.00 7.23
0.00 7.23
0.00 7.23
0.00 7.23
0.00 7.23
0.00 7.23
0.00 7.23
0.00 7.23
0.00 7.22
0.00 7.22
0.00 7.22
0.00 7.22
0.00 7.23
0.00 7.23
0.00 7.23
0.00 7.23
0.00 7.23
0.00 7.22
0.00 7.23
0.00 7.23
0.00 7.23
0.00 7.22
0.00 7.22
0.00 7.22
0.00 7.22
0.02 7.23
0.01 7.23
0.03 7.23
0.07 7.23
0.00 7.24
0.00 7.24
0.00 7.24
0.00 7.24
0.00 7.24
0.00 7.24
0.00 7.24
0.00 7.24
0.00 7.23
0.00 7.24
0.00 7.23
0.00 7.23
0.00 7.23
0.00 7.23
0.01 7.23
0.02 7.24
0.00 7.24
0.00 7.24
0.07 7.24
0.15 7.25
0.01 7.26
0.00 7.25
0.18 7.27
0.13 7.29
0.03 7.33
0.02 7.34
0.02 7.33
0.01 7.33
0.02 7.33
0.01 7.32
0.02 7.32
0.07 7.32
0.02 7.32
0.03 7.33
0.02 7.33
0.01 7.33
0.03 7.33
0.01 7.33
0.01 7.34
0.09 7.35
0.04 7.35
0.02 7.36
0.02 7.37
0.04 7.38
0.01 7.38
0.05 7.39
0.05 7.40
0.05 7.41
0.04 7.43
0.02 7.44
0.00 7.45
0.00 7.45
0.01 7.45
0.05 7.46
0.13 7.47
0.02 7.49
0.03 7.50
0.04 7.52
0.00 7.53
0.01 7.55
0.01 7.56
0.02 7.58
0.04 7.60
0.02 7.62
0.02 7.63
0.01 7.65
0.03 7.66
0.02 7.67
0.01 7.68
0.00 7.69
0.00 7.70
0.00 7.70
0.00 7.71
0.00 7.72
0.03 7.72
0.05 7.73
0.06 7.74
0.03 7.75
0.02 7.77
0.05 7.78
0.05 7.79
0.08 7.81
0.06 7.85
0.02 7.87
0.00 7.89
0.00 7.91
0.00 7.92
0.00 7.93
0.00 7.95
0.00 7.95
0.01 7.96
0.00 7.97
0.00 7.97
0.00 7.98
0.00 7.98
0.00 7.98
0.00 7.99
0.00 7.99
0.00 8.00
0.00 8.00
0.00 8.00
0.00 8.00
0.00 8.00
0.00 8.00
0.00 8.00
0.00 8.00
0.00 8.00
0.00 8.00
0.00 8.00
0.00 8.00
0.00 8.00
0.00 8.00
0.00 8.00
0.00 8.00
0.00 8.00
0.00 7.99
0.00 7.99
0.00 7.99
0.00 7.99
0.00 7.99
0.00 7.99
0.00 7.98
0.00 7.98
0.00 7.98
0.00 7.98
0.00 7.98
0.00 7.97
0.00 7.97
0.00 7.97
0.00 7.97
0.00 7.97
0.00 7.96
0.00 7.96
0.00 7.96
0.00 7.96
0.00 7.95
0.00 7.95
0.00 7.95
0.00 7.95
0.00 7.94
0.00 7.94
0.00 7.94
0.00 7.93
0.00 7.93
0.00 7.93
0.00 7.93
0.00 7.92
0.00 7.92
0.00 7.92
0.00 7.92
0.00 7.91
0.00 7.91
0.00 7.91
0.00 7.90
0.00 7.90
0.00 7.89
0.00 7.89
0.00 7.89
0.00 7.89
0.00 7.88
0.00 7.87
0.00 7.87
0.00 7.86
0.00 7.86
0.00 7.85
0.00 7.84
0.00 7.84
0.00 7.83
0.00 7.82
0.00 7.82
0.00 7.81
0.00 7.81
0.00 7.81
0.00 7.80
0.00 7.79
0.00 7.79
0.00 7.78
0.00 7.78
0.00 7.77
0.00 7.77
0.00 7.76
0.00 7.76
0.00 7.75
0.00 7.75
0.00 7.74
0.00 7.74
0.00 7.73
0.00 7.73
0.00 7.73
0.00 7.72
0.00 7.72
0.00 7.72
0.00 7.72
0.00 7.71
0.00 7.71
0.00 7.71
0.00 7.70
0.00 7.70
0.00 7.70
0.00 7.69
0.00 7.69
0.00 7.68
0.00 7.68
0.00 7.68
0.00 7.67
0.00 7.67
0.00 7.67
0.00 7.67
0.00 7.66
0.00 7.66
0.00 7.66
0.00 7.65
0.00 7.65
0.00 7.65
0.00 7.64
0.00 7.64
0.00 7.64
0.00 7.63
0.00 7.63
0.00 7.63
0.00 7.62
0.00 7.62
0.00 7.62
0.00 7.61
0.00 7.61
0.00 7.61
0.00 7.61
0.00 7.60
0.00 7.60
0.00 7.59
0.00 7.59
0.00 7.59
0.00 7.59
0.00 7.58
0.00 7.58
0.00 7.58
0.00 7.57
0.01 7.57
0.00 7.57
0.00 7.57
0.00 7.56
0.00 7.56
0.00 7.56
0.00 7.56
0.00 7.55
0.00 7.55
0.02 7.55
0.00 7.55
0.29 7.52
0.57 7.80
0.01 7.97
0.04 7.99
0.03 8.00
0.05 8.01
0.05 8.03
0.04 8.04
0.06 8.06
0.02 8.07
0.03 8.07
0.02 8.08
0.01 8.08
0.00 8.09
0.00 8.09
0.00 8.09
0.00 8.09
0.01 8.09
0.00 8.09
0.01 8.08
0.02 8.08
0.09 8.08
0.13 8.09
0.02 8.11
0.00 8.13
0.00 8.13
0.00 8.12
0.00 8.12
0.00 8.12
0.00 8.11
0.01 8.10
0.00 8.10
0.00 8.09
0.00 8.09
0.07 8.09
0.32 8.11
0.03 8.15
0.00 8.15
0.01 8.15
0.00 8.15
0.00 8.15
0.00 8.16
0.00 8.15
0.01 8.15
0.03 8.15
0.02 8.15
0.02 8.15
0.04 8.15
0.05 8.15
0.04 8.17
0.03 8.18
0.03 8.19
0.02 8.20
0.00 8.19
0.00 8.20
0.00 8.20
0.00 8.20
0.00 8.20
0.00 8.19
0.00 8.19
0.00 8.19
0.00 8.18
0.00 8.18
0.00 8.18
0.00 8.17
0.00 8.17
0.00 8.16
0.00 8.16
0.00 8.15
0.00 8.15
0.00 8.14
0.00 8.13
0.00 8.13
0.00 8.12
0.00 8.12
0.00 8.11
0.00 8.10
0.00 8.10
0.00 8.09
0.00 8.09
0.00 8.08
0.00 8.07
0.00 8.07
0.00 8.06
0.00 8.06
0.00 8.05
0.00 8.05
0.00 8.04
0.00 8.04
0.00 8.03
0.00 8.03
0.00 8.02
0.00 8.02
0.00 8.01
0.00 8.01
0.00 8.00
0.00 8.00
0.00 7.99
0.00 7.98
0.00 7.98
0.00 7.97
0.00 7.96
0.00 7.96
0.00 7.95
0.00 7.95
0.00 7.94
0.00 7.93
0.00 7.93
0.00 7.92
0.00 7.91
0.00 7.91
0.00 7.90
0.00 7.89
0.00 7.89
0.00 7.88
0.01 7.88
0.00 7.87
0.00 7.86
0.00 7.86
0.00 7.85
0.00 7.84
0.00 7.84
0.00 7.83
0.00 7.83
0.00 7.82
0.00 7.81
0.00 7.81
0.00 7.80
0.00 7.79
0.00 7.79
0.00 7.79
0.00 7.78
0.00 7.78
0.00 7.77
0.00 7.76
0.00 7.76
0.00 7.76
0.00 7.75
0.00 7.75
0.00 7.75
0.00 7.74
0.00 7.74
0.00 7.73
0.00 7.73
0.00 7.72
0.00 7.72
0.00 7.72
0.00 7.71
0.00 7.71
0.00 7.71
0.00 7.70
0.00 7.70
0.00 7.70
0.00 7.69
0.00 7.69
0.00 7.69
0.00 7.68
0.00 7.68
0.00 7.67
0.00 7.67
0.00 7.67
0.00 7.66
0.00 7.66
0.00 7.65
0.00 7.65
0.00 7.64
0.00 7.64
0.00 7.64
0.00 7.64
0.00 7.64
0.00 7.63
0.00 7.63
0.00 7.62
0.00 7.62
0.00 7.62
0.00 7.61
0.00 7.61
0.00 7.60
0.00 7.60
0.00 7.60
0.00 7.59
0.00 7.59
0.00 7.59
0.00 7.58
0.00 7.58
0.00 7.58
0.00 7.58
0.00 7.57
0.00 7.57
0.00 7.57
0.00 7.56
0.00 7.56
0.00 7.56
0.00 7.55
0.00 7.55
0.00 7.55
0.00 7.54
0.00 7.54
0.00 7.53
0.00 7.53
0.00 7.53
0.00 7.52
0.00 7.52
0.00 7.51
0.00 7.51
0.00 7.51
0.00 7.50
0.00 7.50
0.00 7.49
0.00 7.48
0.00 7.48
0.00 7.48
0.00 7.47
0.00 7.47
0.00 7.47
0.00 7.47
0.00 7.46
0.00 7.46
0.00 7.46
0.00 7.45
0.00 7.45
0.00 7.45
0.00 7.45
0.00 7.44
0.00 7.44
0.00 7.44
0.00 7.43
0.00 7.43
0.00 7.43
0.00 7.42
0.00 7.42
0.00 7.42
0.00 7.42
0.00 7.42
0.00 7.42
0.00 7.42
0.00 7.41
0.00 7.41
0.00 7.41
0.00 7.41
0.00 7.40
0.00 7.40
0.00 7.40
0.00 7.39
0.00 7.39
0.00 7.39
0.00 7.39
0.00 7.39
0.00 7.38
0.00 7.38
0.00 7.38
0.00 7.38
0.00 7.37
0.00 7.37
0.00 7.37
0.00 7.37
0.00 7.37
0.00 7.36
0.00 7.36
0.00 7.36
0.00 7.36
0.00 7.35
0.00 7.35
0.00 7.35
0.00 7.35
0.00 7.34
0.00 7.34
0.00 7.34
0.00 7.34
0.00 7.34
0.00 7.33
0.00 7.33
0.00 7.33
0.00 7.33
0.00 7.33
0.00 7.33
0.00 7.32
0.00 7.32
0.00 7.32
0.00 7.32
0.00 7.32
0.00 7.32
0.00 7.32
0.00 7.31
0.00 7.31
0.00 7.31
0.00 7.31
0.00 7.31
0.00 7.30
0.00 7.30
0.00 7.30
0.00 7.30
0.00 7.29
0.00 7.29
0.00 7.29
0.00 7.29
0.00 7.28
0.00 7.28
0.00 7.28
0.00 7.27
0.00 7.27
0.00 7.27
0.00 7.26
0.00 7.26
0.00 7.26
0.00 7.26
0.00 7.26
0.00 7.26
0.00 7.25
0.00 7.25
0.00 7.25
0.00 7.25
0.00 7.24
0.00 7.24
0.00 7.24
0.00 7.24
0.00 7.23
0.00 7.23
0.00 7.23
0.00 7.23
0.00 7.23
0.00 7.22
0.00 7.22
0.00 7.23
0.00 7.22
0.00 7.22
0.00 7.22
0.00 7.22
0.00 7.22
0.00 7.21
0.00 7.21
0.00 7.21
0.00 7.21
0.00 7.22
0.00 7.21
0.00 7.21
0.00 7.21
0.00 7.21
0.00 7.21
0.00 7.21
0.00 7.21
0.00 7.21
0.00 7.21
0.00 7.21
0.00 7.21
0.00 7.20
0.00 7.20
0.00 7.20
0.00 7.20
0.00 7.20
0.00 7.20
0.00 7.20
0.00 7.20
0.00 7.19
0.00 7.19
0.00 7.19
0.00 7.19
0.00 7.19
0.00 7.19
0.00 7.19
0.00 7.19
0.00 7.18
0.00 7.18
0.00 7.18
0.00 7.18
0.00 7.18
0.00 7.18
0.00 7.18
0.00 7.18
0.00 7.18
0.00 7.17
0.00 7.17
0.00 7.17
0.00 7.17
0.00 7.17
0.00 7.17
0.00 7.17
0.00 7.17
0.00 7.17
0.00 7.16
0.00 7.17
0.00 7.16
0.00 7.16
0.00 7.16
0.00 7.16
0.00 7.15
0.00 7.15
0.00 7.15
0.00 7.15
0.00 7.15
0.00 7.15
0.00 7.14
0.00 7.14
0.00 7.14
0.00 7.14
0.01 7.14
0.00 7.14
0.00 7.13
0.00 7.13
0.00 7.13
0.00 7.13
0.00 7.14
0.00 7.13
0.00 7.13
0.00 7.13
0.00 7.13
0.00 7.13
0.00 7.12
0.00 7.13
0.00 7.12
0.00 7.13
0.00 7.12
0.00 7.12
0.00 7.12
0.00 7.12
0.00 7.12
0.00 7.12
0.00 7.12
0.01 7.12
0.00 7.12
0.00 7.12
0.00 7.12
0.00 7.12
0.00 7.12
0.00 7.12
0.00 7.11
0.00 7.12
0.00 7.12
0.00 7.12
0.00 7.12
0.00 7.12
0.00 7.11
0.00 7.11
0.00 7.11
0.00 7.11
0.00 7.11
0.00 7.11
0.00 7.11
0.00 7.11
0.00 7.11
0.00 7.11
0.00 7.11
0.00 7.11
0.00 7.11
0.00 7.10
0.00 7.10
0.00 7.10
0.00 7.10
0.00 7.10
0.00 7.10
0.00 7.10
0.00 7.09
0.00 7.09
0.00 7.09
0.00 7.09
0.00 7.09
0.00 7.09
0.00 7.09
0.00 7.09
0.00 7.09
0.00 7.09
0.00 7.08
0.00 7.08
0.00 7.08
0.00 7.08
0.00 7.08
0.00 7.08
0.00 7.08
0.00 7.08
0.00 7.08
0.00 7.08
0.00 7.08
0.00 7.07
0.00 7.07
0.00 7.07
0.00 7.07
0.00 7.07
0.00 7.07
0.00 7.07
0.00 7.06
0.00 7.07
0.00 7.07
0.00 7.06
0.00 7.06
0.00 7.06
0.00 7.06
0.00 7.06
0.00 7.06
0.00 7.06
0.00 7.07
0.00 7.07
0.00 7.07
0.00 7.06
0.00 7.07
0.00 7.07
0.00 7.07
0.00 7.07
0.00 7.07
0.00 7.06
0.00 7.06
0.00 7.06
0.00 7.06
0.00 7.06
0.00 7.06
0.00 7.06
0.00 7.06
0.00 7.06
0.00 7.06
0.00 7.06
0.00 7.06
0.00 7.06
0.00 7.05
0.00 7.05
0.00 7.05
0.00 7.05
0.00 7.05
0.00 7.05
0.00 7.04
0.00 7.05
0.00 7.05
0.00 7.05
0.00 7.05
0.00 7.05
0.00 7.05
0.00 7.05
0.00 7.05
0.00 7.05
0.00 7.04
0.00 7.05
0.00 7.05
0.00 7.05
0.00 7.05
0.00 7.05
0.00 7.05
0.00 7.05
0.00 7.04
0.00 7.04
0.00 7.04
0.00 7.04
0.00 7.04
0.00 7.04
0.00 7.04
0.00 7.04
0.00 7.04
0.00 7.04
0.00 7.04
0.00 7.04
0.00 7.04
0.00 7.04
0.00 7.03
0.00 7.03
0.00 7.03
0.00 7.03
0.00 7.03
0.00 7.03
0.00 7.03
0.00 7.03
0.00 7.03
0.00 7.03
0.00 7.02
0.00 7.03
0.00 7.03
0.00 7.02
0.00 7.02
0.00 7.02
0.00 7.02
0.00 7.02
0.00 7.02
0.00 7.02
0.00 7.03
0.00 7.03
0.00 7.03
0.00 7.02
0.00 7.03
0.00 7.02
0.00 7.02
0.00 7.02
0.00 7.02
0.00 7.01
0.00 7.01
0.00 7.01
0.00 7.01
0.00 7.01
0.00 7.01
0.00 7.01
0.00 7.01
0.00 7.01
0.00 7.01
0.00 7.01
0.00 7.01
0.00 7.01
0.00 7.01
0.00 7.01
0.00 7.01
0.00 7.01
0.00 7.01
0.00 7.00
0.00 7.00
0.00 7.01
0.00 7.01
0.00 7.00
0.00 7.00
0.00 7.01
0.00 7.00
0.00 7.01
0.00 7.01
0.00 7.00
0.00 7.00
0.00 7.00
0.00 7.00
0.00 7.00
0.00 7.00
0.00 7.00
0.00 7.00
0.00 7.00
0.00 7.00
0.00 7.00
0.00 7.00
0.00 6.99
0.00 6.99
0.00 7.00
0.00 7.00
0.00 6.99
0.00 6.99
0.00 6.99
0.00 6.99
0.00 6.99
0.00 6.99
0.00 6.99
0.00 6.99
0.00 6.99
0.00 6.99
0.00 6.99
0.00 6.99
0.00 6.99
0.00 6.99
0.00 6.99
0.00 6.99
0.00 6.99
0.00 6.99
0.00 6.99
0.00 6.99
0.00 6.99
0.00 6.98
0.00 6.99
0.00 6.98
0.00 6.98
0.00 6.98
0.00 6.98
0.00 6.98
0.00 6.98
0.00 6.98
0.00 6.98
0.00 6.98
0.00 6.98
0.00 6.98
0.00 6.98
0.00 6.98
0.00 6.98
0.00 6.98
0.00 6.98
0.00 6.98
0.00 6.98
0.00 6.98
0.00 6.98
0.00 6.98
0.00 6.97
0.00 6.97
0.00 6.97
0.00 6.97
0.02 6.97
0.00 6.97
0.00 6.97
0.00 6.97
0.00 6.97
0.00 6.97
0.00 6.97
0.00 6.97
0.00 6.97
0.00 6.97
0.00 6.97
0.00 6.97
0.00 6.97
0.00 6.97
0.00 6.97
0.00 6.98
0.00 6.97
0.00 6.98
0.00 6.98
0.00 6.98
0.00 6.98
0.00 6.98
0.00 6.98
0.00 6.98
0.00 6.98
0.00 6.98
0.00 6.98
0.00 6.98
0.00 6.98
0.00 6.98
0.00 6.98
0.00 6.98
0.00 6.98
0.00 6.98
0.00 6.98
0.00 6.98
0.00 6.98
0.00 6.98
0.00 6.98
0.00 6.98
0.00 6.98
0.00 6.97
0.00 6.97
0.00 6.98
0.00 6.98
0.00 6.98
0.00 6.98
0.00 6.98
0.00 6.98
0.00 6.98
0.00 6.98
0.00 6.98
0.00 6.97
0.00 6.97
0.00 6.97
0.00 6.97
0.00 6.97
0.00 6.97
0.00 6.97
0.00 6.97
0.00 6.97
0.00 6.97
0.00 6.97
0.00 6.97
0.00 6.97
0.00 6.97
0.00 6.97
0.00 6.97
0.00 6.97
0.00 6.97
0.00 6.97
0.00 6.97
0.00 6.97
0.00 6.97
0.00 6.97
0.00 6.97
0.00 6.97
0.00 6.97
0.00 6.96
0.00 6.96
0.00 6.96
0.00 6.97
0.00 6.96
0.00 6.96
0.00 6.96
0.00 6.96
0.00 6.96
0.00 6.96
0.00 6.96
0.00 6.96
0.00 6.96
0.00 6.96
0.00 6.96
0.00 6.96
0.00 6.96
0.00 6.96
0.00 6.95
0.00 6.95
0.00 6.95
0.00 6.95
0.00 6.95
0.00 6.95
0.00 6.95
0.00 6.95
0.00 6.95
0.00 6.95
0.00 6.95
0.00 6.95
0.00 6.95
0.00 6.95
0.00 6.95
0.00 6.95
0.00 6.94
0.00 6.95
0.00 6.95
0.00 6.95
0.00 6.95
0.00 6.95
0.00 6.95
0.00 6.95
0.00 6.95
0.00 6.95
0.00 6.95
0.00 6.95
0.00 6.95
0.00 6.95
0.00 6.95
0.00 6.95
0.00 6.95
0.00 6.95
0.00 6.94
0.00 6.94
0.00 6.94
0.00 6.95
0.00 6.94
0.00 6.95
0.00 6.94
0.00 6.94
0.00 6.94
0.00 6.94
0.00 6.94
0.00 6.94
0.00 6.94
0.00 6.94
0.00 6.94
0.00 6.94
0.00 6.94
0.00 6.94
0.00 6.94
0.00 6.94
0.00 6.94
0.00 6.94
0.00 6.94
0.00 6.94
0.00 6.94
0.00 6.93
0.00 6.94
0.00 6.93
0.00 6.94
0.00 6.93
0.00 6.93
0.00 6.94
0.00 6.94
0.00 6.94
0.00 6.93
0.00 6.93
0.00 6.93
0.00 6.93
0.00 6.93
0.00 6.93
0.00 6.93
0.00 6.93
0.00 6.93
0.00 6.93
0.00 6.94
0.00 6.93
0.00 6.93
0.00 6.93
0.00 6.93
0.00 6.93
0.00 6.93
0.00 6.93
0.00 6.93
0.00 6.93
0.00 6.93
0.00 6.93
0.00 6.93
0.00 6.93
0.00 6.93
0.00 6.93
0.00 6.93
0.00 6.92
0.00 6.92
0.00 6.92
0.00 6.92
0.00 6.92
0.00 6.92
0.00 6.92
0.00 6.92
0.00 6.92
0.00 6.92
0.00 6.92
0.00 6.92
0.00 6.92
0.00 6.91
0.00 6.91
0.00 6.91
0.00 6.91
0.00 6.91
0.00 6.91
0.00 6.91
0.00 6.91
0.00 6.92
0.00 6.92
0.00 6.92
0.00 6.91
0.00 6.92
0.00 6.92
0.00 6.92
0.00 6.92
0.00 6.92
0.00 6.92
0.00 6.92
0.00 6.91
0.00 6.91
0.00 6.91
0.00 6.91
0.00 6.91
0.00 6.91
0.00 6.91
0.00 6.91
0.00 6.91
0.00 6.91
0.00 6.91
0.00 6.91
0.00 6.91
0.00 6.91
0.00 6.91
0.00 6.91
0.00 6.91
0.00 6.91
0.00 6.91
0.00 6.91
0.00 6.91
0.00 6.91
0.00 6.91
0.00 6.91
0.00 6.91
0.00 6.91
0.00 6.91
0.00 6.91
0.00 6.91
0.00 6.91
0.00 6.91
0.00 6.91
0.00 6.91
0.00 6.91
0.00 6.91
0.00 6.91
0.00 6.91
0.00 6.91
0.00 6.91
0.00 6.91
0.00 6.91
0.00 6.91
0.00 6.91
0.00 6.91
0.00 6.91
0.00 6.91
0.00 6.91
0.00 6.91
0.00 6.91
0.00 6.91
0.00 6.91
0.00 6.91
0.00 6.91
0.00 6.91
0.00 6.91
0.00 6.91
0.00 6.91
0.00 6.91
0.00 6.90
0.00 6.91
0.01 6.91
0.00 6.91
0.00 6.91
0.00 6.91
0.00 6.90
0.00 6.90
0.00 6.91
0.00 6.90
0.00 6.90
0.00 6.90
0.00 6.90
0.00 6.90
0.00 6.89
0.00 6.89
0.00 6.89
0.00 6.89
0.00 6.89
0.00 6.89
0.00 6.89
0.00 6.89
0.00 6.89
0.00 6.89
0.00 6.89
0.00 6.88
0.00 6.89
0.00 6.89
0.00 6.89
0.00 6.89
0.00 6.89
0.00 6.89
0.00 6.89
0.00 6.89
0.00 6.89
0.00 6.89
0.00 6.89
0.00 6.89
0.00 6.89
0.00 6.89
0.00 6.89
0.00 6.89
0.00 6.89
0.00 6.89
0.01 6.89
0.00 6.89
0.00 6.89
0.00 6.89
0.00 6.89
0.00 6.89
0.00 6.89
0.00 6.88
0.00 6.89
0.00 6.89
0.00 6.89
0.00 6.89
0.00 6.89
0.00 6.89
0.00 6.88
0.00 6.89
0.00 6.89
0.00 6.89
0.00 6.88
0.00 6.89
0.00 6.88
0.00 6.88
0.00 6.88
0.00 6.89
0.00 6.89
0.00 6.88
0.00 6.89
0.00 6.89
0.00 6.89
0.00 6.89
0.00 6.89
0.00 6.88
0.00 6.89
0.00 6.89
0.00 6.88
0.00 6.89
0.00 6.89
0.00 6.89
0.00 6.89
0.00 6.89
0.00 6.89
0.00 6.89
0.00 6.89
0.00 6.89
0.00 6.89
0.00 6.89
0.00 6.89
0.00 6.88
0.00 6.89
0.00 6.89
0.00 6.89
0.00 6.89
0.00 6.89
0.00 6.89
0.00 6.89
0.00 6.88
0.00 6.88
0.00 6.88
0.00 6.88
0.00 6.88
0.00 6.88
0.00 6.88
0.00 6.88
0.00 6.87
0.00 6.87
0.00 6.87
0.00 6.87
0.00 6.87
0.00 6.88
0.00 6.88
0.00 6.88
0.00 6.88
0.00 6.88
0.00 6.88
0.00 6.88
0.00 6.88
0.00 6.88
0.00 6.88
0.00 6.88
0.00 6.88
0.00 6.89
0.00 6.88
0.00 6.88
0.00 6.88
0.00 6.88
0.00 6.89
0.00 6.88
0.00 6.89
0.00 6.88
0.00 6.89
0.00 6.88
0.00 6.88
0.00 6.88
0.00 6.88
0.00 6.88
0.01 6.89
0.00 6.88
0.00 6.88
0.00 6.88
0.00 6.88
0.00 6.88
0.00 6.88
0.00 6.88
0.00 6.88
0.00 6.88
0.00 6.88
0.00 6.88
0.00 6.88
0.00 6.88
0.00 6.87
0.00 6.88
0.00 6.87
0.00 6.87
0.00 6.87
0.00 6.87
0.00 6.87
0.00 6.87
0.00 6.87
0.00 6.87
0.00 6.87
0.00 6.87
0.00 6.87
0.00 6.87
0.00 6.87
0.00 6.87
0.00 6.86
0.00 6.87
0.00 6.86
0.00 6.86
0.00 6.87
0.00 6.87
0.00 6.87
0.00 6.87
0.00 6.87
0.00 6.87
0.00 6.87
0.00 6.86
0.00 6.87
0.00 6.86
0.00 6.87
0.00 6.86
0.00 6.86
0.00 6.86
0.00 6.86
0.00 6.86
0.00 6.86
0.00 6.86
0.00 6.86
0.00 6.86
0.01 6.86
0.00 6.86
0.00 6.86
0.00 6.87
0.00 6.86
0.00 6.86
0.00 6.86
0.00 6.86
0.00 6.85
0.00 6.86
0.00 6.85
0.00 6.85
0.00 6.85
0.00 6.85
0.00 6.85
0.00 6.84
0.00 6.84
0.00 6.85
0.00 6.84
0.00 6.84
0.00 6.84
0.00 6.84
0.00 6.84
0.02 6.82
0.09 6.84
0.03 6.85
0.01 6.85
0.01 6.84
0.00 6.85
0.00 6.84
0.00 6.85
0.00 6.84
0.00 6.84
0.01 6.84
0.00 6.84
0.00 6.84
0.00 6.83
0.00 6.83
0.00 6.83
0.00 6.83
0.00 6.82
0.00 6.82
0.00 6.82
0.00 6.82
0.00 6.82
0.00 6.82
0.00 6.82
0.00 6.82
0.00 6.82
0.00 6.82
0.00 6.82
0.00 6.82
0.00 6.82
0.00 6.82
0.00 6.82
0.00 6.82
0.00 6.82
0.00 6.82
0.00 6.82
0.00 6.82
0.00 6.82
0.00 6.82
0.00 6.82
0.00 6.82
0.00 6.82
0.00 6.82
0.00 6.82
0.00 6.82
0.00 6.82
0.00 6.82
0.00 6.82
0.00 6.82
0.00 6.82
0.00 6.82
0.00 6.82
0.00 6.82
0.00 6.82
0.00 6.82
0.00 6.82
0.00 6.82
0.00 6.82
0.00 6.82
0.00 6.82
0.00 6.82
0.00 6.82
0.00 6.82
0.00 6.82
0.00 6.82
0.00 6.82
0.00 6.82
0.00 6.82
0.00 6.82
0.00 6.82
0.00 6.82
0.00 6.82
0.00 6.82
0.00 6.82
0.00 6.82
0.00 6.81
0.00 6.81
0.00 6.81
0.00 6.81
0.00 6.81
0.00 6.81
0.00 6.81
0.00 6.81
0.00 6.81
0.00 6.80
0.00 6.80
0.00 6.80
0.00 6.80
0.00 6.80
0.00 6.79
0.01 6.79
0.00 6.79
0.00 6.79
0.00 6.79
0.00 6.79
0.00 6.79
0.00 6.79
0.00 6.79
0.00 6.79
0.00 6.79
0.00 6.79
0.00 6.78
0.00 6.78
0.00 6.78
0.00 6.78
0.00 6.78
0.00 6.78
0.00 6.78
0.00 6.78
0.00 6.78
0.00 6.78
0.00 6.78
0.00 6.78
0.00 6.77
0.00 6.78
0.00 6.78
0.00 6.78
0.00 6.78
0.00 6.78
0.01 6.78
0.07 6.78
0.28 6.80
1.06 6.98
0.20 7.25
0.25 7.32
0.07 7.36
0.00 7.34
0.00 7.31
0.01 7.27
0.00 7.24
0.00 7.22
0.00 7.20
0.00 7.19
0.00 7.18
0.00 7.18
0.00 7.17
0.00 7.16
0.00 7.15
0.00 7.15
0.00 7.14
0.00 7.14
0.00 7.14
0.00 7.13
0.00 7.13
0.00 7.12
0.00 7.12
0.00 7.11
0.00 7.10
0.00 7.10
0.00 7.09
0.00 7.08
0.00 7.08
0.00 7.07
0.00 7.06
0.00 7.06
0.00 7.06
0.00 7.05
0.00 7.05
0.00 7.04
0.00 7.04
0.00 7.03
0.00 7.03
0.00 7.02
0.00 7.02
0.00 7.01
0.00 7.01
0.00 7.00
0.00 7.00
0.00 7.00
0.00 6.99
0.00 6.99
0.00 6.99
0.00 6.98
0.00 6.98
0.00 6.98
0.00 6.98
0.00 6.98
0.00 6.97
0.00 6.97
0.00 6.96
0.00 6.96
0.00 6.96
0.00 6.95
0.00 6.95
0.00 6.95
0.00 6.94
0.00 6.94
0.00 6.94
0.00 6.93
0.00 6.95
0.00 6.97
0.00 6.98
0.00 6.99
0.00 6.98
0.00 7.00
0.00 7.00
0.00 7.00
0.00 7.01
0.00 7.01
0.00 7.01
0.00 7.01
0.00 7.01
0.00 7.01
0.00 7.01
0.00 7.01
0.01 7.01
0.00 7.01
0.00 7.01
0.00 7.01
0.00 7.02
0.00 7.01
0.00 7.01
0.00 7.02
0.00 7.01
0.00 7.01
0.29 7.04
0.35 7.10
0.04 7.24
0.02 7.29
0.00 7.29
0.00 7.27
0.00 7.25
0.00 7.22
0.00 7.21
0.00 7.19
0.00 7.18
0.00 7.17
0.00 7.17
0.00 7.17
0.00 7.16
0.00 7.15
0.00 7.15
0.00 7.15
0.00 7.15
0.00 7.14
0.00 7.14
0.00 7.14
0.00 7.14
0.00 7.14
0.00 7.14
0.00 7.14
0.00 7.14
0.00 7.14
0.00 7.14
0.00 7.14
0.00 7.13
0.00 7.13
0.00 7.13
0.00 7.13
0.00 7.13
0.00 7.13
0.00 7.13
0.00 7.13
0.00 7.13
0.00 7.13
0.00 7.13
0.00 7.13
0.00 7.13
0.00 7.13
0.00 7.13
0.00 7.12
0.00 7.12
0.00 7.12
0.00 7.12
0.00 7.12
0.00 7.12
0.00 7.12
0.00 7.12
0.00 7.12
0.00 7.12
0.00 7.12
0.00 7.12
0.00 7.12
0.00 7.11
0.00 7.12
0.00 7.11
0.00 7.11
0.00 7.11
0.00 7.11
0.00 7.11
0.00 7.11
0.00 7.11
0.00 7.10
0.00 7.10
0.00 7.11
0.00 7.11
0.00 7.10
0.00 7.10
0.00 7.10
0.00 7.10
0.00 7.10
0.00 7.10
0.00 7.10
0.00 7.10
0.00 7.10
0.00 7.10
0.00 7.10
0.00 7.09
0.00 7.09
0.00 7.09
0.00 7.09
0.00 7.09
0.00 7.09
0.00 7.09
0.00 7.09
0.00 7.09
0.00 7.09
0.00 7.08
0.00 7.09
0.00 7.08
0.00 7.08
0.00 7.09
0.00 7.09
0.00 7.08
0.00 7.08
0.00 7.08
0.00 7.08
0.00 7.08
0.00 7.08
0.00 7.08
0.00 7.08
0.00 7.08
0.00 7.08
0.00 7.08
0.00 7.08
0.00 7.08
0.00 7.07
0.00 7.08
0.00 7.08
0.00 7.07
0.00 7.08
0.00 7.07
0.00 7.07
0.00 7.07
0.00 7.07
0.00 7.07
0.00 7.07
0.00 7.07
0.00 7.07
0.00 7.07
0.00 7.06
0.00 7.07
0.00 7.06
0.00 7.06
0.00 7.06
0.00 7.06
0.00 7.06
0.00 7.06
0.00 7.06
0.00 7.06
0.00 7.06
0.00 7.06
0.00 7.06
0.00 7.06
0.00 7.06
0.00 7.05
0.00 7.06
0.00 7.05
0.00 7.05
0.00 7.05
0.00 7.05
0.00 7.05
0.00 7.05
0.00 7.05
0.00 7.05
0.00 7.05
0.00 7.05
0.00 7.05
0.00 7.05
0.00 7.05
0.00 7.05
0.00 7.05
0.00 7.05
0.00 7.04
0.00 7.04
0.00 7.04
0.00 7.04
0.00 7.04
0.00 7.04
0.00 7.04
0.00 7.04
0.00 7.03
0.00 7.03
0.00 7.03
0.00 7.03
0.00 7.04
0.00 7.03
0.00 7.03
0.00 7.04
0.00 7.03
0.00 7.03
0.00 7.03
0.00 7.03
0.00 7.03
0.00 7.03
0.00 7.03
0.00 7.02
0.00 7.02
0.00 7.03
0.00 7.03
0.00 7.03
0.00 7.02
0.00 7.03
0.00 7.03
0.00 7.03
0.00 7.03
0.00 7.03
0.00 7.03
0.00 7.03
0.00 7.03
0.00 7.04
0.00 7.03
0.00 7.04
0.00 7.04
0.00 7.04
0.00 7.04
0.00 7.04
0.00 7.03
0.00 7.04
0.00 7.04
0.00 7.03
0.00 7.03
0.00 7.03
0.00 7.03
0.00 7.03
0.00 7.03
0.00 7.03
0.00 7.03
0.00 7.03
0.00 7.03
0.00 7.03
0.00 7.02
0.00 7.02
0.00 7.02
0.00 7.02
0.00 7.02
0.00 7.02
0.00 7.02
0.00 7.02
0.00 7.02
0.00 7.02
0.00 7.02
0.00 7.02
0.00 7.02
0.00 7.01
0.00 7.01
0.00 7.01
0.00 7.02
0.00 7.01
0.00 7.01
0.00 7.01
0.00 7.01
0.00 7.01
0.00 7.01
0.00 7.01
0.00 7.01
0.00 7.01
0.00 7.02
0.00 7.01
0.00 7.01
0.00 7.01
0.00 7.01
0.00 7.01
0.00 7.01
0.00 7.01
0.00 7.00
0.00 7.00
0.00 7.00
0.00 7.00
0.00 7.00
0.00 7.00
0.00 6.99
0.00 7.00
0.00 6.99
0.00 7.00
0.00 6.99
0.00 6.99
0.00 6.99
0.00 6.99
0.00 6.99
0.00 6.99
0.00 7.00
0.00 7.00
0.00 7.00
0.00 7.00
0.00 7.00
0.00 7.01
0.00 7.01
0.00 7.01
0.00 7.02
0.00 7.01
0.00 7.02
0.00 7.01
0.00 7.01
0.00 7.02
0.00 7.02
0.00 7.01
0.00 7.01
0.00 7.01
0.00 7.00
0.00 7.00
0.00 7.00
0.00 6.99
0.00 6.99
0.00 6.99
0.00 6.99
0.00 6.99
0.00 6.99
0.00 7.00
0.00 6.99
0.00 7.00
0.00 6.99
0.00 6.99
0.00 7.00
0.00 7.00
0.00 7.00
0.00 7.00
0.00 7.00
0.00 7.00
0.00 7.00
0.00 7.00
0.00 7.01
0.00 7.00
0.00 7.01
0.00 7.01
0.00 7.00
0.00 7.00
0.00 7.00
0.00 7.00
0.00 7.00
0.00 7.00
0.00 7.00
0.00 7.00
0.00 7.00
0.00 7.00
0.00 6.99
0.00 6.99
0.00 6.99
0.00 6.99
0.00 6.99
0.00 6.99
0.00 6.99
0.00 6.99
0.00 6.99
0.00 6.99
0.00 6.99
0.00 6.99
0.00 6.99
0.00 6.99
0.00 6.99
0.00 6.99
0.00 6.99
0.00 6.99
0.00 6.99
0.00 6.99
0.00 6.99
0.00 6.99
0.00 6.99
0.00 6.99
0.00 6.99
0.00 6.99
0.01 6.98
0.29 7.01
0.21 7.06
0.00 7.10
0.00 7.10
0.00 7.08
0.00 7.07
0.00 7.06
0.00 7.05
0.00 7.05
0.00 7.05
0.00 7.04
0.00 7.04
0.00 7.04
0.00 7.04
0.00 7.04
0.00 7.04
0.00 7.03
0.00 7.03
0.00 7.03
0.00 7.03
0.00 7.03
0.00 7.03
0.00 7.03
0.00 7.03
0.00 7.03
0.01 7.03
0.00 7.02
0.00 7.03
0.00 7.02
0.00 7.02
0.00 7.02
0.00 7.02
0.00 7.02
0.00 7.01
0.00 7.02
0.00 7.02
0.00 7.02
0.00 7.03
0.00 7.02
0.00 7.03
0.00 7.03
0.00 7.03
0.00 7.03
0.00 7.02
0.00 7.03
0.00 7.03
0.00 7.03
0.00 7.02
0.00 7.02
0.00 7.02
0.00 7.02
0.00 7.02
0.00 7.02
0.00 7.02
0.00 7.02
0.00 7.02
0.00 7.02
0.00 7.02
0.00 7.02
0.00 7.02
0.00 7.02
0.00 7.02
0.00 7.02
0.00 7.02
0.00 7.02
0.00 7.02
0.00 7.02
0.00 7.02
0.00 7.02
0.00 7.02
0.00 7.02
0.00 7.02
0.00 7.02
0.00 7.01
0.00 7.01
0.00 7.01
0.00 7.01
0.00 7.02
0.00 7.01
0.00 7.01
0.00 7.01
0.00 7.02
0.00 7.01
0.00 7.01
0.00 7.02
0.00 7.02
0.00 7.02
0.00 7.02
0.00 7.01
0.00 7.01
0.00 7.01
0.00 7.01
0.00 7.01
0.00 7.01
0.00 7.01
0.00 7.01
0.00 7.01
0.00 7.01
0.00 7.01
0.00 7.00
0.00 7.00
0.00 7.00
0.00 7.00
0.00 7.00
0.00 7.00
0.00 7.00
0.00 6.99
0.00 7.00
0.00 6.99
0.00 7.00
0.00 7.00
0.00 7.00
0.00 7.00
0.00 7.00
0.00 7.00
0.00 6.99
0.00 6.99
0.00 6.99
0.00 6.99
0.00 6.99
0.00 6.99
0.00 6.99
0.00 6.98
0.07 6.97
1.02 7.10
0.23 7.30
0.22 7.43
0.06 7.50
0.02 7.52
0.04 7.51
0.00 7.51
0.00 7.51
0.00 7.52
0.06 7.53
0.02 7.54
0.01 7.55
0.00 7.56
0.00 7.57
0.00 7.58
0.00 7.59
0.00 7.59
0.00 7.60
0.00 7.60
0.01 7.60
0.05 7.60
0.07 7.61
0.03 7.63
0.01 7.64
0.02 7.65
0.01 7.65
0.00 7.66
0.01 7.67
0.00 7.67
0.00 7.67
0.01 7.68
0.00 7.68
0.00 7.68
0.00 7.68
0.00 7.68
0.00 7.68
0.00 7.68
0.00 7.68
0.00 7.67
0.00 7.67
0.00 7.67
0.00 7.67
0.00 7.66
0.01 7.66
0.01 7.66
0.01 7.66
0.00 7.65
0.00 7.65
0.00 7.65
0.00 7.64
0.01 7.64
0.00 7.64
0.01 7.63
0.01 7.63
0.01 7.63
0.00 7.63
0.00 7.63
0.00 7.63
0.00 7.63
0.00 7.62
0.00 7.62
0.00 7.62
0.00 7.62
0.00 7.61
0.00 7.61
0.00 7.61
0.00 7.60
0.00 7.60
0.00 7.60
0.00 7.60
0.00 7.60
0.00 7.59
0.00 7.59
0.00 7.59
0.00 7.58
0.00 7.58
0.00 7.57
0.00 7.57
0.01 7.57
0.00 7.56
0.00 7.56
0.00 7.56
0.00 7.56
0.00 7.56
0.00 7.55
0.00 7.55
0.00 7.55
0.00 7.55
0.00 7.55
0.00 7.55
0.00 7.54
0.04 7.54
0.00 7.54
0.00 7.54
0.00 7.54
0.00 7.54
0.17 7.53
0.21 7.59
0.03 7.71
0.00 7.76
0.00 7.77
0.00 7.77
0.00 7.76
0.00 7.75
0.00 7.73
0.00 7.72
0.00 7.71
0.00 7.71
0.00 7.70
0.00 7.70
0.00 7.69
0.00 7.69
0.00 7.68
0.00 7.68
0.00 7.67
0.00 7.67
0.00 7.67
0.00 7.66
0.00 7.66
0.00 7.65
0.00 7.65
0.00 7.64
0.00 7.64
0.00 7.64
0.00 7.63
0.00 7.63
0.00 7.62
0.00 7.62
0.00 7.62
0.00 7.61
0.00 7.61
0.00 7.60
0.00 7.60
0.00 7.60
0.00 7.59
0.00 7.59
0.00 7.58
0.00 7.58
0.00 7.58
0.00 7.57
0.00 7.56
0.00 7.56
0.00 7.56
0.00 7.55
0.00 7.55
0.00 7.55
0.00 7.54
0.00 7.54
0.00 7.53
0.00 7.53
0.00 7.53
0.00 7.52
0.00 7.52
0.00 7.52
0.00 7.51
0.00 7.51
0.00 7.50
0.00 7.50
0.00 7.50
0.00 7.49
0.00 7.49
0.00 7.49
0.00 7.48
0.00 7.48
0.00 7.47
0.00 7.47
0.00 7.46
0.00 7.46
0.00 7.46
0.00 7.45
0.00 7.45
0.00 7.44
0.00 7.44
0.00 7.44
0.00 7.43
0.00 7.43
0.00 7.43
0.00 7.43
0.00 7.42
0.00 7.42
0.00 7.42
0.00 7.41
0.00 7.41
0.00 7.40
0.00 7.40
0.00 7.39
0.00 7.39
0.00 7.38
0.00 7.38
0.00 7.38
0.00 7.37
0.00 7.37
0.00 7.37
0.00 7.36
0.00 7.36
0.00 7.36
0.00 7.36
0.00 7.36
0.00 7.36
0.01 7.36
0.00 7.36
0.00 7.35
0.00 7.35
0.00 7.35
0.00 7.34
0.00 7.34
0.00 7.34
0.00 7.34
0.00 7.33
0.00 7.33
0.00 7.33
0.00 7.33
0.00 7.33
0.00 7.32
0.00 7.32
0.00 7.32
0.00 7.32
0.00 7.32
0.00 7.32
0.00 7.31
0.00 7.31
0.00 7.31
0.00 7.31
0.00 7.31
0.00 7.31
0.00 7.30
0.00 7.30
0.00 7.30
0.00 7.30
0.00 7.30
0.00 7.30
0.00 7.29
0.00 7.29
0.00 7.29
0.00 7.29
0.00 7.29
0.00 7.29
0.00 7.28
0.00 7.28
0.00 7.28
0.00 7.28
0.00 7.28
0.00 7.27
0.00 7.27
0.00 7.27
0.00 7.27
0.00 7.27
0.00 7.27
0.00 7.27
0.00 7.26
0.00 7.26
0.00 7.26
0.00 7.26
0.00 7.26
0.00 7.25
0.00 7.25
0.00 7.25
0.00 7.25
0.00 7.25
0.00 7.24
0.00 7.24
0.00 7.24
0.00 7.24
0.00 7.23
0.00 7.23
0.00 7.23
0.00 7.23
0.00 7.22
0.00 7.22
0.00 7.22
0.00 7.21
0.00 7.21
0.00 7.21
0.00 7.20
0.00 7.20
0.00 7.20
0.00 7.20
0.00 7.20
0.00 7.19
0.00 7.19
0.00 7.19
0.00 7.19
0.00 7.18
0.00 7.19
0.00 7.18
0.00 7.18
0.00 7.18
0.00 7.18
0.00 7.17
0.00 7.17
0.00 7.17
0.00 7.17
0.00 7.17
0.00 7.17
0.00 7.17
0.00 7.17
0.00 7.17
0.00 7.17
0.00 7.17
0.00 7.17
0.00 7.17
0.00 7.17
0.00 7.17
0.00 7.17
0.00 7.16
0.00 7.16
0.00 7.16
0.00 7.16
0.00 7.16
0.00 7.16
0.00 7.16
0.00 7.16
0.00 7.16
0.00 7.15
0.00 7.15
0.00 7.15
0.00 7.15
0.00 7.15
0.00 7.15
0.00 7.15
0.00 7.15
0.00 7.15
0.00 7.15
0.00 7.15
0.00 7.15