135 16.8
137 16.7
135 16.6
137 16.6
135 16.5
137 16.4
135 16.4
137 16.3
137 16.2
137 16.2
135 16.1
137 16.1
135 16.0
135 16.0
137 16.0
135 15.9
137 15.9
135 15.8
135 15.8
137 15.7
135 15.7
135 15.7
135 15.6
135 15.6
137 15.6
135 15.5
135 15.5
135 15.5
132 15.4
135 15.4
135 15.4
135 15.4
135 15.4
135 15.4
132 15.4
132 15.4
135 15.4
132 15.5
135 15.5
132 15.5
135 15.6
135 15.6
135 15.6
135 15.7
132 15.8
135 15.8
135 15.8
135 15.9
135 15.9
135 15.9
135 16.0
135 16.0
135 16.1
137 16.1
137 16.1
137 16.2
135 16.4
137 16.6
137 16.8
135 16.9
137 17.0
140 17.0
137 17.1
137 17.1
137 17.1
137 17.2
137 17.2
137 17.2
135 17.3
135 17.3
137 17.3
135 17.3
135 17.3
135 17.3
135 17.3
135 17.3
135 17.3
137 17.3
135 17.2
135 17.2
135 17.1
132 17.1
132 17.1
132 17.0
135 17.0
132 16.9
132 16.9
132 16.8
132 16.8
132 16.8
132 16.8
132 16.7
132 16.7
132 16.6
135 16.6
135 16.5
135 16.5
135 16.4
135 16.4
132 16.3
132 16.3
135 16.2
135 16.2
135 16.2
132 16.1
135 16.1
132 16.0
129 16.0
135 15.9
132 15.9
132 15.8
132 15.8
132 15.8
132 15.7
132 15.6
132 15.6
132 15.6
132 15.5
132 15.4
135 15.4
132 15.4
132 15.3
129 15.3
132 15.2
132 15.2
132 15.1
129 15.1
129 15.0
129 15.0
132 15.0
127 15.0
129 15.0
129 15.0
132 15.0
132 15.0
129 15.1
129 15.1
129 15.2
129 15.1
127 15.1
129 15.2
129 15.2
129 15.2
129 15.3
132 15.5
127 15.6
129 15.6
129 15.6
129 15.7
129 15.7
129 15.7
129 15.9
127 16.1
129 16.3
129 16.2
129 16.2
129 16.2
132 16.3
129 16.3
127 16.3
129 16.3
129 16.4
129 16.4
129 16.5
129 16.6
135 16.7
132 16.7
132 16.6
132 16.6
132 16.6
132 16.6
132 16.6
132 16.6
132 16.6
132 16.5
129 16.5
132 16.5
132 16.5
129 16.4
132 16.4
132 16.4
132 16.3
132 16.3
132 16.2
132 16.2
135 16.2
135 16.1
135 16.0
137 16.0
137 16.0
140 15.9
143 15.9
143 15.8
145 15.8
148 15.8
148 15.7
151 15.7
151 15.6
151 15.6
154 15.6
154 15.5
154 15.5
154 15.4
154 15.4
157 15.4
157 15.3
157 15.3
157 15.2
157 15.2
157 15.1
157 15.1
157 15.0
157 15.0
157 14.9
157 14.9
157 14.8
151 14.8
154 14.8
154 14.7
154 14.6
154 14.6
151 14.6
151 14.5
151 14.5
151 14.5
154 14.5
154 14.5
151 14.5
151 14.5
151 14.5
151 14.5
151 14.5
151 14.5
154 14.6
151 14.6
151 14.6
151 14.7
148 14.8
145 14.8
145 14.9
145 14.9
145 15.0
143 15.0
148 15.0
148 15.1
145 15.1
145 15.1
143 15.1
145 15.1
140 15.2
143 15.2
143 15.2
143 15.2
140 15.2
143 15.2
143 15.3
140 15.3
143 15.3
143 15.3
143 15.3
140 15.3
143 15.3
143 15.3
143 15.3
143 15.3
137 15.3
140 15.3
140 15.3
140 15.3
140 15.3
137 15.3
137 15.2
140 15.2
137 15.2
140 15.2
137 15.2
143 15.1
145 15.0
151 15.0
154 14.9
154 14.9
157 14.8
157 14.8
160 14.8
163 14.7
166 14.6
169 14.6
175 14.5
175 14.5
182 14.4
182 14.4
185 14.4
188 14.3
198 14.3
202 14.2
205 14.2
209 14.1
213 14.1
213 14.0
220 14.0
216 13.9
220 13.9
220 13.8
220 13.8
220 13.8
220 13.7
220 13.6
228 13.6
224 13.5
224 13.5
228 13.4
233 13.4
237 13.3
228 13.3
233 13.2
233 13.2
237 13.1
228 13.1
233 13.0
224 13.0
228 13.0
224 13.0
228 13.0
220 13.0
220 13.0
209 13.0
216 13.0
213 13.0
209 13.0
205 13.0
205 13.0
205 13.1
198 13.2
195 13.3
195 13.4
195 13.6
195 13.8
192 13.9
192 14.1
192 14.2
188 14.3
188 14.5
182 14.7
185 14.8
182 14.8
178 14.9
182 15.2
178 15.2
182 15.6
178 15.8
178 15.8
175 15.8
172 15.9
175 15.9
172 15.8
169 15.7
169 15.7
172 15.8
172 15.7
169 15.6
172 15.5
166 15.4
166 15.4
166 15.3
163 15.2
163 15.2
163 15.2
163 15.1
163 15.0
157 14.9
160 14.8
160 14.8
157 14.7
160 14.6
157 14.5
157 14.5
157 14.4
157 14.4
157 14.3
154 14.2
154 14.2
154 14.1
157 14.1
154 14.0
151 14.0
154 13.9
154 13.9
154 13.8
151 13.8
151 13.7
154 13.6
148 13.6
151 13.5
148 13.5
151 13.4
148 13.3
151 13.3
148 13.2
151 13.1
148 13.1
148 13.0
145 12.9
148 12.9
145 12.8
145 12.7
145 12.7
148 12.6
145 12.6
148 12.5
143 12.4
145 12.4
145 12.3
148 12.2
148 12.2
143 12.1
145 12.1
145 12.0
145 12.0
145 12.0
143 12.0
140 12.0
143 12.0
143 12.0
143 12.0
143 12.0
145 12.1
145 12.2
143 12.3
143 12.4
140 12.5
140 12.6
140 12.7
145 12.9
143 13.0
143 13.2
140 13.4
143 13.6
143 13.9
140 13.9
143 14.0
143 14.2
140 14.4
140 14.5
140 14.5
143 14.5
140 14.6
140 14.6
140 14.6
140 14.8
143 14.8
143 14.8
140 14.8
140 14.8
140 14.8
137 14.7
140 14.6
140 14.6
137 14.6
140 14.5
137 14.4
137 14.4
140 14.3
135 14.2
140 14.2
135 14.1
140 14.0
137 13.9
135 13.8
137 13.8
135 13.7
137 13.6
135 13.5
137 13.4
135 13.4
135 13.3
137 13.2
135 13.2
137 13.1
135 13.0
135 13.0
135 12.9
135 12.8
135 12.8
135 12.7
135 12.7
132 12.6
132 12.6
132 12.5
135 12.4
132 12.4
132 12.3
135 12.3
132 12.2
132 12.2
132 12.2
132 12.1
132 12.1
132 12.0
129 12.0
132 12.0
132 12.0
132 11.9
132 11.9
132 11.8
132 11.8
132 11.8
132 11.8
127 11.7
132 11.7
132 11.7
129 11.7
132 11.6
132 11.6
127 11.6
132 11.6
132 11.6
132 11.7
129 11.7
129 11.8
129 11.8
132 11.9
129 11.9
129 12.0
129 12.1
129 12.2
129 12.4
129 12.5
129 12.7
132 12.8
129 13.0
127 13.2
129 13.5
129 13.8
129 14.0
129 14.3
132 14.6
129 14.8
129 14.8
132 15.0
132 15.2
129 15.2
129 15.4
129 15.6
129 15.7
129 15.8
129 15.9
132 15.9
127 16.0
129 16.0
127 16.0
129 16.1
129 16.0
127 16.0
129 16.0
127 16.0
124 15.9
127 15.9
127 15.8
124 15.7
127 15.7
127 15.6
127 15.5
127 15.4
124 15.3
124 15.2
127 15.0
127 14.9
124 14.8
127 14.7
124 14.6
127 14.5
127 14.4
127 14.3
127 14.2
122 14.2
127 14.1
127 14.0
124 14.0
124 13.9
124 13.8
122 13.8
127 13.8
124 13.7
124 13.7
124 13.6
124 13.6
124 13.6
124 13.5
124 13.4
124 13.4
124 13.4
122 13.3
122 13.2
122 13.2
124 13.2
124 13.1
124 13.1
124 13.0
124 13.0
122 12.9
124 12.9
122 12.9
122 12.8
124 12.8
124 12.8
119 12.8
124 12.8
122 12.7
122 12.7
122 12.7
124 12.7
124 12.8
122 12.8
122 12.8
124 12.8
124 12.8
122 12.8
124 12.9
122 12.9
124 12.9
122 13.0
122 13.0
124 13.0
122 13.1
124 13.2
124 13.3
122 13.3
124 13.3
122 13.4
124 13.4
124 13.4
124 13.5
124 13.5
122 13.6
122 13.6
124 13.6
124 13.6
124 13.7
122 13.8
122 13.8
124 13.8
124 13.8
122 13.8
124 13.8
122 13.8
122 13.8
122 13.8
124 13.8
122 13.8
124 13.8
122 13.8
122 13.8
124 13.8
122 13.8
122 13.8
124 13.8
124 13.8
122 13.8
124 13.8
122 13.8
124 13.8
122 13.7
124 13.7
124 13.7
122 13.7
124 13.7
124 13.7
124 13.7
124 13.6
122 13.6
122 13.6
122 13.6
122 13.6
122 13.6
122 13.6
122 13.5
122 13.5
122 13.5
119 13.5
122 13.5
124 13.4
119 13.4
122 13.4
122 13.4
119 13.4
122 13.4
119 13.4
119 13.4
122 13.3
122 13.3
122 13.3
122 13.3
119 13.3
119 13.2
119 13.2
122 13.2
122 13.2
119 13.2
119 13.1
122 13.1
119 13.1
119 13.1
122 13.1
122 13.1
122 13.1
119 13.1
122 13.1
119 13.2
122 13.2
119 13.3
122 13.4
122 13.4
119 13.5
119 13.5
119 13.6
122 13.7
119 13.8
119 13.9
119 14.1
122 14.3
122 14.5
119 14.8
119 15.0
119 15.3
119 15.6
119 15.8
122 16.1
119 16.3
119 16.3
119 16.3
119 16.5
114 16.7
122 16.8
122 17.0
119 17.2
117 17.3
119 17.3
119 17.3
117 17.2
117 17.3
119 17.4
117 17.5
119 17.4
117 17.4
119 17.3
117 17.2
119 17.2
119 17.2
119 17.2
117 17.2
119 17.1
119 17.1
119 17.1
119 17.0
119 17.0
119 17.0
117 16.9
117 16.8
117 16.8
117 16.7
117 16.6
117 16.6
117 16.5
117 16.5
119 16.4
117 16.4
117 16.4
119 16.3
119 16.2
117 16.2
117 16.2
119 16.1
122 16.0
122 16.0
122 15.9
119 15.9
122 15.8
122 15.8
122 15.7
122 15.6
124 15.6
124 15.5
124 15.5
127 15.4
127 15.4
127 15.3
127 15.2
129 15.2
132 15.1
135 15.0
135 15.0
135 15.0
137 14.9
140 14.9
137 14.8
137 14.8
137 14.7
140 14.7
137 14.7
140 14.6
137 14.6
140 14.6
137 14.6
137 14.6
140 14.6
137 14.7
137 14.7
140 14.7
137 14.8
140 14.8
140 14.9
140 15.0
137 15.1
140 15.3
137 15.4
137 15.5
137 15.6
137 15.7
137 15.9
135 16.2
137 16.4
135 16.5
132 16.6
135 16.6
135 16.9
135 17.0
135 17.0
135 17.1
135 17.3
132 17.3
135 17.3
132 17.4
127 17.1
129 16.9
129 16.8
129 16.8
129 16.7
127 16.7
127 16.6
127 16.5
129 16.4
129 16.4
129 16.4
124 16.4
127 16.4
124 16.3
129 16.3
127 16.3
124 16.3
124 16.3
124 16.2
124 16.2
122 16.1
124 16.0
124 16.0
122 16.0
122 15.9
122 15.9
122 15.9
122 15.8
122 15.8
122 15.8
119 15.7
119 15.7
119 15.6
122 15.6
119 15.5
122 15.5
122 15.4
117 15.4
119 15.3
119 15.3
119 15.2
119 15.2
119 15.1
117 15.1
117 15.0
119 15.0
119 14.9
117 14.9
117 14.9
119 14.8
119 14.8
119 14.7
117 14.7
117 14.7
117 14.6
117 14.6
117 14.6
117 14.5
117 14.5
117 14.5
117 14.4
117 14.4
117 14.4
114 14.4
117 14.4
117 14.4
117 14.4
117 14.4
114 14.4
117 14.4
117 14.4
117 14.4
114 14.4
117 14.4
114 14.4
117 14.5
117 14.5
114 14.5
117 14.5
117 14.5
114 14.6
114 14.6
114 14.6
114 14.6
114 14.7
114 14.7
114 14.7
114 14.7
114 14.6
112 14.6
114 14.7
114 14.7
114 14.8
112 14.8
114 14.8
114 14.9
114 14.9
114 14.9
114 14.9
114 14.9
114 14.9
114 14.9
114 14.8
114 14.8
112 14.8
112 14.8
112 14.8
114 14.7
109 14.7
112 14.7
117 14.7
112 14.6
112 14.6
112 14.6
114 14.5
114 14.5
114 14.5
117 14.4
114 14.4
117 14.3
117 14.3
117 14.3
119 14.2
119 14.2
119 14.2
117 14.2
119 14.1
119 14.1
119 14.1
122 14.1
122 14.1
122 14.0
122 14.0
119 14.0
119 14.0
122 14.0
119 14.0
122 13.9
122 13.9
122 13.9
119 13.9
122 13.9
122 13.9
122 13.9
122 13.9
122 13.8
122 13.8
119 13.8
122 13.8
122 13.8
122 13.8
122 13.8
122 13.8
122 13.8
122 13.8
122 13.8
119 13.8
119 13.8
119 13.8
119 13.8
119 13.8
122 13.8
119 13.8
119 13.8
119 13.8
119 13.8
119 13.8
119 13.9
122 13.9
119 13.9
119 13.9
122 14.0
119 14.0
119 14.0
117 14.1
119 14.1
119 14.2
119 14.2
119 14.3
119 14.3
117 14.4
119 14.4
117 14.4
119 14.5
117 14.6
119 14.6
119 14.6
117 14.7
117 14.7
117 14.8
117 14.8
117 14.8
119 14.8
117 14.8
117 14.8
117 14.8
119 14.8
119 14.8
119 14.8
119 14.8
117 14.8
117 14.8
117 14.7
114 14.7
117 14.7
117 14.7
117 14.7
117 14.7
117 14.7
114 14.6
114 14.6
117 14.6
114 14.6
117 14.6
117 14.6
119 14.6
119 14.6
119 14.6
119 14.6
119 14.5
122 14.5
119 14.5
119 14.5
122 14.5
122 14.5
122 14.4
124 14.4
122 14.4
122 14.4
124 14.4
122 14.4
122 14.4
124 14.4
124 14.4
127 14.4
127 14.4
127 14.4
127 14.4
124 14.4
129 14.4
129 14.4
129 14.4
129 14.3
132 14.3
132 14.3
135 14.3
132 14.3
135 14.3
137 14.3
137 14.3
140 14.3
140 14.3
140 14.3
145 14.3
145 14.3
145 14.3
148 14.3
151 14.4
154 14.4
157 14.4
163 14.4
166 14.4
175 14.4
178 14.4
188 14.4
198 14.4
209 14.4
216 14.5
233 14.5
251 14.5
255 14.5
265 14.5
279 14.5
285 14.5
300 14.5
333 14.6
349 14.6
366 14.6
383 14.7
401 14.7
413 14.7
438 14.7
426 14.7
438 14.7
426 14.7
458 14.7
465 14.8
478 14.8
471 14.8
478 14.8
498 14.9
485 14.9
478 14.9
471 15.0
492 15.0
492 15.0
498 15.0
498 15.0
492 15.1
478 15.1
492 15.1
492 15.1
498 15.1
498 15.1
505 15.1
485 15.1
478 15.1
471 15.1
505 15.1
498 15.1
512 15.1
498 15.1
505 15.1
519 15.1
512 15.1
540 15.0
576 15.0
584 15.0
599 15.0
599 15.0
607 15.0
576 15.0
599 15.0
591 15.0
584 15.0
614 15.0
614 14.9
614 14.9
654 14.9
654 14.9
679 14.9
703 14.9
741 14.8
711 14.8
726 14.8
756 14.8
748 14.8
787 14.8
803 14.7
811 14.7
803 14.7
819 14.7
869 14.7
877 14.7
811 14.6
836 14.6
827 14.6
827 14.6
836 14.6
787 14.6
819 14.6
803 14.6
779 14.6
795 14.6
795 14.6
819 14.6
811 14.6
787 14.6
787 14.6
764 14.6
748 14.7
748 14.7
711 14.8
703 14.8
756 14.8
654 14.9
679 15.0
646 15.1
638 15.2
663 15.3
646 15.3
630 15.3
646 15.4
614 15.5
599 15.6
614 15.6
614 15.7
591 15.8
547 15.8
554 15.8
554 15.8
547 15.8
576 15.8
569 16.0
547 16.0
519 16.0
554 16.0
533 16.0
526 15.9
526 15.9
519 15.9
519 15.9
512 15.8
519 15.8
492 15.8
492 15.7
492 15.7
485 15.7
485 15.6
492 15.6
485 15.6
478 15.6
471 15.5
478 15.5
451 15.4
478 15.4
445 15.4
458 15.4
458 15.3
458 15.3
458 15.3
451 15.2
458 15.2
438 15.2
432 15.2
432 15.1
419 15.1
451 15.1
451 15.1
438 15.0
438 15.0
438 15.0
432 15.0
407 15.0
438 14.9
413 14.9
389 14.9
419 14.9
419 14.8
419 14.8
401 14.8
407 14.8
407 14.8
419 14.7
407 14.7
389 14.7
413 14.7
401 14.6
401 14.6
401 14.6
407 14.6
401 14.6
395 14.6
395 14.5
401 14.5
401 14.5
395 14.5
389 14.5
395 14.5
395 14.5
395 14.5
383 14.5
383 14.5
383 14.5
377 14.6
372 14.6
360 14.6
372 14.7
360 14.7
366 14.8
366 14.8
377 14.9
366 15.0
372 15.1
355 15.1
360 15.2
355 15.3
360 15.4
338 15.5
355 15.6
349 15.7
349 15.9
349 15.9
344 16.2
349 16.3
338 16.4
349 16.5
344 16.6
338 16.7
333 16.7
333 16.7
344 16.7
333 16.7
333 16.6
327 16.6
322 16.6
322 16.5
322 16.5
327 16.5
322 16.4
316 16.4
316 16.4
316 16.3
316 16.3
322 16.3
316 16.2
305 16.2
311 16.2
305 16.2
305 16.1
305 16.1
305 16.1
300 16.1
300 16.1
300 16.0
295 16.0
290 16.0
295 15.9
285 15.9
290 15.9
295 15.9
285 15.8
290 15.8
285 15.8
275 15.8
285 15.8
285 15.7
285 15.7
285 15.7
295 15.7
279 15.6
279 15.6
279 15.6
279 15.5
275 15.5
270 15.5
275 15.5
275 15.4
270 15.4
275 15.4
265 15.3
270 15.3
270 15.3
270 15.2
270 15.2
260 15.2
270 15.2
270 15.1
260 15.1
265 15.1
265 15.0
260 15.0
260 15.0
265 15.0
260 15.0
265 15.0
255 15.0
255 15.0
251 15.0
265 15.0
251 15.0
255 15.0
255 15.1
251 15.2
255 15.2
260 15.3
255 15.5
255 15.6
260 15.7
251 15.8
251 16.0
246 16.1
251 16.2
251 16.3
251 16.5
246 16.6
246 16.8
246 17.1
251 17.1
246 17.3
246 17.4
242 17.6
246 17.7
242 17.7
237 17.7
242 17.7
246 17.7
242 17.7
242 17.7
242 17.7
242 17.7
233 17.8
233 17.8
233 17.8
228 17.7
233 17.7
224 17.6
233 17.6
233 17.6
228 17.6
224 17.5
228 17.5
224 17.4
233 17.4
224 17.4
224 17.3
228 17.3
216 17.3
220 17.2
220 17.2
224 17.2
220 17.1
220 17.1
220 17.0
216 17.0
220 17.0
216 17.0
220 16.9
220 16.9
224 16.9
220 16.8
216 16.8
224 16.8
224 16.7
224 16.7
224 16.7
224 16.7
224 16.6
228 16.6
224 16.6
224 16.6
224 16.6
224 16.6
224 16.5
224 16.5
228 16.5
224 16.5
224 16.5
224 16.4
224 16.4
216 16.4
220 16.4
216 16.3
216 16.3
220 16.3
216 16.3
220 16.3
220 16.3
213 16.2
216 16.2
213 16.2
216 16.2
220 16.2
216 16.2
216 16.2
213 16.3
216 16.3
216 16.3
213 16.4
213 16.4
209 16.4
213 16.5
216 16.5
213 16.6
205 16.6
209 16.6
209 16.7
209 16.7
213 16.7
209 16.8
205 16.8
209 16.8
202 16.9
205 17.0
205 17.1
205 17.2
205 17.4
202 17.4
202 17.4
205 17.5
205 17.6
202 17.6
202 17.6
205 17.6
202 17.7
202 17.7
205 17.8
202 17.8
198 17.8
198 17.8
202 17.8
202 17.7
198 17.7
195 17.7
192 17.7
195 17.6
192 17.6
198 17.6
198 17.6
195 17.5
195 17.5
198 17.5
198 17.4
195 17.4
192 17.4
192 17.3
192 17.3
195 17.2
192 17.2
192 17.2
188 17.2
195 17.1
192 17.1
195 17.1
192 17.0
188 17.0
185 17.0
185 17.0
188 17.0
192 16.9
188 16.9
185 16.9
195 16.8
192 16.8
185 16.8
185 16.8
188 16.8
188 16.7
192 16.7
188 16.7
188 16.6
192 16.6
182 16.6
188 16.6
185 16.6
188 16.6
195 16.6
192 16.6
185 16.6
192 16.5
192 16.5
192 16.5
195 16.5
195 16.5
195 16.5
198 16.4
188 16.4
192 16.4
195 16.4
195 16.5
195 16.5
195 16.5
195 16.5
195 16.6
195 16.6
202 16.7
195 16.7
202 16.8
198 16.9
202 17.0
205 17.1
205 17.3
202 17.4
202 17.6
205 17.7
205 17.8
202 17.8
202 18.1
198 18.3
202 18.6
202 18.8
202 19.0
202 19.1
205 19.3
209 19.5
202 19.6
205 19.7
202 19.7
205 19.8
202 19.8
202 19.8
198 19.8
202 19.8
202 19.8
202 19.7
202 19.7
202 19.6
202 19.5
198 19.4
198 19.3
195 19.2
192 19.2
195 19.1
192 19.0
192 18.9
192 18.7
192 18.6
192 18.5
188 18.4
188 18.3
188 18.2
188 18.2
182 18.1
188 18.0
185 18.0
182 17.9
182 17.8
182 17.8
182 17.7
182 17.6
182 17.6
175 17.5
182 17.5
178 17.4
178 17.3
178 17.3
178 17.2
178 17.2
178 17.1
182 17.1
175 17.0
178 17.0
178 16.9
178 16.8
178 16.8
175 16.8
175 16.7
178 16.6
172 16.6
175 16.6
175 16.5
178 16.5
178 16.5
175 16.4
172 16.4
175 16.4
175 16.3
175 16.3
175 16.3
175 16.2
172 16.2
175 16.2
169 16.2
172 16.2
175 16.2
175 16.2
172 16.2
175 16.2
169 16.3
175 16.4
172 16.4
169 16.4
172 16.4
172 16.5
172 16.6
175 16.8
172 16.8
172 17.1
169 17.2
175 17.5
169 17.7
172 17.8
172 17.9
172 18.1
172 18.2
172 18.4
169 18.6
169 18.8
172 19.1
169 19.3
172 19.4
169 19.5
169 19.6
169 19.7
166 19.6
169 19.6
169 19.6
169 19.6
166 19.5
169 19.5
163 19.5
163 19.5
166 19.5
166 19.5
163 19.4
166 19.4
163 19.3
166 19.2
163 19.1
163 19.0
166 18.9
163 18.8
163 18.7
166 18.6
163 18.5
163 18.4
160 18.3
163 18.2
160 18.2
163 18.1
160 18.0
160 18.0
160 17.9
160 17.8
160 17.7
157 17.7
157 17.6
160 17.6
160 17.5
157 17.4
160 17.4
160 17.3
160 17.3
160 17.2
157 17.2
160 17.1
160 17.0
160 17.0
157 16.9
157 16.9
160 16.8
157 16.8
157 16.8
157 16.7
157 16.6
157 16.6
160 16.6
157 16.5
157 16.5
160 16.4
160 16.4
160 16.4
154 16.4
157 16.3
157 16.3
160 16.3
160 16.3
157 16.2
157 16.2
160 16.2
160 16.2
157 16.2
160 16.2
154 16.2
160 16.2
157 16.3
157 16.3
160 16.3
157 16.4
160 16.4
157 16.5
157 16.5
160 16.5
160 16.5
157 16.6
157 16.6
157 16.6
157 16.6
160 16.6
160 16.7
157 16.8
157 16.8
160 17.0
154 17.1
157 17.1
157 17.1
157 17.1
160 17.2
157 17.3
157 17.4
160 17.4
157 17.4
157 17.4
154 17.5
160 17.5
160 17.6
157 17.6
157 17.6
157 17.6
157 17.6
157 17.5
157 17.5
157 17.5
157 17.4
154 17.4
157 17.4
154 17.4
154 17.3
157 17.3
157 17.2
157 17.2
154 17.1
154 17.1
154 17.0
157 17.0
154 17.0
154 16.9
154 16.9
151 16.9
154 16.8
154 16.8
151 16.8
154 16.8
154 16.7
154 16.7
154 16.7
157 16.6
151 16.6
151 16.6
151 16.5
154 16.5
151 16.5
154 16.4
151 16.4
154 16.4
154 16.4
154 16.4
151 16.4
151 16.3
154 16.3
151 16.3
154 16.3
151 16.3
154 16.2
151 16.2
154 16.2
151 16.2
151 16.2
154 16.2
148 16.2
154 16.2
151 16.2
151 16.2
151 16.2
151 16.2
151 16.2
151 16.2
151 16.2
154 16.3
151 16.3
151 16.3
151 16.4
151 16.4
151 16.5
154 16.6
151 16.6
151 16.8
151 16.9
154 17.1
148 17.3
151 17.4
148 17.6
148 17.8
151 17.8
151 18.0
151 18.2
151 18.4
151 18.5
148 18.6
148 18.7
151 18.8
151 18.8
148 18.8
145 18.9
148 19.0
151 19.0
148 19.1
145 19.1
148 19.2
148 19.2
148 19.2
143 19.2
145 19.2
145 19.2
143 19.2
143 19.2
145 19.2
145 19.1
145 19.1
145 19.0
145 19.0
143 19.0
145 18.9
143 18.9
143 18.8
143 18.8
143 18.7
143 18.6
143 18.6
143 18.5
143 18.4
143 18.3
143 18.3
143 18.2
140 18.2
143 18.1
143 18.1
143 18.0
143 18.0
143 18.0
143 17.9
154 17.9
163 17.9
166 17.8
172 17.8
172 17.8
175 17.7
178 17.7
185 17.7
192 17.6
198 17.6
209 17.5
213 17.5
220 17.4
228 17.4
242 17.4
255 17.3
255 17.3
260 17.3
270 17.3
270 17.2
270 17.2
275 17.2
275 17.2
285 17.2
279 17.1
285 17.1
300 17.0
311 17.0
305 17.0
316 16.9
311 16.9
305 16.9
300 16.9
295 16.9
279 17.0
275 17.0
275 17.0
270 17.1
255 17.1
255 17.2
251 17.3
251 17.4
237 17.5
242 17.6
237 17.8
233 17.9
233 18.1
220 18.3
224 18.5
220 18.7
216 18.8
216 19.0
216 19.2
213 19.3
209 19.5
209 19.7
205 19.8
205 19.9
202 20.1
198 20.2
202 20.2
202 20.3
198 20.3
198 20.3
195 20.4
192 20.3
195 20.2
195 20.2
192 20.1
188 20.0
188 19.9
185 19.8
188 19.7
185 19.6
185 19.5
182 19.4
182 19.3
182 19.2
185 19.0
178 18.9
185 18.8
182 18.7
178 18.5
178 18.4
175 18.3
178 18.2
175 18.1
175 18.0
172 18.0
169 17.9
175 17.8
172 17.7
172 17.6
169 17.5
172 17.4
169 17.3
169 17.3
172 17.2
169 17.1
169 17.0
163 16.9
166 16.8
166 16.8
166 16.7
166 16.6
166 16.5
169 16.4
160 16.4
166 16.3
166 16.2
160 16.2
163 16.1
166 16.0
163 15.9
163 15.9
163 15.8
163 15.8
163 15.7
160 15.6
160 15.6
160 15.5
157 15.5
160 15.4
160 15.4
157 15.3
160 15.3
157 15.3
157 15.3
157 15.4
157 15.4
160 15.5
157 15.5
154 15.5
157 15.5
157 15.5
154 15.5
157 15.6
154 15.7
154 15.8
157 16.0
154 16.2
157 16.4
157 16.6
154 16.8
154 17.0
151 17.2
154 17.4
151 17.7
154 17.9
154 18.1
154 18.3
154 18.5
151 18.7
151 18.9
151 19.0
145 19.1
151 19.2
151 19.2
148 19.2
151 19.2
151 19.2
148 19.1
148 19.1
148 19.0
145 19.0
148 18.9
148 18.8
145 18.7
148 18.6
145 18.6
145 18.5
145 18.4
145 18.4
145 18.3
143 18.2
145 18.1
145 18.0
145 17.8
145 17.7
145 17.6
143 17.5
143 17.4
143 17.3
143 17.2
143 17.1
140 17.0
143 16.9
143 16.9
140 16.8
143 16.7
143 16.6
145 16.6
143 16.5
145 16.4
145 16.4
143 16.3
143 16.2
143 16.1
143 16.0
140 16.0
140 15.9
143 15.8
143 15.8
140 15.7
140 15.6
140 15.6
143 15.5
143 15.4
143 15.4
140 15.3
140 15.2
140 15.2
140 15.1
140 15.0
140 15.0
140 14.9
143 14.9
140 14.8
140 14.8
143 14.7
140 14.7
140 14.6
140 14.6
140 14.6
140 14.6
140 14.6
143 14.7
140 14.7
140 14.7
140 14.8
143 14.8
140 14.9
140 15.0
140 15.1
140 15.2
143 15.4
140 15.6
143 15.7
140 16.0
143 16.1
140 16.4
140 16.6
143 16.8
143 17.0
140 17.2
140 17.4
137 17.6
137 17.8
140 18.0
140 18.2
140 18.3
140 18.4
137 18.5
137 18.5
137 18.5
137 18.5
140 18.5
137 18.5
137 18.5
137 18.4
137 18.4
135 18.3
137 18.2
135 18.1
135 18.0
135 18.0
135 17.9
135 17.8
135 17.7
135 17.6
135 17.5
132 17.4
132 17.3
135 17.2
132 17.0
135 16.9
132 16.8
132 16.6
132 16.5
132 16.4
132 16.3
132 16.2
132 16.1
129 16.0
132 15.9
132 15.8
129 15.7
129 15.6
132 15.5
132 15.4
132 15.3
132 15.3
129 15.2
129 15.1
129 15.0
129 14.9
132 14.8
129 14.8
129 14.7
129 14.6
129 14.5
132 14.5
129 14.4
129 14.3
132 14.2
129 14.2
129 14.1
129 14.1
132 14.0
132 14.0
132 13.9
129 13.8
129 13.8
132 13.8
129 13.7
129 13.7
129 13.7
129 13.7
129 13.7
129 13.7
135 13.7
132 13.7
129 13.8
129 13.8
129 13.9
129 13.9
129 13.9
129 13.9
132 13.9
132 14.0
129 14.0
132 14.1
129 14.2
132 14.2
132 14.3
132 14.4
129 14.4
129 14.5
129 14.6
129 14.7
129 14.9
132 14.9
132 15.0
129 15.0
132 15.1
132 15.1
129 15.2
129 15.2
129 15.2
132 15.2
129 15.3
129 15.3
129 15.3
132 15.3
129 15.3
129 15.3
129 15.3
129 15.3
129 15.3
127 15.3
129 15.3
129 15.3
129 15.3
129 15.2
129 15.2
129 15.2
129 15.2
129 15.1
127 15.1
127 15.1
127 15.1
129 15.0
127 15.0
129 15.0
127 15.0
129 14.9
129 14.9
127 14.9
127 14.8
127 14.8
127 14.8
127 14.8
127 14.8
124 14.7
129 14.7
127 14.7
129 14.7
127 14.6
127 14.6
127 14.6
129 14.6
129 14.6
129 14.6
129 14.6
129 14.5
127 14.5
127 14.5
129 14.5
132 14.5
132 14.5
129 14.5
132 14.5
132 14.4
132 14.4
129 14.4
135 14.4
132 14.4
135 14.4
132 14.4
135 14.4
137 14.4
135 14.4
135 14.4
135 14.4
132 14.4
135 14.4
135 14.4
135 14.5
135 14.5
135 14.5
135 14.5
135 14.6
132 14.6
132 14.6
132 14.7
135 14.7
132 14.8
135 14.8
132 14.8
135 14.8
132 14.8
129 14.8
132 14.8
132 14.9
129 14.9
132 14.9
132 15.0
132 15.0
132 15.0
129 15.0
132 15.1
129 15.1
129 15.1
127 15.2
129 15.2
129 15.3
129 15.4
132 15.5
129 15.5
129 15.5
132 15.5
129 15.5
129 15.5
132 15.5
132 15.5
132 15.5
129 15.5
129 15.4
129 15.4
129 15.4
129 15.4
129 15.4
129 15.4
129 15.4
132 15.3
129 15.3
129 15.3
129 15.3
129 15.3
127 15.3
132 15.3
129 15.2
129 15.2
129 15.2
129 15.2
129 15.2
129 15.2
127 15.2
129 15.2
129 15.2
129 15.2
132 15.1
129 15.1
129 15.1
129 15.1
129 15.1
127 15.1
129 15.1
132 15.1
127 15.1
129 15.0
129 15.0
129 15.0
129 15.0
129 15.0
129 15.0
127 15.0
129 15.0
129 15.0
129 15.0
129 15.0
129 15.0
129 15.0
127 15.0
129 15.0
127 15.0
129 15.0
129 15.0
129 15.0
129 15.0
129 15.0
129 15.0
127 15.0
127 15.0
129 15.0
129 15.1
129 15.2
129 15.2
129 15.3
129 15.4
129 15.5
129 15.6
127 15.6
129 15.7
129 15.9
124 16.0
127 16.2
127 16.4
129 16.5
127 16.5
127 16.5
127 16.5
127 16.5
127 16.5
129 16.6
129 16.6
127 16.6
129 16.6
127 16.6
127 16.7
129 16.7
129 16.8
129 16.8
129 16.8
129 16.8
129 16.8
127 16.9
129 16.9
127 16.9
127 16.9
127 16.9
127 16.9
127 16.9
127 16.9
127 16.9
124 17.0
127 16.9
127 17.0
127 16.9
127 16.9
127 16.9
127 16.9
127 16.8
127 16.8
127 16.7
129 16.7
129 16.6
132 16.5
135 16.5
135 16.4
137 16.4
137 16.4
140 16.3
140 16.3
140 16.2
143 16.2
140 16.1
143 16.1
143 16.0
145 16.0
143 16.0
143 15.9
143 15.9
145 15.8
143 15.8
145 15.7
148 15.7
148 15.6
148 15.6
148 15.6
151 15.5
154 15.5
154 15.4
157 15.4
160 15.4
160 15.3
166 15.3
166 15.3
169 15.2
169 15.2
175 15.2
175 15.1
175 15.1
175 15.1
182 15.1
178 15.1
185 15.0
182 15.0
185 15.0
185 15.0
182 15.0
185 15.0
185 15.0
185 15.0
182 15.0
185 15.0
185 15.0
185 15.0
182 15.0
185 15.0
182 15.0
185 15.0
182 15.0
185 15.0
182 15.0
185 15.1
178 15.1
178 15.1
178 15.1
178 15.1
178 15.1
175 15.1
175 15.1
172 15.1
169 15.1
172 15.1
172 15.1
172 15.1
169 15.1
169 15.1
169 15.1
166 15.1
166 15.1
169 15.1
166 15.1
166 15.0
166 15.0
172 15.0
169 15.0
169 15.0
172 14.9
172 14.9
172 14.9
172 14.9
172 14.8
172 14.8
169 14.8
172 14.8
172 14.7
172 14.7
172 14.7
175 14.7
175 14.6
175 14.6
175 14.6
178 14.6
178 14.6
182 14.5
182 14.5
178 14.5
182 14.5
182 14.4
182 14.4
178 14.4
178 14.4
178 14.4
178 14.4
182 14.3
175 14.3
178 14.3
175 14.3
175 14.3
172 14.3
175 14.2
175 14.2
175 14.2
175 14.2
175 14.2
175 14.2
175 14.2
175 14.2
172 14.2
175 14.2
172 14.2
169 14.1
169 14.1
172 14.1
169 14.1
169 14.1
169 14.1
169 14.1
169 14.1
169 14.1
166 14.1
166 14.2
166 14.2
169 14.3
166 14.3
166 14.3
166 14.4
163 14.5
163 14.5
160 14.7
160 14.9
160 15.0
163 15.2
160 15.4
160 15.6
157 15.8
160 16.0
157 16.2
157 16.4
160 16.5
160 16.6
160 16.7
154 16.9
157 17.2
157 17.3
157 17.5
157 17.7
154 17.8
157 17.8
154 17.9
154 18.0
154 18.0
151 18.0
151 18.0
151 18.1
151 18.1
154 18.2
151 18.1
148 18.1
148 18.0
154 18.0
151 18.0
148 17.9
148 17.9
151 17.8
148 17.8
148 17.7
145 17.6
151 17.6
148 17.5
145 17.4
148 17.3
148 17.3
145 17.2
148 17.1
148 17.1
145 17.1
145 17.0
145 17.0
145 17.0
143 16.9
145 16.9
143 16.9
143 16.8
143 16.8
143 16.8
145 16.8
145 16.7
143 16.7
140 16.6
143 16.6
143 16.6
143 16.5
143 16.5
143 16.4
140 16.4
143 16.4
140 16.4
143 16.3
143 16.3
143 16.2
143 16.2
140 16.2
140 16.2
140 16.1
140 16.1
140 16.1
140 16.0
137 16.0
140 16.0
140 16.0
140 16.0
140 16.0
140 15.9
140 15.9
137 15.9
137 15.9
140 15.9
137 15.9
140 16.0
140 16.0
137 16.0
140 16.1
140 16.1
140 16.2
140 16.2
140 16.2
140 16.2
137 16.3
137 16.3
140 16.3
137 16.4
137 16.4
137 16.4
140 16.4
137 16.5
140 16.5
137 16.5
137 16.6
140 16.7
137 16.8
137 16.8
137 16.8
137 16.9
137 16.9
137 17.0
137 17.0
137 17.1
137 17.1
137 17.1
137 17.2
137 17.2
137 17.1
137 17.1
137 17.1
137 17.1
135 17.1
135 17.1
137 17.1
137 17.0
137 17.0
137 17.0
137 17.0
137 16.9
135 16.9
137 16.8
135 16.8
135 16.8
137 16.7
135 16.7
135 16.7
137 16.6
135 16.6
135 16.6
135 16.6
137 16.5
137 16.5
137 16.4
135 16.4
137 16.4
137 16.4
137 16.3
137 16.3
137 16.2
137 16.2
140 16.1
137 16.1
137 16.1
137 16.0
137 16.0
137 16.0
137 16.0
140 15.9
137 15.9
137 15.9
137 15.8
137 15.8
137 15.8
137 15.7
137 15.7
137 15.6
137 15.6
137 15.6
135 15.5
137 15.5
137 15.4
137 15.4
135 15.4
135 15.4
137 15.3
137 15.3
135 15.3
135 15.3
135 15.3
135 15.3
135 15.3
135 15.3
135 15.4
132 15.4
135 15.5
135 15.5
137 15.5
132 15.5
137 15.5
135 15.5
135 15.6
135 15.6
135 15.6
137 15.6
140 15.6
140 15.6
143 15.7
145 15.7
143 15.8
145 15.9
145 16.1
151 16.3
154 16.3
163 16.4
163 16.4
166 16.6
169 16.8
169 16.8
175 16.8
172 16.9
172 16.9
175 16.9
175 17.0
182 17.0
178 17.0
182 17.0
182 16.9
185 16.8
188 16.8
185 16.7
192 16.7
195 16.6
198 16.6
202 16.5
202 16.5
209 16.4
205 16.3
205 16.2
205 16.2
205 16.1
202 16.0
198 16.0
195 15.9
192 15.9
192 15.8
188 15.8
188 15.7
185 15.6
185 15.6
182 15.5
178 15.4
178 15.4
178 15.3
175 15.3
172 15.2
172 15.2
172 15.1
169 15.0
169 15.0
169 14.9
169 14.8
169 14.8
166 14.7
166 14.7
163 14.6
163 14.6
160 14.5
160 14.4
160 14.4
160 14.3
160 14.3
160 14.2
154 14.2
157 14.2
160 14.1
160 14.1
157 14.1
157 14.0
157 14.0
157 14.0
154 14.0
154 14.0
157 14.0
154 14.0
154 14.0
151 14.1
151 14.1
154 14.1
151 14.2
151 14.3
151 14.3
151 14.4
151 14.5
151 14.6
148 14.7
148 14.8
148 15.0
145 15.1
148 15.2
148 15.4
145 15.6
145 15.8
145 15.9
148 16.2
145 16.3
145 16.6
145 16.7
145 16.9
145 17.0
145 17.2
143 17.3
143 17.4
143 17.5
143 17.6
143 17.6
140 17.6
140 17.6
143 17.6
140 17.6
140 17.6
140 17.5
137 17.5
140 17.5
137 17.4
137 17.4
140 17.3
140 17.3
137 17.2
137 17.2
135 17.1
137 17.1
135 17.0
137 16.9
137 16.8
137 16.8
135 16.7
135 16.6
135 16.5
135 16.5
135 16.4
132 16.3
132 16.3
135 16.2
135 16.1