-78 -0.002
-78 -0.001
-85 -0.008
-87 0.012
-84 -0.000
-82 0.000
-78 0.003
-65 -0.001
-15 -0.002
-15 0.012
-16 0.006
-10 0.018
17 0.013
51 0.008
129 0.053
249 0.086
160 0.133
316 0.183
525 0.185
479 0.241
609 0.292
645 0.310
652 0.271
650 0.401
647 0.303
641 0.405
602 0.333
567 0.235
622 0.327
182 0.157
82 0.112
299 0.129
256 0.178
170 0.136
123 0.138
3 0.067
-27 0.062
-45 0.042
-46 0.042
-17 0.042
-5 0.064
-4 0.035
-4 0.037
-5 0.022
-5 0.076
-6 0.022
-7 -0.000
-6 -0.014
-6 0.027
-7 0.020
-6 -0.007
-6 -0.005
-5 0.005
-4 -0.004
-5 -0.001
-5 0.005
-4 0.001
-1 0.003
3 0.012
22 0.005
37 0.005
70 0.028
220 0.062
363 0.084
236 0.123
224 0.112
249 0.092
417 0.173
545 0.322
381 0.318
288 0.174
527 0.243
581 0.311
545 0.323
546 0.324
473 0.318
300 0.321
202 0.166
296 0.106
247 0.259
150 0.126
33 0.087
-10 0.066
-27 0.011
-55 -0.002
-57 0.003
-35 0.003
-35 0.001
-40 0.002
-52 0.000
-41 -0.002
-56 0.004
-48 0.001
-9 -0.003
-11 -0.002
-16 0.005
-15 -0.000
-26 -0.003
-25 -0.005
-17 0.002
-19 0.001
-13 0.001
-10 0.006
-13 0.009
8 0.003
70 -0.002
61 -0.001
63 -0.014
136 0.023
246 -0.016
296 0.060
256 0.118
429 0.247
418 0.178
307 0.147
328 0.148
109 0.091
389 0.203
228 0.180
75 0.258
315 0.114
520 0.377
569 0.425
500 0.291
174 0.114
221 0.161
181 0.197
119 0.096
30 0.048
10 0.033
-23 -0.003
-45 -0.000
-26 -0.001
-31 -0.006
-42 -0.001
-40 -0.001
-47 0.002
-17 0.003
-17 0.002
-10 0.003
-6 0.001
-6 -0.000
-11 -0.003
68 0.030
94 0.033
71 0.006
92 0.065
23 0.006
78 0.040
146 0.029
81 -0.005
99 0.025
148 0.098
64 0.028
102 0.009
99 -0.003
55 0.051
55 -0.002
-3 0.000
221 0.044
110 0.066
182 0.024
255 0.070
152 0.065
228 0.062
238 0.075
143 0.056
173 -0.012
338 0.201
169 0.075
128 0.023
-9 0.000
-7 0.004
-6 -0.003
-5 0.000
43 -0.014
52 0.035
93 0.008
100 0.031
105 0.015
86 0.050
58 0.027
82 0.030
195 0.016
270 0.050
305 0.041
219 0.114
423 0.280
196 0.073
173 0.173
122 0.096
34 0.008
27 0.025
16 0.016
-2 0.029
-9 0.282
312 0.031
265 0.090
162 0.087
206 0.106
330 0.135
275 0.198
482 0.164
314 0.220
212 0.144
303 0.248
248 0.155
229 0.158
230 0.113
237 0.148
193 0.098
272 0.173
294 0.190
159 0.081
159 0.102
120 0.052
126 0.184
43 0.038
24 0.014
0 0.053
-15 0.006
-27 -0.006
-37 0.004
-46 0.001
-18 -0.000
-11 -0.001
-9 0.001
-51 0.001
-64 -0.003
-16 -0.000
-22 0.003
-61 -0.002
-57 0.010
-43 -0.005
-26 0.004
-18 0.004
-19 0.001
-17 0.000
-25 0.009
-24 0.002
-5 0.000
43 -0.002
167 0.001
237 -0.027
271 0.003
190 0.066
258 0.157
313 0.096
301 0.151
344 0.182
375 0.175
293 0.100
361 0.220
443 0.238
584 0.296
406 0.442
320 0.174
421 0.215
304 0.221
326 0.199
203 0.098
163 0.083
106 0.113
31 0.068
35 0.057
-3 0.050
-15 0.043
-16 0.028
-12 0.021
85 0.002
19 0.000
-10 -0.000
-17 -0.007
-12 -0.001
-11 0.010
-11 0.066
-9 -0.014
3 0.029
25 0.014
24 0.016
15 0.030
42 -0.005
62 0.054
121 0.064
407 0.151
483 0.194
425 0.294
553 0.350
675 0.316
765 0.407
687 0.354
687 0.220
661 0.489
619 0.612
570 0.352
508 0.355
444 0.385
362 0.471
288 0.307
204 0.170
131 0.131
68 0.135
-40 -0.053
-67 0.180
-79 -0.129
-81 -0.004
-80 0.003
-80 -0.007
-79 0.001
-76 0.001
-76 0.001
-77 0.002
-75 0.007
-66 0.000
-58 0.004
-48 0.003
-40 0.001
-35 0.001
-31 -0.000
-28 -0.000
-28 -0.002
-28 0.001
-18 0.004
6 0.007
127 0.001
156 -0.027
180 0.035
237 0.142
330 0.172
403 0.211
473 0.278
541 0.351
595 0.331
643 0.364
676 0.340
693 0.437
700 0.326
695 0.339
679 0.357
647 0.435
607 0.428
557 0.460
498 0.256
430 0.294
357 0.328
281 0.202
203 0.187
135 0.088
82 0.074
-49 0.022
-84 0.012
-90 -0.001
-90 -0.001
-88 -0.001
-88 -0.000
-87 0.001
-85 0.003
-84 0.000
-83 0.002
-81 0.001
-78 0.001
-77 0.001
-77 0.002
-78 0.002
-77 0.002
-75 0.001
-71 0.001
-64 -0.000
-60 0.001
-47 0.000
-25 0.005
85 -0.003
130 0.003
192 0.004
264 0.027
339 0.104
414 0.233
483 0.249
542 0.229
592 0.269
634 0.249
665 0.327
687 0.348
698 0.445
700 0.409
659 0.436
609 0.339
445 0.283
557 0.399
494 0.354
400 0.327
349 0.224
293 0.220
175 0.149
144 0.143
78 0.106
-18 0.013
-52 0.008
-60 0.019
-58 -0.004
-56 -0.001
-52 0.001
-51 -0.001
-50 0.002
-49 0.001
-45 -0.001
-44 0.000
-47 0.003
-49 0.002
-53 0.001
-55 0.004
-51 0.002
-46 0.001
-38 0.005
-33 0.001
-36 0.005
-32 0.001
6 0.000
56 0.002
73 -0.006
92 0.009
145 0.020
256 0.070
374 0.189
404 0.295
439 0.178
492 0.220
428 0.133
293 0.201
340 0.141
335 0.173
191 0.186
233 0.070
195 0.091
219 0.101
197 0.102
171 0.095
120 0.135
88 0.115
35 -0.012
-6 0.007
14 -0.022
9 0.031
-8 -0.012
-13 0.047
-9 0.005
-9 0.006
-12 0.031
-10 0.013
-10 0.024
-10 -0.008
-10 -0.017
-9 -0.002
-7 -0.009
-6 0.012
-6 0.058
-6 0.033
-6 -0.003
-6 0.025
-5 -0.004
6 -0.004
16 -0.002
7 0.016
44 0.009
103 0.002
207 0.053
219 0.144
143 0.107
72 0.070
57 0.029
62 -0.001
85 -0.035
116 0.015
62 -0.069
233 0.077
194 0.057
52 -0.023
91 0.079
34 -0.003
39 0.050
-4 0.000
142 -0.013
157 0.049
351 0.068
470 0.282
415 0.145
371 0.241
586 0.308
642 0.339
547 0.280
512 0.303
440 0.214
556 0.375
363 0.171
457 0.238
422 0.199
332 0.353
330 0.217
229 0.149
166 0.074
63 0.062
-11 0.021
9 0.026
-39 0.006
-21 0.009
-47 0.003
-55 0.006
-47 0.005
-55 0.007
-59 -0.005
-54 0.006
-22 0.002
-4 0.008
-3 -0.003
-7 0.002
-4 0.002
-2 0.006
-25 -0.001
-56 -0.004
-24 0.002
-17 0.001
-37 0.001
-40 0.003
-5 -0.001
7 -0.008
102 -0.003
222 -0.007
188 0.023
246 0.046
342 0.103
392 0.156
349 0.110
132 0.052
106 0.117
158 0.079
154 -0.004
382 0.173
294 0.137
508 0.248
692 0.455
509 0.250
588 0.323
494 0.269
400 0.229
303 0.213
195 0.101
179 0.141
48 0.063
29 0.046
-6 0.010
-10 0.010
-16 -0.004
-6 0.015
-6 0.004
-3 -0.001
-3 -0.007
-4 0.006
-5 0.003
-7 0.001
-17 0.001
-12 -0.001
-6 -0.002
-13 0.011
-16 -0.000
-4 -0.001
-6 -0.000
-15 -0.001
-23 0.003
-11 0.002
-34 0.003
9 -0.011
24 0.009
49 0.013
56 0.037
100 0.056
100 0.056
92 0.052
178 0.091
382 0.249
568 0.319
614 0.470
540 0.354
497 0.369
690 0.590
740 0.464
491 0.348
364 0.341
443 0.374
410 0.242
539 0.455
283 0.298
128 0.170
208 0.309
125 0.187
38 0.059
-12 0.143
-4 -0.343
-23 0.000
-53 0.042
-47 0.027
-56 -0.000
-65 -0.006
-59 -0.012
-39 0.002
-22 0.002
-46 0.009
-32 0.047
-21 0.048
-26 0.051
-40 0.042
-20 0.057
-21 0.007
-17 0.042
-15 0.027
-13 0.012
-8 0.035
-5 0.022
1 0.020
12 0.014
28 0.019
26 0.021
37 0.023
97 0.030
97 0.032
120 0.050
80 0.077
116 0.081
131 0.089
65 0.059
57 0.034
87 0.024
47 0.020
32 0.003
27 0.026
-13 -0.042
-16 0.029
-16 0.551
-15 0.011
-18 0.026
-17 0.004
-17 -0.008
-24 0.005
-15 0.008
-14 0.002
-16 -0.021
-15 0.012
-31 0.017
-28 0.022
-23 -0.015
-10 0.056
-5 0.092
65 0.071
154 0.067
269 0.132
210 0.093
524 0.196
576 0.254
613 0.270
681 0.274
696 0.267
708 0.290
719 0.318
710 0.372
704 0.370
758 0.326
633 0.275
578 0.406
521 0.221
454 0.351
387 0.172
311 0.167
238 0.183
179 0.124
81 0.100
-59 0.051
-61 0.037
-30 0.052
-21 0.023
-22 0.055
-20 0.025
-20 0.032
-20 0.042
-20 0.047
-20 0.019
-21 0.047
-22 0.034
-28 0.037
-26 0.043
-32 0.032
-20 0.046
-19 0.038
-19 0.028
-18 0.034
-18 0.027
-16 0.026
-18 0.029
13 0.030
37 0.026
64 0.038
122 0.045
181 0.084
301 0.117
372 0.130
457 0.153
530 0.221
437 0.206
676 0.264
721 0.309
717 0.339
711 0.256
702 0.466
689 0.338
606 0.401
512 0.224
532 0.274
462 0.251
411 0.236
190 0.169
113 0.122
75 0.149
49 0.086
6 0.083
-65 0.055
-41 0.015
-52 0.008
-81 0.002
-82 -0.012
-80 -0.001
-79 0.000
-78 0.000
-70 0.003
-44 0.006
-26 0.012
-17 0.014
-15 0.004
-15 0.014
-16 0.042
-16 0.023
-15 0.024
-14 0.029
-16 0.014
-10 0.005
-6 0.021
-1 0.012
7 0.046
7 0.032
23 0.007
22 0.023
32 0.053
34 0.014
47 0.024
58 0.031
68 0.019
65 0.028
38 0.040
37 0.035
55 0.004
66 0.024
78 -0.033
90 0.000
28 0.026
22 0.009
26 0.000
-1 0.046
-11 -0.013
-12 -0.010
-11 -0.006
-11 -0.015
-11 0.028
-11 0.013
-12 -0.000
119 0.037
148 0.078
144 0.066
92 0.047
168 0.034
191 0.077
197 0.052
202 0.088
232 0.101
196 0.098
133 0.037
157 0.057
166 0.018
145 0.000
91 0.021
93 0.001
27 -0.075
-9 0.000
-5 0.011
150 0.055
154 0.047
149 0.025
122 0.064
124 0.192
140 0.024
135 0.161
124 0.266
16 0.058
-25 0.031
-45 0.070
-16 0.016
-17 0.093
-21 0.059
-17 0.004
-21 0.120
-40 0.076
-25 0.028
-22 0.017
-17 0.027
-17 0.058
-17 0.039
-22 0.032
-17 0.031
-14 0.022
-12 0.014
-11 0.016
-12 0.011
-11 0.023
-8 0.011
1 0.016
28 0.046
38 0.021
94 -0.010
96 0.093
150 -0.017
175 0.038
194 0.063
207 0.074
328 0.134
384 0.224
493 0.258
508 0.226
339 -0.185
283 -0.076
286 0.009
406 0.181
281 -0.006
278 -0.035
201 0.030
227 -0.112
188 -0.033
109 -0.064
58 0.058
6 0.228
6 0.059
-7 0.010
-18 -0.032
-25 0.013
-18 0.055
-15 -0.003
-14 -0.006
-15 -0.104
-16 0.040
-13 -0.007
-14 0.038
-17 -0.162
-22 -0.066
-20 0.357
-16 0.007
-15 0.040
-15 0.005
-14 0.007
-18 0.019
-10 0.035
-5 0.046
2 0.024
29 0.048
62 0.048
90 0.116
68 0.114
95 0.045
141 0.048
169 0.068
203 0.071
236 0.120
324 0.145
126 0.088
187 0.109
294 0.175
158 0.115
181 0.077
325 0.141
544 0.421
209 0.220
413 0.379
458 0.282
386 0.220
188 -0.022
219 0.177
75 0.069
8 0.020
2 0.010
-29 0.027
-47 0.003
-52 0.005
-51 0.004
-49 0.046
-39 0.001
-35 0.001
-35 0.001
-45 0.001
-58 0.006
-38 -0.004
-30 0.012
-32 -0.002
-39 0.002
-37 0.004
-27 0.003
-29 0.002
-25 0.003
-11 0.001
21 0.002
67 -0.008
163 -0.007
250 0.029
279 0.117
358 0.172
435 0.289
398 0.149
368 0.169
665 0.343
646 0.336
637 0.446
398 0.210
513 0.233
388 0.233
344 0.220
562 0.456
639 0.413
579 0.441
442 0.477
392 0.341
461 0.367
260 0.203
195 0.258
6 0.038
21 0.050
-43 0.085
-59 0.021
-35 0.020
-36 0.007
-54 -0.003
-76 0.009
-81 0.003
-75 -0.008
-80 0.015
-71 -0.028
-62 0.002
-52 0.006
-50 0.001
-49 0.007
-46 0.002
-46 0.001
-44 0.003
-43 0.000
-36 0.001
-32 0.004
-19 0.001
3 0.004
117 -0.006
185 -0.016
252 0.001
304 -0.006
355 0.045
385 0.276
422 0.136
450 0.269
553 0.345
633 0.368
576 0.301
591 0.426
581 0.361
542 0.464
235 0.169
302 0.204
274 0.164
260 0.234
272 0.191
190 0.139
134 0.107
80 0.153
41 0.110
15 0.127
-15 0.207
-32 0.007
-41 -0.002
-44 0.002
-43 -0.002
-43 -0.002
-46 -0.008
-49 -0.002
-52 -0.004
-54 -0.001
-50 0.001
-51 -0.001
-57 0.003
-59 0.006
-60 0.004
-59 0.003
-55 0.005
-51 0.006
-43 0.002
-40 -0.001
-33 -0.000
-14 0.001
23 -0.002
50 0.001
69 0.007
199 0.006
187 0.083
154 0.107
217 0.127
363 0.176
434 0.158
508 0.301
456 0.186
530 0.232
559 0.278
448 0.378
492 0.294
533 0.348
374 0.157
360 0.209
366 0.135
191 0.133
128 0.121
77 0.075
56 0.076
26 0.038
18 0.043
15 0.053
3 0.067
-9 0.019
-10 0.019
-9 0.017
-9 0.012
-9 0.012
-9 0.006
-9 0.013
-8 0.010
-8 0.011
-8 0.008
-7 0.005
-7 0.009
-6 0.004
-6 0.003
-6 0.005
-6 0.009
-6 0.002
-6 0.002
-2 0.004
7 0.001
40 0.024
67 0.011
77 0.037
122 0.044
259 0.037
302 0.067
259 0.065
250 0.092
228 0.072
255 0.112
243 0.161
303 0.163
487 0.216
197 0.113
186 0.071
133 0.054
269 0.038
185 0.107
153 0.078
139 0.026
303 0.104
294 0.124
137 0.117
27 0.184
92 0.077
12 0.007
-38 -0.000
-56 0.014
-51 0.004
-42 0.007
-54 0.001
-49 0.002
-45 -0.000
-35 0.000
-35 0.003
-23 0.002
-11 0.002
-21 0.000
-11 -0.001
-12 0.000
-3 0.002
-15 0.003
-13 0.000
-14 0.001
-6 0.003
7 0.003
18 0.014
73 0.014
98 -0.002
182 0.000
237 0.060
324 0.135
421 0.294
445 0.200
557 0.303
640 0.302
626 0.373
650 0.343
575 0.370
530 0.289
536 0.325
615 0.400
607 0.425
290 0.221
384 0.215
243 0.348
91 0.130
114 0.073
88 0.137
44 -0.031
23 0.066
10 0.012
3 -0.010
-18 0.002
-23 0.009
-20 -0.004
-18 0.004
-18 0.001
-17 0.003
-16 0.000
-19 -0.001
-21 0.000
-15 -0.001
-11 -0.000
-12 0.001
-14 -0.002
249 0.131
159 0.051
127 0.102
221 0.053
198 0.516
276 0.142
181 0.071
131 0.112
85 0.048
32 0.095
22 0.041
10 0.136
-5 0.041
-17 -0.004
-17 0.031
-15 -0.000
-15 0.011
-14 -0.006
-14 0.034
-14 0.033
-14 0.018
-13 0.002
-14 0.023
-14 0.068
-14 0.015
-16 0.033
-16 0.015
-18 0.043
-23 0.070
-24 0.053
-19 0.036
-18 0.027
-10 0.069
6 0.001
24 0.066
68 0.059
83 0.065
120 0.097
182 0.171
155 0.135
175 0.090
335 0.174
217 0.075
321 0.173
151 0.131
355 0.206
185 0.133
358 0.159
374 0.176
407 0.235
147 0.127
163 0.081
257 0.175
281 0.105
211 0.134
85 0.142
24 0.031
48 0.073
15 0.071
-41 0.007
-32 -0.006
-38 0.007
-31 0.007
-41 -0.008
-33 0.003
-23 0.007
-16 0.005
-15 0.008
-11 0.007
-23 0.006
-28 0.001
-21 0.001
-16 0.003
123 0.032
278 0.064
348 0.223
360 0.184
406 0.020
480 0.182
562 0.186
619 0.420
647 0.483
647 0.202
643 0.301
761 0.337
711 0.288
608 0.368
594 0.252
554 0.482
485 0.445
434 0.267
354 0.131
291 0.246
203 0.108
104 0.166
73 0.054
-25 0.043
-36 0.012
-77 0.008
-83 0.010
-85 0.005
-75 -0.000
-77 -0.007
-81 0.001
-82 0.001
-81 0.001
-79 -0.001
-79 0.009
-76 -0.001
-81 0.005
-75 0.002
-54 0.000
-44 -0.000
-39 0.001
-36 0.004
-30 0.001
-17 0.003
44 -0.001
155 -0.002
148 0.008
190 -0.004
273 -0.007
344 0.013
417 0.024
482 0.398
543 0.290
592 0.267
645 0.335
573 0.373
706 0.367
689 0.568
662 0.510
655 0.351
624 0.438
580 0.362
529 0.471
456 0.413
391 0.237
304 0.219
232 0.259
167 0.264
98 0.117
47 0.037
-2 0.018
-46 0.017
-64 0.003
-69 0.008
-67 -0.003
-67 0.012
-66 0.001
-67 0.002
-66 -0.001
-57 -0.002
-51 0.001
-49 0.008
-45 0.005
-39 0.001
-34 0.002
-32 0.002
-30 0.003
-28 0.001
-26 -0.001
-24 0.002
-13 0.000
19 0.002
68 -0.004
119 0.028
188 -0.020
237 0.003
308 0.011
388 0.145
485 0.224
556 0.267
612 0.350
653 0.287
683 0.510
705 0.592
717 0.411
720 0.645
697 0.379
677 0.510
647 0.419
598 0.461
544 0.453
481 0.384
406 0.410
329 0.355
179 0.172
122 0.081
54 0.071
-36 0.043
-52 -0.002
-59 0.002
-60 -0.002
-57 0.007
-59 0.003
-58 0.004
-56 0.001
-50 0.002
-50 -0.002
-41 -0.002
-34 0.000
-31 0.002
-29 -0.001
-26 0.002
-25 -0.003
-24 -0.003
-23 -0.000
-22 0.004
-19 0.006
-6 0.003
35 0.004
108 -0.002
165 -0.000
221 -0.006
277 0.011
340 0.008
413 -0.049
481 0.184
547 0.314
483 0.310
545 0.337
471 0.389
490 0.425
651 0.515
396 0.425
273 0.257
481 0.346
449 0.249
471 0.255
404 0.270
267 0.236
185 0.284
60 -0.011
122 0.034
42 0.026
17 0.070
-10 0.001
-38 -0.001
-38 -0.001
-37 -0.000
-27 -0.014
-13 0.000
-18 0.000
-24 -0.003
-19 -0.001
-11 0.019
-25 0.062
-34 0.124
-30 0.036
-16 0.012
-21 0.001
-30 0.000
-33 -0.000
-29 -0.003
-26 -0.001
-26 -0.001
-20 0.001
-7 0.004
16 0.029
51 0.033
95 0.058
135 0.050
147 0.120
507 0.262
550 0.256
447 0.363
612 0.460
601 0.300
681 0.346
651 0.417
478 0.292
412 0.260
412 0.266
249 0.196
16 0.038
13 0.045
60 0.051
63 0.001
220 0.129
136 0.044
91 0.249
63 0.018
22 0.004
-10 0.009
-37 0.007
-40 -0.006
-25 0.003
-24 0.057
-24 0.005
-39 0.000
-55 -0.004
-45 0.003
-38 0.005
-38 0.002
-44 0.001
-18 0.006
-10 0.005
-9 0.009
-8 0.002
-4 0.009
-7 0.004
-7 0.003
-3 0.008
9 0.004
16 0.016
21 0.010
29 0.025
35 0.034
36 0.008
34 0.009
44 0.029
108 0.036
177 0.069
80 0.062
270 0.094
313 0.134
208 0.196
276 0.169
289 0.236
479 0.321
391 0.350
257 0.340
152 0.183
96 0.077
43 0.003
-44 0.021
-62 0.000
-66 0.009
-59 -0.003
-57 0.006
-50 -0.002
-26 0.002
-22 0.004
-42 0.004
-42 0.003
-41 0.001
-36 -0.004
-24 -0.002
-23 0.003
-29 0.005
-31 0.003
-30 0.001
-27 -0.000
-23 0.002
-12 0.000
7 0.000
80 -0.012
115 -0.035
152 -0.013
227 0.058
306 0.137
368 0.262
496 0.297
542 0.363
594 0.475
642 0.489
685 0.545
692 0.236
709 0.139
746 0.586
601 0.368
456 0.404
446 0.304
255 0.212
151 0.096
141 0.083
113 -0.010
63 0.129
50 0.057
31 0.030
24 0.115
7 0.072
-2 0.078
-13 0.009
-15 0.034
-12 0.040
-12 0.486
-15 0.068
-13 0.002
-15 -0.009
-13 -0.059
-10 -0.038
-10 0.005
19 0.054
34 -0.031
40 0.024
217 0.097
197 0.067
177 0.109
180 0.102
198 0.098
161 0.071
143 0.049
144 0.058
108 0.045
58 0.018
86 0.018
37 0.017
18 0.031
5 0.047
-5 0.009
-8 0.036
-8 0.003
-8 0.006
-8 0.008
-6 -0.000
-5 -0.002
-5 0.009
-5 0.001
-4 0.002
-4 0.002
-4 0.002
-4 0.002
-4 0.006
-5 0.003
-7 0.000
-8 0.001
-6 0.002
-6 0.001
-4 -0.002
103 0.017
112 0.051
127 0.084
239 0.110
330 0.141
384 0.217
420 0.290
340 0.180
713 0.356
330 0.205
179 0.109
589 0.380
486 0.616
344 0.416
324 0.320
174 0.236
241 0.251
180 0.165
54 0.113
17 -0.122
-49 -0.011
-48 0.001
-21 0.000
-47 0.003
-47 -0.019
-36 0.003
-20 -0.003
-15 0.001
-13 0.011
-11 0.009
-11 0.009
-9 0.001
-7 0.003
-8 0.019
-11 -0.019
-17 0.003
-26 -0.015
-30 -0.001
-29 0.004
-24 0.003
-8 0.001
29 0.003
184 -0.003
221 -0.003
250 0.008
318 0.165
404 0.253
472 0.267
474 0.248
555 0.231
519 0.323
407 0.299
539 0.410
359 0.349
654 0.479
465 0.310
261 0.235
418 0.236
610 0.386
395 0.261
359 0.289
364 0.285
257 0.275
135 0.206
177 0.212
85 0.094
41 0.020
-38 0.012
-56 0.001
-64 -0.001
-65 -0.002
-66 0.003
-64 0.006
-63 0.004
-56 -0.000
-43 0.001
-36 0.004
-33 -0.001
-30 0.001
-27 -0.000
-25 0.002
-22 0.001
-21 0.004
-20 0.001
-18 0.003
-15 0.003
1 -0.010
42 0.007
118 0.006
147 0.002
188 0.147
243 0.424
344 0.177
397 0.220
452 0.258
549 0.407
600 0.394
650 0.415
703 0.512
630 0.380
647 0.378
578 0.427
542 0.460
560 0.431
466 0.364
348 0.315
508 0.306
351 0.277
409 0.446
312 0.184
236 0.213
166 0.139
101 0.100
41 0.121
-47 0.067
-65 -0.116
-74 0.017
-75 -0.001
-74 -0.010
-67 0.004
-60 -0.005
-58 -0.012
-58 0.059
-54 0.018
-52 0.017
-37 0.129
-38 0.082
-33 0.010
-27 0.026
-36 0.044
-33 0.014
-31 0.061
-33 0.059
-26 0.095
-8 -0.010
26 0.020
102 0.058
133 0.041
182 0.087
168 0.449
180 0.190
208 0.190
326 0.195
507 0.590
634 0.397
685 0.421
716 0.458
710 0.509
693 0.413
657 0.304
635 0.357
642 0.439
522 0.417
431 0.318
216 0.187
174 0.178
265 0.251
164 0.162
86 0.080
19 0.057
-21 0.008
-30 0.003
-29 0.001
-19 0.007
-26 -0.001
-23 0.021
-15 0.003
-20 0.004
-27 0.005
-14 -0.002
-19 0.006
-15 0.019
-14 0.007
-11 0.009
-13 0.009
-11 0.000
-13 -0.000
-7 -0.000
140 -0.003
220 0.113
158 0.146
107 0.094
114 0.124
196 0.189
303 0.147
131 0.124
95 0.075
138 0.069
105 0.081
116 0.084
122 0.093
127 0.081
72 0.032
41 0.054
20 0.066
13 -0.024
3 0.050
-8 0.082
-13 0.014
-12 0.031
-12 0.041
-11 0.038
-11 0.019
-10 0.021
-10 0.011
-10 0.022
-11 0.033
-11 0.025
-11 0.011
-11 0.017
-12 0.016
-12 0.013
-11 0.005
-10 0.021
-10 0.020
-10 0.014
-5 0.006
7 0.005
27 0.013
50 0.022
39 0.008
62 0.025
84 0.077
125 0.038
132 0.057
149 0.077
122 0.062
138 0.086
154 0.044
227 0.115
299 0.106
300 0.137
236 0.153
218 0.090
247 0.084
178 0.069
185 0.117
298 0.188
201 0.110
169 0.156
121 0.063
113 0.046
67 0.041
25 0.040
-9 0.016
-15 0.014
-13 0.025
-11 0.022
-9 0.023
-8 0.007
-8 0.020
-8 0.016
-8 0.012
-8 0.015
-10 0.005
-12 0.022
-21 0.007
-11 -0.002
-10 0.009
-11 0.010
-31 0.008
-61 -0.018
-19 -0.001
-9 0.009
-5 0.008
17 0.010
45 0.019
73 0.066
118 0.053
121 0.131
137 0.216
171 0.045
121 0.103
151 0.065
213 0.111
234 0.102
304 0.160
417 0.220
362 0.193
330 0.141
305 0.145
222 0.247
204 0.120
99 0.062
126 0.070
86 0.056
59 0.041
39 0.036
44 0.060
40 0.036
37 0.038
11 0.026
3 0.039
-5 0.009
-8 0.073
-9 0.013
-9 0.013
-8 0.004
-8 0.004
-7 0.003
-7 0.001
-7 0.000
-5 0.001
-5 0.000
30 0.001
123 -0.000
120 0.046
118 0.065
159 0.071
163 0.083
172 0.089
137 0.050
175 0.053
178 0.114
319 0.136
284 0.102
489 0.203
412 0.289
581 0.332
388 0.284
455 0.248
164 0.201
78 0.073
13 0.022
317 0.002
381 0.146
390 0.175
447 0.225
516 0.279
562 0.419
629 0.496
548 0.357
439 0.296
509 0.303
574 0.443
512 0.388
468 0.362
558 0.431
476 0.415
503 0.299
484 0.580
413 0.392
410 0.461
296 0.266
334 0.383
96 0.223
35 0.071
45 0.095
-18 0.050
-20 -0.026
-26 0.012
-37 0.038
-39 0.019
-23 0.025
-27 -0.001
-23 0.027
-12 0.029
-12 0.053
-17 0.210
-13 0.076
-19 0.034
-37 0.055
-29 0.073
-20 -0.005
-17 0.077
-17 0.038
-14 0.009
-14 -0.018
-9 0.142
1 0.022
16 0.055
46 0.069
82 0.188
78 0.096
144 0.193
151 0.072
108 0.093
93 0.108
187 0.209
219 0.134
268 0.120
345 0.266
436 0.283
258 0.239
553 0.293
625 0.307
624 0.634
586 0.410
542 0.345
410 0.289
297 0.200
279 0.257
135 0.100
64 0.166
35 -0.019
-25 0.010
-41 0.009
-54 0.001
-51 -0.000
-60 -0.003
-56 -0.003
-64 -0.000
-64 0.004
-67 -0.004
-63 0.007
-54 0.000
-50 0.002
-44 0.004
-39 0.005
-34 -0.000
-31 0.001
-28 -0.002
-26 0.006
-24 0.003
-22 -0.001
-6 -0.000
35 0.003
57 -0.010
163 0.009
219 -0.024
285 -0.023
360 0.137
415 0.245
486 0.386
544 0.493
576 0.306
641 0.559
668 0.245
597 0.367
608 0.414
661 0.333
719 0.485
651 0.567
251 0.223
391 0.305
290 0.351
245 0.213
211 0.177
93 0.264
155 0.310
136 0.093
68 0.005
-22 0.062
-39 -0.026
-29 -0.001
-26 -0.001
-26 0.003
-39 -0.009
-42 0.001
-27 0.002
-28 0.002
-37 -0.000
-54 0.005
-43 -0.001
-44 -0.001
-47 0.001
-35 -0.011
-32 -0.002
-27 0.001
-21 0.005
-16 0.001
-10 0.009
-9 0.004
-7 -0.000
-3 0.030
-2 0.011
125 0.014
243 0.062
250 0.173
119 0.053
167 0.074
144 0.081
348 0.210
297 0.216
673 0.401
580 0.095
273 0.182
184 0.112
105 0.005
175 0.110
165 0.071
78 0.083
74 0.032
24 0.007
-26 -0.037
-36 0.027
-35 0.019
-33 -0.002
-22 0.046
-7 0.001
-1 -0.031
-3 -0.006
-8 0.004
-4 -0.002
-2 0.011
-7 -0.010
-8 0.032
-23 -0.032
-29 0.009
-13 0.019
-17 0.021
-20 0.006
-3 -0.014
26 0.008
77 -0.002
153 -0.033
220 0.026
305 0.147
323 0.191
226 0.227
696 0.587
701 0.505
687 0.381
688 0.177
714 0.211
693 0.533
666 0.338
622 0.416
549 0.428
467 0.447
418 0.496
345 0.452
272 0.374
192 0.437
111 0.066
63 0.018
-35 0.025
-54 0.005
-68 -0.007
-64 0.000
-62 0.003
-62 0.001
-58 0.005
-61 0.001
-55 0.006
-47 0.001
-42 0.000
-37 0.002
-36 0.002
-34 0.002
-32 0.010
-28 0.007
-23 0.002
-20 0.010
-17 0.035
-2 0.063
46 0.033
145 -0.066
184 -0.059
210 0.117
288 0.292
362 0.278
692 0.665
690 -0.365
724 0.487
725 0.394
720 0.589
689 0.680
672 0.564
518 0.316
485 0.272
501 0.380
453 0.356
336 0.399
284 0.210
201 0.424
79 0.023
-26 0.003
-47 0.008
-58 0.012
-59 -0.004
-57 0.006
-58 0.000
-60 0.008
-61 0.013
-57 0.002
-48 0.002
-38 0.003
-32 0.000
-30 0.004
-27 -0.004
-23 0.006
-20 -0.001
-19 0.040
-18 0.006
-17 0.020
-14 0.019
-3 0.029
33 0.009
114 0.010
162 -0.042
210 0.003
279 0.243
367 0.219
433 0.471
393 0.344
524 0.410
625 0.620
650 0.701
684 0.571
707 0.868
734 1.060
732 0.617
665 0.669
624 0.436
502 0.516
297 0.429
471 0.539
158 0.214
344 0.198
187 0.273
153 0.369
33 0.158
24 0.017
4 -0.026
-18 0.011
-41 0.013
-47 -0.009
-56 0.001
-54 -0.010
-51 -0.001
-55 0.007
-55 -0.001
-51 0.003
-49 0.005
-46 -0.015
-46 0.001
-39 0.025
-18 -0.002
-16 -0.007
-29 -0.009
-15 0.015
-13 0.015
-22 -0.018
-25 -0.009
15 0.021
54 0.028
102 0.059
142 0.052
216 0.168
151 0.155
155 0.236
133 0.115
133 0.123
174 0.142
147 0.150
172 0.148
111 0.168
66 0.119
48 0.107
25 0.049
41 0.019
74 0.044
175 0.129
119 0.062
57 0.015
46 0.088
27 0.087
18 0.061
10 0.093
5 0.042
-1 0.049
-12 0.035
-14 0.012
-14 0.044
-15 0.027
-15 0.031
-15 0.015
-16 0.029
-14 0.017
-14 0.013
-13 0.029
-13 0.022
-13 0.022
-13 0.047
-14 0.002
-12 0.029
-12 0.039
-12 0.017
-12 0.008
-0 0.017
-1 -0.006
11 0.005
31 0.013
58 0.086
69 0.192
58 0.159
61 0.119
84 0.302
139 0.116
192 0.184
160 0.192
145 0.139
258 0.161
269 0.130
213 0.150
252 0.157
208 0.082
218 0.151
127 0.101
119 0.111
87 0.116
122 0.172
103 0.133
57 0.107
56 0.076
33 0.118
23 0.098
12 0.133
-2 0.053
-6 0.102
-6 0.094
-6 0.066