0.0 0.00
0.0 0.00
0.0 0.00
0.0 0.00
0.0 0.00
0.0 0.00
0.0 0.00
0.0 0.00
0.0 0.04
0.0 0.06
0.0 0.10
0.0 0.18
0.9 0.38
4.4 0.50
5.6 0.46
6.5 0.50
8.6 0.56
7.1 0.40
4.6 0.10
0.6 0.05
0.2 0.01
1.0 0.04
0.5 0.02
0.0 0.00
0.3 0.01
0.4 0.01
0.4 0.00
0.0 0.00
0.0 0.00
0.3 0.01
0.0 0.00
0.1 0.01
0.2 0.05
0.1 0.06
0.0 0.12
0.3 0.27
3.3 0.32
0.5 0.32
3.6 0.34
1.1 0.24
0.5 0.07
0.2 0.10
0.5 0.07
0.0 0.05
0.0 0.03
0.0 0.00
0.0 0.00
0.0 0.00
0.0 0.00
0.0 0.00
0.0 0.00
0.0 0.00
0.0 0.00
0.0 0.00
0.0 0.00
0.0 0.00
0.0 0.02
0.0 0.04
0.0 0.05
0.3 0.04
0.0 0.04
0.8 0.08
0.5 0.07
0.3 0.07
0.0 0.05
0.2 0.07
0.5 0.06
0.4 0.04
0.0 0.01
0.1 0.00
0.3 0.01
0.6 0.02
1.5 0.04
1.7 0.05
1.5 0.04
0.3 0.01
1.2 0.03
1.2 0.03
0.9 0.03
1.7 0.05
0.8 0.04
0.1 0.03
0.5 0.08
0.8 0.14
2.4 0.19
2.3 0.31
0.8 0.18
0.0 0.12
0.8 0.19
0.2 0.11
0.3 0.11
0.0 0.06
1.3 0.04
1.3 0.02
0.0 0.00
0.0 0.00
0.0 0.00
0.0 0.00
0.0 0.00
0.0 0.00
0.0 0.00
0.0 0.00
0.0 0.00
0.0 0.00
0.0 0.04
0.0 0.09
0.0 0.23
0.0 0.36
0.3 0.29
1.3 0.23
2.3 0.29
4.1 0.41
2.4 0.25
0.4 0.22
1.9 0.13
3.6 0.10
2.4 0.03
0.4 0.00
0.0 0.00
0.3 0.01
0.2 0.01
0.0 0.00
0.2 0.01
0.0 0.00
1.1 0.03
0.0 0.00
1.4 0.00
2.0 0.01
0.4 0.04
2.8 0.11
2.9 0.10
4.5 0.28
5.7 0.27
3.7 0.15
4.2 0.11
4.3 0.12
5.0 0.12
1.0 0.06
1.4 0.07
0.0 0.02
0.0 0.02
0.0 0.00
0.0 0.00
0.0 0.00
0.0 0.00
0.0 0.00
0.0 0.00
0.0 0.00
0.0 0.00
0.0 0.00
0.0 0.00
0.0 0.01
0.0 0.04
0.0 0.07
0.0 0.12
1.9 0.30
0.3 0.37
2.1 0.42
1.7 0.45
1.3 0.46
2.0 0.47
1.2 0.38
0.2 0.13
0.1 0.05
0.0 0.04
0.0 0.01
0.0 0.00
0.0 0.00
0.0 0.00
0.0 0.00
0.0 0.00
0.0 0.00
0.0 0.00
0.0 0.00
0.3 0.01
0.0 0.01
0.9 0.07
0.5 0.09
1.1 0.24
3.4 0.37
3.1 0.46
4.7 0.45
3.8 0.52
3.7 0.51
4.8 0.31
5.3 0.30
5.9 0.17
6.0 0.09
5.0 0.06
3.8 0.04
4.0 0.03
3.9 0.03
3.0 0.02
2.9 0.02
1.3 0.01
0.0 0.00
0.3 0.00
0.2 0.00
0.0 0.00
1.1 0.03
1.0 0.03
4.8 0.12
5.6 0.20
5.8 0.29
5.6 0.29
5.7 0.32
5.2 0.40
4.6 0.45
5.6 0.44
5.4 0.40
5.8 0.24
5.4 0.12
4.0 0.09
0.6 0.01
0.0 0.00
0.0 0.00
0.0 0.00
0.0 0.00
0.0 0.00
0.0 0.00
0.0 0.00
0.0 0.00
0.0 0.00
0.0 0.01
0.0 0.02
0.3 0.13
3.6 0.28
3.4 0.40
3.1 0.50
3.4 0.56
3.8 0.58
4.0 0.58
4.0 0.52
3.8 0.45
3.1 0.25
1.9 0.10
1.0 0.06
0.0 0.01
0.0 0.00
0.0 0.00
0.0 0.00
0.0 0.00
0.0 0.00
0.0 0.00
0.0 0.00
0.0 0.00
0.0 0.00
0.0 0.01
0.0 0.03
0.1 0.14
0.8 0.27
1.4 0.40
1.5 0.50
1.7 0.57
1.7 0.60
2.1 0.58
2.1 0.52
2.1 0.40
1.3 0.20
1.7 0.08
1.1 0.05
0.0 0.01
0.0 0.00
0.0 0.00
0.0 0.00
0.0 0.00
0.0 0.00
0.0 0.00
0.0 0.00
0.0 0.00
0.0 0.00
0.0 0.01
0.0 0.04
0.0 0.08
0.1 0.29
3.2 0.47
3.9 0.58
3.0 0.31
4.4 0.36
2.8 0.21
2.1 0.19
3.5 0.17
2.3 0.09
2.7 0.05
0.0 0.01
0.3 0.01
2.2 0.08
0.4 0.01
1.3 0.00
1.3 0.00
2.9 0.01
3.7 0.02
3.6 0.02
3.4 0.07
4.3 0.13
3.1 0.10
3.0 0.13
2.4 0.13
4.5 0.15
5.0 0.20
5.1 0.23
5.1 0.19
4.5 0.19
4.4 0.18
5.3 0.17
5.8 0.19
4.9 0.18
4.7 0.11
3.4 0.07
2.7 0.03
1.3 0.01
0.0 0.00
0.9 0.01
1.6 0.01
0.9 0.00
0.1 0.00
0.0 0.00
0.0 0.00
0.0 0.00
0.0 0.01
0.6 0.07
4.2 0.13
3.5 0.12
3.6 0.28
3.7 0.44
4.1 0.40
2.4 0.24
3.2 0.28
1.7 0.22
2.2 0.19
0.8 0.09
0.0 0.04
0.1 0.02
0.1 0.00
2.9 0.02
0.2 0.00
0.0 0.00
0.0 0.00
0.0 0.00
0.0 0.00
0.0 0.00
0.0 0.00
0.0 0.00
0.0 0.02
0.0 0.03
0.3 0.10
2.4 0.19
3.2 0.44
3.5 0.50
3.4 0.59
3.5 0.57
2.9 0.44
3.3 0.35
3.1 0.30
4.0 0.30
1.8 0.11
0.1 0.05
0.0 0.01
0.0 0.00
0.0 0.00
0.0 0.00
0.0 0.00
0.0 0.00
0.0 0.00
2.5 0.02
4.7 0.04
4.4 0.04
4.2 0.04
3.2 0.08
4.5 0.16
4.6 0.33
3.3 0.39
2.2 0.41
3.2 0.32
4.8 0.30
4.5 0.33
5.0 0.33
6.1 0.26
5.2 0.26
5.1 0.14
5.8 0.13
2.9 0.05
0.4 0.01
1.3 0.02
8.4 0.07
2.5 0.02
2.6 0.03
5.1 0.05
3.7 0.03
5.3 0.04
4.5 0.03
5.0 0.04
6.3 0.08
6.4 0.17
6.3 0.17
6.1 0.27
6.9 0.38
7.1 0.26
8.0 0.53
7.6 0.31
8.5 0.35
7.6 0.27
7.7 0.16
6.9 0.15
6.2 0.11
4.3 0.06
0.7 0.01
0.2 0.00
0.3 0.00
0.7 0.01
1.9 0.03
0.0 0.00
0.0 0.00
0.0 0.00
0.0 0.00
0.0 0.01
0.0 0.06
0.4 0.15
3.6 0.22
6.7 0.40
6.0 0.50
5.9 0.37
5.5 0.30
5.0 0.26
3.9 0.26
4.1 0.20
0.7 0.12
2.9 0.12
2.0 0.07
1.2 0.03
0.0 0.00
0.0 0.00
0.0 0.00
0.0 0.00
0.0 0.00
0.0 0.00
0.0 0.00
0.0 0.00
0.0 0.00
1.7 0.05
1.1 0.06
3.3 0.11
1.9 0.13
1.9 0.16
3.3 0.24
3.3 0.28
5.1 0.43
4.1 0.42
4.9 0.42
2.6 0.38
2.7 0.23
4.1 0.12
2.8 0.07
0.8 0.02
0.0 0.00
0.1 0.00
1.0 0.01
0.0 0.00
0.0 0.00
0.0 0.00
0.0 0.00
0.2 0.01
0.7 0.01
0.3 0.03
2.2 0.06
1.8 0.10
0.7 0.13
0.0 0.15
0.0 0.20
0.2 0.25
1.2 0.28
1.7 0.12
3.5 0.21
4.7 0.17
0.8 0.06
0.0 0.03
0.7 0.02
2.4 0.02
1.9 0.02
2.1 0.02
0.8 0.01
1.7 0.02
3.4 0.03
0.1 0.00
0.4 0.00
0.1 0.00
0.0 0.00
0.0 0.00
0.0 0.04
0.0 0.07
0.9 0.15
0.4 0.14
2.8 0.36
2.8 0.23
1.4 0.23
1.3 0.08
2.8 0.09
4.6 0.30
5.0 0.15
6.2 0.11
4.8 0.07
5.8 0.03
2.5 0.05
3.6 0.06
5.4 0.02
5.0 0.01
5.6 0.05
4.3 0.11
5.1 0.12
3.8 0.10
4.2 0.10
3.8 0.09
3.9 0.07
4.4 0.05
4.6 0.08
4.7 0.08
5.0 0.10
4.9 0.10
4.4 0.11
4.0 0.17
4.7 0.14
4.8 0.11
4.4 0.08
4.5 0.06
3.8 0.04
3.0 0.01
2.1 0.01
2.6 0.01
0.2 0.00
1.6 0.02
1.7 0.01
3.1 0.01
1.1 0.00
1.8 0.01
1.1 0.00
1.6 0.02
3.0 0.06
4.1 0.12
5.2 0.15
5.8 0.14
5.5 0.26
5.9 0.30
7.3 0.33
6.9 0.26
5.7 0.23
4.7 0.16
2.8 0.10
1.6 0.06
0.0 0.02
0.0 0.01
0.0 0.00
0.0 0.00
0.0 0.00
0.0 0.00
0.0 0.00
0.0 0.00
0.0 0.00
0.0 0.00
0.0 0.00
0.0 0.01
0.1 0.04
0.0 0.12
1.6 0.14
2.7 0.24
2.7 0.30
5.2 0.38
5.5 0.42
5.8 0.40
5.5 0.44
5.7 0.37
5.4 0.20
4.6 0.11
5.1 0.10
0.7 0.02
0.0 0.00
0.0 0.00
0.0 0.00
0.0 0.00
0.0 0.00
0.0 0.00
0.0 0.00
0.0 0.00
0.0 0.00
0.0 0.01
0.0 0.05
0.2 0.14
0.6 0.28
0.8 0.38
2.7 0.41
3.1 0.33
3.0 0.21
1.6 0.17
2.6 0.19
2.3 0.19
1.8 0.16
0.4 0.08
2.4 0.09
3.3 0.07
0.4 0.01
0.0 0.00
0.0 0.00
0.0 0.00
0.1 0.00
0.0 0.00
0.0 0.00
0.0 0.00
0.0 0.00
0.0 0.02
0.0 0.05
0.4 0.16
1.5 0.30
1.3 0.42
2.7 0.52
2.6 0.58
2.8 0.61
2.7 0.62
2.3 0.54
1.9 0.38
1.7 0.25
1.4 0.08
1.6 0.07
0.3 0.01
0.0 0.00
0.0 0.00
0.0 0.00
0.0 0.00
0.0 0.00
0.0 0.00
0.0 0.00
0.0 0.00
0.0 0.00
0.0 0.02
0.4 0.06
1.0 0.13
3.3 0.18
5.4 0.38
6.1 0.34
6.0 0.28
5.2 0.26
6.6 0.27
6.8 0.22
7.8 0.12
6.8 0.08
5.2 0.05
5.3 0.04
6.2 0.04
6.1 0.03
4.5 0.01
4.8 0.01
4.1 0.01
3.5 0.01
3.8 0.01
2.4 0.06
1.5 0.04
0.2 0.01
0.6 0.02
0.1 0.02
0.0 0.06
0.0 0.08
0.2 0.10
2.1 0.08
1.8 0.14
2.5 0.16
2.1 0.14
0.4 0.07
0.0 0.06
0.0 0.04
0.0 0.06
0.0 0.03
0.9 0.04
0.7 0.02
0.1 0.01
0.1 0.00
0.0 0.00
0.0 0.00
0.0 0.00
0.0 0.00
0.0 0.00
0.9 0.03
1.9 0.07
0.7 0.08
0.0 0.08
0.0 0.11
0.3 0.10
0.5 0.26
2.9 0.36
3.6 0.48
3.3 0.38
2.6 0.16
3.4 0.28
3.5 0.24
3.2 0.14
0.7 0.06
0.7 0.02
0.0 0.00
0.0 0.00
0.0 0.00
0.0 0.00
0.0 0.00
0.0 0.00
0.0 0.00
0.0 0.00
0.0 0.00
0.0 0.03
0.1 0.08
1.0 0.14
0.6 0.13
0.1 0.10
0.0 0.10
0.0 0.08
0.0 0.08
3.7 0.08
4.9 0.12
3.4 0.14
1.8 0.10
1.9 0.13
1.8 0.04
0.6 0.02
0.8 0.03
0.8 0.03
0.3 0.01
0.0 0.00
0.6 0.02
0.9 0.03
0.3 0.01
1.6 0.02
1.1 0.02
1.8 0.06
2.2 0.07
4.9 0.09
5.9 0.15
6.9 0.18
7.2 0.19
6.7 0.18
5.8 0.28
7.5 0.34
7.6 0.27
6.4 0.26
6.2 0.21
4.4 0.12
1.4 0.06
0.0 0.01
0.0 0.00
0.0 0.00
0.0 0.00
0.0 0.00
0.0 0.00
0.0 0.00
0.0 0.00
0.0 0.00
0.0 0.00
0.0 0.02
0.0 0.05
0.0 0.09
0.1 0.16
1.5 0.24
3.5 0.29
3.9 0.40
4.6 0.38
3.5 0.38
2.0 0.39
1.9 0.35
2.5 0.24
3.2 0.12
0.9 0.05
0.0 0.01
0.0 0.00
0.0 0.00
0.0 0.00
0.0 0.00
0.0 0.00
0.0 0.00
0.0 0.00
0.0 0.00
0.0 0.00
0.0 0.01
0.0 0.05
0.0 0.13
0.1 0.24
0.3 0.36
0.6 0.48
1.0 0.54
1.4 0.57
0.7 0.55
1.7 0.52
1.6 0.43
1.3 0.26
0.7 0.07
0.1 0.04
0.0 0.01
0.0 0.00
0.0 0.00
0.0 0.00
0.0 0.00
0.0 0.00
0.0 0.00
0.0 0.00
0.0 0.00
0.0 0.00
0.0 0.02
0.0 0.06
0.0 0.16
0.0 0.29
0.1 0.42
1.2 0.53
3.7 0.63
3.5 0.64
1.9 0.62
4.1 0.60
2.5 0.48
3.4 0.34
1.3 0.10
0.3 0.05
0.0 0.01
0.0 0.00
0.0 0.00
0.0 0.00
0.0 0.00
0.0 0.00
0.0 0.00
0.0 0.00
0.0 0.00
0.0 0.00
0.0 0.02
0.0 0.06
0.1 0.14
1.1 0.27
3.4 0.46
5.4 0.57
5.9 0.57
6.1 0.64
2.7 0.66
2.2 0.57
1.8 0.40
1.7 0.34
1.2 0.14
0.1 0.05
0.0 0.01
0.0 0.00
0.0 0.00
0.0 0.00
0.0 0.00
0.0 0.00
0.0 0.00
0.0 0.00
0.0 0.00
0.0 0.00
0.0 0.02
0.0 0.08
0.0 0.15
0.0 0.27
0.2 0.42
0.0 0.43
0.0 0.49
0.0 0.45
0.4 0.57
0.0 0.33
0.3 0.17
0.5 0.09
0.4 0.02
0.2 0.04
0.3 0.03
0.0 0.00
0.0 0.00
0.0 0.00
0.2 0.01
0.5 0.04
0.2 0.02
0.0 0.00
0.1 0.01
0.1 0.01
0.1 0.01
0.1 0.06
0.2 0.12
0.4 0.14
0.6 0.15
0.2 0.20
0.5 0.47
1.0 0.55
0.2 0.20
0.0 0.33
0.2 0.23
0.7 0.14
0.3 0.08
0.1 0.06
0.0 0.01
0.0 0.00
0.0 0.00
0.0 0.00
0.1 0.01
0.0 0.00
0.2 0.02
0.0 0.00
0.0 0.00
0.0 0.00
0.1 0.01
0.2 0.06
0.5 0.12
0.9 0.30
0.6 0.42
1.2 0.52
1.2 0.56
0.9 0.47
0.8 0.41
0.4 0.39
0.7 0.28
0.3 0.16
0.0 0.09
0.0 0.04
0.0 0.01
0.0 0.00
0.0 0.00
0.0 0.00
0.0 0.00
0.0 0.00
0.0 0.00
0.0 0.00
0.0 0.00
0.0 0.00
0.0 0.01
0.0 0.02
0.0 0.04
0.4 0.04
0.6 0.08
0.7 0.09
0.0 0.07
0.2 0.18
0.1 0.12
1.5 0.16
1.9 0.13
1.6 0.08
1.3 0.09
0.5 0.05
0.6 0.02
0.0 0.00
0.0 0.00
0.1 0.01
0.0 0.00
0.0 0.00
0.0 0.00
0.3 0.02
0.0 0.00
0.0 0.00
0.0 0.02
0.4 0.11
1.2 0.18
1.9 0.17
1.6 0.12
1.1 0.34
0.9 0.35
1.5 0.20
1.3 0.20
0.8 0.06
3.0 0.14
2.9 0.13
4.7 0.08
3.1 0.06
1.8 0.03
3.0 0.02
2.4 0.01
0.2 0.00
0.0 0.00
1.3 0.04
1.7 0.06
2.9 0.10
1.3 0.04
0.3 0.01
0.0 0.02
0.4 0.08
2.3 0.19
2.6 0.29
3.8 0.33
5.0 0.48
5.2 0.50
5.6 0.58
5.5 0.57
5.1 0.52
4.3 0.33
3.9 0.25
2.9 0.14
2.5 0.09
0.1 0.02
0.0 0.00
0.0 0.00
0.0 0.00
0.0 0.00
0.0 0.00
0.0 0.00
0.0 0.00
0.0 0.00
0.0 0.00
0.0 0.02
0.0 0.06
0.1 0.17
2.0 0.32
3.5 0.45
4.3 0.55
4.8 0.61
4.7 0.63
4.8 0.62
5.2 0.57
5.1 0.49
4.6 0.37
4.4 0.17
3.1 0.11
0.5 0.02
0.0 0.00
0.0 0.00
0.0 0.00
0.0 0.00
0.0 0.00
0.0 0.00
0.0 0.00
0.0 0.00
0.0 0.00
0.0 0.02
0.0 0.07
0.0 0.17
0.8 0.29
1.4 0.45
1.9 0.54
1.9 0.56
3.2 0.63
2.2 0.61
2.4 0.51
2.2 0.35
0.4 0.28
0.9 0.12
0.7 0.07
0.0 0.01
0.0 0.00
0.0 0.00
0.1 0.00
0.0 0.00
0.0 0.00
0.0 0.00
0.0 0.00
0.0 0.00
0.0 0.00
0.0 0.02
0.0 0.06
0.1 0.12
0.1 0.16
0.6 0.31
1.5 0.35
0.9 0.35
0.6 0.36
0.5 0.31
0.5 0.31
1.4 0.15
0.5 0.14
0.1 0.06
0.8 0.02
0.1 0.00
0.0 0.00
0.0 0.00
0.1 0.00
0.0 0.00
0.0 0.00
0.0 0.00
0.0 0.00
0.0 0.00
0.0 0.00
0.0 0.01
0.0 0.03
0.3 0.07
0.0 0.07
0.0 0.13
0.6 0.16
1.9 0.37
3.5 0.22
1.4 0.26
0.8 0.31
0.8 0.20
1.1 0.22
1.6 0.14
1.5 0.07
0.3 0.02
0.3 0.00
0.0 0.00
0.0 0.00
0.0 0.00
0.0 0.00
0.0 0.00
0.0 0.00
0.0 0.00
0.0 0.00
0.0 0.01
0.7 0.06
0.5 0.08
1.0 0.11
1.6 0.10
1.1 0.28
1.4 0.30
1.3 0.23
1.7 0.38
3.0 0.21
2.6 0.38
1.0 0.19
1.2 0.13
0.7 0.06
1.1 0.02
1.4 0.01
0.0 0.00
0.0 0.00
0.3 0.00
0.1 0.00
1.1 0.01
0.6 0.00
0.6 0.00
0.5 0.00
1.3 0.02
0.5 0.05
0.9 0.08
0.9 0.10
0.1 0.11
0.1 0.12
0.0 0.15
0.3 0.19
0.5 0.25
1.2 0.19
1.3 0.26
1.3 0.18
1.5 0.10
1.2 0.06
0.3 0.01
0.0 0.00
0.1 0.00
0.0 0.00
0.0 0.00
0.4 0.01
0.0 0.00
0.0 0.00
0.0 0.00
0.0 0.00
0.0 0.01
0.0 0.08
0.5 0.14
2.0 0.21
3.1 0.14
1.1 0.14
2.3 0.29
3.2 0.18
2.0 0.38
3.9 0.37
1.8 0.23
2.2 0.09
0.4 0.08
0.0 0.05
0.0 0.02
0.0 0.00
0.0 0.00
0.0 0.00
0.0 0.00
0.0 0.00
0.0 0.00
0.0 0.00
0.0 0.00
0.0 0.00
0.0 0.01
0.0 0.08
0.9 0.16
3.2 0.21
3.3 0.35
3.7 0.41
3.9 0.42
4.8 0.55
4.8 0.34
2.0 0.30
1.6 0.45
3.1 0.27
2.6 0.13
1.8 0.07
2.0 0.04
3.0 0.03
2.5 0.06
0.0 0.00
0.1 0.01
3.3 0.11
3.4 0.04
3.7 0.00
3.6 0.07
5.4 0.01
4.9 0.03
5.2 0.05
4.7 0.05
5.0 0.11
5.4 0.20
5.7 0.29
6.9 0.30
4.3 0.34
5.5 0.22
6.2 0.31
7.2 0.18
5.6 0.13
5.4 0.13
4.1 0.09
0.9 0.02
0.1 0.00
0.0 0.00
0.0 0.00
0.0 0.00
0.0 0.00
0.0 0.00
0.0 0.00
0.0 0.00
0.0 0.00
0.0 0.02
0.0 0.07
0.7 0.20
0.3 0.32
0.0 0.44
0.0 0.53
0.0 0.56
1.4 0.59
2.7 0.24
2.7 0.37
2.6 0.23
1.0 0.16
0.8 0.09
0.1 0.03
0.0 0.01
0.0 0.00
0.0 0.00
0.0 0.00
0.0 0.00
0.0 0.00
0.0 0.00
0.0 0.00
0.0 0.00
0.0 0.00
0.0 0.02
0.0 0.05
0.6 0.20
1.5 0.27
3.0 0.42
4.5 0.54
4.1 0.59
4.1 0.58
3.3 0.63
3.1 0.61
4.7 0.53
4.8 0.42
3.8 0.16
2.9 0.09
0.6 0.03
1.5 0.02
3.2 0.05
1.7 0.02
1.5 0.02
0.2 0.00
2.0 0.02
4.5 0.05
1.4 0.02
0.0 0.00
0.0 0.02
0.2 0.07
2.8 0.23
3.7 0.37
3.9 0.50
4.1 0.60
4.1 0.67
3.9 0.69
3.6 0.66
3.9 0.63
3.4 0.54
3.6 0.40
3.5 0.16
1.8 0.07
0.0 0.02
0.0 0.00
0.0 0.00
0.0 0.00
0.0 0.00
0.0 0.00
0.0 0.00
0.0 0.00
0.0 0.00
0.0 0.00
0.0 0.02
0.0 0.07
0.2 0.20
1.8 0.37
3.0 0.50
2.0 0.50
0.5 0.50
1.5 0.60
2.1 0.59
2.3 0.57
2.5 0.46
2.4 0.37
2.5 0.15
1.3 0.06
0.0 0.02
0.0 0.00
0.0 0.00
0.0 0.00
0.0 0.00
0.0 0.00
0.0 0.00
0.0 0.00
0.0 0.00
0.0 0.00
0.0 0.02
0.0 0.08
0.0 0.20
0.2 0.37
1.0 0.50
0.7 0.46
1.9 0.58
1.7 0.60
2.3 0.67
2.5 0.62
1.2 0.47
0.4 0.34
0.8 0.12
0.0 0.05
0.0 0.00
0.0 0.00
0.1 0.00
0.1 0.00
0.3 0.00
0.0 0.00
0.0 0.00
0.0 0.00
0.0 0.00
0.0 0.00
0.0 0.03
0.0 0.08
0.0 0.21
0.0 0.28
0.0 0.41
0.8 0.56
2.0 0.59
3.7 0.69
3.7 0.33
1.7 0.57
2.2 0.47
1.9 0.18
0.2 0.09
0.2 0.06
0.0 0.02
0.0 0.00
0.0 0.00
0.0 0.00
0.0 0.00
0.0 0.00
0.0 0.00
0.0 0.00
0.0 0.00
0.0 0.00
0.0 0.02
0.0 0.07
0.4 0.19
0.8 0.34
2.3 0.46
2.4 0.57
1.3 0.58
1.4 0.64
1.7 0.70
0.7 0.36
1.8 0.31
2.7 0.13
1.9 0.07
0.3 0.02
0.2 0.03
0.1 0.00
0.0 0.00
0.0 0.00
0.0 0.00
0.0 0.00
0.0 0.00
0.0 0.00
0.0 0.00
0.0 0.00
0.0 0.02
0.1 0.07
1.0 0.14
0.3 0.11
0.9 0.23
1.6 0.51
1.8 0.52
1.6 0.48
0.9 0.39
1.1 0.44
0.0 0.22
0.5 0.30
0.4 0.10
2.8 0.05
0.6 0.02
0.7 0.01
0.2 0.00
0.6 0.00
0.4 0.00
0.0 0.00
0.5 0.00
0.0 0.00
0.1 0.00
0.0 0.00
0.0 0.02
0.7 0.09
0.5 0.12
0.4 0.17
2.9 0.31
1.7 0.52
1.6 0.60
2.2 0.56
1.7 0.22
0.3 0.07
0.0 0.06
0.1 0.05
0.0 0.06
0.0 0.04
0.0 0.04
0.0 0.00
0.0 0.00
0.0 0.00
0.0 0.00
0.0 0.00
0.0 0.00
0.0 0.00
0.0 0.00
0.0 0.00
0.0 0.01
0.0 0.03
0.0 0.06
0.5 0.11
0.2 0.11
0.2 0.14
0.2 0.48
0.0 0.52
0.3 0.60
0.0 0.53
0.0 0.29
0.0 0.22
0.0 0.11
0.0 0.06
0.0 0.01
0.0 0.00
0.0 0.00
0.0 0.00
0.0 0.00
0.0 0.00
0.0 0.00
0.0 0.00
0.0 0.00
0.0 0.00
0.0 0.01
0.0 0.06
0.0 0.11
0.0 0.17
0.0 0.19
0.0 0.19
0.0 0.16
0.0 0.26
2.0 0.30
1.3 0.21
2.0 0.23
3.8 0.33
3.0 0.10
0.7 0.03
1.9 0.05
0.0 0.00
0.0 0.00