17.9 10.16
18.0 9.98
18.3 10.09
18.4 10.00
18.3 10.12
18.2 10.13
18.7 10.02
18.5 10.11
18.5 10.08
18.5 10.30
18.2 10.28
18.2 10.32
17.9 10.28
18.2 10.42
18.1 10.36
18.1 10.46
17.9 10.40
17.9 10.52
17.9 10.49
18.0 10.60
17.9 10.60
16.7 10.67
17.8 10.62
17.9 10.75
17.8 10.86
17.5 11.03
17.9 11.05
17.7 11.01
17.8 10.97
17.7 10.98
17.8 10.99
17.7 10.90
17.8 10.94
17.7 10.94
17.7 10.92
17.7 10.25
17.3 9.99
17.5 9.87
17.6 10.84
17.6 8.81
17.6 8.99
17.7 9.14
17.6 8.53
17.6 8.88
17.7 9.85
17.8 11.33
17.6 11.12
17.4 10.57
17.6 10.39
17.7 9.85
17.8 9.20
18.0 11.27
17.8 11.93
18.4 12.13
52.0 11.27
29.8 12.20
30.7 13.10
27.9 13.03
23.4 12.59
23.5 11.54
24.4 11.30
23.4 11.32
23.6 11.35
23.0 11.35
22.0 11.95
21.9 12.52
21.5 12.47
21.4 12.49
21.2 13.12
21.4 13.38
21.2 13.77
21.5 12.88
21.0 13.71
21.1 13.46
20.9 13.55
20.9 13.80
21.0 13.97
21.1 14.42
21.3 14.70
21.5 14.81
19.9 14.97
21.7 15.31
21.4 15.53
21.7 15.80
21.4 16.09
21.6 15.71
21.1 15.30
21.4 15.34
21.2 14.73
21.2 15.01
21.7 14.85
21.8 14.74
21.1 13.87
21.0 14.16
20.6 13.93
20.3 13.68
20.2 13.68
20.3 13.57
20.3 13.59
20.2 13.48
20.0 13.20
20.3 13.49
20.1 13.29
20.2 13.24
20.0 13.04
20.2 13.17
19.8 12.87
19.8 12.80
19.8 12.58
19.6 12.61
19.7 12.44
19.6 12.37
19.6 12.20
19.7 12.18
19.4 12.15
19.5 12.01
19.6 11.93
19.7 11.97
19.6 11.53
19.3 11.90
19.3 11.83
19.4 11.44
19.2 12.04
19.2 12.18
18.9 12.40
18.7 12.44
18.7 12.49
18.6 12.58
18.5 12.78
18.6 12.98
18.3 12.98
18.5 12.67
18.1 12.24
17.9 12.05
18.2 11.91
17.9 11.50
17.8 12.33
17.8 13.26
17.9 13.62
18.1 13.52
18.0 13.80
18.0 14.22
17.7 14.84
17.6 15.35
17.5 11.81
18.0 11.85
18.1 13.62
18.1 14.59
17.7 13.65
18.7 12.23
21.0 10.68
21.2 10.42
22.5 9.61
21.5 9.99
21.0 10.60
20.4 10.60
20.4 11.22
20.0 11.61
19.5 11.92
19.4 13.14
18.9 12.61
18.7 13.30
18.9 13.29
18.8 13.93
18.8 14.36
18.8 14.28
18.7 14.80
18.4 15.06
18.1 15.07
18.4 15.38
18.5 15.22
18.3 15.96
18.0 15.70
17.8 15.79
17.9 17.08
18.0 15.62
17.8 16.02
17.7 17.00
17.4 16.18
17.5 15.64
17.3 15.65
17.2 15.80
16.8 14.67
16.7 13.81
16.6 14.32
16.5 14.27
16.3 14.57
16.4 14.44
15.9 13.80
15.9 14.47
16.2 14.80
15.9 13.22
15.8 14.15
15.7 13.86
15.8 14.09
15.8 13.77
16.0 13.44
16.1 13.18
15.9 14.03
15.7 14.08
16.1 13.23
16.0 13.25
16.3 13.49
16.7 12.87
16.2 12.93
16.6 12.77
16.2 13.05
16.3 13.27
16.2 12.93
16.2 12.38
16.4 13.16
16.1 12.34
16.1 13.15
16.2 13.26
16.2 13.35
16.4 14.61
16.4 13.78
18.8 13.17
16.3 13.89
16.4 13.91
16.6 14.08
16.5 14.05
16.3 14.52
16.4 14.82
16.4 15.15
16.2 14.97
16.5 15.00
16.3 14.33
16.6 14.34
16.3 14.01
16.5 14.10
16.5 14.70
16.7 14.70
16.6 14.87
16.9 14.78
17.0 14.73
17.2 14.64
17.0 14.35
17.0 14.25
17.2 14.03
17.4 13.89
17.4 13.45
17.3 13.40
17.4 13.59
17.4 13.59
17.2 13.70
17.3 13.68
17.0 13.17
16.9 12.90
17.1 12.72
16.9 12.26
17.0 12.28
17.2 12.56
17.2 12.78
17.1 12.57
16.8 12.34
17.3 13.03
17.1 13.42
17.5 13.63
17.7 13.90
18.0 13.92
17.4 14.04
17.6 14.14
17.6 14.42
17.5 14.45
17.5 15.11
17.6 14.58
17.9 13.92
17.8 14.76
17.8 14.51
18.0 14.68
18.2 14.71
18.3 14.56
18.5 14.83
18.6 14.25
18.5 13.44
18.7 13.62
18.8 13.22
18.6 13.13
18.6 12.72
18.7 13.02
18.7 13.83
18.7 12.37
18.6 12.65
18.9 11.61
18.4 12.43
18.8 12.43
18.8 13.25
18.7 12.27
18.6 11.87
18.7 12.84
18.7 12.03
18.8 12.26
18.8 12.94
19.8 12.30
18.5 12.18
18.9 11.63
18.9 11.64
18.6 11.57
18.6 12.02
18.8 11.78
18.9 11.84
19.0 11.78
18.8 11.85
18.5 12.01
18.8 11.82
19.0 12.26
19.1 11.83
19.1 11.71
18.9 12.80
18.9 12.09
18.8 12.86
19.3 12.95
19.1 12.97
19.2 12.93
18.9 13.77
18.9 13.36
19.0 13.58
19.1 13.66
18.8 13.90
19.2 14.03
19.1 14.39
19.4 14.44
20.1 14.73
19.3 14.85
19.2 14.66
19.2 14.75
18.7 14.77
18.9 14.22
19.0 14.19
19.0 14.04
18.9 13.10
18.9 13.36
18.8 13.27
18.5 13.01
18.4 12.50
18.7 12.18
18.9 12.33
18.8 12.42
18.7 12.53
19.0 12.35
18.7 12.15
18.8 12.55
19.1 12.60
18.9 12.46
19.0 12.41
19.2 12.59
19.0 12.36
19.1 12.51
18.7 12.52
18.7 12.21
18.4 11.96
18.7 12.16
18.6 12.26
18.5 11.99
18.5 11.90
18.6 11.59
18.1 11.74
18.0 11.38
17.9 11.15
17.8 10.90
17.6 10.94
17.7 10.94
17.8 11.16
17.8 10.97
17.8 10.70
18.3 10.87
17.6 10.59
18.1 10.64
18.4 10.12
18.7 10.70
18.9 10.28
19.0 10.00
19.3 10.20
19.4 10.17
19.5 10.12
19.7 10.17
20.0 9.77
20.2 9.99
20.3 9.84
20.4 9.81
20.6 9.83
20.8 9.70
21.0 9.44
21.3 9.71
21.2 9.76
21.5 9.73
21.3 9.70
21.3 9.56
21.3 9.63
21.7 9.48
21.2 9.57
21.4 9.67
21.6 9.53
21.3 9.56
21.3 9.64
21.6 9.76
21.5 9.81
21.5 9.80
22.1 10.09
22.3 10.42
22.4 10.13
22.3 10.17
22.7 10.12
22.4 10.27
22.9 10.59
24.3 10.37
22.9 10.18
23.1 10.00
22.9 10.50
23.1 10.11
23.4 10.17
23.6 9.80
23.6 9.97
24.1 9.88
24.0 9.80
24.2 9.34
24.2 9.52
24.6 9.42
24.4 9.37
24.8 9.23
25.1 8.95
25.0 8.82
25.1 8.74
25.4 8.37
25.7 8.10
26.1 7.95
26.0 7.79
26.4 7.57
26.9 7.73
26.9 7.78
26.8 7.66
27.4 7.80
27.9 7.71
28.4 7.57
28.7 7.62
29.4 7.55
29.7 7.53
30.3 7.56
31.5 7.61
32.4 7.57
33.9 7.58
35.4 7.56
37.8 7.51
40.3 7.40
41.9 7.38
44.1 7.47
45.0 7.41
47.0 7.41
48.5 7.36
49.0 7.32
50.3 7.27
50.7 7.27
49.9 7.22
50.4 7.24
49.6 7.37
48.9 7.50
47.6 7.91
46.6 7.89
45.6 8.25
45.1 8.42
45.5 8.82
47.3 9.03
48.4 9.16
49.7 9.27
50.9 9.38
51.5 9.53
52.7 9.70
53.3 10.03
54.1 10.39
55.1 10.80
55.0 11.14
54.8 11.78
54.7 12.96
55.7 13.22
56.7 12.63
56.8 13.26
55.4 13.55
54.9 14.03
55.4 14.02
54.4 15.97
53.1 15.62
52.5 15.04
51.7 15.68
50.3 16.36
50.2 15.65
49.5 15.96
49.3 16.10
49.6 15.72
49.9 15.51
50.8 15.66
51.6 15.47
52.7 14.38
55.1 13.71
57.1 13.23
58.3 12.97
59.6 12.32
61.6 11.95
61.9 11.85
63.3 11.28
64.5 11.47
65.0 10.45
64.9 11.33
65.8 11.33
66.4 11.09
66.5 10.95
66.6 10.80
66.5 10.75
66.4 10.72
65.5 10.56
66.1 10.55
65.8 10.44
63.6 10.63
63.2 10.74
61.8 11.02
60.6 11.07
59.3 11.24
58.9 11.12
58.0 11.57
58.2 11.68
55.7 11.88
57.1 12.00
57.8 12.05
57.3 12.08
57.0 12.24
58.3 12.13
57.5 12.29
58.3 12.32
59.9 12.30
59.8 12.11
61.0 12.01
61.9 11.74
62.4 11.37
62.3 11.02
63.7 10.59
63.9 10.20
64.9 9.82
65.0 9.37
65.9 8.96
66.5 8.61
67.2 8.34
68.3 8.04
69.3 7.77
69.6 7.49
70.1 7.24
71.7 6.96
72.5 6.80
74.2 6.62
76.1 6.51
76.3 6.40
78.0 6.31
79.4 6.25
80.9 6.19
83.1 6.10
84.3 6.05
85.7 6.04
88.1 6.00
89.9 6.01
91.6 6.12
95.9 6.27
98.0 6.23
101 6.32 
103 6.26 
107 6.22 
111 6.34 
116 6.36 
120 6.40 
127 6.54 
133 6.25 
137 6.64 
141 6.70 
145 6.81 
150 6.79 
157 6.82 
160 6.83 
165 6.91 
167 7.01 
173 7.04 
178 7.03 
182 7.15 
185 7.09 
184 7.16 
184 7.06 
189 6.96 
189 6.92 
190 6.86 
190 6.96 
193 6.91 
198 6.80 
195 6.82 
195 6.74 
199 6.71 
199 6.56 
201 6.52 
202 6.50 
190 6.35 
203 6.38 
206 6.36 
209 6.13 
211 6.17 
210 6.03 
214 6.04 
216 5.97 
219 5.83 
224 5.81 
222 5.78 
227 5.69 
229 5.62 
226 5.58 
228 5.47 
230 5.42 
232 5.25 
237 5.25 
239 5.10 
243 5.00 
243 5.02 
238 4.84 
237 4.84 
242 4.73 
249 4.67 
246 4.60 
245 4.63 
247 4.58 
242 4.51 
244 4.48 
243 4.47 
244 4.36 
242 4.40 
244 4.38 
238 4.42 
240 4.38 
248 4.39 
250 4.39 
244 4.36 
246 4.37 
247 4.26 
248 4.22 
248 4.23 
247 4.18 
246 4.17 
244 4.20 
244 4.17 
241 4.15 
241 4.16 
242 4.14 
242 4.19 
242 4.23 
241 4.16 
239 4.14 
237 4.17 
238 4.16 
237 4.18 
240 4.15 
238 4.19 
240 4.17 
236 4.28 
235 4.22 
229 4.43 
233 4.29 
225 4.24 
232 4.26 
233 4.18 
226 4.13 
230 4.14 
231 4.11 
227 4.17 
216 4.09 
223 3.93 
226 4.03 
229 4.03 
227 3.98 
229 3.96 
228 3.93 
229 3.85 
228 3.78 
229 3.77 
233 3.71 
237 3.61 
237 3.61 
240 3.53 
240 3.43 
242 3.38 
246 3.34 
248 3.35 
250 3.24 
252 3.21 
256 3.12 
257 3.15 
264 3.07 
262 3.04 
266 3.06 
272 2.95 
272 2.91 
271 3.02 
275 2.94 
273 3.00 
276 2.95 
279 2.93 
277 2.94 
277 2.90 
278 2.90 
279 2.90 
277 2.91 
279 2.87 
281 2.89 
277 2.86 
279 2.87 
277 2.87 
279 2.82 
276 2.85 
277 2.82 
275 2.84 
276 2.83 
271 2.83 
278 2.83 
273 2.76 
271 2.77 
271 2.76 
269 3.03 
267 2.76 
270 2.80 
266 2.72 
266 2.75 
253 2.44 
251 2.75 
264 2.70 
253 2.75 
248 2.72 
243 2.70 
248 2.66 
252 2.62 
264 2.57 
260 2.56 
263 2.52 
260 2.50 
262 2.49 
258 2.47 
257 2.46 
257 2.48 
256 2.44 
255 2.41 
254 2.40 
249 2.40 
252 2.41 
248 2.43 
250 2.39 
250 2.39 
247 2.37 
248 2.39 
248 2.30 
244 2.43 
247 2.39 
243 2.37 
239 2.38 
242 2.41 
241 2.38 
239 2.36 
239 2.33 
238 2.29 
237 2.30 
234 2.32 
237 2.28 
240 2.28 
238 2.24 
236 2.26 
239 2.25 
239 2.23 
239 2.23 
239 2.21 
229 2.20 
239 2.17 
238 2.19 
241 2.14 
238 2.14 
233 2.13 
236 2.13 
239 2.10 
234 2.13 
238 2.11 
237 2.10 
235 2.09 
238 2.08 
238 2.07 
236 2.07 
234 2.05 
232 2.06 
235 2.09 
234 2.07 
221 2.06 
231 2.09 
231 2.05 
233 2.07 
221 2.07 
224 2.08 
231 2.09 
225 2.09 
224 2.11 
218 2.08 
215 2.08 
215 2.06 
211 2.04 
216 2.04 
216 2.02 
216 2.01 
220 1.99 
215 2.00 
216 1.98 
218 1.97 
216 1.92 
217 1.93 
216 1.89 
218 1.91 
215 1.89 
215 1.90 
228 1.89 
229 1.87 
229 1.86 
227 1.84 
227 1.84 
229 1.85 
226 1.84 
225 1.83 
222 1.84 
224 1.80 
223 1.83 
222 1.80 
223 1.78 
223 1.79 
221 1.77 
219 1.80 
217 1.79 
217 1.76 
215 1.80 
218 1.80 
215 1.81 
215 1.81 
215 1.78 
215 1.80 
212 1.80 
211 1.78 
209 1.79 
210 1.80 
209 1.79 
207 1.80 
207 1.81 
199 1.81 
204 1.78 
204 1.81 
199 1.80 
198 1.81 
202 1.78 
199 1.77 
189 1.78 
194 1.79 
201 1.78 
196 1.75 
189 1.78 
188 1.76 
194 1.77 
193 1.75 
193 1.77 
185 1.75 
190 1.75 
192 1.73 
189 1.73 
191 1.72 
181 1.77 
178 1.74 
176 1.77 
188 1.72 
186 1.72 
175 1.72 
173 1.72 
174 1.70 
172 1.70 
176 1.70 
182 1.70 
175 1.67 
181 1.69 
179 1.67 
181 1.68 
168 1.68 
176 1.68 
176 1.68 
179 1.68 
170 1.66 
167 1.71 
173 1.70 
164 1.70 
165 1.68 
167 1.70 
164 1.69 
164 1.67 
167 1.68 
163 1.70 
163 1.68 
162 1.66 
163 1.67 
160 1.64 
159 1.64 
160 1.62 
160 1.62 
162 1.62 
160 1.59 
157 1.61 
161 1.59 
156 1.59 
157 1.58 
154 1.57 
153 1.59 
154 1.56 
154 1.57 
152 1.54 
151 1.56 
153 1.56 
152 1.54 
151 1.54 
147 1.53 
145 1.55 
151 1.54 
150 1.54 
150 1.55 
147 1.54 
146 1.60 
150 1.58 
150 1.56 
151 1.55 
146 1.55 
147 1.58 
154 1.46 
142 1.54 
154 1.58 
144 1.58 
151 1.57 
143 1.58 
141 1.59 
142 1.59 
141 1.67 
143 1.60 
140 1.58 
138 1.59 
149 1.60 
141 1.60 
149 1.60 
143 1.62 
139 1.64 
146 1.65 
140 1.65 
138 1.60 
145 1.58 
136 1.64 
137 1.57 
135 1.61 
144 1.59 
138 1.59 
136 1.56 
144 1.57 
136 1.60 
138 1.53 
141 1.54 
137 1.58 
135 1.58 
136 1.57 
132 1.57 
137 1.57 
138 1.54 
133 1.58 
137 1.57 
137 1.56 
135 1.57 
140 1.58 
139 1.57 
133 1.56 
137 1.56 
139 1.57 
132 1.59 
129 1.56 
131 1.58 
129 1.58 
129 1.59 
131 1.61 
134 1.59 
131 1.62 
135 1.60 
130 1.60 
130 1.60 
131 1.63 
128 1.61 
131 1.64 
133 1.62 
132 1.61 
134 1.64 
132 1.65 
132 1.61 
131 1.64 
129 1.62 
132 1.62 
129 1.63 
133 1.62 
130 1.64 
132 1.62 
131 1.62 
129 1.62 
132 1.60 
127 1.61 
130 1.63 
127 1.61 
127 1.61 
126 1.59 
125 1.59 
125 1.63 
123 1.60 
122 1.61 
122 1.62 
122 1.56 
124 1.60 
124 1.58 
121 1.60 
124 1.61 
121 1.62 
121 1.60 
119 1.66 
118 1.94 
121 1.61 
118 1.64 
118 1.63 
121 1.62 
117 1.62 
118 1.63 
117 1.62 
115 1.62 
115 1.68 
117 1.65 
114 1.64 
112 1.61 
115 1.61 
112 1.62 
110 1.63 
116 1.63 
116 1.61 
115 1.61 
114 1.61 
113 1.70 
112 1.61 
112 1.60 
112 1.56 
111 1.58 
111 1.55 
110 1.57 
110 1.53 
110 1.57 
111 1.56 
108 1.56 
107 1.54 
107 1.54 
108 1.54 
106 1.53 
105 1.55 
105 1.54 
102 1.54 
102 1.55 
103 1.51 
101 1.52 
102 1.52 
101 1.52 
99.3 1.54
99.5 1.53
99.7 1.48
98.8 1.50
98.9 1.49
96.4 1.50
95.5 1.40
95.2 1.61
94.9 1.50
94.6 1.49
95.0 1.50
93.7 1.48
93.5 1.47
92.7 1.51
92.8 1.49
90.9 1.51
90.8 1.49
91.1 1.49
85.9 1.50
89.6 1.50
85.3 1.48
83.8 1.51
84.2 1.48
83.0 1.49
80.8 1.45
82.4 1.47
81.2 1.50
80.0 1.46
80.1 1.52
78.6 1.51
79.4 1.51
77.6 1.50
76.6 1.50
77.2 1.45
77.2 1.63
76.1 1.48
79.1 1.49
77.0 1.47
77.6 1.44
80.5 1.34
81.3 1.46
79.3 1.44
80.0 1.34
79.1 1.48
76.8 1.48
77.5 1.51
77.1 1.50
75.9 1.50
75.5 1.53
75.7 1.53
75.6 1.53
75.4 1.50
73.3 1.53
74.1 1.67
74.7 1.58
73.8 1.60
76.0 1.61
74.8 1.62
72.8 1.63
73.1 1.63
72.3 1.71
73.8 1.73
72.2 1.67
73.0 1.66
72.6 1.68
71.1 1.71
72.4 1.72
71.4 1.69
71.9 1.69
70.3 1.69
70.8 1.71
72.2 1.60
70.7 1.72
70.4 1.76
69.1 1.73
73.0 1.71
69.5 1.71
69.8 1.69
70.3 1.69
69.7 1.68
68.4 1.66
69.4 1.65
70.5 1.66
69.3 1.65
67.2 1.68
68.2 1.66
68.9 1.64
66.9 1.68
67.0 1.65
68.3 1.64
66.4 1.62
67.3 1.72
66.6 1.65
67.2 1.61
65.4 1.64
67.5 1.63
67.6 1.62
64.8 1.62
65.7 1.70
65.5 1.62
64.3 1.79
65.8 1.61
65.9 1.60
64.5 1.57
65.0 1.58
64.2 1.61
64.0 1.59
62.7 1.62
64.6 1.58
63.8 1.61
65.7 1.61
64.0 1.59
65.8 1.60
63.4 1.62
65.6 1.61
63.4 1.59
64.0 1.60
64.0 1.63
61.9 1.60
64.2 1.62
63.8 1.63
64.0 1.64
63.2 1.65
62.3 1.64
61.2 1.63
61.7 1.66
61.9 1.65
61.8 1.63
60.6 1.68
62.3 1.68
61.1 1.69
60.8 1.69
60.6 1.72
61.6 1.69
59.4 1.70
58.0 1.72
60.0 1.71
58.7 1.73
58.7 1.71
57.5 1.76
56.5 1.76
57.2 1.73
57.7 1.75
58.1 1.77
57.4 1.71
56.7 1.83
55.1 1.80
55.8 1.89
54.8 1.87
61.7 1.83
58.0 1.82
55.6 1.91
55.4 1.85
54.4 1.87
54.4 1.83
54.8 1.82
53.9 1.81
54.7 1.75
52.2 1.88
53.6 1.90
53.3 1.92
53.5 1.91
53.2 1.91
53.0 1.89
51.4 1.88
52.1 1.87
51.6 1.90
51.3 1.93
52.0 1.93
52.3 1.97
52.1 1.95
51.3 1.94
50.9 2.01
51.4 1.93
50.2 1.92
51.6 1.95
51.3 1.88
49.3 1.83
50.5 1.86
51.0 1.87
50.2 1.87
51.6 1.85
50.7 1.84
50.0 1.82
49.3 1.83
50.7 1.87
49.0 1.87
49.2 1.96
49.6 1.84
50.5 1.80
49.6 1.81
49.4 1.80
50.0 1.55
48.7 1.78
49.4 1.79
49.2 1.77
48.7 1.74
49.5 1.77
48.9 1.74
48.8 1.98
49.6 1.76
48.4 1.77
50.4 1.74
49.7 1.75
49.9 1.76
49.7 1.76
50.3 1.75
51.1 1.75
51.0 1.74
50.8 1.68
52.0 1.76
51.9 1.78
52.4 1.82
54.3 1.81
55.8 1.81
55.7 1.85
57.8 1.84
59.4 1.89
60.4 1.89
60.1 1.86
61.4 1.86
62.0 1.88
61.9 1.90
63.2 1.87
61.6 1.94
60.8 1.97
61.5 1.87
61.0 1.99
61.4 1.96
61.3 1.98
63.3 1.96
63.2 1.99
64.5 1.96
66.2 1.99
64.9 2.03
66.5 2.05
66.1 2.06
66.6 2.05
67.6 2.04
65.6 2.04
66.6 2.17
64.8 2.11
63.8 2.15
64.4 2.19
64.4 2.20
63.9 2.18
65.8 2.23
65.4 2.27
65.4 2.31
64.6 2.32
64.5 2.34
65.3 2.31
66.8 2.24
64.7 2.26
65.5 2.26
64.7 2.28
66.2 2.26
66.4 2.22
66.2 2.23
66.2 2.22
67.2 2.21
68.6 2.20
68.2 2.18
68.8 2.16
69.7 2.21
71.3 2.16
70.4 2.15
71.0 2.16
71.0 2.10
71.9 2.08
72.5 2.06
74.2 2.04
73.7 2.00
73.9 1.98
72.3 2.00
72.7 1.97
73.8 1.96
73.7 1.97
72.8 1.95
73.3 1.93
72.7 1.92
72.2 1.92
72.4 1.91
72.9 1.85
73.0 1.86
71.5 1.86
73.1 1.86
72.9 1.85
70.1 1.87
72.1 1.85
71.4 1.84
71.0 1.85
71.1 1.84
71.3 1.81
70.1 1.80
69.5 1.85
69.0 1.80
70.5 1.84
70.6 1.60
70.1 1.80
69.3 1.74
71.1 1.80
71.1 1.79
72.3 1.75
71.7 1.72
71.5 1.72
72.6 1.71
74.9 1.71
76.6 1.69
76.5 1.69
78.6 1.69
78.7 1.64
81.7 1.64
83.9 1.61
89.2 1.59
91.6 1.55
94.6 1.58
96.3 1.55
100 1.52 
103 1.52 
107 1.48 
109 1.46 
111 1.45 
115 1.45 
116 1.46 
120 1.41 
121 1.44 
124 1.43 
118 1.45 
124 1.45 
128 1.44 
129 1.43 
129 1.48 
131 1.41 
126 1.44 
131 1.42 
130 1.41 
134 1.43 
137 1.42 
136 1.41 
140 1.42 
136 1.42 
138 1.42 
136 1.43 
139 1.45 
136 1.38 
139 1.50 
135 1.42 
134 1.38 
134 1.41 
134 1.41 
133 1.41 
134 1.40 
130 1.37 
132 1.43 
130 1.43 
127 1.43 
127 1.43 
126 1.43 
127 1.45 
126 1.48 
124 1.47 
124 1.47 
123 1.51 
121 1.44 
119 1.48 
115 1.46 
114 1.49 
108 1.49 
109 1.54 
105 1.48 
104 1.44 
103 1.47 
102 1.45 
103 1.49 
101 1.45 
101 1.46 
97.7 1.46
99.4 1.46
97.0 1.50
96.7 1.47
94.4 1.46
93.9 1.46
96.8 1.44
94.5 1.50
93.2 1.45
95.2 1.46
94.9 1.45
93.1 1.44
94.4 1.43
93.7 1.48
94.3 1.44
91.0 1.45
91.9 1.45
92.2 1.45
94.7 1.47
93.8 1.44
93.6 1.46
97.2 1.43
94.3 1.36
95.4 1.41
97.7 1.46
97.7 1.45
97.8 1.44
99.7 1.45
102 1.47 
103 1.44 
103 1.43 
104 1.42 
105 1.44 
109 1.43 
109 1.44 
110 1.45 
111 1.44 
114 1.44 
117 1.44 
107 1.44 
120 1.46 
121 1.45 
125 1.45 
125 1.46 
129 1.46 
132 1.47 
141 1.46 
141 1.47 
138 1.47 
144 1.44 
145 1.46 
154 1.48 
153 1.47 
149 1.49 
154 1.45 
159 1.47 
159 1.51 
162 1.47 
161 1.50 
158 1.51 
160 1.51 
156 1.49 
157 1.52 
160 1.50 
159 1.49 
158 1.52 
154 1.53 
158 1.51 
154 1.53 
155 1.53 
152 1.53 
153 1.54 
149 1.52 
148 1.57 
149 1.58 
146 1.55 
145 1.60 
149 1.57 
147 1.60 
139 1.61 
137 1.62 
137 1.57 
135 1.65 
135 1.61 
135 1.62 
133 1.60 
133 1.61 
131 1.60 
131 1.57 
129 1.60 
128 1.55 
128 1.58 
126 1.59 
125 1.59 
125 1.57 
125 1.57 
124 1.58 
127 1.59 
125 1.57 
123 1.59 
122 1.53 
121 1.58 
123 1.59 
120 1.56 
120 1.57 
122 1.54 
121 1.55 
121 1.53 
119 1.50 
116 1.53 
115 1.51 
116 1.51 
115 1.49 
113 1.50 
111 1.49 
112 1.50 
112 1.48 
108 1.49 
106 1.51 
104 1.47 
106 1.47 
107 1.47 
107 1.46 
105 1.46 
103 1.47 
103 1.46 
101 1.43 
99.1 1.44
100 1.42 
98.2 1.44
97.0 1.39
97.2 1.37
97.3 1.41
95.8 1.38
94.7 1.38
97.1 1.37
96.8 1.41
94.5 1.41
95.4 1.41
93.0 1.41
95.9 1.40
92.9 1.42
95.1 1.41
94.7 1.41
93.4 1.42
93.0 1.42
95.5 1.42
94.8 1.39
91.9 1.41
91.3 1.44
94.2 1.43
90.9 1.42
90.4 1.41
90.8 1.45
93.0 1.42
91.0 1.42
90.2 1.46
93.1 1.51
91.2 1.44
97.0 1.46
91.1 1.51
94.7 1.49
95.9 1.45
96.2 1.43
95.6 1.46
96.6 1.49
103 1.45 
97.2 1.48
98.0 1.47
97.1 1.46
101 1.48 
98.9 1.49
99.7 1.49
99.4 1.51
97.1 1.51
102 1.48 
100 1.68 
100 1.57 
103 1.54 
104 1.54 
102 1.57 
103 1.51 
101 1.52 
103 1.47 
103 1.55 
102 1.51 
99.5 1.57
99.6 1.55
102 1.58 
100 1.54 
99.2 1.54
96.6 1.52
96.8 1.54
96.1 1.54
96.4 1.55
95.4 1.53
95.4 1.53
96.1 1.53
93.2 1.56
90.3 1.54
91.0 1.54
89.4 1.55
89.3 1.49
86.6 1.55
87.6 1.55
85.8 1.52
86.4 1.54
85.0 1.53
84.5 1.55
81.5 1.57
83.2 1.51
82.4 1.54
81.4 1.56
79.5 1.53
81.1 1.52
81.4 1.53
78.2 1.51
80.7 1.52
79.1 1.52
79.3 1.50
78.7 1.52
79.0 1.51
79.6 1.48
78.2 1.47
77.6 1.48
77.2 1.48
77.8 1.47
79.2 1.49
77.2 1.45
77.2 1.47
78.4 1.43
78.8 1.49
78.1 1.47
79.1 1.49
77.8 1.47
78.8 1.49
79.4 1.46
78.0 1.49
78.8 1.51
80.0 1.50
80.6 1.49
80.0 1.49
80.3 1.50
82.2 1.50
81.9 1.54
83.6 1.56
82.7 1.57
83.7 1.56
83.1 1.56
82.9 1.54
85.4 1.52
82.7 1.63
83.4 1.58
83.6 1.57
84.6 1.58
86.0 1.57
86.0 1.60
85.7 1.57
86.3 1.60
86.8 1.60
87.2 1.56
83.6 1.57
88.0 1.56
86.3 1.59
85.0 1.59
85.5 1.58
86.3 1.55
86.8 1.55
86.4 1.56
85.8 1.55
87.3 1.58
86.3 1.58
88.3 1.58
86.5 1.56
88.4 1.54
85.4 1.53
86.0 1.52
84.4 1.52
85.4 1.49
84.6 1.50
84.0 1.48
82.7 1.49
83.4 1.49
83.4 1.47
80.2 1.48
81.7 1.48
81.9 1.46
79.8 1.45
78.0 1.45
78.8 1.43
79.4 1.46
78.8 1.46
77.6 1.45
77.3 1.49
76.8 1.44
76.4 1.43
77.5 1.35
76.4 1.40
74.9 1.40
76.8 1.42
76.2 1.39
76.3 1.39
77.2 1.41
75.1 1.39
75.3 1.38
75.0 1.36
75.3 1.37
74.4 1.31
74.4 1.40
74.5 1.37
73.4 1.36
74.1 1.36
74.3 1.32
75.7 1.34
76.8 1.33
74.6 1.34
76.3 1.32
74.6 1.34
73.4 1.37
76.0 1.34
75.5 1.35
75.4 1.34
74.7 1.31
76.3 1.33
77.0 1.32
78.4 1.32
76.8 1.31
77.8 1.29
75.8 1.28
77.6 1.28
75.0 1.25
76.7 1.26
74.8 1.27
76.4 1.26
76.8 1.24
76.0 1.25
77.5 1.24
76.6 1.23
75.2 1.23
77.1 1.23
77.2 1.29
75.3 1.22
76.6 1.23
73.7 1.25
74.5 1.22
75.4 1.21
74.2 1.24
76.0 1.22
76.1 1.22
74.4 1.22
77.8 1.21
72.4 1.22
75.8 1.22
75.8 1.26
75.2 1.21
73.7 1.22
73.8 1.22
73.3 1.19
72.8 1.22
72.3 1.22
73.6 1.20
74.0 1.20
72.1 1.21
73.8 1.19
71.6 1.17
73.3 1.14
72.2 1.16
72.3 1.18
72.5 1.19
72.1 1.16
70.2 1.15
72.5 1.15
71.5 1.14
73.2 1.15
70.4 1.13
71.7 1.12
71.9 1.11
72.2 1.13
72.0 1.10
68.6 1.12
71.3 1.11
72.6 1.12
70.3 1.08
71.2 1.10
71.1 1.10
70.4 1.09
71.9 1.09
70.2 1.10
70.7 1.06
72.0 1.08
70.3 1.07
68.8 1.08
68.3 1.09
69.3 1.09
67.6 1.10
67.0 1.08
68.2 1.09
68.4 1.07
68.2 1.09
69.2 1.08
70.6 1.08
67.6 1.08
70.7 1.12
69.8 1.07
68.9 1.08
69.4 1.08
69.7 1.07
70.0 1.08
70.3 1.08
69.0 1.08
68.8 1.06
71.2 1.08
70.3 1.08
68.6 1.11
70.9 1.11
68.9 1.11
69.1 1.11
67.7 1.15
70.6 1.13
69.6 1.14
69.8 1.14
70.8 1.13
70.6 1.11
69.6 1.09
69.5 1.09
69.2 1.08
69.1 1.10
70.4 1.11
69.4 1.10
70.0 1.09
69.1 1.13
71.2 1.10
71.6 1.11
70.8 1.12
72.8 1.13
70.3 1.15
72.1 1.13
71.6 1.11
71.1 1.12
72.3 1.13
75.7 1.13
75.3 1.15
74.9 1.18
74.3 1.18
72.9 1.16
74.2 1.17
73.6 1.17
73.6 1.17
75.8 1.16
75.4 1.17
74.2 1.16
75.4 1.17
72.8 1.16
73.4 1.18
73.0 1.16
71.8 1.13
70.2 1.15
69.3 1.16
71.8 1.12
70.7 1.13
68.8 1.12
71.0 1.13
70.3 1.12
71.7 1.15
68.0 1.14
69.1 1.13
67.9 1.13
67.4 1.11
67.0 1.12
68.2 1.11
69.1 1.12
69.5 1.10
66.7 1.12
66.0 1.09
66.3 1.09
68.5 1.12
65.5 1.10
66.0 1.09
67.4 1.11
67.8 1.11
65.3 1.12
66.9 1.11
65.8 1.10
72.4 1.07
71.3 1.10
68.6 1.13
66.7 1.10
66.1 1.08
66.6 1.04
65.7 1.07
67.1 1.07
66.6 1.06
66.1 1.07
68.0 1.12
66.4 1.08
65.8 1.07
66.5 1.08
67.2 1.08
66.3 1.10
66.6 1.09
66.5 1.08
65.1 1.09
66.6 1.08
65.7 1.08
65.2 1.12
66.0 1.09
65.2 1.09
65.2 1.12
65.2 1.06
64.7 1.14
64.1 1.12
64.2 1.09
63.6 1.12
62.9 1.13
64.2 1.14
62.8 1.16
62.2 1.15
63.5 1.15
62.2 1.14
63.9 1.13
63.3 1.14
61.9 1.14
61.8 1.15
62.6 1.14
61.5 1.17
61.3 1.16
61.0 1.15
60.7 1.11
60.7 1.13
60.4 1.15
60.6 1.16
59.6 1.14
62.0 1.11
61.1 1.13
60.9 1.13
59.9 1.08
58.9 0.99
60.4 1.02
59.9 1.05
59.6 1.10
59.2 1.06
60.5 1.10
60.1 1.12
57.9 1.15
61.0 1.13
59.5 1.16
58.8 1.16
59.2 1.16
58.6 1.15
58.3 1.16
59.6 1.18
58.8 1.14
58.3 1.16
58.3 1.16
58.2 1.15
58.8 1.19
59.8 1.16
59.3 1.19
58.8 1.15
58.8 1.17
59.4 1.19
59.1 1.17
58.6 1.18
58.2 1.16
58.6 1.18
57.8 1.16
59.4 1.16
58.8 1.14
58.3 1.16
58.7 1.15
59.3 1.14
58.5 1.13
59.7 1.15
59.2 1.14
59.6 1.14
60.3 1.13
59.3 1.15
59.7 1.14
58.3 1.12
58.6 1.11
57.8 1.12
57.3 1.12
59.0 1.12
56.9 1.13
57.4 1.11
59.0 1.11
58.4 1.12
58.2 1.12
59.2 1.11
58.6 1.12
59.8 1.11
59.0 1.11
60.5 1.11
59.1 1.09
58.9 1.10
60.7 1.09
59.9 1.10
59.6 1.15
60.5 1.12
60.5 1.10
59.1 1.12
60.7 1.18
59.9 1.16
59.6 1.14
60.8 1.18
60.8 1.18
60.0 1.20
60.6 1.20
59.9 1.18
59.8 1.20
59.5 1.18
60.6 1.19
60.2 1.21
60.2 1.21
58.9 1.24
60.0 1.19
60.7 1.21
59.7 1.25
60.5 1.24
59.4 1.25
60.2 1.26
60.8 1.25
59.9 1.28
59.2 1.31
59.5 1.35
59.4 1.31
59.2 1.36
60.0 1.41
59.1 1.41
60.3 1.44
59.0 1.44
59.4 1.46
59.8 1.45
59.5 1.47
59.7 1.50
59.8 1.50
60.7 1.55
60.9 1.52
63.7 1.58
62.4 1.56
63.2 1.55
62.4 1.48
63.2 1.48
64.4 1.50
63.5 1.48
63.8 1.46
64.6 1.49
64.7 1.47
65.1 1.45
66.0 1.44
66.8 1.41
67.2 1.40
67.6 1.41
69.0 1.39
69.4 1.42
69.8 1.40
71.3 1.43
71.7 1.39
72.5 1.43
71.6 1.43
71.7 1.40
72.3 1.40
72.7 1.43
72.9 1.46
74.3 1.42
75.0 1.45
74.8 1.48
75.5 1.49
75.7 1.54
76.3 1.52
75.0 1.54
75.1 1.52
75.2 1.53
74.8 1.51
74.9 1.52
76.0 1.49
74.6 1.52
73.4 1.48
73.0 1.50
73.5 1.47
71.8 1.47
71.8 1.49
71.2 1.46
73.1 1.45
72.0 1.45
72.0 1.46
73.6 1.47
77.2 1.46
78.0 1.50
78.2 1.52
80.4 1.54
80.6 1.59
83.9 1.64
82.7 1.65
84.0 1.68
85.6 1.67
88.7 1.68
85.6 1.72
85.9 1.72
86.3 1.75
84.0 1.69
84.8 1.72
85.9 1.70
84.4 1.68
85.4 1.67
83.5 1.68
83.4 1.64
83.0 1.67
84.2 1.62
83.8 1.66
82.5 1.61
81.4 1.61
82.5 1.65
80.9 1.65
78.5 1.67
79.4 1.67
77.0 1.69
77.8 1.69
78.2 1.70
77.3 1.68
76.7 1.71
78.5 1.69
76.2 1.72
75.8 1.72
77.7 1.76
76.9 1.71
77.8 1.74
77.8 1.73
77.1 1.72
77.5 1.70
78.0 1.70
79.1 1.65
79.1 1.70
81.3 1.68
81.8 1.68
82.7 1.65
83.0 1.62
84.7 1.60
82.8 1.61
84.8 1.59
85.8 1.55
86.2 1.55
85.2 1.53
86.2 1.49
86.9 1.52
87.9 1.50
85.6 1.50
85.6 1.47
89.2 1.44
85.3 1.44
86.6 1.43
88.6 1.44
88.6 1.44
87.4 1.44
85.2 1.42
87.0 1.41
87.5 1.39
86.7 1.37
85.8 1.40
83.9 1.37
85.0 1.38
85.5 1.38
83.9 1.36
83.4 1.37
83.2 1.36
81.2 1.37
82.7 1.36
81.9 1.38
82.7 1.38
82.3 1.37
83.3 1.37
81.6 1.38
82.7 1.45
79.6 1.40
81.4 1.41
78.6 1.41
79.2 1.40
78.4 1.40
78.1 1.40
77.0 1.42
76.6 1.40
76.6 1.44
75.9 1.37
73.9 1.42
74.6 1.41
73.8 1.43
73.2 1.41
73.2 1.46
71.3 1.45
73.3 1.45
71.3 1.46
70.7 1.50
71.7 1.48
69.0 1.47
69.8 1.46
68.8 1.47
68.6 1.42
68.2 1.44
69.3 1.42
69.2 1.40
68.9 1.40
67.6 1.38
68.9 1.40
67.6 1.40
68.0 1.41
67.6 1.37
68.6 1.36
68.1 1.35
68.6 1.37
68.6 1.36
69.0 1.34
70.8 1.33
71.2 1.34
71.2 1.36
71.7 1.34
72.2 1.33
73.4 1.33
74.4 1.32
76.0 1.32
73.8 1.34
76.6 1.33
76.5 1.27
78.3 1.32
80.2 1.18
80.0 1.28
80.3 1.30
80.8 1.30
81.2 1.29
82.6 1.28
84.2 1.29
85.0 1.29
85.0 1.30
85.0 1.29
85.7 1.28
86.2 1.29
87.9 1.32
89.3 1.28
90.3 1.27
90.6 1.29
91.7 1.27
90.8 1.28
92.8 1.26
93.9 1.28
92.5 1.27
94.7 1.27
93.5 1.28
93.3 1.27
93.9 1.29
94.4 1.27
95.4 1.30
91.7 1.30
94.6 1.31
95.7 1.27
93.6 1.26
96.1 1.24
95.0 1.25
95.0 1.24
97.0 1.21
94.8 1.22
93.8 1.22
95.2 1.23
94.1 1.21
94.3 1.21
91.6 1.19
91.8 1.21
90.6 1.21
93.5 1.22
91.4 1.19
92.0 1.19
92.3 1.19
91.7 1.21
91.6 1.20
90.6 1.20
93.0 1.19
90.7 1.20
89.1 1.21
90.1 1.20
89.4 1.20
88.6 1.19
87.9 1.21
87.5 1.21
88.1 1.20
86.3 1.19
89.0 1.18
86.7 1.20
86.2 1.21
85.5 1.19
85.4 1.18
86.2 1.21
85.4 1.22
84.4 1.21
84.5 1.22
84.5 1.21
84.5 1.21
83.7 1.21
83.5 1.21
81.4 1.20
80.9 1.17
79.8 1.16
78.5 1.19
79.7 1.17
78.8 1.22
79.1 1.19
78.0 1.23
77.7 1.21
76.6 1.22
77.7 1.20
75.8 1.19
74.6 1.17
75.1 1.18
74.0 1.17
73.8 1.17
74.0 1.17
72.0 1.22
74.0 1.17
72.1 1.17
72.5 1.14
72.0 1.16
71.6 1.16
69.7 1.15
68.4 1.17
68.9 1.14
68.8 1.15
67.9 1.16
67.9 1.17
66.6 1.20
65.8 1.18
67.3 1.20
66.1 1.20
65.4 1.26
65.5 1.23
65.4 1.24
64.8 1.25
64.6 1.23
64.5 1.27
64.8 1.28
65.0 1.25
64.0 1.29
63.5 1.29
62.4 1.31
64.0 1.32
63.4 1.30
62.2 1.31
62.7 1.33
62.5 1.34
62.5 1.32
62.6 1.34
61.5 1.33
60.9 1.33
60.6 1.33
61.8 1.32
61.3 1.31
60.0 1.33
61.5 1.32
60.5 1.32
60.1 1.30
61.1 1.32
61.0 1.32
59.9 1.33
59.5 1.30
59.8 1.32
59.9 1.33
59.1 1.30
58.8 1.32
58.9 1.28
59.0 1.31
59.2 1.32
58.4 1.29
57.5 1.34
58.9 1.31
58.0 1.31
58.4 1.33
58.0 1.30
57.7 1.28
56.1 1.31
57.2 1.27
57.4 1.30
56.7 1.35
56.8 1.32
57.3 1.34
57.2 1.31
57.2 1.34
55.9 1.35
56.5 1.36
55.8 1.38
56.8 1.35
56.5 1.36
56.6 1.33
56.6 1.37
55.8 1.34
57.1 1.34
57.2 1.32
55.6 1.32
55.9 1.30
55.7 1.33
55.9 1.29
55.3 1.29
56.0 1.30
55.3 1.26
54.3 1.24
54.5 1.26
53.4 1.24
54.3 1.26
53.8 1.28
53.0 1.29
53.3 1.28
53.9 1.31
53.1 1.31
54.1 1.28
53.9 1.31
52.0 1.33
53.8 1.34
53.6 1.33
53.7 1.31
53.6 1.33
53.8 1.37
53.1 1.35
53.8 1.42
54.4 1.37
52.7 1.39
51.0 1.39
52.4 1.43
52.2 1.44
51.1 1.46
51.3 1.47
51.4 1.48
50.7 1.48
51.8 1.47
51.6 1.51
51.5 1.51
51.9 1.49
51.5 1.47
51.0 1.51
52.4 1.47
52.3 1.49
50.9 1.49
51.0 1.47
51.3 1.51
51.0 1.50
50.9 1.49
51.5 1.55
50.0 1.51
51.0 1.53
49.7 1.50
49.8 1.52
50.1 1.48
50.8 1.47
50.2 1.49
50.2 1.45
49.9 1.47
49.9 1.47
50.0 1.49
50.2 1.46
50.7 1.47
49.6 1.47
49.7 1.49
50.1 1.44
50.2 1.50
50.4 1.44
49.5 1.46
49.7 1.46
50.0 1.47
49.1 1.44
48.8 1.45
48.9 1.46
49.4 1.41
48.3 1.42
49.4 1.42
48.7 1.43
49.7 1.39
49.7 1.42
48.6 1.40
49.4 1.43
49.5 1.43
49.7 1.44
50.3 1.43
50.1 1.43
49.8 1.44
50.7 1.43
49.3 1.45
50.9 1.49
50.2 1.49
50.5 1.50
51.0 1.51
49.9 1.53
49.7 1.53
49.2 1.54
50.2 1.55
50.3 1.53
50.0 1.52
49.6 1.51
49.5 1.47
49.3 1.44
49.3 1.42
49.6 1.49
49.4 1.51
50.0 1.52
49.8 1.50
49.1 1.51
49.3 1.55
49.8 1.54
50.0 1.56
50.6 1.59
48.7 1.56
49.1 1.57
49.7 1.60
48.9 1.62
48.5 1.61
48.1 1.62
48.1 1.66
50.3 1.69
48.5 1.69
48.3 1.71
48.7 1.76
49.5 1.70
48.0 1.77
47.7 1.78
48.6 1.85
48.2 1.85
48.2 1.89
48.3 1.90
48.8 1.91
49.5 1.89
49.3 1.93
48.3 1.93
48.7 1.97
49.4 1.98
49.4 1.99
49.1 2.02
48.4 2.04
48.6 2.01
47.8 2.02
48.0 2.02
47.7 2.05
48.0 2.07
47.9 2.06
47.5 2.13
47.9 2.19
47.1 2.17
47.8 2.09
48.0 2.11
48.0 2.10
47.8 2.10
48.4 2.13
47.1 2.15
47.1 2.07
47.8 2.07
47.4 2.12
47.5 2.12
47.2 2.08
46.9 2.10
46.6 2.10
47.4 2.10
46.7 2.09
45.2 2.08
47.2 2.09
46.5 2.12
46.0 2.14
45.7 2.11
46.9 2.12
45.8 2.14
45.6 2.17
46.0 2.11
45.4 2.19
45.3 2.15
45.6 2.14
45.0 2.11
44.5 2.18
44.4 2.17
43.9 2.19
44.4 2.19
44.4 2.27
44.4 2.22
44.1 2.24
44.6 2.26
44.0 2.33
43.8 2.30
44.1 2.33
43.4 2.39
43.4 2.40
42.9 2.49
42.8 2.56
44.0 2.60
43.8 2.66
44.0 2.70
42.6 2.72
42.6 2.71
42.3 2.80
44.1 2.81
43.7 2.81
42.4 2.82
42.6 2.75
43.6 2.81
42.7 2.83
43.0 2.64
42.0 2.90
42.3 2.93
42.1 3.00
42.2 2.92
42.3 2.99
41.6 3.02
41.3 3.09
41.6 3.13
41.6 3.18
41.6 3.22
42.4 3.23
41.4 3.24
42.2 3.24
41.0 3.29
41.6 3.39
41.4 3.28
41.7 3.37
41.5 3.32
41.4 3.24
40.5 3.37
41.0 3.55
41.3 3.48
41.0 3.37
40.6 3.23
40.8 3.31
41.3 3.43
40.6 3.45
40.6 3.52
40.3 3.51
40.5 3.56
40.3 3.54
41.3 3.55
40.4 3.61
41.1 3.62
41.0 3.66
40.4 3.61
40.2 3.65
40.8 3.86
40.9 3.85
41.7 3.90
40.9 3.80
41.6 3.86
41.7 3.86
41.6 3.81
40.7 3.79
40.2 3.85
41.3 3.86
39.6 3.89
41.5 3.82
40.5 3.85
40.5 3.89
39.8 3.96
40.7 3.96
41.0 4.02
40.8 3.67
40.0 3.88
40.9 3.94
39.9 3.98
39.8 3.98
39.5 3.94
39.4 3.95
39.8 3.93
40.0 3.85
39.4 4.01
39.3 3.88
38.9 3.99
39.0 4.00
39.1 3.97
39.2 3.92
38.4 3.92
39.2 4.03
39.0 3.99
38.3 4.06
38.5 4.02
38.2 4.00
38.4 4.01
38.3 4.04
37.7 4.05
37.9 4.01
39.0 4.07
38.2 4.07
37.9 4.13
37.9 4.09
38.2 4.09
38.5 4.03
38.4 4.01
37.7 3.99
37.7 3.81
38.3 3.75
36.8 3.87
37.1 3.83
37.3 3.78
37.4 3.78
36.7 3.70
37.4 3.52
37.4 3.57
38.0 3.46
37.0 3.49
37.8 3.41
37.5 3.24
38.0 3.47
35.2 3.46
36.9 3.33
37.1 3.05
37.9 3.42
37.3 3.47
36.7 3.03
37.6 3.04
38.4 3.11
38.3 3.57
37.6 3.43
37.5 3.29
37.7 3.30
36.9 3.46
37.3 3.57
37.2 3.51
36.5 3.60
37.3 3.64
37.7 3.72
36.6 3.80
37.1 3.80
37.1 3.63
38.0 3.76
37.5 3.80
37.2 3.88
37.7 3.90
37.2 3.90
37.2 3.88
37.2 3.87
37.0 3.86
36.6 3.81
36.8 3.77
36.8 3.78
37.1 3.86
37.4 3.87
36.7 3.86
37.2 3.72
37.3 3.75
37.5 3.67
36.7 3.68
37.0 3.59
37.1 3.63
36.5 3.67
37.1 3.55
37.3 3.60
36.6 3.66
36.2 3.65
36.5 3.67
37.6 3.66
36.7 3.64
37.4 3.74
36.7 3.73
36.8 3.77
36.8 3.79
36.5 3.83
36.4 3.81
36.2 3.88
36.4 3.88
35.9 3.93
36.5 3.94
36.2 4.01
36.0 3.99
36.8 4.07
36.2 4.07
35.8 4.07
35.9 4.13
35.8 4.27
36.6 4.29
36.8 4.34
35.8 4.38
35.6 4.36
36.1 4.45
36.7 4.49
36.2 4.61
36.4 4.68
36.3 4.74
36.2 4.76
37.6 4.79
35.6 4.84
36.4 4.86
36.2 4.96
35.6 4.99
35.9 5.04
35.3 5.20
35.6 5.25
35.6 5.20
35.4 5.13
35.0 5.04
35.3 4.97
35.9 4.93
35.6 4.88
34.8 4.70
34.3 4.69
34.9 4.52
35.7 4.47
34.6 4.64
35.1 4.65
34.4 4.55
34.2 4.73
34.8 4.62
34.4 4.53
33.9 4.41
34.2 4.29
34.2 4.57
33.4 4.50
34.0 4.57
34.2 4.68
34.3 5.26
34.0 5.03
33.6 5.37
34.3 5.36
34.3 5.58
33.7 5.61
33.7 5.86
33.8 6.16
33.2 6.46
33.8 6.69
33.9 6.77
34.0 6.96
34.0 7.03
34.4 7.11
33.6 7.14
33.9 7.14
33.9 7.16
33.2 7.12
34.1 7.10
33.7 7.06
34.0 7.07
34.1 7.24
34.0 7.49
33.9 7.40
34.6 7.74
33.7 7.40
34.0 7.03
34.4 7.28
34.3 6.96
34.6 7.27
34.3 7.26
34.0 7.19
33.7 7.13
33.6 7.21
33.5 7.45
32.6 7.31
33.3 7.41
33.5 7.29
32.9 7.35
33.2 7.45
32.7 7.48
32.8 7.60
33.2 7.40
31.9 7.53
32.2 7.58
32.6 7.52
31.7 7.61
31.9 7.25
32.0 7.82
32.6 7.50
31.9 6.72
32.2 7.50
31.7 7.71
30.9 7.78
32.6 7.78
31.8 8.02
31.4 8.10
31.8 8.08
31.9 7.99
32.2 8.20
31.5 8.27
31.6 8.24
31.5 8.41
32.5 8.18
31.6 8.29
31.9 8.23
32.1 8.14
30.4 8.00
31.6 7.92
30.7 7.95
31.4 8.95
31.1 9.15
30.8 9.29
29.8 9.21
30.3 8.06
30.3 8.31
30.5 7.62
29.9 7.94
30.3 7.92
30.8 6.97
30.1 7.51
29.9 6.61
30.2 6.52
30.2 6.43
30.6 6.75
30.4 7.09
30.1 7.64
30.3 6.89
29.7 7.05
29.4 7.33
29.5 7.73
30.0 6.94
29.4 6.84
29.7 7.36
29.6 7.09
30.2 7.68
29.9 7.84
29.7 7.61
29.6 8.18
30.0 8.04
29.2 8.41
29.9 8.61
29.6 8.84
29.3 9.00
29.3 9.01
29.4 9.14
29.0 9.25
29.2 9.51
28.8 9.64
28.9 9.82
28.8 9.88
29.4 9.85
29.1 9.78
28.8 9.92
29.2 9.67
29.6 9.53
29.3 9.48
28.9 9.44
29.5 9.59
29.9 9.43
29.7 9.72
30.0 9.38
30.1 9.61
29.9 8.98
30.1 9.12
30.9 9.22
30.4 9.20
30.2 9.15
30.6 8.88