6.0	 13.8
4.2	 14.8
5.1	 13.1
5.7	 15.0
6.8	 15.3
4.1	 13.9
1.0	 15.4
9.4	 16.4
4.3	 15.6
1.6	 17.0
5.1	 15.0
1.7	 14.8
3.6	 15.3
3.4	 14.7
5.5	 14.7
5.5	 14.9
3.5	 14.7
1.4	 13.8
3.5	 13.7
2.5	 14.7
3.5	 14.0
2.9	 14.7
3.8	 14.9
3.7	 14.9
4.4	 15.2
3.7	 14.7
3.5	 16.5
1.8	 17.2
3.3	 16.9
5.0	 17.7
3.7	 21.9
3.2	 18.9
8.6	 19.0
7.8	 15.8
3.3	 16.6
0.8	 16.1
4.2	 14.2
14.6 16.6
8.6	 16.9
9.8	 20.5
8.3	 15.6
8.2	 16.4
11.5 17.2
7.2	 19.1
12.8 20.3
11.7 20.3
10.9 19.8
14.7 20.9
13.4 20.5
5.0	 20.6
17.9 18.5
10.3 18.5
14.3 18.3
10.2 19.4
11.0 20.5
13.6 18.4
14.4 18.0
14.5 18.2
2.3	 18.8
10.6 23.0
6.2	 19.9
13.8 22.5
13.5 21.4
4.6	 21.9
11.9 21.6
6.8	 18.8
9.9	 17.9
7.3	 18.2
13.7 17.4
8.7	 16.7
8.9	 18.6
13.6 16.2
10.8 15.5
5.2	 19.4
6.5	 20.6
1.0	 15.9
0.6	 20.7
6.7	 17.0
3.2	 17.0
1.6	 16.4
2.2	 14.0
3.4	 15.6
4.1	 15.8
2.0	 17.4
5.3	 15.7
2.3	 16.9
3.8	 17.8
3.1	 17.3
11.6 16.4
11.4 16.2
11.1 15.6
8.8	 15.7
4.9	 16.9
3.8	 14.8
4.7	 16.5
4.3	 19.6
3.5	 15.9
1.6	 15.2
3.4	 14.6
5.0	 14.2
0.7	 14.7
0.9	 15.2
0.1	 14.5
1.0	 14.8
1.2	 15.6
0.8	 14.0
3.3	 16.9
3.3	 14.6
2.2	 14.2
4.4	 15.2
3.9	 15.9
2.5	 14.2
2.7	 14.0
3.2	 16.3
5.0	 15.6
2.7	 15.1
3.0	 14.7
3.0	 15.3
1.4	 16.1
3.7	 16.6
5.4	 16.5
1.9	 15.5
4.4	 15.6
2.4	 16.0
3.3	 16.4
1.0	 20.1
0.6	 18.1
0.4	 16.6
6.1	 16.3
3.6	 16.3
2.8	 16.3
4.8	 16.0
7.7	 16.3
5.9	 17.0
13.2 17.5
2.6	 16.7
7.5	 19.6
3.7	 17.6
3.6	 19.3
2.5	 17.9
4.6	 15.9
6.3	 23.6
9.6	 22.9
4.2	 21.1
5.8	 16.9
14.7 15.8
10.7 16.2
5.3	 17.6
5.8	 17.8
4.5	 17.5
6.0	 15.7
1.6	 16.8
4.2	 20.2
0.6	 19.0
2.6	 20.3
3.1	 18.1
6.6	 16.8
14.2 18.0
5.5	 17.2
8.4	 20.7
11.5 18.6
10.6 20.0
3.5	 19.9
6.0	 18.8
4.0	 20.4
4.4	 20.4
3.8	 18.6
4.4	 20.9
1.8	 19.3
4.4	 19.7
1.2	 21.4
4.4	 20.3
0.2	 19.6
3.0	 26.1
6.5	 18.0
8.7	 16.7
12.2 18.5
13.6 18.3
4.1	 17.0
8.6	 18.3
4.2	 17.4
4.0	 16.6
4.1	 16.9
5.0	 16.8
3.9	 20.0
8.7	 17.5
11.3 15.4
9.4	 15.4
6.1	 16.5
6.6	 16.3
8.5	 16.1
9.5	 15.1
6.8	 16.2
3.0	 15.5
1.9	 14.7
3.2	 16.7
1.9	 14.9
3.1	 14.8
4.2	 14.6
4.8	 14.1
14.8 16.0
9.5	 15.2
13.0 16.1
8.9	 16.4
7.4	 18.3
6.3	 17.8
6.0	 17.1
12.2 17.4
10.7 19.0
13.7 17.8
11.3 16.4
9.7	 17.8
7.9	 16.1
9.3	 16.9
6.9	 17.9
6.0	 17.9
6.9	 16.9
6.5	 17.2
8.7	 17.5
8.4	 16.1
5.3	 18.2
9.7	 17.3
11.3 17.8
9.5	 18.4
13.2 19.4
7.1	 18.3
10.8 16.0
21.5 19.8
18.5 20.1
9.7	 20.2
14.0 19.4
10.5 27.8
12.1 23.0
9.9	 21.8
10.4 20.5
6.8	 21.5
7.7	 21.0
11.2 21.3
9.5	 19.1
9.0	 23.4
9.9	 20.1
8.2	 20.3
8.1	 22.4
10.1 21.4
13.3 20.9
9.3	 20.7
9.6	 22.1
14.0 21.7
11.4 22.1
9.4	 21.5
9.6	 22.9
14.0 23.0
6.6	 23.5
8.4	 23.5
10.4 22.7
5.4	 21.9
9.2	 21.8
6.3	 23.5
2.5	 23.3
6.8	 22.8
9.9	 21.3
3.9	 21.8
5.4	 21.0
5.9	 20.7
7.1	 19.3
9.5	 22.8
10.8 21.3
6.5	 24.2
6.6	 20.0
9.2	 21.3
7.9	 23.4
7.2	 23.9
6.2	 25.9
5.2	 23.0
8.0	 23.2
2.7	 22.0
3.2	 23.7
5.1	 22.3
5.1	 22.5
2.3	 23.8
5.4	 23.5
3.9	 22.3
6.8	 21.5
4.9	 24.4
3.6	 24.6
6.8	 24.6
9.4	 25.4
6.1	 26.1
10.1 26.8
7.6	 25.5
3.9	 28.1
7.5	 26.2
5.9	 24.8
7.6	 26.9
7.4	 26.5
7.7	 27.2
7.0	 23.8
8.8	 25.1
9.5	 25.0
10.3 22.4
10.9 26.3
8.7	 24.9
6.3	 26.0
8.5	 28.6
9.3	 22.8
5.9	 22.3
8.3	 27.0
7.8	 27.3
8.1	 23.1
6.7	 22.8
8.4	 24.6
6.6	 25.9
6.7	 24.6
5.1	 23.5
7.8	 26.6
9.7	 27.2
6.1	 25.3
7.7	 27.8
9.7	 29.7
9.0	 30.4
3.9	 31.2
4.0	 34.5
5.5	 31.9
4.5	 33.8
5.1	 32.7
4.5	 31.3
8.7	 28.9
7.7	 37.9
7.9	 34.7
5.0	 36.0
5.8	 33.6
7.5	 33.9
7.1	 35.1
5.1	 33.2
5.7	 30.1
4.1	 30.9
9.7	 32.4
3.9	 30.4
8.7	 35.0
4.4	 27.8
7.7	 29.2
5.7	 25.2
7.6	 26.9
4.8	 23.7
3.3	 25.1
6.3	 25.4
7.8	 24.7
2.4	 24.2
7.0	 22.6
8.8	 23.0
6.0	 23.2
2.6	 24.6
6.8	 22.1
7.8	 22.7
3.2	 22.4
10.4 23.1
7.0	 20.6
5.5	 22.3
5.4	 19.5
2.6	 20.1
3.5	 25.2
6.4	 25.6
5.7	 27.1
7.4	 26.9
3.8	 22.2
4.7	 27.4
3.9	 23.2
6.1	 24.6
4.8	 25.4
6.3	 25.2
4.5	 22.8
3.0	 25.3
4.8	 26.1
2.7	 27.6
3.6	 29.4
4.9	 28.4
7.0	 29.4
4.9	 28.0
1.8	 28.3
2.5	 29.1
4.8	 30.5
2.6	 31.5
3.5	 34.3
2.3	 34.2
3.9	 35.4
4.4	 35.9
2.2	 35.3
3.7	 36.4
0.8	 33.5
2.9	 35.4
2.6	 36.3
5.0	 34.4
6.7	 35.9
8.7	 34.9
4.2	 36.3
7.1	 31.8
5.1	 37.5
4.6	 34.9
6.6	 35.7
6.8	 33.0
9.8	 37.7
10.1 35.2
10.7 37.7
9.7	 36.9
6.9	 36.0
6.8	 34.6
9.1	 41.6
8.9	 34.1
7.2	 36.5
6.7	 37.4
9.0	 38.8
8.5	 33.3
6.5	 34.6
7.6	 36.9
6.8	 36.6
7.2	 35.0
8.0	 33.2
6.1	 31.2
6.7	 33.5
7.6	 34.3
9.4	 36.9
7.2	 36.7
10.6 32.7
13.6 32.7
10.7 38.1
13.1 38.8
10.6 32.8
12.5 34.8
17.5 38.3
6.0	 38.8
8.7	 39.6
6.4	 40.8
11.8 36.2
10.8 43.3
10.9 33.4
11.9 39.4
11.0 41.6
14.6 37.9
13.2 34.2
5.9	 32.6
13.9 38.8
18.8 35.4
14.7 38.4
14.2 39.1
6.4	 38.8
7.4	 41.7
4.6	 43.4
10.1 43.1
17.2 43.0
8.7	 40.3
6.0	 46.3
9.1	 42.6
4.4	 41.5
7.9	 46.4
11.1 46.4
17.0 47.6
5.1	 48.0
13.2 46.2
8.8	 44.4
8.3	 42.2
8.1	 46.4
6.3	 43.8
11.6 44.5
11.7 49.3
13.8 41.9
19.3 44.5
17.5 46.7
21.2 53.8
16.9 51.4
23.5 49.7
16.1 44.7
21.2 51.1
11.2 57.1
11.5 63.5
10.4 61.5
5.9	 57.1
11.4 56.4
7.7	 59.5
10.9 65.0
10.8 54.9
8.3	 57.6
8.4	 60.9
9.4	 60.0
4.7	 59.5
6.4	 52.6
8.8	 49.0
8.7	 50.2
6.2	 52.1
4.9	 53.9
5.6	 53.6
5.0	 53.3
5.0	 53.2
5.5	 54.3
5.8	 53.9
0.8	 49.5
2.8	 59.2
7.4	 54.3
9.8	 55.3
4.2	 53.7
9.9	 57.3
10.0 55.4
9.6	 52.1
11.0 51.0
7.0	 52.0
6.3	 48.6
7.3	 52.0
4.8	 53.1
7.4	 54.4
6.6	 59.4
8.9	 51.5
4.3	 50.5
2.1	 50.4
10.7 52.3
5.4	 47.8
7.8	 51.7
8.6	 57.2
6.9	 50.7
6.9	 51.4
10.7 59.8
16.2 57.7
3.9	 52.9
10.1 55.5
11.4 62.4
13.0 59.3
13.5 61.9
15.0 59.6
11.5 58.7
12.1 56.6
9.3	 57.2
9.0	 57.1
14.0 59.5
9.0	 67.6
17.1 65.4
20.8 57.2
15.2 73.5
8.8	 69.8
11.8 64.3
13.6 66.7
0.9	 71.8
2.0	 64.8
3.7	 64.1
7.5	 68.7
5.2	 62.7
5.0	 69.1
5.6	 60.4
4.2	 57.8
4.3	 59.7
7.7	 62.1
7.9	 63.0
8.0	 57.4
4.1	 59.6
5.1	 57.8
4.5	 66.6
5.4	 64.9
5.1	 68.5
2.1	 61.9
5.6	 65.8
2.1	 66.3
5.9	 51.7
7.6	 64.8
5.9	 64.8
2.3	 55.6
1.6	 63.7
1.3	 66.8
3.1	 63.1
7.9	 63.3
7.8	 65.3
2.0	 70.1
2.7	 69.3
2.0	 64.5
3.6	 64.1
5.2	 63.8
5.6	 61.8
4.8	 61.8
11.4 58.2
12.1 54.4
3.6	 61.6
6.0	 53.3
7.6	 60.6
8.2	 57.7
1.8	 57.5
6.2	 65.5
9.7	 59.6
2.8	 53.8
9.7	 59.4
10.9 52.7
7.4	 55.7
10.7 61.7
8.7	 55.6
10.9 63.7
8.6	 55.2
9.6	 55.7
11.0 60.2
5.1	 56.8
4.4	 58.5
12.1 59.0
8.7	 59.4
9.2	 60.6
8.4	 58.0
11.6 68.8
7.7	 64.1
10.1 55.9
8.0	 60.8
4.9	 61.3
8.8	 60.3
7.1	 66.0
2.8	 64.2
2.8	 61.1
5.8	 63.1
1.1	 65.2
3.0	 67.3
1.6	 67.6
3.7	 66.3
4.6	 63.5
9.0	 64.7
7.5	 61.0
11.1 63.6
11.1 73.8
7.3	 61.0
10.7 68.8
5.3	 59.5
2.5	 54.7
3.9	 54.4
1.8	 63.9
6.9	 59.2
3.4	 55.1
0.5	 64.6
0.9	 60.5
0.4	 62.8
2.2	 55.1
4.7	 54.6
1.0	 59.2
1.5	 56.3
7.5	 58.2
3.5	 58.7
3.8	 60.1
5.1	 55.9
2.2	 60.8
6.4	 60.1
4.0	 59.8
1.7	 59.4
4.0	 52.8
4.2	 55.2
3.8	 53.6
7.9	 59.5
9.3	 61.4
2.8	 63.8
5.4	 66.4
4.1	 61.2
0.7	 66.0
4.7	 72.1
8.0	 57.8
5.4	 65.7
3.2	 64.2
6.7	 65.8
2.6	 66.9
6.0	 69.7
7.1	 73.0
3.9	 65.4
3.4	 68.3
4.1	 65.6
2.2	 67.1
5.5	 68.5
2.0	 63.2
4.3	 66.5
4.2	 65.6
4.5	 69.9
4.8	 66.5
3.3	 62.6
3.7	 64.4
3.0	 60.7
3.0	 63.1
2.8	 60.9
2.2	 68.2
1.5	 63.8
1.1	 65.4
1.0	 64.5
0.5	 64.3
0.5	 63.3
0.7	 64.2
1.2	 67.1
0.8	 66.6
1.7	 62.6
0.4	 66.2
0.7	 66.8
0.9	 64.4
4.1	 65.8
2.5	 61.8
3.3	 66.7
2.3	 60.7
3.4	 63.5
2.0	 58.1
5.4	 64.1
1.5	 63.4
2.2	 66.5
4.6	 58.3
2.9	 62.8
3.5	 66.5
4.6	 58.9
4.4	 61.0
2.7	 60.9
3.0	 62.0
1.8	 56.0
2.3	 61.6
3.0	 62.3
2.0	 60.4
2.8	 62.0
2.7	 62.0
1.8	 60.3
3.2	 59.4
4.6	 62.6
8.8	 59.0
6.2	 64.6
6.4	 53.9
5.4	 57.3
3.1	 55.5
4.7	 53.6
4.0	 48.1
4.0	 54.7
5.9	 52.1
8.0	 45.7
10.4 48.0
10.6 49.8
9.9	 44.2
7.6	 48.3
8.0	 38.7
12.0 43.4
9.1	 45.4
7.9	 43.7
11.6 50.2
11.4 40.9
10.4 39.5
7.0	 45.1
6.7	 42.6
5.1	 41.4
9.0	 38.4
6.8	 44.8
5.5	 42.4
9.1	 41.2
5.8	 43.2
9.7	 41.6
4.7	 41.8
6.7	 38.7
4.7	 42.9
4.1	 42.3
2.6	 39.4
6.5	 44.7
2.2	 43.8
4.2	 42.9
2.5	 43.3
1.4	 39.1
0.4	 41.8
2.7	 42.5
1.1	 41.9
2.8	 42.8
1.1	 43.2
1.1	 49.9
2.7	 61.8
0.5	 56.4
2.6	 56.8
2.6	 57.4
4.5	 55.6
9.3	 53.7
8.7	 53.6
7.4	 52.9
7.9	 53.5
11.4 51.5
4.8	 50.7
4.0	 53.2
2.3	 55.5
4.0	 53.9
3.0	 62.2
2.5	 54.0
7.7	 57.5
0.9	 63.2
2.8	 60.5
0.7	 56.2
4.1	 55.3
11.6 58.4
11.8 52.9
14.1 58.0
13.6 53.7
8.9	 52.4
13.4 52.0
14.0 53.8
17.0 47.8
15.8 50.2
13.4 50.0
14.4 52.9
11.7 51.6
10.5 54.2
13.8 55.0
11.7 48.0
11.1 44.1
11.6 45.5
10.2 50.9
12.9 48.1
12.6 47.9
12.9 47.1
12.2 46.4
11.7 45.8
13.8 49.1
11.5 49.0
10.3 48.9
10.7 45.9
8.1	 47.7
7.8	 46.5
10.1 50.2
12.1 46.6
9.9	 51.4
9.6	 47.8
4.2	 46.8
6.8	 51.8
8.2	 51.8
8.8	 51.8
12.8 48.7
7.0	 47.1
6.2	 50.4
6.9	 46.5
4.0	 45.3
7.1	 48.6
10.5 51.2
8.2	 46.9
12.4 47.8
8.0	 44.7
9.9	 50.3
9.9	 49.3
11.6 45.8
7.7	 47.5
11.8 50.0
7.3	 47.3
4.4	 42.9
7.4	 48.2
12.0 44.3
10.3 53.5
10.6 51.3
5.6	 51.8
4.1	 50.4
7.3	 51.3
3.0	 47.6
4.9	 44.4
6.1	 43.6
4.8	 49.1
6.8	 50.0
3.5	 52.5
9.5	 48.6
8.1	 46.9
3.0	 49.8
2.2	 44.9
6.1	 49.2
7.5	 42.2
5.7	 46.5
7.3	 48.8
5.5	 45.7
18.7 51.2
14.1 48.2
15.5 49.0
13.3 51.4
8.4	 53.2
10.7 47.2
11.5 44.5
6.5	 51.7
8.2	 41.7
6.3	 44.0
7.3	 48.7
5.4	 44.3
2.7	 45.9
4.4	 44.4
6.6	 44.1
6.2	 44.0
7.9	 45.6
6.1	 48.4
5.6	 50.4
9.2	 46.2
1.8	 45.1
6.2	 48.5
5.9	 46.8
4.0	 45.5
2.2	 44.2
8.9	 44.9
8.7	 50.2
3.4	 46.6
6.9	 47.1
8.1	 46.7
8.3	 45.7
6.9	 46.4
6.0	 46.7
9.2	 48.5
7.2	 49.4
5.3	 44.5
5.6	 49.7
9.1	 47.7
9.6	 44.0
11.0 49.6
6.6	 48.6
10.1 46.3
9.3	 45.1
4.6	 44.8
9.0	 44.8
10.2 53.0
10.6 45.5
6.5	 49.6
10.0 51.8
12.1 48.9
10.5 45.1
7.0	 50.5
9.8	 43.8
7.0	 45.8
10.3 42.8
15.8 42.5
13.5 45.1
14.6 42.5
9.1	 47.4
8.7	 46.3
8.3	 42.1
10.7 48.4
9.6	 44.3
14.7 42.9
9.7	 49.2
12.5 42.7
12.8 45.8
15.1 43.2
8.9	 43.5
16.2 43.9
12.3 50.6
15.0 43.9
19.0 44.4
12.9 44.1
14.9 42.2
16.2 43.7
13.3 45.6
14.6 41.1
16.1 44.5
10.9 44.1
11.2 43.9
9.8	 46.9
7.8	 44.4
7.6	 44.1
8.7	 44.4
8.4	 43.8
10.0 47.0
7.0	 40.4
7.9	 46.6
6.1	 45.3
10.1 50.6
7.9	 48.0
8.0	 44.7
5.9	 43.0
7.4	 43.4
7.2	 43.0
6.2	 42.3
6.5	 45.0
4.5	 44.7
10.1 42.7
14.0 45.2
9.4	 48.8
10.3 45.4
12.0 50.5
10.3 42.0
11.8 45.6
12.5 40.3
13.5 43.7
11.8 44.2
11.3 45.7
7.6	 46.1
9.1	 46.6
6.4	 40.9
8.2	 40.8
6.6	 46.0
7.9	 45.6
5.4	 41.0
7.0	 40.7
8.1	 40.9
6.7	 40.6
5.8	 40.3
5.8	 41.8
11.3 40.9
12.7 41.8
18.8 41.1
13.4 41.1
7.6	 42.0
7.2	 41.2
6.5	 44.2
6.0	 43.0
4.0	 41.6
2.8	 41.3
1.0	 41.0
1.6	 41.3
2.3	 40.8
0.4	 40.9
8.3	 42.2
5.3	 41.4
7.1	 42.9
1.1	 41.7
1.6	 43.0
6.7	 41.6
6.5	 41.7
12.1 41.4
3.7	 44.4
13.3 45.4
3.9	 40.2
16.8 41.3
13.6 40.6
9.5	 42.8
7.8	 40.1
4.6	 42.3
11.5 41.0
3.6	 40.6
4.4	 40.4
4.5	 40.9
6.0	 40.7
4.9	 40.6
4.8	 40.7
9.0	 41.3
13.4 40.9
5.1	 40.5
4.3	 40.2
5.2	 39.6
3.7	 39.8
4.4	 40.5
11.7 40.2
8.2	 39.5
1.4	 39.2
12.3 40.4
7.5	 41.3
6.1	 40.0
10.1 39.7
1.9	 39.7
1.7	 39.8
6.9	 40.1
2.9	 39.3
2.9	 39.8
5.2	 39.2
8.9	 39.2
18.4 39.4
17.1 39.2
12.2 38.0
9.9	 38.8
14.5 41.9
15.4 43.5
13.2 38.9
12.8 39.3
10.2 44.4
10.3 41.5
4.5	 39.5
6.0	 38.3
4.2	 38.6
4.7	 38.8
7.5	 41.8
5.1	 38.5
5.0	 38.6
5.3	 37.7
2.4	 37.6
4.6	 38.3
1.3	 38.1
3.6	 39.3
2.4	 37.7
3.4	 38.5
1.3	 40.0
1.9	 38.4
0.9	 37.7
0.3	 38.2
0.4	 38.2
0.6	 38.1
0.3	 43.3
2.1	 37.8
4.2	 42.0
5.6	 40.4
4.5	 38.7
5.3	 38.1
1.7	 38.2
5.2	 37.7
2.2	 38.6
4.0	 39.1
6.2	 38.1
9.7	 39.7
1.9	 38.7
3.5	 37.8
6.2	 38.3
5.7	 38.2
5.6	 38.0
8.7	 39.5
7.1	 38.4
6.7	 39.6
6.0	 38.7
2.5	 40.0
4.7	 38.0
7.9	 38.4
1.8	 38.2
7.7	 37.9
3.4	 38.3
2.8	 38.7
2.1	 38.2
1.0	 37.6
2.6	 37.6
2.8	 38.5
2.0	 39.1
3.2	 38.0
4.3	 38.8
1.4	 42.3
3.9	 38.7
4.0	 38.3
2.0	 37.1
2.8	 40.1
3.8	 37.6
2.3	 39.2
2.5	 37.7
7.3	 37.6
7.0	 37.9
3.1	 37.7
2.8	 38.0
1.1	 37.3
7.2	 37.1
2.7	 36.6
6.2	 36.8
1.7	 36.7
1.5	 36.5
5.6	 36.6
2.2	 36.7
3.6	 37.3
3.5	 36.4
4.1	 35.1
2.7	 35.8
1.6	 35.3
2.8	 35.6
4.6	 38.6
3.0	 35.2
3.3	 35.6
3.1	 35.2
1.5	 36.8
2.3	 35.3
2.1	 35.1
2.3	 35.0
2.8	 34.6
1.4	 35.0
1.3	 35.4
7.3	 36.2
3.0	 36.8
2.8	 36.1
5.7	 36.2
3.9	 36.2
0.9	 36.0
2.4	 36.1
5.7	 36.6
3.3	 36.2
2.0	 37.0
1.1	 37.2
5.2	 38.9
3.5	 38.8
3.7	 39.7
4.3	 38.6
4.7	 37.9
6.9	 37.9
4.2	 37.2
4.0	 36.8
2.4	 37.2
3.6	 37.3
4.7	 42.0
2.7	 38.2
2.2	 37.7
2.1	 37.7
3.5	 36.2
1.8	 36.8
2.5	 36.4
2.6	 38.3
2.9	 40.1
3.5	 36.7
1.8	 34.7
1.4	 34.0
2.9	 34.7
2.1	 33.8
1.6	 33.7
5.4	 35.1
6.3	 34.8
4.3	 34.7
4.2	 37.0
4.0	 34.7
1.7	 35.3
2.0	 36.1
3.8	 36.1
4.4	 36.0
2.9	 36.1
5.0	 35.7
1.9	 36.0
2.2	 35.6
5.4	 36.3
8.4	 36.5
7.8	 37.7
4.3	 35.9
13.0 35.4
13.5 35.4
5.0	 35.9
5.6	 36.2
11.4 36.7
5.3	 36.5
9.5	 37.4
12.8 37.3
5.1	 38.8
8.4	 42.4
4.1	 37.8
15.0 37.7
6.6	 38.6
12.4 38.0
6.0	 38.4
8.3	 39.3
13.6 39.3
7.7	 40.6
2.9	 39.7
18.0 40.3
13.1 39.1
9.4	 37.9
9.6	 38.5
7.8	 38.4
5.8	 38.6
11.1 38.9
11.2 39.4
5.4	 42.0
6.1	 38.9
12.2 39.7
15.9 39.4
9.1	 37.6
8.1	 39.3
8.3	 39.0
5.3	 37.4
13.3 36.2
7.2	 34.7
14.9 34.4
4.1	 37.1
5.8	 36.5
10.6 34.0
7.9	 33.9
14.2 33.7
13.7 32.9
11.5 32.4
6.0	 32.8
12.9 32.6
6.9	 33.0
4.7	 32.2
11.3 32.7
6.1	 36.3
14.5 32.6
7.8	 32.4
8.1	 34.3
13.4 32.3
11.6 31.8
4.8	 31.8
9.2	 31.5
3.7	 32.1
5.6	 32.2
8.2	 32.0
8.4	 31.5
5.8	 31.8
11.7 31.4
5.8	 31.7
6.8	 32.5
12.2 33.2
12.6 31.5
4.4	 31.6
5.5	 32.2
7.6	 35.9
9.8	 31.8
4.4	 31.9
3.3	 32.0
12.4 31.8
13.4 31.8
12.7 31.6
10.5 32.0
3.0	 32.0
3.9	 31.9
8.2	 32.2
1.6	 32.2
9.7	 31.9
4.5	 32.4
2.3	 32.4
6.8	 32.2
5.9	 32.5
3.7	 32.3
2.8	 32.7
8.8	 32.4
4.1	 32.6
8.4	 33.9
12.2 31.8
7.2	 30.6
15.1 32.4
12.9 36.1
10.4 36.5
13.5 31.8
18.3 31.6
7.2	 36.2
10.1 35.9
13.5 34.2
12.6 33.0
10.5 33.1
8.9	 38.1
12.1 33.5
7.8	 33.0
17.0 33.3
3.4	 33.6
10.6 33.3
8.7	 33.2
11.7 33.1
12.0 32.9
4.6	 34.7
12.0 34.8
12.9 37.0
9.5	 36.1
7.0	 36.5
9.0	 35.3
12.9 35.6
7.1	 35.6
16.6 34.9
12.1 35.4
3.3	 35.6
4.2	 37.1
11.1 34.7
8.5	 34.5
15.2 36.7
6.1	 36.7
1.8	 36.2
2.0	 33.5
4.4	 34.3
2.6	 34.1
7.2	 33.6
10.7 33.2
7.0	 33.6
10.3 33.4
5.3	 34.8
12.3 33.1
3.6	 33.4
9.3	 33.0
10.4 33.4
9.6	 34.1
9.1	 33.9
6.2	 35.9
8.7	 33.9
8.2	 33.7
3.4	 33.0
4.5	 33.2
9.7	 32.7
4.5	 33.2
1.4	 33.1
6.8	 33.6
4.5	 33.7
3.3	 33.3
3.7	 35.5
5.7	 34.4
12.2 35.7
2.2	 35.7
7.4	 33.0
1.9	 32.9
11.5 32.8
9.5	 32.7
5.6	 32.4
9.1	 33.0
5.4	 33.1
5.9	 32.9
3.9	 32.8
8.3	 32.4
2.9	 33.7
5.7	 33.1
4.8	 32.8
5.8	 32.4
3.6	 31.6
8.4	 32.2
2.7	 32.5
7.4	 32.2
6.6	 32.7
3.7	 34.2
8.0	 32.7
7.8	 32.5
6.2	 32.5
10.4 31.2
6.1	 32.0
6.8	 31.6
8.8	 32.0
8.0	 31.8
7.0	 35.6
6.5	 31.6
13.3 31.7
4.1	 31.5
8.9	 31.8
2.1	 32.4
8.2	 32.2
9.8	 31.9
13.5 32.7
3.4	 33.1
7.6	 32.9
6.8	 31.9
12.9 31.3
9.9	 32.3
14.1 32.0
12.2 32.9
13.8 32.3
19.7 34.6
14.6 33.1
11.0 33.2
13.4 35.5
9.5	 34.8
20.5 33.0
14.4 34.1
9.8	 34.3
13.8 35.7
12.3 32.3
2.5	 34.8
16.3 34.9
7.0	 34.6
21.1 31.9
20.2 32.6
7.4	 34.0
12.8 33.4
8.5	 32.9
13.7 32.8
10.0 32.8
5.4	 32.8
4.0	 32.8
12.0 35.2
8.9	 33.8
9.2	 33.6
5.7	 33.7
4.9	 34.3
10.4 33.5
1.0	 34.7
5.6	 34.3
4.8	 34.5
4.8	 34.5
1.1	 34.3
5.8	 34.3
2.9	 34.2
2.9	 34.0
3.2	 33.0
3.8	 33.2
1.6	 32.4
9.3	 33.4
5.0	 36.4
7.4	 33.2
5.6	 33.2
4.0	 31.8
5.6	 32.2
7.3	 31.9
9.5	 33.3
8.3	 31.7
8.0	 31.3
9.7	 31.8
7.0	 31.4
10.5 31.0
4.3	 31.5
5.1	 31.6
3.3	 31.7
10.2 34.9
5.0	 32.0
9.9	 31.2
3.2	 32.2
3.0	 31.6
5.6	 31.5
4.1	 31.4
2.0	 31.1
4.2	 31.1
2.7	 30.9
3.0	 31.4
4.2	 31.1
4.8	 30.7
9.5	 31.2
0.8	 30.9
3.4	 31.2
6.0	 30.6
1.7	 30.9
7.3	 31.4
3.1	 30.4
4.1	 30.9
2.9	 35.5
6.4	 31.5
3.7	 31.4
3.7	 31.7
4.9	 31.3
2.9	 30.3
3.2	 30.8
8.1	 30.7
4.7	 30.7
5.3	 30.9
11.3 30.8
16.9 31.0
13.5 30.9
18.7 31.0
10.0 32.0
14.8 30.7
16.5 31.0
8.2	 31.0
3.4	 30.6
9.8	 30.4
10.6 30.6
4.3	 30.5
11.1 32.5
10.3 34.1
3.9	 30.5
6.9	 33.6
6.7	 34.7
5.2	 35.5
12.2 36.9
6.2	 41.3
9.2	 36.5
7.1	 36.1
10.8 35.9
10.2 35.0
13.5 35.3
9.6	 35.1
5.7	 35.7
5.4	 35.5
5.2	 35.7
4.6	 35.3
16.2 34.8
9.7	 35.3
6.0	 34.9
7.2	 34.4
14.4 33.9
12.2 32.7
9.5	 35.7
10.4 32.6
6.9	 32.2
10.2 34.3
6.5	 32.4
7.0	 32.4
10.9 31.2
6.1	 34.4
8.4	 31.1
7.2	 32.0
10.3 33.5
3.6	 30.6
3.8	 35.3
4.5	 30.8
6.6	 30.5
4.7	 34.2
8.1	 31.1
5.4	 33.5
6.5	 30.9
2.0	 30.8
9.1	 30.9
2.4	 30.9
4.4	 30.7
4.7	 31.0
5.2	 32.7
5.0	 31.1
2.8	 31.6
4.9	 33.1
4.2	 30.8
5.3	 32.5
4.5	 34.5
6.4	 34.0
1.7	 33.2
2.9	 33.6
8.1	 30.7
6.0	 31.7
5.4	 33.8
3.9	 34.2
3.0	 33.8
2.5	 30.7
2.2	 32.6
6.5	 32.2
4.8	 33.7
2.3	 32.8
3.2	 32.1
4.1	 31.8
2.0	 32.3
5.8	 34.7
2.2	 35.3
4.3	 33.2
3.9	 31.9
7.5	 34.3
3.9	 31.6
1.2	 34.3
5.1	 31.1
0.4	 32.0
4.4	 33.0
3.1	 31.5
5.1	 30.5
1.8	 34.7
2.9	 33.8
4.3	 31.7
4.3	 32.4
4.8	 33.4
7.0	 34.1
1.3	 35.1
6.1	 32.2
6.9	 34.7
5.0	 32.5
1.3	 34.1
5.5	 34.4
2.5	 35.0
8.6	 33.8
4.4	 35.6
8.1	 35.1
6.3	 34.5
10.6 35.0
8.6	 33.6
5.9	 35.3
7.9	 32.7
5.0	 35.6
7.3	 37.1
6.8	 32.6
10.2 31.6
6.8	 31.2
6.8	 30.1
12.1 27.5
7.6	 32.7
9.6	 31.5
12.5 32.3
10.6 32.7
7.3	 31.6
9.3	 33.3
6.7	 31.3
6.6	 31.8
7.4	 29.0
7.1	 29.2
6.3	 29.7
8.2	 31.6
6.5	 29.1
2.4	 32.2
4.9	 31.0
2.9	 30.1
4.2	 29.8
3.1	 31.2
4.7	 30.7
1.3	 29.3
3.9	 30.4
5.4	 31.3
6.0	 30.8
6.7	 29.8
4.0	 32.1
6.6	 28.8
7.0	 30.3
6.8	 30.2
3.9	 28.9
5.4	 28.1
5.3	 29.1
9.8	 32.0
8.3	 32.6
6.9	 28.9
5.9	 27.3
7.4	 29.1
3.8	 33.6
7.2	 32.4
8.4	 33.6
8.6	 30.3
8.5	 29.4
11.6 31.9
4.5	 28.6
6.3	 31.3
5.2	 30.9
8.3	 32.1
2.1	 30.5
5.4	 30.6
7.5	 29.8
5.8	 30.9
1.7	 30.4
8.9	 32.2
7.0	 32.8
3.4	 28.2
4.5	 31.2
8.3	 28.4
2.6	 32.1
5.3	 29.8
6.3	 30.5
6.8	 29.4
4.3	 30.1
5.3	 30.2
2.0	 29.7
4.0	 30.4
9.1	 30.8
5.7	 30.4
12.8 29.1
10.8 29.2
7.2	 30.0
14.4 29.0
10.1 30.0
9.1	 31.2
7.7	 27.9
12.9 29.6
8.4	 33.0
5.8	 31.9
13.9 32.5
3.3	 31.1
4.6	 30.6
6.2	 31.2
8.0	 29.2
5.3	 31.6
8.1	 33.2
10.3 29.9
4.0	 29.1
7.4	 33.5
7.8	 33.6
12.5 29.0
9.0	 36.7
5.4	 31.0
6.0	 30.3
3.5	 33.8
9.0	 32.7
9.3	 33.2
6.6	 30.7
7.9	 30.7
5.1	 31.6
9.0	 31.6
7.0	 32.7
7.3	 34.7
7.7	 30.9
4.2	 31.7
11.0 30.5
10.6 30.8
7.6	 31.0
10.0 29.3
14.3 30.8
2.5	 30.4
16.2 32.6
3.4	 31.3
9.1	 28.2
8.5	 30.6
4.7	 30.4
9.7	 33.6
9.6	 31.8
6.5	 30.8
7.5	 28.6
6.2	 31.4
6.2	 31.5
14.9 32.0
6.0	 28.6
10.4 28.5
7.0	 31.2
6.0	 30.5
9.7	 29.2
9.0	 30.2
7.9	 30.9
3.6	 30.4
7.2	 30.4
3.3	 30.4
2.3	 28.0
7.2	 28.9
4.8	 28.7
3.1	 29.0
5.1	 28.7
9.3	 30.4
8.7	 30.3
6.4	 30.3
7.4	 29.1
2.1	 29.7
5.6	 32.4
3.4	 32.3
4.6	 28.7
5.5	 30.0
12.1 29.9
8.7	 29.7
11.2 30.3
6.9	 29.2
10.3 28.7
6.0	 28.9
5.9	 29.8
10.3 29.7
9.4	 30.1
7.3	 29.5
11.6 29.4
6.8	 29.6
4.5	 30.1
9.1	 29.7
4.7	 29.3
11.5 29.8
9.9	 29.3
8.8	 30.1
6.9	 33.1
14.0 30.1
7.2	 28.3
11.5 30.2
5.3	 30.6
16.7 29.8
9.2	 29.1
2.0	 27.8
14.1 26.9
6.9	 32.4
16.4 28.4
8.0	 32.8
6.0	 31.9
8.5	 29.3
6.0	 30.7
9.9	 30.3
6.2	 31.7
13.7 31.3
16.1 28.5
10.2 28.9
6.7	 31.1
13.7 30.0
12.2 31.3
19.7 33.1
9.1	 32.1
6.4	 31.1
10.2 29.9
9.5	 29.2
18.1 33.2
4.3	 34.5
14.1 33.8
9.7	 33.5
8.8	 31.9
8.7	 32.4
3.8	 32.5
11.0 29.3
6.5	 32.5
6.9	 34.3
5.8	 31.4
14.0 30.4
6.0	 32.8
8.4	 29.8
1.5	 30.6
7.7	 32.4
6.8	 31.3
3.4	 29.8
5.1	 31.5
15.8 28.0
16.1 28.7
8.9	 29.2
6.6	 29.4
6.3	 29.7
19.5 30.4
7.8	 31.8
3.9	 32.4
12.8 30.7
7.4	 28.9
5.8	 29.4
6.3	 29.1
12.5 27.9
8.1	 30.1
9.5	 30.1
3.5	 29.9
7.0	 30.1
7.2	 30.6
7.7	 28.7
12.4 28.3
8.4	 29.8
12.4 29.7
14.8 27.0
7.9	 28.4
6.8	 27.5
4.0	 28.9
5.3	 26.9
9.8	 29.8
6.5	 28.1
8.3	 27.1
4.0	 26.6
8.2	 29.4
4.0	 27.9
0.9	 28.8
7.6	 28.5
8.9	 26.3
5.5	 28.0
1.7	 27.7
7.9	 28.3
8.4	 29.7
4.3	 26.9
1.1	 30.1
2.4	 27.8
2.6	 29.3
1.3	 29.3
5.4	 29.8
3.5	 28.0
6.6	 28.4
6.8	 30.4
9.7	 28.8
7.8	 32.6
5.1	 32.8
0.7	 29.9
9.5	 27.6
13.0 32.2
9.4	 30.2
11.1 30.5
6.2	 32.1
9.0	 34.0
12.2 28.8
5.8	 28.2
7.2	 26.8
2.2	 27.8
1.6	 29.0
5.4	 28.9
6.3	 29.0
10.1 29.8
8.6	 29.2
8.3	 28.1
1.9	 30.9
6.0	 33.7
1.2	 33.4
9.8	 31.1
8.0	 31.4
4.1	 29.4
6.9	 29.6
1.2	 33.4
3.4	 32.1
2.2	 32.0
3.4	 30.3
2.6	 30.9
3.4	 30.8
4.4	 29.7
4.9	 28.3
4.8	 30.7
5.2	 31.3
9.8	 33.4
4.4	 31.0
12.1 30.0
12.6 31.2
11.3 29.1
6.2	 27.1
4.4	 28.6
6.5	 29.6
6.2	 30.8
5.3	 28.7
5.7	 28.7
1.8	 26.8
2.9	 26.9
0.9	 27.8
2.8	 27.0
5.1	 26.5
6.2	 27.3
4.4	 26.1
6.5	 28.4
4.3	 27.7
5.2	 27.3
5.4	 26.7
7.9	 27.9
10.3 27.9
13.0 28.1
6.0	 27.8
3.9	 24.4
4.7	 26.7
6.6	 26.2
5.2	 25.5
6.3	 26.8
10.5 26.8
7.5	 27.7
9.5	 26.2
6.5	 25.4
5.3	 25.9
9.4	 28.0
8.0	 27.3
10.2 26.4
9.8	 26.0
9.6	 25.3
11.2 25.8
10.8 27.0
8.2	 25.9
7.3	 26.3
8.7	 26.3
13.0 25.0
9.4	 25.7
9.8	 25.1
10.4 25.9
10.5 25.1
11.0 23.2
12.3 26.7
10.4 27.7
5.9	 25.5
9.4	 28.1
8.5	 24.5
10.4 25.1
5.7	 26.1
3.8	 25.7
8.6	 26.7
5.4	 26.7
11.9 27.3
6.9	 25.9
12.4 27.1
13.3 26.6
9.7	 27.9
8.0	 28.4
6.4	 28.0
9.7	 27.3
14.4 26.3
12.6 29.3
7.2	 26.8
11.3 26.1
7.7	 25.5
1.1	 27.9
5.5	 25.4
9.7	 26.3
5.4	 24.2
8.7	 26.4
8.1	 25.7
9.8	 25.1
2.5	 26.3
5.0	 26.1
5.4	 26.1
14.2 25.5
9.0	 24.5
10.4 25.8
12.4 25.5
5.9	 24.8
10.5 27.0
3.2	 27.0
3.4	 24.4
13.1 27.0
7.2	 26.6
2.4	 26.5
5.5	 29.0
4.9	 27.4
6.4	 25.3
1.7	 26.0
0.7	 27.1
2.9	 26.6
4.4	 25.8
1.2	 26.9
3.2	 26.8
1.6	 28.0
1.8	 27.5
3.8	 26.8
3.4	 26.7
4.0	 27.4
3.6	 27.4
3.9	 28.2
3.2	 28.4
5.7	 28.0
3.2	 28.4
5.3	 27.0
4.5	 25.4
3.2	 26.4
4.1	 28.0
6.3	 28.3
6.8	 26.3
1.7	 25.9
4.1	 25.0
3.2	 26.6
2.0	 25.3
3.8	 27.3
3.9	 26.5
4.2	 25.2
4.1	 25.7
5.5	 24.9
5.2	 27.6
2.8	 27.3
4.5	 26.2
2.5	 26.0
3.0	 25.7
4.5	 26.4
5.0	 29.3
4.2	 27.5
5.4	 29.5
2.4	 26.6
6.0	 26.4
6.2	 26.8
6.0	 25.5
0.5	 25.9
3.5	 26.6
1.9	 27.5
3.9	 25.0
5.8	 24.9
4.8	 25.1
1.7	 26.7
2.4	 24.8
3.4	 26.7
4.6	 28.0
4.9	 28.2
0.9	 29.3
4.0	 28.4
5.6	 32.7
7.5	 35.0
6.6	 31.8
1.3	 31.1
5.4	 28.0
7.0	 27.2
4.8	 25.9
8.8	 27.4
7.8	 25.9
9.6	 26.1
6.7	 26.7
9.6	 27.3
6.7	 26.6
4.2	 26.3
7.7	 26.4
6.5	 26.3
8.0	 26.5
5.1	 25.8
3.6	 25.0
3.9	 24.5
4.5	 25.0
8.6	 24.6
5.5	 24.5
11.3 24.6
5.0	 25.0
4.8	 25.2
9.6	 25.2
7.3	 25.2
7.3	 25.3
4.2	 25.7
13.8 25.6
10.6 25.4
13.8 25.5
8.6	 25.8
8.7	 26.1
6.5	 26.3
8.3	 26.3
5.1	 26.0
6.1	 26.0
3.9	 25.7
5.8	 26.0
6.5	 26.6
3.7	 26.6
6.0	 26.7
4.3	 27.1
3.4	 26.9
2.7	 25.5
1.7	 25.0
1.2	 24.2
4.6	 24.4
1.9	 24.1
3.9	 24.2
2.3	 24.0
4.3	 23.9
1.3	 24.0
4.6	 24.0
1.9	 23.7
2.7	 23.8
1.2	 23.9
1.6	 23.9
1.5	 24.4
1.0	 24.3
0.6	 24.2
2.2	 24.2
0.7	 24.2
0.4	 24.4
0.2	 24.3
3.2	 23.9
4.2	 24.4
1.9	 24.0
1.2	 24.2
2.1	 23.8
0.3	 23.7
0.6	 24.4
0.2	 24.3
1.3	 24.4
2.0	 24.3
0.3	 24.8
1.5	 24.6
0.3	 24.6
2.3	 24.4
0.2	 24.3
1.0	 24.3
2.6	 24.5
2.2	 24.9
1.9	 24.8
0.3	 24.8
0.7	 24.4
3.1	 24.0
2.9	 24.1
2.7	 24.8
3.7	 25.0
5.9	 24.2
6.3	 24.2
4.7	 24.1
5.1	 24.0
2.7	 23.9
9.2	 23.4
4.9	 23.5
5.3	 23.6
7.3	 23.9
7.4	 23.5
7.5	 23.8
7.6	 23.4
6.4	 23.2
3.6	 23.2
6.7	 23.1
11.1 22.9
11.3 23.0
14.8 22.7
2.4	 23.1
5.6	 23.8
4.6	 23.7
5.1	 23.2
12.7 23.1
2.2	 23.2
12.5 22.5
7.2	 23.4
15.0 24.2
1.7	 22.0
6.0	 21.7
15.6 21.8
5.8	 21.7
12.8 21.9
9.0	 21.8
7.7	 22.2
11.2 22.6
6.3	 22.3
11.1 22.0
7.8	 21.8
8.8	 21.8
5.2	 22.0
6.8	 21.6
2.3	 22.1
10.8 21.5
6.4	 21.7
11.1 21.9
7.3	 22.2
4.9	 21.8
10.4 21.6
8.3	 21.7
4.7	 21.8
6.3	 22.0
5.7	 21.8
4.6	 23.0
3.9	 23.4
5.0	 23.7
3.4	 22.8
0.8	 22.8
0.8	 23.4
1.4	 23.5
4.0	 24.0
1.4	 23.7
4.5	 23.2
4.7	 23.7
2.7	 23.8
2.9	 25.0
3.8	 24.1
5.3	 23.2
4.5	 23.1
9.1	 23.0
3.1	 24.6
4.7	 24.4
4.1	 24.2
5.9	 24.3
14.1 24.2
7.4	 24.4
9.3	 24.5
3.9	 24.6
9.2	 24.2
3.3	 24.2
6.3	 24.9
9.9	 25.1
9.6	 24.6
11.6 24.3
3.9	 24.2
7.2	 24.2
1.7	 24.4
1.2	 23.9
8.1	 24.7
6.1	 24.5
6.0	 24.4
2.0	 24.1
6.1	 23.6
9.0	 23.6
4.1	 23.4
11.6 22.6
17.7 23.0
2.5	 22.9
15.2 23.8
12.2 23.9
12.5 24.0
2.5	 23.3
11.3 24.1
9.5	 25.6
9.3	 25.2
12.3 26.5
2.7	 26.7
12.2 26.9
11.0 26.1
3.2	 26.9
10.4 26.1
14.0 26.8
9.2	 27.5
6.0	 27.6
3.0	 26.6
6.3	 25.9
15.2 27.4
10.5 27.3
16.5 26.5
8.1	 27.3
7.6	 27.9
11.1 28.4
5.3	 27.8
11.2 27.5
15.0 26.5
7.3	 25.1
7.4	 26.8
6.0	 25.3
8.2	 25.5
3.4	 24.4
6.1	 22.7
8.2	 22.1
10.8 22.2
1.4	 22.2
7.7	 22.0
8.9	 22.0
6.6	 22.1
14.0 22.4
9.8	 22.3
8.7	 21.9
9.6	 22.0
6.0	 22.3
2.0	 22.6
7.6	 22.1
4.5	 22.2
1.1	 22.2
0.8	 21.8
2.0	 21.9
2.2	 22.1
3.2	 22.0
4.4	 22.1
6.3	 22.3
7.1	 22.3
5.0	 22.0
1.7	 21.8
4.5	 21.7
9.5	 21.9
6.6	 22.2
4.9	 22.3
9.1	 22.8
7.2	 22.7
12.9 22.6
10.5 22.6
11.0 22.5
5.2	 22.3
8.7	 21.9
12.4 22.0
5.7	 22.3
3.0	 22.6
3.6	 21.6
9.4	 21.8
4.1	 21.8
6.9	 21.6
7.2	 21.2
4.3	 21.8
7.5	 21.2
5.2	 21.3
3.1	 21.6
3.7	 21.3
5.3	 21.6
4.7	 21.4
6.0	 21.6
2.4	 21.4
6.9	 22.2
4.4	 21.6
6.1	 21.6
6.1	 21.8
1.2	 22.0
4.5	 22.2
5.7	 22.3
3.2	 23.2
4.7	 24.8
8.9	 22.8
7.9	 22.3
7.5	 22.0
6.1	 23.0
9.8	 22.9
8.0	 23.7
7.6	 24.5
8.8	 24.7
7.6	 25.5
9.1	 23.7
7.7	 23.2
7.6	 22.5
3.5	 23.3
9.0	 23.1
12.0 22.4
13.7 22.5
15.1 22.4
8.3	 22.2
11.5 22.5
11.0 22.3
7.6	 23.7
4.4	 23.0
18.1 22.6
5.9	 23.0
1.1	 22.9
9.7	 23.3
6.6	 23.0
2.6	 23.5
11.0 23.2
9.6	 23.4
11.4 23.6
6.2	 22.6
3.4	 23.0
12.3 22.7
12.0 22.6
15.7 22.5
7.0	 22.8
6.9	 22.9
12.2 22.3
4.6	 22.6
5.7	 22.2
7.7	 22.6
13.4 22.6
7.4	 23.4
8.7	 22.5
10.4 22.4
7.8	 22.5
2.8	 22.4
6.9	 22.6
5.3	 22.6
7.3	 22.6
8.6	 22.2
8.2	 22.6
7.2	 22.2
9.2	 22.1
10.7 22.8
11.9 22.3
11.8 22.3
4.2	 22.0
6.1	 21.8
3.8	 22.0
4.2	 22.1
7.1	 21.8
3.0	 21.3
7.6	 21.7
13.6 21.2
8.6	 21.4
9.0	 21.5
2.3	 21.6
6.1	 21.7
6.4	 21.5
4.5	 21.3
3.9	 21.5
5.3	 21.7
6.0	 20.4
1.9	 21.4
5.9	 21.7
14.2 22.5
10.8 21.6
7.6	 21.9
9.1	 21.8
6.4	 21.8
6.1	 21.7
4.1	 21.7
8.3	 22.2
6.1	 22.2
5.0	 22.0
12.5 22.5
14.2 22.6
5.1	 22.8
1.6	 22.9
6.4	 22.7
10.9 21.8
12.4 21.9
4.7	 22.3
9.0	 22.2
7.1	 21.8
2.1	 21.7
5.9	 21.7
6.0	 21.7
10.8 21.5
0.6	 21.6
7.8	 21.4
12.1 21.3
2.9	 21.4
2.7	 21.4
2.4	 21.2
6.9	 21.9
14.5 21.7
20.1 23.7
26.4 25.7
22.8 27.4
15.7 28.4
15.0 29.2
16.6 27.7
21.9 26.7
15.9 25.2
15.8 25.2
5.1	 24.5
7.8	 24.1
9.2	 25.0
5.6	 25.0
8.8	 25.9
8.0	 26.3
5.8	 25.3
8.3	 25.2
8.3	 24.4
6.7	 24.4
4.8	 23.8
9.1	 23.0
7.9	 22.8
2.7	 23.1
3.1	 22.8
10.3 22.9
7.7	 22.3
5.6	 22.4
8.1	 22.7
5.2	 26.4
3.0	 23.3
3.4	 22.9
7.9	 23.2
6.1	 24.0
5.9	 23.5
3.3	 23.3
3.8	 23.5
3.4	 23.7
5.3	 23.8
3.3	 23.2
0.5	 23.2
2.3	 22.8
0.4	 23.0
1.0	 22.6
3.8	 23.1
3.6	 23.2
1.9	 22.7
2.5	 22.8
6.9	 22.4
9.1	 22.9
13.9 22.7
23.4 22.6
15.7 23.0
10.0 22.3
21.1 22.6
21.0 22.3
16.0 22.3
16.3 22.1
12.4 22.2
10.5 22.3
10.4 23.5
8.9	 22.2
0.6	 22.1
4.8	 21.7
6.2	 21.9
3.6	 22.1
5.5	 21.7
4.1	 21.7
5.5	 22.0
3.6	 22.0
6.9	 21.6
5.2	 21.5
5.6	 21.1
2.4	 21.1
6.2	 21.1
11.1 21.3
5.0	 21.3
3.6	 21.4
10.9 21.7
3.9	 21.4
9.4	 21.5
3.3	 21.4
4.6	 21.4
3.1	 21.4
3.4	 21.4
7.3	 21.3
7.5	 21.2
8.0	 21.6
8.0	 21.2
6.4	 21.4
6.2	 21.4
0.9	 21.6
4.8	 21.7
2.4	 21.9
3.0	 22.1
2.7	 26.3
3.4	 25.3
2.2	 25.2
4.2	 24.4
1.6	 23.4
4.4	 22.8
0.4	 22.7
1.7	 22.7
4.1	 22.5
3.0	 23.2
4.7	 23.2
8.0	 22.8
6.3	 23.0
3.2	 23.0
2.0	 23.4
7.7	 22.9
6.5	 23.0
2.4	 22.3
4.9	 22.1
4.3	 21.4
2.3	 23.2
2.3	 22.8
4.5	 22.7
5.3	 22.8
6.3	 22.8
4.5	 22.4
8.4	 23.0
3.4	 21.7
5.6	 21.6
0.8	 22.8
0.7	 22.1
4.2	 21.6
3.9	 20.7
3.9	 20.7
2.1	 20.4
2.4	 20.5
4.0	 21.0
2.6	 20.5
5.0	 20.9
0.6	 20.5
0.9	 20.3
3.3	 20.2
2.3	 20.4
3.3	 20.2
3.2	 19.8
3.1	 20.3
2.7	 19.8
1.5	 19.8
0.9	 19.3
5.0	 19.7
2.5	 19.6
3.5	 19.4
3.1	 19.6
4.3	 19.5
1.8	 19.4
3.8	 19.6
2.2	 19.5
3.3	 19.7
3.9	 19.4
3.1	 19.3
0.7	 19.3
1.0	 19.2
1.0	 19.2
1.7	 20.4
2.2	 20.6
2.7	 20.4
2.7	 20.5
1.2	 20.3
1.3	 20.7
0.6	 20.6
0.6	 20.4
3.5	 20.0
3.2	 19.9
4.1	 19.6
4.9	 19.4
3.1	 19.5
5.7	 19.7
6.5	 19.8
4.8	 19.8
4.7	 19.6
4.6	 19.9
2.9	 19.5
4.8	 19.4
3.5	 19.4
4.6	 19.4
8.8	 20.1
4.6	 19.4
5.3	 19.4
5.8	 19.4
0.4	 19.2
7.1	 18.8
7.6	 19.2
7.1	 19.3
1.7	 19.2
2.3	 19.4
0.3	 19.0
3.1	 20.0
10.5 19.9
6.7	 19.8
1.0	 19.8
6.6	 19.4
5.7	 19.6
10.1 19.4
6.6	 19.6
5.4	 19.4
5.1	 19.2
3.3	 19.4
6.4	 19.7
11.1 19.7
8.2	 19.6
1.1	 19.7
0.6	 19.9
3.7	 19.9
1.4	 20.6
4.0	 20.0
5.0	 19.6
1.7	 19.7
6.0	 19.9
7.6	 21.2
6.6	 23.0
8.5	 22.5
4.8	 20.3
9.7	 19.4
12.4 19.7
7.8	 19.7
8.7	 19.4
7.0	 19.4
5.9	 19.4
11.9 19.3
4.1	 19.2
9.1	 19.4
6.2	 19.7
6.2	 19.6
3.9	 19.7
4.2	 19.6
6.2	 19.7
6.9	 19.3
3.5	 19.4
3.2	 19.4
6.6	 19.1
2.3	 18.8
0.9	 19.4
4.3	 19.6
3.2	 19.4
5.7	 19.7
4.8	 19.3
3.5	 19.0
6.6	 18.8
2.6	 18.7
5.0	 19.0
4.2	 19.0
6.4	 19.1
7.5	 19.0
4.9	 19.6
5.3	 18.9
6.4	 18.7
7.1	 19.1
4.6	 18.6
8.9	 18.6
6.2	 18.8
6.5	 18.7
6.5	 19.1
5.3	 19.1
7.4	 19.3
5.5	 19.3
7.2	 19.5
4.6	 19.3
5.4	 19.5
6.1	 19.0
3.4	 19.2
6.2	 19.3
6.2	 19.5
5.2	 19.6
7.2	 19.6
5.5	 19.9
3.4	 19.8
3.5	 20.4
8.7	 19.5
3.5	 19.5
3.3	 18.8
2.3	 18.9
4.2	 18.4
2.1	 18.7
2.8	 18.7
1.7	 18.5
2.9	 18.8
1.3	 18.7
8.4	 18.6
2.5	 18.8
2.6	 19.0
1.9	 18.8
3.5	 19.1
4.5	 18.5
3.4	 18.5
3.1	 18.6
2.5	 18.3
7.0	 18.5
4.5	 18.4
0.5	 18.4
1.9	 18.3
1.8	 18.5
0.9	 18.6
2.6	 18.6
3.1	 18.2
2.5	 18.2
4.7	 18.4
1.8	 17.6
2.2	 17.3
0.5	 17.4
1.6	 17.3
2.1	 17.5
8.5	 17.4
4.6	 17.0
1.5	 17.3
1.7	 17.2
10.0 17.3
3.5	 17.4
3.9	 17.6
8.3	 17.4
4.4	 17.1
2.8	 17.6
5.1	 17.3
4.7	 17.4
4.8	 17.5
4.1	 17.5
1.3	 17.6
2.1	 17.4
2.4	 18.6
1.9	 16.9
3.8	 16.7
4.0	 17.2
5.8	 17.0
3.2	 17.0
3.8	 17.5
5.0	 18.1
1.5	 18.3
2.9	 18.4
3.3	 18.2
1.9	 18.1
0.5	 16.7
1.7	 16.7
1.8	 17.2
0.9	 17.2
1.7	 17.7
2.5	 17.8
3.1	 18.0
0.9	 17.8
2.0	 18.1
1.0	 18.6
2.1	 18.4
1.0	 17.2
2.8	 17.3
0.5	 17.4
1.4	 17.5
1.6	 17.6
2.5	 17.4
2.9	 17.6
1.8	 17.7
1.5	 17.5
0.3	 17.4
1.6	 17.6
0.6	 18.0
0.2	 17.3
0.3	 17.6
1.4	 17.4
0.8	 17.5
0.8	 17.5
0.7	 17.7
2.0	 17.6
1.5	 17.5
1.4	 17.8
0.2	 17.6
1.8	 17.5
4.1	 18.0
2.2	 18.0
1.1	 17.9
3.5	 18.0
0.7	 17.5
0.5	 17.9
1.7	 17.5
1.2	 18.4
0.3	 18.1
0.6	 18.2
1.3	 18.3
0.4	 18.7
4.0	 18.6
4.4	 18.8
8.4	 18.4
14.2 18.6
8.0	 18.6
8.6	 18.6
7.8	 19.0
10.7 18.9
3.7	 19.2
7.1	 19.2
1.9	 18.8
7.0	 19.0
8.6	 19.3
12.7 19.2
16.0 19.2
11.2 19.8
11.7 19.4
8.8	 18.0
8.1	 16.8
6.1	 16.6
1.3	 16.3
2.0	 16.5
0.7	 16.6
2.0	 16.5
2.0	 16.2
2.2	 16.1
0.7	 16.2
3.3	 16.2
2.0	 15.9
2.2	 16.4
1.9	 16.5
4.1	 16.5
4.1	 16.4
4.9	 16.3
7.8	 16.1
6.0	 16.1
6.9	 16.0
9.2	 16.2
8.5	 16.3
5.1	 16.3
7.8	 16.1
6.1	 16.2
4.7	 16.2
3.4	 16.1
5.3	 15.4
6.4	 15.3
3.5	 15.3
5.1	 15.2
3.6	 15.6
4.8	 15.6
4.2	 15.6
3.8	 15.6
5.2	 15.6
5.7	 16.0
5.2	 15.9
4.2	 16.2
1.9	 16.3
5.4	 16.2
4.7	 16.3
5.7	 16.0
2.5	 15.8
6.0	 15.9
2.8	 16.0
4.4	 16.0
5.3	 15.9
6.2	 15.7
9.3	 16.0
2.4	 15.9
5.8	 15.7
6.2	 16.4
7.2	 15.2
6.4	 15.3
9.2	 15.1
6.1	 15.1
6.9	 15.0
7.0	 15.2
7.1	 15.4
4.5	 15.0
6.7	 15.0
8.8	 15.4
5.6	 15.6
5.2	 15.7
8.1	 15.6
3.2	 15.4
2.1	 15.6
5.7	 15.5
8.2	 15.9
7.2	 15.3
5.8	 15.3
8.1	 15.4
7.4	 15.3
5.4	 15.1
4.1	 15.2
5.2	 15.2
7.5	 14.9
4.2	 14.9
5.2	 14.7
3.8	 15.1
5.8	 15.0
2.4	 14.8
4.8	 14.9
6.2	 15.1
4.7	 14.9
5.6	 14.2
7.9	 14.7
5.6	 14.3
2.8	 14.2
3.7	 14.1
4.7	 14.2
0.9	 14.3
1.3	 14.2
1.7	 14.4
2.9	 14.8
1.6	 14.6
1.2	 14.5
3.6	 14.6
2.0	 14.9
2.6	 14.5
1.5	 14.5
3.9	 14.4
2.0	 14.5
3.7	 14.3
3.8	 14.3
2.5	 14.3
4.4	 14.8
1.9	 15.2
2.7	 15.0
6.3	 15.4
4.4	 15.4
4.6	 15.7
4.0	 14.8
3.7	 14.7
2.9	 14.7
3.2	 14.7
3.4	 14.2
1.6	 14.2
3.5	 14.2
5.5	 14.3
3.5	 14.1
2.4	 14.4
2.7	 15.2
2.1	 15.4
1.8	 15.2
4.2	 15.0
3.1	 14.5
0.6	 14.3
1.3	 14.3
0.9	 14.2