17.0 1.55
17.0 1.57
17.0 1.57
17.0 1.53
17.0 1.53
17.1 1.54
17.0 1.55
17.1 1.52
17.0 1.54
17.0 1.55
17.0 1.54
17.0 1.54
17.0 1.54
17.0 1.55
17.0 1.56
16.9 1.54
16.9 1.54
16.9 1.55
16.9 1.55
16.8 1.55
16.8 1.55
16.8 1.55
16.8 1.57
16.8 1.56
16.7 1.56
16.7 1.57
16.6 1.57
16.6 1.58
16.6 1.58
16.6 1.59
16.6 1.59
16.5 1.58
16.5 1.58
16.4 1.61
16.4 1.62
16.4 1.62
16.4 1.62
16.4 1.61
16.3 1.62
16.3 1.63
16.3 1.64
16.3 1.63
16.2 1.64
16.2 1.64
16.2 1.66
16.2 1.63
16.2 1.61
16.2 1.65
16.2 1.66
16.1 1.65
16.1 1.65
16.1 1.68
16.1 1.64
16.1 1.70
16.1 1.65
16.1 1.68
16.1 1.67
16.1 1.68
16.1 1.68
16.1 1.68
16.1 1.68
16.1 1.69
16.1 1.69
16.1 1.71
16.1 1.69
16.1 1.67
16.1 1.70
16.1 1.71
16.1 1.69
16.1 1.68
16.1 1.68
16.1 1.69
16.1 1.69
16.1 1.70
16.1 1.69
16.1 1.70
16.1 1.68
16.1 1.67
16.1 1.68
16.1 1.68
16.1 1.68
16.1 1.68
16.1 1.69
16.1 1.69
16.1 1.68
16.1 1.69
16.1 1.67
16.1 1.69
16.1 1.69
16.1 1.68
16.1 1.68
16.1 1.67
16.1 1.69
16.1 1.67
16.1 1.67
16.1 1.68
16.2 1.67
16.2 1.66
16.2 1.67
16.2 1.65
16.2 1.63
16.3 1.65
16.3 1.65
16.3 1.63
16.3 1.60
16.3 1.63
16.3 1.64
16.4 1.62
16.4 1.63
16.4 1.64
16.5 1.61
16.4 1.61
16.4 1.61
16.4 1.61
16.5 1.60
16.6 1.60
16.6 1.58
16.6 1.60
16.6 1.59
16.6 1.58
16.6 1.59
16.6 1.59
16.7 1.59
16.7 1.60
16.7 1.59
16.7 1.59
16.8 1.59
16.8 1.58
16.8 1.56
16.8 1.58
16.8 1.57
16.8 1.57
16.9 1.57
16.9 1.56
17.0 1.56
17.0 1.56
17.0 1.54
17.0 1.54
17.0 1.54
17.0 1.56
17.0 1.56
17.0 1.55
17.0 1.55
17.1 1.56
17.1 1.55
17.1 1.55
17.1 1.54
17.1 1.56
17.2 1.55
17.2 1.54
17.2 1.54
17.2 1.55
17.2 1.55
17.3 1.55
17.2 1.54
17.2 1.54
17.3 1.53
17.3 1.52
17.4 1.57
17.4 1.54
17.4 1.54
17.4 1.54
17.4 1.54
17.4 1.55
17.6 1.54
17.4 1.54
17.4 1.51
17.5 1.55
17.6 1.54
17.4 1.55
17.5 1.56
17.3 1.56
17.4 1.56
17.4 1.57
17.4 1.56
17.3 1.57
17.3 1.57
17.3 1.56
17.3 1.55
17.2 1.56
17.3 1.56
17.2 1.58
17.3 1.56
17.2 1.56
17.2 1.58
17.2 1.59
17.2 1.58
17.1 1.59
17.0 1.60
17.0 1.60
17.0 1.60
17.0 1.61
17.0 1.60
16.9 1.60
17.0 1.60
17.0 1.61
16.9 1.63
16.9 1.62
16.8 1.61
16.9 1.61
16.8 1.62
16.8 1.63
16.8 1.64
16.8 1.65
16.8 1.64
16.8 1.64
16.8 1.63
16.8 1.63
16.8 1.66
16.8 1.65
16.7 1.67
16.7 1.67
16.7 1.67
16.7 1.64
16.7 1.64
16.7 1.69
16.7 1.65
16.7 1.64
16.7 1.64
16.7 1.65
16.7 1.64
16.7 1.66
16.7 1.67
16.7 1.67
16.7 1.66
16.7 1.67
16.6 1.67
16.7 1.66
16.7 1.65
16.7 1.65
16.7 1.66
16.7 1.65
16.7 1.63
16.7 1.66
16.7 1.65
16.7 1.66
16.7 1.66
16.7 1.66
16.7 1.65
16.7 1.65
16.7 1.66
16.7 1.64
16.7 1.64
16.7 1.63
16.7 1.65
16.8 1.63
16.8 1.64
16.8 1.64
16.8 1.63
16.8 1.62
16.8 1.63
16.8 1.62
16.8 1.63
16.8 1.62
16.8 1.63
16.9 1.62
16.9 1.60
16.9 1.62
16.9 1.61
17.0 1.63
16.9 1.61
16.9 1.60
17.0 1.61
17.0 1.61
17.0 1.59
17.1 1.59
17.1 1.59
17.1 1.58
17.1 1.58
17.1 1.58
17.2 1.59
17.1 1.58
17.2 1.59
17.2 1.57
17.2 1.58
17.2 1.57
17.2 1.57
17.2 1.56
17.2 1.58
17.3 1.57
17.3 1.56
17.3 1.58
17.4 1.56
17.3 1.57
17.3 1.56
17.3 1.54
17.4 1.55
17.4 1.54
17.4 1.54
17.4 1.56
17.4 1.57
17.5 1.57
17.4 1.55
17.5 1.55
17.4 1.56
17.5 1.55
17.5 1.55
17.5 1.55
17.4 1.55
17.4 1.56
17.5 1.57
17.5 1.54
17.5 1.54
17.5 1.55
17.5 1.55
17.4 1.56
17.4 1.54
17.4 1.55
17.4 1.56
17.4 1.57
17.4 1.56
17.3 1.55
17.3 1.58
17.3 1.59
17.3 1.58
17.2 1.56
17.2 1.58
17.2 1.58
17.2 1.59
17.2 1.59
17.1 1.59
17.1 1.60
17.1 1.58
17.0 1.61
17.0 1.63
16.9 1.61
17.0 1.62
16.9 1.63
16.9 1.61
16.9 1.61
16.9 1.64
16.8 1.64
16.8 1.63
16.8 1.66
16.8 1.65
16.8 1.64
16.8 1.64
16.8 1.67
16.7 1.66
16.7 1.67
16.7 1.70
16.7 1.71
16.7 1.68
16.7 1.68
16.7 1.68
16.7 1.67
16.6 1.68
16.6 1.68
16.6 1.71
16.6 1.72
16.6 1.70
16.6 1.68
16.6 1.69
16.6 1.69
16.6 1.72
16.6 1.69
16.6 1.68
16.6 1.56
16.6 1.51
16.6 1.54
16.6 1.72
16.6 1.73
16.6 1.72
16.6 1.70
16.6 1.73
16.6 1.66
16.6 1.74
16.6 1.69
16.6 1.74
16.6 1.77
16.6 1.74
16.6 1.74
16.6 1.74
16.6 1.72
16.6 1.72
16.6 1.74
16.6 1.73
16.6 1.73
16.6 1.72
16.6 1.73
16.6 1.73
16.6 1.71
16.6 1.75
16.6 1.72
16.6 1.72
16.6 1.71
16.6 1.73
16.6 1.72
16.7 1.72
16.7 1.69
16.7 1.70
16.7 1.71
16.7 1.72
16.7 1.70
16.7 1.70
16.7 1.69
16.7 1.68
16.8 1.66
16.8 1.68
16.8 1.65
16.9 1.67
16.9 1.66
16.9 1.67
16.9 1.65
16.9 1.67
16.9 1.65
17.0 1.63
17.0 1.66
17.0 1.64
17.1 1.64
17.1 1.63
17.1 1.63
17.1 1.63
17.1 1.63
17.1 1.63
17.2 1.61
17.2 1.65
17.2 1.60
17.2 1.62
17.2 1.61
17.3 1.62
17.3 1.61
17.4 1.59
17.3 1.63
17.3 1.61
17.4 1.60
17.4 1.60
17.4 1.61
17.5 1.59
17.5 1.61
17.5 1.60
17.4 1.57
17.5 1.60
17.5 1.61
17.6 1.57
17.6 1.60
17.6 1.58
17.6 1.59
17.6 1.58
17.7 1.56
17.6 1.58
17.7 1.58
17.7 1.57
17.7 1.57
17.8 1.57
17.7 1.56
17.8 1.56
17.8 1.57
17.8 1.56
17.8 1.56
17.8 1.58
17.8 1.61
17.8 1.56
17.9 1.57
17.9 1.57
17.9 1.57
17.9 1.56
17.9 1.56
17.9 1.59
17.8 1.58
17.8 1.57
17.8 1.58
17.8 1.58
17.8 1.58
17.8 1.59
17.8 1.57
17.7 1.57
17.7 1.58
17.7 1.59
17.7 1.59
17.7 1.59
17.7 1.60
17.7 1.56
17.7 1.58
17.6 1.59
17.7 1.59
17.6 1.60
17.6 1.60
17.5 1.60
17.6 1.62
17.5 1.65
17.5 1.63
17.5 1.64
17.4 1.64
17.4 1.64
17.4 1.64
17.4 1.62
17.4 1.64
17.3 1.64
17.3 1.66
17.3 1.65
17.4 1.67
17.3 1.64
17.4 1.67
17.3 1.69
17.3 1.65
17.3 1.62
17.3 1.67
17.3 1.68
17.3 1.68
17.3 1.68
17.3 1.69
17.3 1.67
17.3 1.69
17.2 1.68
17.2 1.69
17.2 1.69
17.2 1.70
17.2 1.69
17.2 1.71
17.2 1.68
17.2 1.70
17.3 1.69
17.2 1.68
17.2 1.69
17.2 1.67
17.2 1.69
17.2 1.67
17.2 1.71
17.2 1.70
17.2 1.71
17.2 1.68
17.2 1.69
17.2 1.71
17.2 1.70
17.2 1.69
17.2 1.68
17.2 1.66
17.2 1.68
17.2 1.70
17.2 1.70
17.3 1.68
17.3 1.67
17.3 1.67
17.3 1.69
17.3 1.68
17.3 1.68
17.3 1.66
17.3 1.66
17.3 1.66
17.3 1.66
17.4 1.66
17.4 1.66
17.4 1.66
17.4 1.65
17.4 1.65
17.4 1.65
17.5 1.63
17.4 1.67
17.4 1.64
17.5 1.64
17.5 1.65
17.5 1.64
17.5 1.63
17.5 1.63
17.5 1.63
17.6 1.63
17.6 1.61
17.6 1.62
17.6 1.59
17.6 1.62
17.7 1.61
17.6 1.60
17.7 1.59
17.7 1.63
17.7 1.60
17.7 1.58
17.7 1.59
17.7 1.60
17.7 1.59
17.8 1.59
17.8 1.59
17.8 1.58
17.8 1.59
17.8 1.58
17.8 1.56
17.8 1.57
17.9 1.57
17.9 1.58
17.9 1.58
17.9 1.59
17.9 1.58
17.9 1.57
17.9 1.57
18.0 1.58
18.0 1.56
18.0 1.55
18.0 1.50
18.0 1.54
18.0 1.56
18.0 1.55
18.0 1.56
18.0 1.53
18.0 1.52
18.0 1.57
18.0 1.55
18.1 1.56
18.1 1.55
18.0 1.55
18.1 1.55
18.1 1.55
18.0 1.56
18.0 1.55
18.0 1.56
18.0 1.55
18.0 1.55
18.0 1.56
18.0 1.57
17.9 1.57
17.9 1.57
17.9 1.59
17.9 1.59
17.9 1.57
17.8 1.57
17.8 1.60
17.8 1.59
17.8 1.60
17.8 1.62
17.7 1.61
17.7 1.60
17.7 1.61
17.6 1.63
17.6 1.63
17.6 1.64
17.6 1.64
17.5 1.63
17.5 1.62
17.5 1.64
17.5 1.64
17.5 1.67
17.4 1.65
17.4 1.63
17.4 1.68
17.4 1.65
17.4 1.68
17.4 1.69
17.3 1.69
17.3 1.66
17.3 1.71
17.3 1.70
17.3 1.69
17.3 1.70
17.3 1.71
17.3 1.70
17.3 1.69
17.3 1.71
17.3 1.66
17.3 1.72
17.2 1.68
17.2 1.71
17.2 1.70
17.2 1.70
17.3 1.74
17.2 1.74
17.3 1.75
17.3 1.75
17.3 1.70
17.2 1.75
17.2 1.70
17.2 1.77
17.2 1.76
17.2 1.75
17.3 1.75
17.3 1.74
17.2 1.72
17.2 1.74
17.3 1.73
17.3 1.70
17.2 1.72
17.3 1.74
17.3 1.70
17.3 1.72
17.3 1.72
17.3 1.72
17.3 1.70
17.3 1.71
17.3 1.72
17.3 1.72
17.3 1.74
17.3 1.73
17.3 1.73
17.3 1.72
17.3 1.72
17.3 1.72
17.4 1.72
17.4 1.70
17.4 1.70
17.4 1.69
17.4 1.71
17.4 1.69
17.4 1.69
17.5 1.70
17.4 1.68
17.5 1.67
17.5 1.68
17.5 1.67
17.6 1.67
17.6 1.67
17.6 1.67
17.6 1.67
17.6 1.66
17.6 1.64
17.6 1.66
17.7 1.65
17.7 1.63
17.8 1.63
17.8 1.63
17.8 1.64
17.7 1.64
17.8 1.64
17.8 1.64
17.8 1.62
17.8 1.62
17.9 1.62
17.9 1.63
17.9 1.64
18.0 1.63
17.9 1.63
18.0 1.62
18.0 1.62
18.0 1.59
18.0 1.59
18.0 1.59
18.1 1.61
18.1 1.61
18.1 1.62
18.2 1.59
18.1 1.60
18.2 1.58
18.2 1.60
18.2 1.61
18.2 1.59
18.2 1.56
18.3 1.56
18.3 1.57
18.3 1.57
18.3 1.56
18.3 1.56
18.4 1.57
18.4 1.58
18.4 1.57
18.4 1.57
18.4 1.56
18.4 1.55
18.4 1.56
18.4 1.55
18.5 1.56
18.4 1.56
18.4 1.56
18.5 1.55
18.5 1.55
18.5 1.59
18.5 1.57
18.5 1.56
18.6 1.56
18.6 1.56
18.5 1.55
18.5 1.57
18.5 1.57
18.4 1.58
18.4 1.58
18.4 1.57
18.4 1.57
18.4 1.58
18.4 1.57
18.4 1.57
18.4 1.58
18.3 1.59
18.3 1.60
18.3 1.59
18.3 1.60
18.3 1.57
18.2 1.60
18.3 1.59
18.2 1.58
18.2 1.61
18.2 1.60
18.2 1.59
18.2 1.61
18.2 1.59
18.1 1.61
18.0 1.62
18.0 1.63
18.0 1.63
18.0 1.64
18.0 1.63
18.0 1.63
18.0 1.64
18.0 1.66
18.0 1.66
17.9 1.65
18.0 1.66
17.9 1.67
17.9 1.68
17.9 1.68
17.9 1.68
17.9 1.68
17.9 1.68
17.9 1.68
17.9 1.69
17.9 1.69
17.9 1.71
17.9 1.71
17.9 1.70
17.9 1.68
17.8 1.71
17.9 1.69
17.9 1.69
17.9 1.69
17.9 1.70
17.9 1.69
17.9 1.70
17.9 1.69
17.9 1.72
17.9 1.70
17.9 1.70
17.8 1.71
17.8 1.69
17.8 1.70
17.8 1.68
17.9 1.72
17.9 1.68
17.8 1.70
17.9 1.68
17.9 1.70
17.9 1.69
17.9 1.69
17.9 1.67
17.9 1.69
17.9 1.68
17.9 1.70
17.9 1.70
17.9 1.67
17.9 1.71
17.9 1.68
17.9 1.69
17.9 1.68
17.9 1.68
18.0 1.69
17.9 1.67
18.0 1.67
18.0 1.67
18.0 1.67
18.0 1.65
18.0 1.66
18.0 1.67
18.1 1.64
18.1 1.68
18.1 1.64
18.1 1.65
18.1 1.63
18.1 1.63
18.1 1.62
18.1 1.63
18.1 1.64
18.1 1.61
18.2 1.63
18.2 1.61
18.2 1.62
18.2 1.61
18.2 1.59
18.2 1.61
18.3 1.61
18.4 1.60
18.3 1.61
18.3 1.59
18.4 1.58
18.4 1.58
18.4 1.60
18.4 1.59
18.4 1.57
18.4 1.58
18.5 1.58
18.4 1.58
18.5 1.56
18.5 1.58
18.5 1.57
18.5 1.58
18.5 1.57
18.5 1.57
18.5 1.57
18.6 1.59
18.6 1.55
18.5 1.56
18.6 1.56
18.6 1.58
18.6 1.57
18.6 1.54
18.6 1.56
18.6 1.56
18.6 1.56
18.6 1.56
18.6 1.56
18.6 1.56
18.6 1.57
18.6 1.58
18.6 1.55
18.7 1.55
18.7 1.54
18.6 1.55
18.7 1.54
18.7 1.55
18.6 1.55
18.6 1.55
18.6 1.56
18.6 1.58
18.6 1.56
18.6 1.56
18.6 1.58
18.5 1.58
18.5 1.57
18.5 1.57
18.5 1.58
18.5 1.59
18.5 1.58
18.4 1.60
18.4 1.58
18.4 1.58
18.3 1.58
18.3 1.60
18.3 1.60
18.3 1.59
18.3 1.60
18.3 1.61
18.2 1.60
18.2 1.63
18.2 1.60
18.1 1.65
18.1 1.62
18.1 1.62
18.1 1.63
18.1 1.64
18.0 1.64
18.0 1.66
18.0 1.67
18.0 1.66
18.0 1.65
18.0 1.67
18.0 1.65
17.9 1.69
18.0 1.69
17.9 1.68
17.9 1.69
17.9 1.68
17.9 1.72
17.9 1.68
17.9 1.67
17.9 1.68
17.9 1.69
17.9 1.67
17.9 1.67
17.9 1.68
17.9 1.69
17.9 1.72
17.9 1.72
17.9 1.75
17.9 1.73
17.9 1.68
17.9 1.71
17.9 1.66
17.8 1.72
17.9 1.69
17.9 1.70
17.9 1.66
17.9 1.67
17.9 1.68
17.9 1.72
17.9 1.73
17.9 1.74
17.9 1.71
17.9 1.73
17.8 1.70
17.9 1.70
17.9 1.72
17.9 1.73
17.9 1.73
17.9 1.70
17.9 1.73
17.9 1.74
17.9 1.74
17.9 1.70
17.9 1.69
18.0 1.71
18.0 1.71
18.0 1.69
18.0 1.69
18.0 1.69
18.0 1.68
18.1 1.68
18.1 1.70
18.1 1.68
18.1 1.67
18.1 1.67
18.1 1.68
18.1 1.68
18.1 1.66
18.1 1.67
18.2 1.64
18.2 1.67
18.2 1.68
18.2 1.67
18.2 1.66
18.2 1.65
18.2 1.64
18.3 1.65
18.3 1.64
18.3 1.64
18.3 1.62
18.3 1.62
18.4 1.60
18.4 1.62
18.4 1.61
18.4 1.63
18.4 1.61
18.4 1.62
18.4 1.60
18.4 1.62
18.4 1.61
18.4 1.61
18.5 1.61
18.5 1.61
18.5 1.59
18.5 1.61
18.5 1.57
18.5 1.59
18.5 1.57
18.6 1.58
18.6 1.60
18.6 1.57
18.6 1.58
18.6 1.57
18.7 1.58
18.7 1.56
18.7 1.57
18.7 1.57
18.7 1.57
18.8 1.55
18.7 1.57
18.8 1.56
18.8 1.56
18.8 1.56
18.8 1.55
18.8 1.55
18.8 1.58
18.8 1.54
18.8 1.56
18.8 1.56
18.8 1.57
18.8 1.55
18.8 1.56
18.8 1.57
18.8 1.56
18.8 1.55
18.8 1.54
18.8 1.56
18.8 1.56
18.8 1.56
18.8 1.56
18.8 1.57
18.8 1.55
18.8 1.55
18.8 1.55
18.8 1.57
18.8 1.57
18.8 1.57
18.7 1.56
18.7 1.58
18.7 1.56
18.7 1.57
18.7 1.59
18.7 1.57
18.6 1.58
18.6 1.60
18.6 1.61
18.6 1.61
18.6 1.58
18.6 1.59
18.5 1.61
18.6 1.62
18.4 1.61
18.5 1.61
18.4 1.62
18.4 1.64
18.4 1.62
18.4 1.63
18.3 1.65
18.4 1.64
18.3 1.65
18.3 1.67
18.3 1.66
18.3 1.66
18.2 1.68
18.3 1.67
18.2 1.66
18.2 1.68
18.2 1.62
18.2 1.66
18.2 1.67
18.2 1.70
18.2 1.68
18.2 1.72
18.2 1.70
18.2 1.71
18.2 1.72
18.2 1.75
18.2 1.79
18.2 1.80
18.2 1.82
18.2 1.81
18.2 1.73
18.2 1.73
18.2 1.73
18.2 1.75
18.2 1.72
18.2 1.76
18.2 1.71
18.2 1.71
18.2 1.72
18.2 1.70
18.2 1.70
18.2 1.72
18.2 1.70
18.2 1.72
18.2 1.71
18.2 1.68
18.2 1.70
18.2 1.69
18.2 1.69
18.2 1.70
18.2 1.69
18.2 1.69
18.2 1.68
18.2 1.70
18.2 1.67
18.2 1.70
18.2 1.68
18.2 1.68
18.2 1.69
18.3 1.68
18.3 1.68
18.3 1.68
18.3 1.66
18.3 1.66
18.3 1.66
18.3 1.67
18.3 1.65
18.4 1.67
18.4 1.64
18.4 1.66
18.4 1.65
18.4 1.63
18.4 1.62
18.4 1.63
18.4 1.63
18.4 1.65
18.5 1.63
18.5 1.61
18.5 1.62
18.5 1.62
18.5 1.60
18.5 1.60
18.6 1.60
18.6 1.61
18.6 1.60
18.6 1.61
18.6 1.59
18.6 1.59
18.7 1.59
18.7 1.58
18.7 1.59
18.7 1.59
18.7 1.57
18.7 1.59
18.7 1.59
18.7 1.58
18.7 1.58
18.7 1.57
18.7 1.56
18.8 1.56
18.8 1.56
18.8 1.56
18.8 1.57
18.8 1.56
18.8 1.55
18.8 1.57
18.8 1.55
18.8 1.56
18.8 1.56
18.8 1.57
18.8 1.57
18.8 1.70
18.8 1.76
18.8 1.72
18.8 1.56
18.8 1.56
18.8 1.56
18.8 1.56
18.8 1.55
18.8 1.56
18.8 1.56
18.9 1.57
18.8 1.56
18.8 1.57
18.8 1.56
18.8 1.58
18.8 1.58
18.8 1.57
18.8 1.57
18.8 1.58
18.7 1.58
18.7 1.59
18.7 1.56
18.7 1.60
18.7 1.59
18.7 1.60
18.7 1.60
18.7 1.59
18.6 1.59
18.6 1.60
18.6 1.60
18.6 1.63
18.5 1.61
18.5 1.62
18.5 1.62
18.5 1.65
18.5 1.63
18.4 1.62
18.4 1.64
18.4 1.68
18.4 1.69
18.3 1.67
18.3 1.66
18.3 1.68
18.2 1.69
18.3 1.67
18.3 1.68
18.3 1.67
18.2 1.70
18.2 1.70
18.3 1.71
18.3 1.70
18.2 1.72
18.2 1.70
18.2 1.72
18.2 1.71
18.2 1.73
18.2 1.73
18.2 1.71
18.2 1.73
18.2 1.77
18.2 1.77
18.2 1.80
18.2 1.79
18.2 1.75
18.2 1.73
18.2 1.73
18.2 1.72
18.2 1.71
18.2 1.72
18.2 1.71
18.2 1.71
18.2 1.72
18.2 1.71
18.2 1.75
18.2 1.75
18.2 1.74
18.2 1.75
18.2 1.72
18.2 1.74
18.2 1.75
18.2 1.74
18.2 1.73
18.2 1.73
18.2 1.72
18.2 1.73
18.2 1.73
18.2 1.72
18.2 1.73
18.2 1.74
18.2 1.74
18.2 1.73
18.2 1.72
18.3 1.72
18.3 1.73
18.3 1.71
18.3 1.72
18.3 1.70
18.3 1.68
18.3 1.72
18.3 1.70
18.3 1.70
18.3 1.69
18.4 1.69
18.4 1.68
18.4 1.67
18.4 1.68
18.4 1.67
18.4 1.69
18.4 1.66
18.4 1.65
18.4 1.65
18.5 1.65
18.5 1.64
18.6 1.66
18.5 1.64
18.6 1.64
18.6 1.61
18.6 1.63
18.6 1.62
18.6 1.63
18.7 1.62
18.7 1.61
18.7 1.61
18.7 1.61
18.7 1.61
18.8 1.60
18.7 1.59
18.8 1.60
18.8 1.58
18.8 1.61
18.8 1.59
18.8 1.61
18.8 1.60
18.8 1.58
18.8 1.59
18.8 1.58
18.8 1.56
18.9 1.59
18.9 1.57
18.9 1.58
18.9 1.57
18.9 1.57
18.9 1.58
18.9 1.57
18.9 1.57
18.9 1.56
18.9 1.55
18.9 1.57
19.0 1.56
18.9 1.56
19.0 1.56
19.0 1.54
19.0 1.47
19.0 1.58
19.0 1.59
19.0 1.49
19.0 1.57
19.0 1.56
19.0 1.57
19.0 1.56
19.0 1.56
19.0 1.56
19.0 1.58
19.0 1.58
19.0 1.56
19.0 1.58
19.0 1.57
19.0 1.58
19.0 1.58
18.9 1.58
19.0 1.58
18.9 1.59
18.9 1.57
18.9 1.57
18.9 1.58
18.9 1.58
18.9 1.57
18.9 1.61
18.9 1.60
18.9 1.64
18.8 1.61
18.8 1.61
18.8 1.62
18.8 1.61
18.8 1.60
18.8 1.62
18.8 1.63
18.7 1.65
18.7 1.65
18.7 1.64
18.7 1.65
18.7 1.64
18.7 1.65
18.7 1.64
18.6 1.65
18.7 1.66
18.6 1.69
18.6 1.67
18.6 1.65
18.6 1.69
18.5 1.67
18.5 1.69
18.5 1.67
18.6 1.69
18.5 1.69
18.5 1.70
18.5 1.70
18.5 1.71
18.5 1.70
18.4 1.71
18.5 1.70
18.4 1.73
18.4 1.72
18.5 1.73
18.4 1.69
18.5 1.73
18.5 1.71
18.5 1.74
18.4 1.72
18.4 1.74
18.4 1.75
18.4 1.73
18.4 1.75
18.4 1.74
18.4 1.76
18.4 1.75
18.4 1.76
18.4 1.74
18.4 1.73
18.4 1.69
18.4 1.74
18.4 1.73
18.4 1.74
18.4 1.73
18.4 1.73
18.4 1.76
18.4 1.73
18.4 1.74
18.4 1.73
18.4 1.72
18.4 1.73
18.4 1.72
18.4 1.72
18.4 1.72
18.4 1.72
18.5 1.72
18.5 1.71
18.5 1.71
18.5 1.70
18.5 1.72
18.5 1.68
18.5 1.71
18.5 1.70
18.5 1.69
18.5 1.68
18.6 1.68
18.6 1.68
18.6 1.68
18.6 1.68
18.6 1.69
18.6 1.67
18.6 1.66
18.7 1.70
18.6 1.65
18.6 1.65
18.7 1.64
18.7 1.64
18.7 1.64
18.7 1.62
18.7 1.62
18.8 1.62
18.8 1.62
18.8 1.61
18.8 1.61
18.8 1.61
18.8 1.60
18.8 1.60
18.8 1.59
18.8 1.55
18.8 1.59
18.8 1.60
18.8 1.60
18.9 1.58
18.9 1.59
18.9 1.58
18.9 1.57
18.9 1.58
18.9 1.58
18.9 1.55
18.9 1.54
18.9 1.57
18.9 1.55
18.9 1.55
18.9 1.57
18.9 1.56
18.9 1.55
18.9 1.55
18.9 1.55
18.9 1.56
18.9 1.55
18.9 1.57
19.0 1.56
19.0 1.53
19.0 1.56
18.9 1.56
18.9 1.56
19.0 1.56
18.9 1.54
19.0 1.57
19.0 1.55
18.9 1.56
18.9 1.57
18.9 1.56
18.9 1.56
18.9 1.57
18.9 1.58
18.9 1.57
18.9 1.57
18.9 1.57
18.9 1.58
18.8 1.58
18.8 1.59
18.8 1.59
18.8 1.59
18.8 1.62
18.8 1.60
18.8 1.61
18.8 1.61
18.7 1.61
18.7 1.62
18.7 1.63
18.7 1.65
18.7 1.64
18.6 1.64
18.6 1.66
18.7 1.65
18.6 1.66
18.6 1.68
18.5 1.68
18.6 1.68
18.5 1.72
18.5 1.65
18.6 1.70
18.5 1.70
18.5 1.69
18.5 1.68
18.5 1.76
18.4 1.79
18.5 1.80
18.5 1.69
18.5 1.74
18.5 1.74
18.4 1.76
18.4 1.75
18.4 1.70
18.4 1.75
18.4 1.76
18.4 1.75
18.4 1.75
18.4 1.76
18.4 1.74
18.4 1.79
18.4 1.71
18.5 1.73
18.4 1.77
18.4 1.74
18.4 1.75
18.4 1.76
18.5 1.75
18.4 1.79
18.4 1.76
18.4 1.77
18.4 1.69
18.4 1.78
18.4 1.76
18.4 1.79
18.4 1.76
18.5 1.74
18.5 1.77
18.5 1.75
18.5 1.78
18.5 1.76
18.5 1.73
18.5 1.74
18.5 1.74
18.5 1.76
18.6 1.75
18.6 1.76
18.6 1.72
18.6 1.71
18.6 1.73
18.6 1.70
18.6 1.72
18.6 1.73
18.7 1.71
18.7 1.71
18.7 1.71
18.7 1.72
18.7 1.71
18.7 1.70
18.7 1.70
18.7 1.71
18.8 1.68
18.8 1.68
18.8 1.67
18.8 1.68
18.8 1.68
18.8 1.64
18.9 1.66
18.9 1.65
18.9 1.67
18.9 1.65
18.9 1.64
18.9 1.63
19.0 1.63
19.0 1.62
19.0 1.63
19.0 1.62
19.0 1.62
19.0 1.62
19.0 1.63
19.0 1.61
19.1 1.60
19.1 1.61
19.1 1.58
19.1 1.59
19.1 1.61
19.1 1.61
19.1 1.59
19.1 1.59
19.2 1.56
19.2 1.56
19.2 1.57
19.2 1.57
19.2 1.56
19.2 1.56
19.2 1.57
19.2 1.54
19.2 1.56
19.2 1.57
19.2 1.54
19.2 1.56
19.2 1.54
19.2 1.54
19.3 1.54
19.3 1.55
19.3 1.54
19.3 1.54
19.3 1.55
19.3 1.55
19.3 1.53
19.3 1.53
19.3 1.54
19.3 1.53
19.2 1.55
19.3 1.54
19.2 1.55
19.2 1.55
19.2 1.56
19.3 1.55
19.2 1.56
19.2 1.57
19.2 1.56
19.2 1.57
19.2 1.57
19.2 1.56
19.2 1.56
19.2 1.57
19.2 1.57
19.2 1.56
19.2 1.57
19.2 1.59
19.2 1.59
19.2 1.59
19.2 1.59
19.2 1.59
19.1 1.60
19.1 1.60
19.1 1.60
19.1 1.59
19.1 1.61
19.1 1.61
19.0 1.63
19.1 1.62
19.0 1.64
19.0 1.63
19.0 1.63
19.0 1.63
19.0 1.64
19.0 1.66
19.0 1.67
18.9 1.67
19.0 1.64
18.9 1.67
18.9 1.70
18.9 1.70
18.8 1.70
18.9 1.70
18.9 1.68
18.8 1.71
18.8 1.70
18.9 1.70
18.8 1.71
18.8 1.72
18.8 1.73
18.8 1.73
18.9 1.73
18.9 1.70
18.8 1.72
18.8 1.69
18.8 1.73
18.8 1.69
18.8 1.74
18.8 1.72
18.8 1.73
18.8 1.71
18.8 1.72
18.8 1.73
18.8 1.75
18.8 1.72
18.8 1.72
18.8 1.73
18.8 1.72
18.8 1.70
18.8 1.72
18.8 1.72
18.8 1.71
18.8 1.71
18.8 1.69
18.8 1.73
18.8 1.70
18.8 1.70
18.8 1.71
18.8 1.68
18.8 1.68
18.9 1.70
18.9 1.68
18.9 1.69
18.9 1.68
18.9 1.68
18.9 1.67
18.9 1.64
18.9 1.65
18.9 1.66
18.9 1.66
18.9 1.66
18.9 1.65
19.0 1.66
19.0 1.64
19.0 1.64
19.0 1.59
19.0 1.62
19.0 1.62
19.0 1.60
19.0 1.59
19.0 1.59
19.0 1.58
19.1 1.60
19.0 1.59
19.1 1.58
19.1 1.58
19.1 1.57
19.1 1.58
19.1 1.55
19.1 1.53
19.1 1.54
19.1 1.52
19.1 1.55
19.1 1.51
19.1 1.51
19.1 1.53
19.1 1.52
19.1 1.49
19.1 1.52
19.2 1.50
19.2 1.53
19.2 1.51
19.2 1.53
19.2 1.51
19.2 1.49
19.1 1.51
19.2 1.50
19.2 1.48
19.2 1.49
19.2 1.48
19.2 1.47
19.2 1.49
19.2 1.47
19.2 1.48
19.2 1.47
19.2 1.47
19.2 1.49
19.2 1.47
19.2 1.46
19.2 1.46
19.2 1.45
19.2 1.46
19.2 1.43
19.2 1.44
19.2 1.43
19.2 1.41
19.2 1.44
19.2 1.46
19.2 1.44
19.2 1.44
19.2 1.44
19.2 1.43
19.2 1.44
19.2 1.44
19.2 1.44
19.2 1.45
19.2 1.43
19.2 1.42
19.2 1.46
19.2 1.43
19.2 1.45
19.2 1.46
19.2 1.46
19.2 1.44
19.2 1.47
19.2 1.47
19.2 1.48
19.2 1.48
19.2 1.45
19.2 1.46
19.2 1.46
19.2 1.50
19.2 1.48
19.2 1.48
19.2 1.50
19.1 1.50
19.1 1.52
19.1 1.52
19.1 1.53
19.1 1.53
19.1 1.54
19.1 1.53
19.1 1.52
19.1 1.56
19.1 1.54
19.1 1.56
19.1 1.55
19.1 1.55
19.1 1.59
19.1 1.57
19.0 1.57
19.1 1.58
19.0 1.60
19.0 1.62
19.0 1.63
19.0 1.62
19.0 1.59
19.1 1.61
19.0 1.62
19.0 1.63
19.0 1.65
19.0 1.62
19.1 1.62
19.0 1.63
19.0 1.63
19.1 1.62
19.0 1.65
19.1 1.64
19.1 1.62
19.0 1.64
19.0 1.65
19.0 1.63
19.0 1.62
19.0 1.64
19.0 1.63
19.0 1.63
19.0 1.64
19.1 1.60
19.0 1.63
19.1 1.62
19.1 1.61
19.1 1.62
19.1 1.61
19.1 1.60
19.1 1.54
19.1 1.60
19.2 1.60
19.1 1.60
19.2 1.60
19.2 1.59
19.2 1.59
19.2 1.59
19.2 1.58
19.2 1.56
19.2 1.58
19.2 1.56
19.3 1.57
19.3 1.58
19.3 1.57
19.3 1.55
19.3 1.53
19.3 1.55
19.3 1.52
19.3 1.52
19.3 1.52
19.4 1.52
19.4 1.52
19.4 1.52
19.4 1.49
19.4 1.49
19.4 1.49
19.4 1.49
19.4 1.48
19.4 1.48
19.4 1.47
19.4 1.47
19.5 1.46
19.5 1.46
19.5 1.47
19.5 1.47
19.5 1.44
19.5 1.45
19.5 1.43
19.5 1.44
19.5 1.45
19.5 1.44
19.5 1.43
19.6 1.44
19.5 1.45
19.6 1.43
19.6 1.43
19.6 1.44
19.6 1.42
19.6 1.41
19.6 1.41
19.6 1.41
19.6 1.42
19.6 1.39
19.6 1.42
19.6 1.40
19.7 1.40
19.7 1.41
19.7 1.40
19.7 1.41
19.7 1.41
19.7 1.39
19.7 1.40
19.7 1.40
19.7 1.42
19.7 1.39
19.7 1.41
19.7 1.40
19.7 1.40
19.7 1.40
19.7 1.40
19.7 1.41
19.7 1.38
19.7 1.40
19.7 1.39
19.7 1.40
19.7 1.39
19.7 1.41
19.7 1.39
19.8 1.40
19.8 1.39
19.8 1.38
19.7 1.40
19.7 1.39
19.7 1.40
19.7 1.41
19.7 1.27
19.7 1.27
19.7 1.26
19.7 1.25
19.7 1.26
19.7 1.24
19.7 1.26
19.7 1.26
19.6 1.25
19.6 1.26
19.6 1.26
19.6 1.27
19.6 1.37
19.6 1.38
19.6 1.38
19.6 1.39
19.6 1.39
19.6 1.41
19.6 1.38
19.6 1.38
19.6 1.40
19.5 1.43
19.5 1.39
19.5 1.36
19.5 1.43
19.5 1.45
19.5 1.45
19.5 1.48
19.5 1.46
19.4 1.48
19.5 1.50
19.4 1.46
19.4 1.46
19.4 1.49
19.4 1.50
19.4 1.48
19.4 1.52
19.4 1.51
19.4 1.53
19.4 1.51
19.4 1.52
19.4 1.49
19.4 1.49
19.4 1.50
19.4 1.51
19.4 1.49
19.4 1.51
19.4 1.50
19.4 1.50
19.4 1.49
19.4 1.50
19.4 1.52
19.4 1.52
19.4 1.51
19.4 1.49
19.4 1.49
19.4 1.51
19.4 1.49
19.4 1.50
19.4 1.48
19.4 1.51
19.4 1.50
19.4 1.48
19.4 1.49
19.4 1.47
19.4 1.49
19.4 1.47
19.4 1.48
19.4 1.47
19.4 1.44
19.4 1.48
19.4 1.48
19.4 1.47
19.5 1.46
19.5 1.46
19.5 1.46
19.5 1.45
19.5 1.46
19.5 1.44
19.5 1.45
19.5 1.44
19.5 1.43
19.5 1.43
19.5 1.43
19.5 1.42
19.5 1.42
19.5 1.44
19.6 1.42
19.6 1.41
19.6 1.42
19.6 1.41
19.6 1.43
19.6 1.41
19.6 1.42
19.7 1.41
19.7 1.41
19.7 1.41
19.7 1.40
19.7 1.40
19.7 1.40
19.7 1.41
19.7 1.40
19.7 1.41
19.7 1.39
19.8 1.40
19.8 1.41
19.8 1.40
19.8 1.41
19.8 1.41
19.8 1.40
19.8 1.41
19.8 1.41
19.8 1.41
19.8 1.39
19.8 1.39
19.9 1.41
19.9 1.40
19.9 1.42
19.9 1.42
19.9 1.39
19.8 1.39
19.9 1.40
19.9 1.39
19.9 1.40
19.9 1.41
19.9 1.37
19.9 1.39
19.9 1.39
19.9 1.40
19.9 1.41
19.9 1.39
19.9 1.41
19.9 1.39
19.9 1.48
19.9 1.41
19.9 1.42
19.9 1.41
19.9 1.41
19.9 1.40
19.9 1.40
19.9 1.41
19.9 1.39
19.9 1.38
19.9 1.40
19.9 1.40
19.9 1.39
19.9 1.40
19.9 1.40
19.9 1.41
19.9 1.39
19.9 1.39
19.9 1.41
19.9 1.41
19.9 1.39
19.9 1.41
19.9 1.40
20.0 1.40
20.0 1.41
20.0 1.40
20.0 1.39
20.0 1.40
20.0 1.40
20.0 1.40
20.0 1.42
20.0 1.40
20.0 1.41
19.9 1.40
20.0 1.40
20.0 1.41
19.9 1.39
19.9 1.40
19.9 1.41
19.9 1.42
19.9 1.42
19.9 1.41
19.9 1.39
19.8 1.42
19.9 1.42
19.9 1.41
19.9 1.41
19.8 1.41
19.8 1.43
19.8 1.42
19.8 1.43
19.8 1.42
19.9 1.42
19.9 1.42
19.9 1.42
19.9 1.43
19.9 1.41
19.9 1.44
20.0 1.42
20.0 1.42
20.0 1.43
20.1 1.43
19.9 1.43
19.8 1.47
19.8 1.44
19.8 1.42
19.8 1.42
19.8 1.43
19.9 1.42
19.9 1.45
19.9 1.46
19.9 1.44
19.9 1.41
20.0 1.42
20.0 1.42
20.1 1.43
20.0 1.44
20.1 1.43
20.1 1.43
20.1 1.42
20.1 1.40
20.1 1.40
20.1 1.42
20.2 1.40
20.2 1.41
20.1 1.41
20.2 1.42
20.2 1.43
20.2 1.41
20.2 1.41
20.2 1.40
20.2 1.41
20.2 1.42
20.2 1.40
20.2 1.41
20.2 1.41
20.2 1.40
20.2 1.40
20.2 1.41
20.2 1.42
20.2 1.41
20.1 1.40
20.1 1.41
20.1 1.39
20.1 1.40
20.1 1.39
20.1 1.41
20.1 1.39
20.1 1.38
20.1 1.39
20.1 1.40
20.1 1.40
20.1 1.39
20.1 1.39
20.0 1.37
20.0 1.38
20.0 1.38
20.1 1.41
20.1 1.39
20.0 1.39
20.0 1.39
20.0 1.39
20.0 1.39
20.0 1.36
20.0 1.37
20.0 1.35
20.0 1.40
20.0 1.35
20.0 1.35
20.0 1.36
20.0 1.34
20.0 1.34
20.0 1.37
20.0 1.37
20.0 1.35
19.9 1.34
19.9 1.35
19.9 1.37
19.9 1.34
19.9 1.35
19.8 1.34
19.8 1.89
19.8 1.92
19.8 1.86
19.9 1.88
19.8 1.88
19.8 1.90
19.9 1.89
19.9 1.90
19.9 1.89
19.8 1.91
19.7 1.85
19.8 1.86
19.8 1.35
19.8 1.36
19.8 1.36
19.7 1.33
19.7 1.35
19.6 1.31
19.6 1.32
19.6 1.33
19.5 1.29
19.6 1.32
19.6 1.31
19.6 1.32
19.6 1.31
19.6 1.31
19.6 1.31
19.6 1.32
19.6 1.29
19.6 1.32
19.7 1.31
19.7 1.33
19.7 1.32
19.8 1.35
19.8 1.36
19.8 1.36
19.8 1.36
19.9 1.37
19.9 1.37
19.9 1.37
19.9 1.36
19.8 1.38
19.9 1.39
19.9 1.40
19.9 1.40
19.9 1.41
19.9 1.40
19.9 1.40
19.9 1.38
20.0 1.42
20.0 1.40
20.0 1.41
20.0 1.40
20.0 1.41
20.0 1.40
20.0 1.41
20.0 1.41
20.0 1.42
20.0 1.41
20.0 1.41
20.0 1.42
20.0 1.41
20.0 1.41
20.0 1.42
20.0 1.40
20.0 1.44
20.0 1.39
20.0 1.42
20.0 1.41
20.0 1.42
20.0 1.42
20.0 1.43
20.0 1.43
20.0 1.41
20.0 1.41
20.0 1.40
20.0 1.40
20.0 1.42
20.0 1.40
20.0 1.41
20.0 1.40
20.0 1.41
19.9 1.39
20.0 1.40
19.9 1.40
19.9 1.39
19.9 1.40
19.9 1.39
19.9 1.39
19.9 1.40
19.9 1.39
19.8 1.37
19.8 1.38
19.8 1.38
19.8 1.36
19.8 1.37
19.8 1.37
19.8 1.36
19.8 1.35
19.8 1.33
19.7 1.35
19.7 1.34
19.6 1.34
19.7 1.35
19.6 1.33
19.7 1.34
19.6 1.31
19.6 1.32
19.5 1.30
19.5 1.32
19.5 1.28
19.5 1.31
19.4 1.29
19.4 1.29
19.4 1.30
19.4 1.31
19.4 1.29
19.4 1.30
19.4 1.29
19.3 1.29
19.4 1.28
19.3 1.27
19.3 1.28
19.3 1.28
19.2 1.25
19.2 1.25
19.3 1.26
19.2 1.26
19.2 1.26
19.2 1.28
19.1 1.26
19.1 1.26
19.2 1.24
19.1 1.25
19.1 1.26
19.0 1.25
19.0 1.23
19.0 1.22
19.0 1.23
18.9 1.23
19.0 1.25
18.9 1.21
18.9 1.23
19.0 1.22
18.9 1.22
18.9 1.21
18.9 1.23
19.0 1.26
18.9 1.23
18.9 1.21
18.8 1.20
18.9 1.24
18.9 1.17
18.9 1.20
18.9 1.20
18.9 1.19
18.9 1.24
18.8 1.25
18.8 1.23
18.9 1.22
18.8 1.23
18.7 1.20
18.8 1.19
18.7 1.21
18.7 1.25
18.7 1.21
18.6 1.19
18.5 1.18
18.5 1.17
18.5 1.19
18.6 1.17
18.6 1.19
18.6 1.19
18.6 1.18
18.6 1.17
18.6 1.19
18.6 1.19
18.7 1.20
18.8 1.20
18.8 1.21
18.8 1.21
18.8 1.22
18.9 1.22
18.9 1.22
18.9 1.22
19.0 1.24
18.9 1.24
19.0 1.25
19.0 1.24
19.0 1.25
19.0 1.24
19.0 1.26
19.0 1.26
19.0 1.25
19.1 1.25
19.1 1.27
19.2 1.27
19.2 1.26
19.2 1.30
19.3 1.29
19.2 1.30
19.2 1.28
19.3 1.29
19.3 1.31
19.3 1.31
19.3 1.30
19.3 1.30
19.3 1.30
19.3 1.29
19.3 1.31
19.4 1.30
19.3 1.31
19.4 1.32
19.4 1.30
19.4 1.30
19.4 1.31
19.4 1.31
19.4 1.31
19.4 1.31
19.4 1.29
19.4 1.32
19.4 1.31
19.3 1.30
19.3 1.30
19.3 1.29
19.3 1.29
19.3 1.30
19.3 1.30
19.3 1.29
19.3 1.30
19.3 1.31
19.2 1.31
19.2 1.28
19.2 1.28
19.2 1.28
19.2 1.28
19.2 1.31
19.1 1.30
19.1 1.26
19.1 1.26
19.1 1.27
19.1 1.28
19.0 1.25
19.0 1.26
19.0 1.26
19.0 1.25
19.0 1.24
18.9 1.24
18.9 1.25
18.9 1.24
18.9 1.25
18.9 1.23
18.9 1.24
18.8 1.23
18.8 1.22
18.8 1.23
18.7 1.21
18.7 1.22
18.7 1.22
18.6 1.22
18.7 1.19
18.6 1.16
18.6 1.20
18.6 1.22
18.6 1.21
18.6 1.20
18.5 1.21
18.4 1.20
18.4 1.21
18.4 1.20
18.5 1.22
18.4 1.19
18.4 1.18
18.3 1.19
18.2 1.17
18.2 1.18
18.3 1.19
18.3 1.17
18.1 1.16
18.1 1.18
18.1 1.17
18.0 1.16
18.1 1.18
18.1 1.17
18.0 1.17
18.1 1.15
18.1 1.17
18.0 1.14
17.9 1.15
17.9 1.11
17.8 1.16
17.8 1.15
17.8 1.13
17.7 1.13
17.8 1.15
17.7 1.15
17.7 1.13
17.7 1.20
17.7 1.14
17.6 1.14
17.5 1.13
17.5 1.11
17.6 1.14
17.6 1.13
17.6 1.13
17.8 1.15
17.8 1.14
17.8 1.15
17.8 1.15
17.7 1.16
17.6 1.16
17.7 1.13
17.6 1.14
17.6 1.16
17.6 1.16
17.5 1.14
17.5 1.15
17.5 1.13
17.4 1.13
17.4 1.11
17.3 1.13
17.3 1.12
17.3 1.13
17.4 1.10
17.4 1.12
17.4 1.12
17.4 1.12
17.4 1.13
17.4 1.12
17.4 1.13
17.4 1.12
17.5 1.13
17.5 1.14
17.5 1.13
17.6 1.14
17.6 1.12
17.6 1.15
17.7 1.16
17.7 1.14
17.7 1.13
17.7 1.15
17.8 1.15
17.8 1.15
17.9 1.14
17.9 1.16
18.0 1.15
18.0 1.16
18.0 1.17
17.9 1.16
18.0 1.15
18.0 1.17
18.1 1.18
18.1 1.19
18.0 1.16
18.1 1.18
18.2 1.19
18.2 1.19
18.3 1.20
18.2 1.21
18.2 1.20
18.2 1.19
18.2 1.18
18.2 1.21
18.2 1.20
18.3 1.21
18.3 1.20
18.4 1.20
18.3 1.18
18.3 1.19
18.3 1.20
18.3 1.19
18.3 1.20
18.2 1.19
18.2 1.20
18.2 1.20
18.2 1.20
18.2 1.19
18.1 1.18
18.1 1.19
18.1 1.20
18.1 1.18
18.1 1.20
18.1 1.19
18.1 1.16
18.0 1.19
18.0 1.17
18.0 1.17
18.0 1.18
17.9 1.18
17.8 1.17
17.8 1.17
17.7 1.15
17.7 1.16
17.7 1.15
17.8 1.15
17.6 1.15
17.6 1.14
17.6 1.16
17.5 1.16
17.5 1.13
17.4 1.13
17.5 1.15
17.4 1.14
17.4 1.14
17.4 1.13
17.3 1.12
17.3 1.13
17.3 1.13
17.1 1.13
17.2 1.12
17.2 1.10
17.1 1.13
17.1 1.13
17.0 1.12
17.0 1.11
17.1 1.10
17.0 1.11
17.0 1.10
17.0 0.98
17.0 1.10
16.9 1.10
17.0 1.11
16.9 1.06
16.9 1.09
16.9 1.09
16.9 1.04
16.9 1.07
16.8 1.06
16.8 1.04
16.8 1.06
16.7 1.09
16.7 1.11
16.7 1.09
16.7 1.06
16.7 1.09
16.7 1.05
16.7 1.07
16.6 1.09
16.6 1.08
16.6 1.09
16.6 1.08
16.6 1.09
16.6 1.10
16.6 1.07
16.6 1.02
16.6 1.07
16.6 1.06
16.6 1.08
16.6 1.06
16.6 1.07
16.6 1.06
16.5 1.07
16.5 1.06
16.5 1.07
16.5 1.06
16.7 1.08
16.8 1.10
16.7 1.08
16.6 1.09
16.8 1.08
16.6 1.08
16.7 1.08
16.8 1.07
16.7 1.07
16.7 1.09
16.6 1.07
16.6 1.08
16.5 1.09
16.5 1.06
16.6 1.06
16.6 1.06
16.6 1.06
16.6 1.06
16.6 1.07
16.6 1.08
16.6 1.05
16.5 1.05
16.6 1.07
16.6 1.05
16.6 1.06
16.6 1.07
16.6 1.07
16.6 1.07
16.6 1.06
16.6 1.06
16.6 1.06
16.7 1.06
16.7 1.08
16.7 1.06
16.7 1.08
16.7 1.08
16.7 1.06
16.8 1.07
16.8 1.08
16.8 1.07
16.8 1.07
16.8 1.06
16.8 1.08
16.8 1.07
16.8 1.08
16.8 1.07
16.8 1.06
16.9 1.05
16.8 1.07
16.8 1.08
16.9 1.08
16.8 1.07
16.9 1.06
17.0 1.08
17.0 1.09
17.0 1.06
17.0 1.06
17.0 1.09
17.1 1.07
17.0 1.07
16.9 1.07
16.9 1.07
16.9 1.06
16.9 1.06
16.9 1.06
16.9 1.07
16.9 1.07
16.9 1.06
16.9 1.08
16.9 1.07
16.9 1.08
16.9 1.06
16.9 1.06
16.9 1.08
16.9 1.07
16.9 1.07
16.9 1.07
16.8 1.07
16.8 1.06
16.8 1.06
16.8 1.06
16.8 1.06
16.8 1.07
16.8 1.07
16.8 1.07
16.8 1.06
16.8 1.07
16.8 1.07
16.8 1.07
16.7 1.06
16.7 1.07
16.8 1.06
16.7 1.06
16.7 1.06
16.7 1.07
16.6 1.04
16.7 1.06
16.7 1.02
16.6 1.05
16.6 1.05
16.6 1.06
16.6 1.05
16.6 1.05
16.5 1.02
16.5 1.06
16.6 1.05
16.6 1.07
16.5 1.06
16.5 1.02
16.5 1.05
16.5 1.04
16.5 1.04
16.5 1.04
16.5 1.04
16.5 1.03
16.4 1.07
16.4 1.03
16.4 1.06
16.4 1.05
16.4 1.05
16.4 1.04
16.4 1.03
16.4 1.07
16.4 1.05
16.4 1.04
16.4 1.05
16.3 1.06
16.4 1.05
16.4 1.05
16.3 1.07
16.3 1.06
16.3 1.05
16.3 1.05
16.2 1.04
16.2 1.04
16.3 1.03
16.2 1.06
16.2 1.03
16.2 1.05
16.2 1.03
16.2 1.03
16.1 1.05
16.1 1.04
16.3 1.04
16.3 1.04
16.2 1.05
16.3 1.05
16.3 1.04
16.1 1.02
16.2 1.05
16.1 1.03
16.1 1.05
16.2 1.04
16.1 1.05
16.1 1.04
16.1 1.04
16.1 1.03
16.1 1.04
16.1 1.05
16.1 1.05
16.1 1.06
16.1 1.03
16.1 1.06
16.1 1.03
16.1 1.04
16.1 1.04
16.2 1.05
16.2 1.01
16.2 1.05
16.2 1.06
16.2 1.02
16.2 1.06
16.3 1.05
16.2 1.04
16.3 1.05
16.3 1.06
16.3 1.07
16.3 1.06
16.3 1.06
16.4 1.07
16.4 1.05
16.4 1.04
16.4 1.06
16.4 1.06
16.4 1.06
16.4 1.05
16.4 1.06
16.5 1.06
16.5 1.05
16.4 1.06
16.5 1.06
16.5 1.07
16.5 1.05
16.5 1.07
16.5 1.06
16.5 1.07
16.5 1.07
16.5 1.04
16.5 1.07
16.5 1.07
16.5 1.07
16.6 1.06
16.5 1.05
16.6 1.07
16.5 1.05
16.5 1.07
16.5 1.06
16.4 1.06
16.4 1.06
16.4 1.05
16.4 1.06
16.4 1.05
16.4 1.06
16.4 1.05
16.4 1.06
16.4 1.06
16.4 1.06
16.4 1.04
16.4 1.05
16.4 1.05
16.3 1.06
16.3 1.06
16.3 1.06
16.3 1.06
16.3 1.05
16.2 1.06
16.2 1.04
16.2 1.05
16.2 1.04
16.2 1.06
16.2 1.05
16.2 1.05
16.1 1.07
16.1 1.04
16.1 1.05
16.1 1.07
16.1 1.04
16.1 1.06
16.1 1.04
16.1 1.04
16.1 1.06
16.0 1.05
16.0 1.04
16.0 1.05
16.0 1.03
15.9 1.05
16.0 1.05
15.9 1.05
15.9 1.05
15.9 1.05
15.9 1.07
15.9 1.04
15.9 1.06
15.8 1.04
15.8 1.07
15.8 1.06
15.8 1.07
15.8 1.06
15.8 1.02
15.8 1.04
15.8 1.04
15.8 1.04
15.8 1.05
15.8 1.09
15.7 1.07
15.7 1.08
15.7 1.09
15.7 1.06
15.7 1.05
15.7 1.06
15.7 1.08
15.6 1.05
15.7 1.07
15.6 1.08
15.6 1.07
15.6 1.07
15.6 1.08
15.6 1.07
15.6 1.08
15.6 1.07
15.6 1.09
15.6 1.04
15.5 1.08
15.5 1.06
15.5 1.09
15.5 1.06
15.5 1.08
15.5 1.09
15.5 1.12
15.4 1.06
15.5 1.07
15.6 1.08
15.5 1.14
15.5 1.11
15.5 1.08
15.5 1.09
15.5 1.07
15.6 1.05
15.6 1.07
15.6 1.07
15.6 1.08
15.6 1.08
15.8 1.09
15.6 1.10
15.7 1.09
15.4 1.07
15.4 1.09
15.5 1.10
15.4 1.09
15.4 1.10
15.4 1.09
15.4 1.10
15.5 1.10
15.6 1.10
15.6 1.08
15.6 1.08
15.6 1.09
15.6 1.09
15.6 1.10
15.6 1.09
15.7 1.09
15.6 1.08
15.7 1.08
15.7 1.08
15.7 1.08
15.8 1.09
15.7 1.07
15.8 1.07
15.8 1.09
15.8 1.08
15.8 1.07
15.8 1.06
15.7 1.08
15.8 1.08
15.8 1.08
15.8 1.04
15.8 1.09
15.9 1.09
15.8 1.08
15.8 1.07
15.8 1.09
15.8 1.07
15.8 1.06
15.9 1.07
15.8 1.07
16.0 1.07
15.9 1.08
16.0 1.08
15.9 1.07
16.0 1.08
15.9 1.07
15.8 1.08
15.8 1.08
15.8 1.09
15.8 1.06
15.8 1.07
15.8 1.09
15.8 1.10
15.8 1.08
15.8 1.10
15.8 1.08
15.9 1.09
15.9 1.09
15.9 1.08
15.9 1.08
15.9 1.08
15.9 1.09
15.9 1.09
15.8 1.09
15.8 1.08
15.8 1.08
15.8 1.09
15.8 1.08
15.8 1.10
15.8 1.08
15.8 1.10
15.8 1.10
15.7 1.09
15.7 1.09
15.7 1.10
15.7 1.10
15.7 1.09
15.7 1.10
15.6 1.10
15.6 1.10
15.6 1.10
15.6 1.08
15.6 1.10
15.6 1.10
15.6 1.11
15.6 1.12
15.5 1.09
15.5 1.10
15.5 1.10
15.5 1.11
15.5 1.10
15.5 1.10
15.5 1.10
15.5 1.09
15.5 1.11
15.5 1.05
15.5 1.10
15.5 1.09
15.5 1.10
15.5 1.06
15.5 1.09
15.5 1.09
15.4 1.11
15.5 1.10
15.5 1.10
15.5 1.09
15.5 1.10
15.5 1.10
15.4 1.11
15.4 1.11
15.4 1.11
15.4 1.11
15.4 1.09
15.4 1.10
15.4 1.10
15.4 1.10
15.4 1.09
15.4 1.08
15.4 1.08
15.4 1.10
15.4 1.10
15.4 1.10
15.4 1.10
15.4 1.10
15.4 1.11
15.4 1.13
15.4 1.11
15.4 1.09
15.4 1.09
15.4 1.09
15.3 1.10
15.3 1.09
15.3 1.10
15.4 1.10
15.4 1.11
15.3 1.14
15.3 1.15
15.3 1.13
15.4 1.21
15.3 1.31
15.4 1.31
15.4 1.38
15.4 1.34
15.4 1.10
15.4 1.12
15.4 1.12
15.4 1.12
15.4 1.12
15.4 1.10
15.4 1.10
15.5 1.12
15.5 1.11
15.5 1.11
15.5 1.11
15.5 1.10
15.5 1.11
15.5 1.12
15.5 1.12
15.5 1.12
15.5 1.10
15.5 1.12
15.5 1.12
15.5 1.10
15.5 1.11
15.5 1.15
15.5 1.11
15.5 1.11
15.5 1.13
15.5 1.10
15.5 1.12
15.5 1.11
15.5 1.11
15.6 1.11
15.5 1.11
15.5 1.10
15.5 1.11
15.6 1.12
15.5 1.11
15.6 1.12
15.5 1.12
15.5 1.12
15.5 1.11
15.6 1.11
15.6 1.11
15.6 1.10
15.6 1.12
15.6 1.10
15.6 1.11
15.6 1.11
15.6 1.12
15.6 1.10
15.6 1.10
15.5 1.12
15.5 1.11
15.5 1.10
15.6 1.12
15.5 1.10
15.5 1.09
15.5 1.07
15.5 1.09
15.5 1.09
15.5 1.08
15.5 1.11
15.5 1.10
15.5 1.10
15.5 1.10
15.5 1.09
15.5 1.10
15.5 1.10
15.5 1.10
15.5 1.11
15.4 1.11
15.4 1.09
15.4 1.08
15.4 1.10
15.4 1.10
15.4 1.10
15.4 1.10
15.4 1.08
15.4 1.09
15.4 1.09
15.4 1.09
15.4 1.08
15.4 1.09
15.4 1.11
15.3 1.09
15.3 1.10
15.3 1.09
15.3 1.09
15.3 1.10
15.3 1.06
15.2 1.08
15.2 1.10
15.2 1.10
15.2 1.09
15.2 1.09
15.2 1.10
15.2 1.07
15.2 1.08
15.2 1.09
15.1 1.08
15.1 1.07
15.1 1.09
15.1 1.07
15.1 1.09
15.1 1.07
15.1 1.07
15.1 1.07
15.0 1.07
15.0 1.07
15.0 1.07
15.0 1.04
15.0 1.07
15.0 1.07
15.0 1.05
15.0 1.04
15.0 1.08
15.0 1.07
15.0 1.07
15.0 1.08
14.9 1.08
14.9 1.08
14.9 1.09
15.0 1.06
14.9 1.06
14.9 1.07
14.9 1.01
14.9 1.06
14.9 1.06
14.9 1.07
14.9 1.08
14.9 1.07
14.9 1.06
14.8 1.08
14.9 1.07
14.9 1.07
14.9 1.08
15.0 1.07
15.0 1.05
15.1 1.07
15.1 1.07
15.1 1.08
15.1 1.06
15.1 1.07
15.0 1.07
15.0 1.06
15.1 1.07
15.0 1.07
15.0 1.06
15.0 1.07
15.0 1.07
15.0 1.06
15.0 1.05
15.0 1.07
15.0 0.66
15.0 1.06
15.1 1.09
15.0 1.07
15.3 1.08
15.1 1.10
15.2 1.09
15.1 1.10
15.2 1.09
15.2 1.09
15.2 1.11
15.2 1.10
15.2 1.09
15.2 1.09
15.2 1.10
15.2 1.10
15.3 1.09
15.3 1.10
15.3 1.11
15.3 1.09
15.3 1.10
15.3 1.09
15.3 1.09
15.4 1.09
15.4 1.08
15.4 1.09
15.4 1.09
15.4 1.10
15.4 1.09
15.4 1.09
15.5 1.09
15.4 1.09
15.5 1.10
15.5 1.09
15.5 1.10
15.7 1.09
16.3 1.10
16.0 1.09
15.8 1.11
15.8 1.11
15.8 1.09
15.7 1.09
15.7 1.10
15.6 1.08
15.6 1.12
15.5 1.10
15.5 1.10
15.7 1.09
15.6 1.10
15.5 1.09
15.5 1.09
15.5 1.09
15.5 1.09
15.6 1.09
15.5 1.09
15.6 1.08
15.6 1.09
15.6 1.09
15.6 1.09
15.6 1.10
15.6 1.08
15.5 1.11
15.5 1.09
15.5 1.08
15.5 1.09
15.5 1.08
15.5 1.09
15.5 1.07
15.5 1.09
15.4 1.09
15.4 1.10
15.4 1.09
15.4 1.08
15.4 1.09
15.4 1.08
15.4 1.08
15.4 1.08
15.4 1.09
15.4 1.10
15.4 1.09
15.3 1.09
15.3 1.10
15.3 1.09
15.3 1.08
15.3 1.07
15.3 1.07
15.2 1.06
15.2 1.09
15.2 1.08
15.2 1.08
15.2 1.08
15.2 1.08
15.2 1.05
15.2 1.07
15.2 1.07
15.2 1.08
15.2 1.09
15.2 1.05
15.2 1.06
15.2 1.09
15.2 1.09
15.2 1.07
15.2 1.09
15.2 1.09
15.2 1.10
15.2 1.06
15.2 1.09
15.2 1.08
15.2 1.07
15.2 1.08
15.2 1.08
15.2 1.09
15.2 1.05
15.2 1.07
15.2 1.07
15.2 1.03
15.2 1.07
15.2 1.06
15.2 1.08
15.2 1.07
15.2 1.07
15.2 1.08
15.2 1.08
15.2 1.10
15.2 1.08
15.2 1.07
15.2 1.08
15.2 1.09
15.2 1.07
15.2 1.07
15.2 1.06
15.2 1.05
15.2 1.06
15.2 1.07
15.2 1.07
15.2 1.06
15.2 1.06
15.2 1.06
15.2 1.07
15.2 1.06
15.2 1.09
15.2 1.08
15.2 1.07
15.2 1.06
15.2 1.07
15.2 1.08
15.2 1.06
15.2 1.05
15.2 1.08
15.2 1.06
15.2 1.07
15.2 1.09
15.2 1.07
15.2 1.08
15.2 1.08
15.2 1.06
15.2 1.05
15.2 1.06
15.2 1.07
15.2 1.10
15.2 1.08
15.2 1.08
15.3 1.08
15.3 1.08
15.3 1.08
15.3 1.09
15.3 1.10
15.3 1.07
15.3 1.08
15.4 1.09
15.4 1.09
15.4 1.10
15.4 1.09
15.4 1.09
15.4 1.09
15.4 1.09
15.4 1.08
15.4 1.10
15.4 1.10
15.4 1.09
15.4 1.09
15.4 1.10
15.5 1.10
15.4 1.09
15.4 1.08
15.5 1.08
15.4 1.10
15.4 1.09
15.4 1.08
15.5 1.10
15.5 1.08
15.4 1.09
15.4 1.09
15.4 1.09
15.4 1.08
15.4 1.08
15.4 1.09
15.4 1.09
15.4 1.08
15.4 1.08
15.4 1.07
15.4 1.09
15.4 1.09
15.4 1.08
15.4 1.08
15.3 1.09
15.3 1.08
15.3 1.08
15.3 1.07
15.3 1.08
15.3 1.09
15.3 1.08
15.3 1.08
15.3 1.09
15.3 1.08
15.2 1.10
15.2 1.08
15.2 1.10
15.2 1.07
15.2 1.08
15.2 1.08
15.2 1.08
15.2 1.06
15.2 1.09
15.2 1.08
15.2 1.07
15.2 1.08
15.2 1.08
15.2 1.08
15.2 1.06
15.2 1.08
15.2 1.07
15.2 1.09
15.2 1.08
15.2 1.07
15.2 1.07
15.2 1.06
15.2 1.07
15.2 1.08
15.2 1.08
15.2 1.10
15.2 1.08
15.2 1.07
15.3 1.08
15.3 1.08
15.3 1.06
15.3 1.07
15.3 1.04
15.3 1.08
15.3 1.07
15.3 1.06
15.3 1.07
15.3 1.06
15.3 1.07
15.3 1.06
15.3 1.06
15.3 1.06
15.3 1.06
15.3 1.07
15.3 1.05
15.3 1.07
15.4 1.05
15.4 1.06
15.4 1.06
15.4 1.06
15.4 1.06
15.4 1.07
15.4 1.05
15.3 1.06
15.4 1.06
15.4 1.06
15.4 1.06
15.4 1.04
15.4 1.05
15.4 1.05
15.4 1.06
15.4 1.04
15.4 1.07
15.4 1.04
15.3 1.06
15.4 1.05
15.4 1.04
15.4 1.04
15.4 1.06
15.4 1.05
15.4 1.06
15.4 1.05
15.4 1.06
15.4 1.05
15.4 1.05
15.4 1.06
15.4 1.05
15.4 1.05
15.4 1.04
15.4 1.05
15.4 1.06
15.4 1.04
15.4 1.06
15.5 1.05
15.4 1.06
15.4 1.06
15.4 1.05
15.4 1.05
15.4 1.06
15.4 1.05
15.4 1.05
15.4 1.06
15.4 1.06
15.5 1.07
15.4 1.08
15.4 1.06
15.4 1.07
15.4 1.07
15.4 1.08
15.4 1.06
15.4 1.07
15.4 1.05
15.4 1.08
15.4 1.06
15.4 1.08
15.4 1.06
15.4 1.08
15.4 1.07
15.4 1.07
15.4 1.07
15.4 1.07
15.4 1.10
15.4 1.06
15.4 1.08
15.4 1.09
15.4 1.09
15.4 1.09
15.5 1.08
15.5 1.08
15.4 1.08
15.4 1.08
15.5 1.07
15.4 1.08
15.5 1.05
15.4 1.08
15.4 1.06
15.4 1.09
15.4 1.08
15.5 1.07
15.5 1.10
15.5 1.08
15.5 1.07
15.5 1.09
15.5 1.07
15.5 1.06
15.5 1.07
15.5 1.07
15.5 1.07
15.5 1.08
15.5 1.08
15.5 1.08
15.5 1.07
15.5 1.07
15.5 1.08
15.5 1.07
15.5 1.06
15.5 1.07
15.5 1.07
15.5 1.05
15.5 1.05
15.5 1.06
15.5 1.07
15.5 1.08
15.5 1.06
15.5 1.06
15.5 1.06
15.5 1.05
15.5 1.06
15.5 1.06
15.5 1.06
15.5 1.07
15.5 1.07
15.5 1.06
15.5 1.06
15.5 1.05
15.5 1.06
15.5 1.05
15.5 1.06
15.5 1.08
15.5 1.06
15.5 1.05
15.5 1.06
15.5 1.06
15.5 1.05
15.5 1.05
15.5 1.06
15.5 1.07
15.5 1.06
15.4 1.05
15.5 1.06
15.5 1.06
15.4 1.08
15.4 1.08
15.4 1.06
15.4 1.06
15.4 1.07
15.4 1.06
15.4 1.07
15.4 1.06
15.4 1.04
15.4 1.06
15.4 1.07
15.4 1.06
15.4 1.06
15.4 1.06
15.4 1.03
15.4 1.05
15.4 1.07
15.4 1.05
15.4 1.08
15.4 1.06
15.4 1.04
15.4 1.06
15.4 1.05
15.4 1.06
15.4 1.05
15.4 1.05
15.4 1.06
15.4 1.06
15.4 1.04
15.4 1.04
15.4 1.04
15.4 1.05
15.4 1.06
15.4 1.06
15.4 1.05
15.4 1.05
15.4 1.06
15.4 1.05
15.4 1.06
15.4 1.06
15.4 1.05
15.5 1.07
15.5 1.07
15.5 1.08
15.5 1.05
15.5 1.07
15.5 1.07
15.5 1.06
15.5 1.07
15.5 1.05
15.5 1.07
15.5 1.06
15.5 1.07
15.5 1.06
15.5 1.06
15.5 1.06
15.5 1.08
15.5 1.06
15.5 1.08
15.5 1.09
15.5 1.07
15.5 1.08
15.5 1.07
15.5 1.08
15.5 1.08
15.5 1.06
15.5 1.09
15.5 1.09
15.5 1.07
15.6 1.08
15.5 1.09
15.6 1.09
15.6 1.07
15.6 1.10
15.5 1.09
15.5 1.08
15.6 1.08
15.5 1.08
15.6 1.10
15.6 1.11
15.6 1.10
15.6 1.09
15.6 1.11
15.6 1.10
15.6 1.10
15.6 1.11
15.6 1.10
15.6 1.10
15.6 1.09
15.6 1.09
15.6 1.08
15.6 1.09
15.6 1.10
15.6 1.09
15.6 1.09
15.5 1.08
15.5 1.08
15.5 1.07
15.5 1.08
15.5 1.09
15.5 1.07
15.5 1.08
15.5 1.08
15.5 1.09
15.5 1.07
15.5 1.08
15.5 1.06
15.5 1.06
15.5 1.05
15.5 1.08
15.5 1.06
15.5 1.05
15.5 1.06
15.5 1.06
15.5 1.06
15.5 1.06
15.5 1.07
15.5 1.05
15.5 1.06
15.5 1.06
15.5 1.06
15.5 1.06
15.5 1.07
15.5 1.04
15.5 1.07
15.5 1.06
15.5 1.08
15.5 1.06
15.5 1.07
15.5 1.05
15.5 1.05
15.5 1.07
15.5 1.07
15.5 1.06
15.5 1.07
15.5 1.05
15.5 1.07
15.5 1.06
15.5 1.06
15.5 1.04
15.5 1.07
15.5 1.06
15.4 1.06
15.5 1.04
15.4 1.05
15.5 1.06
15.4 1.07
15.5 1.05
15.5 1.05
15.5 1.09
15.5 1.06
15.5 1.07
15.5 1.11
15.5 1.06
15.5 1.07
15.5 1.06
15.5 1.07
15.5 1.04
15.5 1.06
15.5 1.06
15.5 1.08
15.5 1.06
15.5 1.05
15.5 1.06
15.5 1.06
15.5 1.05
15.5 1.04
15.5 1.06
15.5 1.05
15.5 1.05
15.5 1.06
15.5 1.05
15.5 1.05
15.5 1.06
15.5 1.06
15.5 1.03
15.5 1.05
15.5 1.05
15.5 1.05
15.5 1.06
15.5 1.04
15.5 1.05
15.5 1.04
15.5 1.05
15.5 1.05
15.5 1.07
15.5 1.05
15.5 1.06
15.5 1.06
15.5 1.05
15.5 1.05
15.5 1.07
15.5 1.05
15.5 1.06
15.5 1.05
15.5 1.05
15.5 1.05
15.5 1.04
15.5 1.05
15.5 1.06
15.5 1.06
15.5 1.06
15.5 1.06
15.5 1.04
15.5 1.05
15.5 1.06
15.5 1.05
15.5 1.06
15.5 1.05
15.5 1.07
15.5 1.05
15.5 1.06
15.5 1.06
15.5 1.06
15.5 1.06
15.5 1.07
15.5 1.07
15.5 1.06
15.5 1.06
15.5 1.07
15.5 1.06
15.5 1.06
15.5 1.06
15.5 1.06
15.5 1.06
15.5 1.06
15.5 1.06
15.5 1.08
15.5 1.07
15.5 1.06
15.5 1.07
15.6 1.07
15.6 1.07
15.5 1.06
15.5 1.07
15.5 1.07
15.5 1.07
15.5 1.07
15.5 1.06
15.5 1.06
15.5 1.07
15.5 1.07
15.5 1.07
15.5 1.07
15.5 1.06
15.5 1.06
15.5 1.06
15.5 1.05
15.5 1.05
15.5 1.06
15.5 1.06
15.5 1.07
15.5 1.06
15.5 1.06
15.5 1.06
15.5 1.07
15.5 1.04
15.5 1.06
15.5 1.04
15.5 1.05
15.6 1.05
15.6 1.05
15.6 1.05
15.6 1.06
15.6 1.04
15.6 1.06
15.6 1.06
15.6 1.05
15.6 1.06
15.6 1.04
15.6 1.03
15.6 1.05
15.6 1.06
15.6 1.06
15.7 1.05
15.7 1.05
15.7 1.03
15.7 1.05
15.7 1.06
15.7 1.04
15.7 1.05
15.7 1.04
15.7 1.05
15.7 1.06
15.7 1.06
15.7 1.06
15.7 1.05
15.7 1.04
15.7 1.03
15.7 1.04
15.7 1.06
15.7 1.05
15.7 1.05
15.7 1.06
15.7 1.05
15.7 1.04
15.7 1.04
15.8 1.01
15.7 1.07
15.7 1.05
15.7 1.04
15.8 1.04
15.7 1.03
15.7 1.05
15.8 1.06
15.7 1.05
15.8 1.04
15.7 1.04
15.7 1.07
15.7 1.03
15.7 1.03
15.7 1.05
15.7 1.05
15.7 1.05
15.7 1.05
15.7 1.06
15.7 1.04
15.7 1.06
15.7 1.06
15.7 1.05
15.7 1.05
15.7 1.05
15.7 1.06
15.7 1.05
15.7 1.05
15.7 1.05
15.7 1.05
15.7 1.06
15.7 1.06
15.7 1.05
15.7 1.05
15.7 1.03
15.7 1.06
15.7 1.06
15.7 1.05
15.7 1.06
15.7 1.04
15.7 1.04
15.7 1.06
15.7 1.04
15.7 1.05
15.7 1.05
15.7 1.05
15.7 1.05
15.7 1.06
15.7 1.06
15.7 1.06
15.7 1.06
15.7 1.05
15.7 1.05
15.7 1.05
15.7 1.06
15.7 1.06
15.7 1.06
15.7 1.05
15.7 1.07
15.7 1.05
15.7 1.05
15.7 1.05
15.7 1.05
15.7 1.04
15.7 1.07
15.7 1.06
15.7 1.06
15.7 1.07
15.7 1.06
15.7 1.06
15.7 1.05
15.7 1.08
15.7 1.08
15.7 1.06
15.7 1.03
15.7 1.05
15.7 1.04
15.7 1.05
15.7 1.03
15.7 1.05
15.7 1.06
15.7 1.06
15.7 1.06
15.7 1.05
15.7 1.06
15.7 1.05
15.7 1.04
15.7 1.04
15.7 1.05
15.7 1.03
15.7 1.05
15.7 1.04
15.7 1.05
15.7 1.04
15.7 1.05
15.7 1.06
15.7 1.04
15.7 1.05
15.7 1.04
15.7 1.05
15.7 1.04
15.7 1.03
15.7 1.05
15.7 1.04
15.7 1.04
15.7 1.04
15.7 1.04
15.7 1.04
15.7 1.05
15.7 1.05
15.7 1.05
15.7 1.05
15.8 1.04
15.7 1.05
15.7 1.04
15.8 1.05
15.8 1.04
15.8 1.06
15.8 1.04
15.8 1.04
15.8 1.06
15.8 1.05
15.8 1.05
15.8 1.05
15.8 1.05
15.7 1.03
15.8 1.05
15.7 1.05
15.7 1.03
15.7 1.07
15.7 1.04
15.7 1.04
15.7 1.05
15.7 1.05
15.7 1.03
15.7 1.05
15.7 1.04
15.7 1.05
15.7 1.06
15.7 1.04
15.7 1.03
15.7 1.05
15.7 1.05
15.7 1.06
15.7 1.04
15.7 1.08
15.7 1.04
15.7 1.06
15.7 1.06
15.7 1.05
15.7 1.05
15.7 1.04
15.7 1.06
15.7 1.07
15.7 1.06
15.7 1.04
15.7 1.04
15.7 1.06
15.7 1.05
15.7 1.05
15.7 1.07
15.7 1.02
15.7 1.07
15.8 1.06
15.7 1.06
15.7 1.08
15.7 1.07
15.7 1.07
15.7 1.07
15.7 1.06
15.8 1.05
15.8 1.05
15.8 1.05
15.8 1.05
15.8 1.04
15.7 1.09
15.8 1.06
15.8 1.05
15.8 1.07
15.8 1.06
15.8 1.06
15.8 1.07
15.8 1.07
15.8 1.07
15.8 1.05
15.8 1.06
15.8 1.06
15.8 1.06
15.8 1.07
15.8 1.06
15.8 1.08
15.8 1.07
15.8 1.07
15.8 1.04
15.8 1.06
15.8 1.07
15.8 1.08
15.8 1.04
15.8 1.05
15.8 1.05
15.8 1.03
15.8 1.07
15.8 1.07
15.8 1.06
15.8 1.06
15.8 1.04
15.8 1.05
15.8 1.04
15.8 1.06
15.8 1.03
15.8 1.05
15.9 1.05
15.8 1.06
15.9 1.05
15.8 1.04
15.9 1.06
15.9 1.03
15.9 1.08
15.9 1.09
15.9 1.04
15.9 1.06
15.9 1.06
15.9 1.06
15.9 1.06
15.9 1.06
15.9 1.07
15.9 1.07
15.9 1.04
15.9 1.06
15.9 1.06
15.9 1.05
15.9 1.06
15.9 1.06
15.9 1.06
15.9 1.06
15.9 1.05
15.9 1.05
15.9 1.06
15.9 1.05
15.9 1.06
15.9 1.06
15.9 1.04
15.9 1.05
15.9 1.05
15.9 1.05
15.9 1.07
15.9 1.07
15.9 1.07
15.9 1.06
15.9 1.07
15.9 1.07
15.9 1.07
15.9 1.07
15.9 1.06
15.9 1.06
15.9 1.08
15.9 1.08
15.9 1.07
15.9 1.07
15.9 1.05
15.9 1.07
15.9 1.06
15.9 1.07
15.9 1.07
15.9 1.09
15.9 1.08
15.9 1.06
15.9 1.09
15.9 1.08
15.9 1.07
15.9 1.07
15.9 1.08
15.9 1.06
15.9 1.07
15.8 1.09
15.8 1.09
15.8 1.09
15.8 1.07
15.8 1.10
15.8 1.09
15.8 1.11
15.8 1.08
15.8 1.08
15.8 1.09
15.8 1.08
15.9 1.08
15.9 1.09
15.9 1.08
15.9 1.09
15.9 1.08
15.9 1.11
15.9 1.09
15.9 1.08
15.9 1.10
15.9 1.10
15.9 1.09
15.9 1.09
15.9 1.10
15.9 1.10
15.8 1.11
15.8 1.10
15.9 1.07
15.9 1.10
15.8 1.09
15.8 1.11
15.9 1.09
15.8 1.10
15.8 1.10
15.8 1.09
15.8 1.12
15.8 1.10
15.8 1.10
15.8 1.10
15.8 1.09
15.8 1.10
15.8 1.08
15.8 1.09
15.8 1.08
15.8 1.10
15.8 1.10
15.8 1.10
15.8 1.10
15.8 1.07
15.8 1.09
15.8 1.11
15.8 1.08
15.8 1.09
15.8 1.09
15.8 1.07
15.8 1.09
15.8 1.09
15.8 1.10
15.8 1.08
15.8 1.09
15.8 1.08
15.8 1.08
15.8 1.09
15.8 1.07
15.8 1.08
15.8 1.08
15.8 1.07
15.8 1.09
15.8 1.08
15.8 1.05
15.8 1.06
15.8 1.07
15.8 1.06
15.8 1.08
15.8 1.08
15.8 1.07
15.8 1.05
15.8 1.05
15.8 1.07
15.8 1.07
15.8 1.07
15.9 1.07
15.9 1.08
15.9 1.07
15.9 1.06
15.8 1.07
15.9 1.06
15.9 1.07
15.9 1.09
15.9 1.06
15.9 1.04
15.9 1.04
15.9 1.06
15.9 1.03
15.9 1.06
15.9 1.07
15.9 1.07
15.9 1.07
15.9 1.07
15.9 1.07
15.9 1.08
15.9 1.07
15.9 1.08
15.9 1.06
15.9 1.07
15.9 1.07
15.9 1.09
15.9 1.08
15.9 1.07
15.9 1.08
15.9 1.07
15.9 1.08
15.9 1.07
15.9 1.08
15.9 1.07
15.9 1.07
15.9 1.08
15.9 1.07
15.9 1.07
15.9 1.08
15.9 1.07
15.9 1.08
15.8 1.07
15.8 1.08
15.8 1.05
15.8 1.08
15.8 1.07
15.8 1.09
15.8 1.09
15.8 1.07
15.8 1.09
15.8 1.09
15.9 1.10
15.9 1.10
15.9 1.08
15.9 1.08
15.9 1.09
15.9 1.08
15.9 1.10
15.9 1.10
15.9 1.10
15.9 1.09
15.9 1.09
15.9 1.12
15.9 1.10
15.9 1.09
15.9 1.09
15.9 1.09
15.9 1.11
15.9 1.12
15.9 1.11
15.9 1.09
15.9 1.09
15.9 1.08
15.9 1.10
15.9 1.10
15.9 1.10
15.9 1.09
15.9 1.12
16.0 1.11
16.0 1.10
16.0 1.12
16.0 1.11
16.0 1.10
16.0 1.11
16.0 1.11
16.0 1.12
16.0 1.11
16.0 1.11
16.0 1.12
16.0 1.13
16.0 1.13
16.0 1.13
16.0 1.12
16.0 1.13
16.0 1.13
16.0 1.13
16.0 1.13
16.0 1.16
16.0 1.14
16.0 1.14
16.0 1.13
16.0 1.14
16.0 1.13
16.0 1.13
16.0 1.14
16.5 1.18
16.5 1.15
16.3 1.13
16.2 1.16
16.2 1.16
16.2 1.14
16.2 1.15
16.1 1.15
16.1 1.16
16.2 1.16
16.1 1.16
16.1 1.14
16.0 1.13
16.0 1.14
16.0 1.14
16.0 1.13
16.0 1.14
16.0 1.14
16.2 1.13
16.2 1.16
16.2 1.14
16.2 1.12
16.2 1.15
16.3 1.15
16.3 1.14
16.3 1.14
16.3 1.14
16.2 1.15
16.2 1.13
16.3 1.13
16.2 1.12
16.2 1.13
16.3 1.11
16.3 1.12
16.2 1.11
16.2 1.12
16.2 1.11
16.2 1.13
16.2 1.12
16.2 1.12
16.2 1.13
16.2 1.12
16.2 1.10
16.2 1.11
16.2 1.11
16.2 1.13
16.2 1.11
16.2 1.11
16.2 1.11
16.2 1.12
16.2 1.11
16.2 1.10
16.2 1.13
16.2 1.11
16.2 1.12
16.2 1.10
16.2 1.13
16.2 1.13
16.2 1.12
16.2 1.11
16.2 1.11
16.2 1.10
16.2 1.11
16.2 1.13
16.2 1.10
16.2 1.12
16.2 1.11
16.2 1.13
16.2 1.13
16.2 1.12
16.2 1.13
16.2 1.12
16.2 1.11
16.2 1.13
16.2 1.11
16.2 1.12
16.2 1.11
16.2 1.13
16.3 1.13
16.3 1.13
16.3 1.12
16.3 1.11
16.3 1.13
16.3 1.14
16.3 1.12
16.3 1.14
16.3 1.13
16.3 1.13
16.3 1.14
16.3 1.14
16.3 1.13
16.3 1.11
16.3 1.12
16.3 1.12
16.3 1.14
16.3 1.14
16.3 1.14
16.3 1.08
16.3 1.16
16.3 1.15
16.3 1.16
16.3 1.15
16.3 1.14
16.3 1.14
16.3 1.18
16.3 1.16
16.3 1.18
16.2 1.16
16.3 1.15
16.3 1.17
16.2 1.18
16.2 1.17
16.3 1.17
16.3 1.18
16.2 1.17
16.2 1.18
16.2 1.19
16.2 1.17
16.2 1.18
16.2 1.17
16.3 1.18
16.3 1.19
16.3 1.18
16.3 1.17
16.3 1.18
16.3 1.17
16.3 1.18
16.3 1.18
16.3 1.16
16.3 1.14
16.3 1.17
16.3 1.18
16.3 1.19
16.3 1.19
16.3 1.18
16.3 1.19
16.3 1.18
16.3 1.20
16.3 1.17
16.3 1.18
16.3 1.18
16.3 1.15
16.2 1.19
16.3 1.19
16.2 1.19
16.2 1.18
16.2 1.19
16.2 1.18
16.2 1.19
16.2 1.18
16.2 1.19
16.2 1.19
16.2 1.20
16.2 1.19
16.2 1.20
16.2 1.19
16.2 1.19
16.2 1.18
16.2 1.18
16.2 1.18
16.2 1.20
16.2 1.18
16.2 1.18
16.2 1.18
16.2 1.19
16.2 1.16
16.2 1.19
16.2 1.18
16.2 1.19
16.2 1.17
16.2 1.18
16.2 1.17
16.2 1.19
16.2 1.18
16.2 1.19
16.2 1.19
16.2 1.17
16.2 1.19
16.2 1.18
16.2 1.19
16.2 1.18
16.2 1.18
16.2 1.18
16.2 1.18
16.2 1.18
16.2 1.16
16.2 1.18
16.2 1.18
16.2 1.18
16.2 1.17
16.2 1.16
16.2 1.16
16.2 1.16
16.2 1.17
16.2 1.17
16.2 1.18
16.2 1.16
16.2 1.16
16.2 1.18
16.2 1.18
16.2 1.16
16.2 1.16
16.2 1.15
16.2 1.16
16.2 1.16
16.2 1.16
16.2 1.17
16.2 1.17
16.2 1.17
16.2 1.15
16.2 1.18
16.2 1.18
16.2 1.17
16.2 1.18
16.2 1.18
16.2 1.15
16.2 1.15
16.2 1.18
16.2 1.17
16.2 1.17
16.2 1.17
16.2 1.17
16.2 1.18
16.2 1.16
16.2 1.18
16.2 1.19
16.2 1.19
16.2 1.18
16.2 1.19
16.2 1.18
16.2 1.19
16.2 1.17
16.2 1.20
16.2 1.21
16.2 1.19
16.2 1.18
16.2 1.20
16.2 1.20
16.2 1.18
16.2 1.20
16.2 1.19
16.2 1.19
16.2 1.19
16.2 1.19
16.2 1.18
16.2 1.20
16.2 1.18
16.2 1.19
16.2 1.20
16.3 1.18
16.3 1.20
16.3 1.20
16.3 1.20
16.3 1.20
16.3 1.21
16.3 1.19
16.3 1.22
16.3 1.21
16.3 1.23
16.3 1.20
16.3 1.20
16.3 1.21
16.3 1.23
16.3 1.20
16.3 1.22
16.3 1.23
16.3 1.21
16.3 1.21
16.4 1.20
16.4 1.22
16.4 1.21
16.4 1.21
16.4 1.23
16.4 1.20
16.4 1.23
16.4 1.22
16.4 1.21
16.4 1.21
16.4 1.21
16.4 1.21
16.4 1.20
16.4 1.24
16.4 1.21
16.4 1.23
16.5 1.19
16.5 1.23
16.5 1.22
16.5 1.22
16.5 1.22
16.5 1.21
16.5 1.22
16.5 1.22
16.5 1.23
16.5 1.20
16.5 1.23
16.6 1.21
16.7 1.23
16.7 1.21
16.9 1.22
16.9 1.22
16.9 1.21
16.8 1.23
16.6 1.22
16.7 1.23
16.7 1.23
16.7 1.21
16.8 1.21
16.8 1.22
16.9 1.20
16.8 1.22
16.8 1.24
16.6 1.22
16.6 1.20
16.7 1.24
16.6 1.22
16.6 1.22
16.6 1.21
16.6 1.22
16.6 1.21
16.6 1.20
16.6 1.21
16.6 1.21
16.6 1.21
16.6 1.21
16.6 1.22
16.6 1.24
16.6 1.20
16.6 1.22
16.6 1.20
16.6 1.23
16.6 1.22
16.6 1.22
16.6 1.22
16.6 1.22
16.6 1.22
16.6 1.21
16.6 1.19
16.6 1.22
16.6 1.22
16.6 1.16
16.6 1.22
16.6 1.23
16.6 1.21
16.6 1.22
16.6 1.21
16.6 1.21
16.6 1.21
16.6 1.21
16.6 1.20
16.6 1.20
16.6 1.21
16.6 1.21
16.6 1.20
16.6 1.22
16.6 1.22
16.6 1.21
16.6 1.20
16.6 1.22
16.6 1.21
16.6 1.21
16.6 1.22
16.6 1.24
16.6 1.20
16.6 1.25
16.6 1.19
16.6 1.22
16.6 1.22
16.6 1.22
16.6 1.23
16.6 1.22
16.6 1.22
16.6 1.21
16.7 1.20
16.7 1.22
16.7 1.21
16.7 1.21
16.7 1.23
16.7 1.22
16.7 1.22
16.7 1.21
16.7 1.22
16.7 1.21
16.7 1.21
16.7 1.24
16.7 1.22
16.7 1.21
16.7 1.20
16.7 1.23
16.7 1.21
16.7 1.23
16.7 1.23
16.7 1.22
16.8 1.23
16.8 1.23
16.8 1.22
16.8 1.22
16.8 1.20
16.8 1.24
16.8 1.23
16.8 1.23
16.8 1.22
16.8 1.22
16.7 1.24
16.7 1.23
16.7 1.23
16.7 1.22
16.7 1.24
16.7 1.23
16.7 1.23
16.7 1.23
16.7 1.25
16.7 1.24
16.7 1.22
16.7 1.24
16.7 1.22
16.7 1.21
16.7 1.22
16.7 1.23
16.7 1.22
16.8 1.22
16.7 1.21
16.8 1.21
16.8 1.22
16.8 1.23
16.8 1.25
16.8 1.23
16.8 1.23
16.8 1.24
16.8 1.25
16.8 1.24
16.8 1.26
16.8 1.26
16.8 1.25
16.8 1.24
16.8 1.23
16.8 1.25
16.8 1.24
16.8 1.24
16.8 1.24
16.8 1.24
16.8 1.24
16.8 1.25
16.8 1.24
16.8 1.24
16.8 1.24
16.8 1.25
16.8 1.26
16.8 1.25
16.8 1.25
16.8 1.26
16.8 1.25
16.8 1.25
16.8 1.24
16.8 1.24
16.8 1.25
16.8 1.25
16.7 1.25
16.7 1.26
16.7 1.25
16.7 1.24
16.7 1.25
16.7 1.25
16.7 1.25
16.7 1.25
16.7 1.24
16.7 1.25
16.7 1.22
16.7 1.25
16.7 1.25
16.7 1.24
16.7 1.23
16.7 1.23
16.7 1.24
16.7 1.25
16.7 1.25
16.7 1.24
16.7 1.22
16.7 1.23
16.7 1.25
16.7 1.25
16.7 1.24
16.7 1.22
16.7 1.24
16.7 1.24
16.7 1.24
16.7 1.26
16.7 1.20
16.7 1.25
16.7 1.25
16.7 1.23
16.7 1.25
16.7 1.14
16.7 1.24
16.7 1.27
16.7 1.24
16.7 1.26
16.7 1.24
16.7 1.23
16.7 1.24
16.7 1.24
16.7 1.24
16.7 1.24
16.7 1.22
16.7 1.23
16.7 1.23
16.7 1.23
16.7 1.23
16.7 1.23
16.7 1.23
16.7 1.24
16.7 1.25
16.7 1.24
16.7 1.22
16.7 1.23
16.7 1.24
16.7 1.24
16.7 1.22
16.7 1.23
16.7 1.23
16.7 1.26
16.7 1.24
16.7 1.23
16.7 1.24
16.7 1.24
16.7 1.23
16.7 1.24
16.7 1.23
16.7 1.24
16.7 1.26
16.7 1.24
16.7 1.25
16.7 1.21
16.7 1.23
16.7 1.24
16.7 1.22
16.7 1.24
16.7 1.23
16.7 1.23
16.8 1.25
16.8 1.25
16.8 1.24
16.8 1.24
16.8 1.25
16.8 1.25
16.8 1.26
16.8 1.25
16.8 1.23
16.8 1.23
16.8 1.25
16.8 1.24
16.8 1.25
16.9 1.25
16.9 1.26
16.9 1.26
16.9 1.26
16.9 1.24
16.9 1.24
16.9 1.24
16.9 1.25
16.9 1.22
16.9 1.25
16.9 1.24
16.9 1.19
16.9 1.25
17.0 1.26
17.0 1.24
17.0 1.26
17.0 1.25
17.0 1.24
17.0 1.25
17.0 1.23
17.1 1.23
17.0 1.25
17.1 1.26
17.0 1.26
17.0 1.23
17.1 1.25
17.1 1.24
17.1 1.25
17.1 1.23
17.1 1.23
17.1 1.24
17.1 1.27
17.1 1.28
17.1 1.25
17.1 1.23
17.2 1.25
17.2 1.23
17.2 1.24
17.2 1.25
17.2 1.24
17.2 1.25
17.2 1.24
17.2 1.26
17.2 1.25
17.3 1.24
17.3 1.24
17.4 1.25
17.4 1.25
17.4 1.25
17.2 1.26
17.3 1.24
17.4 1.24
17.3 1.25
17.4 1.25
17.4 1.25
17.4 1.25
17.3 1.24
17.3 1.24
17.3 1.24
17.2 1.24
17.3 1.24
17.3 1.25
17.2 1.26
17.2 1.25
17.2 1.27
17.2 1.27
17.2 1.26
17.2 1.24
17.2 1.23
17.2 1.24
17.2 1.25
17.2 1.23
17.2 1.23
17.2 1.25
17.2 1.25
17.2 1.24
17.2 1.24
17.2 1.25
17.2 1.25
17.2 1.25
17.2 1.23
17.2 1.24
17.2 1.23
17.1 1.25
17.1 1.25
17.1 1.18
17.1 1.24
17.1 1.23
17.1 1.26
17.1 1.25
17.1 1.23
17.1 1.26
17.1 1.24
17.1 1.26
17.1 1.23
17.1 1.24
17.1 1.24
17.1 1.24
17.1 1.24
17.1 1.25
17.1 1.26
17.1 1.24
17.1 1.26
17.1 1.23
17.1 1.25
17.1 1.24
17.1 1.24
17.1 1.25
17.1 1.24
17.1 1.24
17.1 1.26
17.1 1.25
17.1 1.26
17.1 1.25
17.1 1.26
17.1 1.26
17.1 1.24
17.1 1.26
17.1 1.25
17.1 1.23
17.1 1.24
17.2 1.25
17.2 1.25
17.2 1.27
17.2 1.28
17.2 1.27
17.2 1.25
17.2 1.25
17.2 1.26
17.2 1.27
17.2 1.26
17.2 1.27
17.2 1.26
17.2 1.28
17.2 1.26
17.2 1.27
17.2 1.26
17.2 1.26
17.2 1.24
17.2 1.25
17.2 1.28
17.2 1.27
17.2 1.26
17.2 1.27
17.2 1.26
17.2 1.26
17.2 1.25
17.2 1.25
17.2 1.26
17.2 1.25
17.2 1.25
17.2 1.26
17.2 1.26
17.2 1.22
17.2 1.27
17.2 1.26
17.2 1.25
17.2 1.28
17.2 1.28
17.2 1.26
17.2 1.28
17.2 1.25
17.2 1.26
17.2 1.27
17.2 1.27
17.2 1.25
17.2 1.28
17.2 1.29
17.2 1.27
17.2 1.28
17.2 1.27
17.2 1.26
17.2 1.26
17.2 1.28
17.2 1.28
17.2 1.28
17.2 1.26
17.2 1.27
17.2 1.28
17.2 1.29
17.2 1.27
17.2 1.26
17.2 1.25
17.2 1.27
17.2 1.27
17.2 1.26
17.2 1.27
17.2 1.26
17.2 1.26
17.2 1.27
17.2 1.27
17.2 1.27
17.2 1.26
17.2 1.26
17.2 1.26
17.2 1.26
17.2 1.29
17.2 1.26
17.2 1.25
17.2 1.26
17.2 1.27
17.2 1.28
17.2 1.26
17.2 1.26
17.2 1.27
17.2 1.24
17.2 1.28
17.2 1.26
17.2 1.25
17.2 1.27
17.2 1.25
17.2 1.26
17.2 1.26
17.2 1.27
17.2 1.27
17.2 1.25
17.2 1.26
17.2 1.27
17.2 1.28
17.2 1.25
17.1 1.27
17.1 1.26
17.1 1.25
17.1 1.28
17.1 1.25
17.1 1.26
17.1 1.25
17.1 1.29
17.1 1.26
17.1 1.27
17.1 1.26
17.1 1.25
17.1 1.26
17.1 1.26
17.1 1.25
17.1 1.25
17.1 1.24
17.1 1.27
17.1 1.23
17.1 1.26
17.1 1.23
17.1 1.26
17.1 1.27
17.1 1.27
17.1 1.27
17.1 1.26
17.1 1.28
17.1 1.26
17.1 1.26
17.1 1.26
17.1 1.26
17.1 1.26
17.1 1.27
17.1 1.27
17.1 1.25
17.1 1.27
17.1 1.25
17.1 1.26
17.1 1.28
17.1 1.27
17.1 1.27
17.1 1.24
17.1 1.26
17.1 1.28
17.1 1.27
17.1 1.26
17.1 1.24
17.1 1.26
17.1 1.29
17.1 1.26
17.1 1.27
17.2 1.27
17.2 1.26
17.2 1.27
17.2 1.23
17.2 1.26
17.2 1.26
17.2 1.25
17.2 1.27
17.2 1.28
17.2 1.27
17.2 1.27
17.2 1.26
17.2 1.26
17.2 1.27
17.2 1.27
17.3 1.26
17.3 1.26
17.3 1.29
17.3 1.27
17.3 1.27
17.3 1.26
17.3 1.26
17.3 1.24
17.3 1.27
17.3 1.25
17.3 1.25
17.3 1.28
17.3 1.27
17.3 1.26
17.4 1.25
17.4 1.27
17.4 1.28
17.4 1.26
17.4 1.26
17.4 1.27
17.4 1.26
17.4 1.25
17.4 1.26
17.4 1.28
17.4 1.26
17.4 1.26
17.4 1.25
17.4 1.26
17.4 1.25
17.5 1.25
17.5 1.28
17.5 1.26
17.5 1.25
17.5 1.26
17.5 1.26
17.5 1.24
17.5 1.27
17.5 1.26
17.6 1.30
17.6 1.26
17.6 1.26
17.6 1.26
17.6 1.26
17.6 1.27
17.6 1.23
17.6 1.24
17.6 1.26
17.6 1.27
17.6 1.28
17.7 1.26
17.7 1.26
17.7 1.27
17.8 1.26
17.8 1.26
17.9 1.25
17.8 1.24
17.8 1.27
17.8 1.26
17.8 1.27
17.9 1.26
17.9 1.26
17.8 1.27
17.8 1.26
17.8 1.28
17.8 1.27
17.7 1.27
17.7 1.27
17.7 1.27
17.7 1.27
17.7 1.28
17.8 1.28
17.7 1.25
17.7 1.27
17.7 1.27
17.7 1.26
17.7 1.26
17.6 1.27
17.6 1.27
17.6 1.26
17.6 1.26
17.6 1.28
17.6 1.27
17.6 1.27
17.6 1.28
17.6 1.27
17.6 1.27
17.6 1.29
17.6 1.28
17.5 1.28
17.5 1.29
17.5 1.27
17.5 1.27
17.5 1.27
17.5 1.27
17.5 1.28
17.5 1.27
17.5 1.25
17.5 1.29
17.6 1.27
17.5 1.27
17.6 1.28
17.6 1.27
17.6 1.27
17.6 1.29
17.6 1.27
17.5 1.27
17.6 1.26
17.6 1.28
17.6 1.27
17.5 1.27
17.5 1.28
17.6 1.28
17.5 1.27
17.5 1.27
17.5 1.27
17.5 1.27
17.5 1.27
17.5 1.27
17.5 1.27
17.5 1.28
17.5 1.27
17.5 1.27
17.5 1.26
17.5 1.27
17.5 1.26
17.5 1.27
17.5 1.26
17.5 1.28
17.5 1.27
17.5 1.28
17.5 1.26
17.5 1.27
17.5 1.26
17.5 1.26
17.5 1.28
17.5 1.29
17.5 1.26
17.5 1.28
17.5 1.29
17.5 1.27
17.6 1.28
17.6 1.28
17.6 1.27
17.6 1.26
17.6 1.27
17.6 1.27
17.6 1.27
17.6 1.25
17.6 1.26
17.6 1.27
17.6 1.27
17.6 1.28
17.6 1.26
17.6 1.26
17.6 1.27
17.6 1.29
17.7 1.27
17.7 1.28
17.7 1.26
17.7 1.29
17.7 1.27
17.7 1.28
17.7 1.28
17.8 1.26
17.7 1.28
17.8 1.27
17.7 1.26
17.8 1.26
17.8 1.27
17.8 1.26
17.8 1.27
17.8 1.26
17.8 1.27
17.8 1.26
17.8 1.25
17.8 1.29
17.8 1.27
17.8 1.25
17.8 1.29
17.8 1.27
17.8 1.25
17.8 1.27
17.8 1.27
17.8 1.27
17.8 1.27
17.8 1.25
17.8 1.26
17.8 1.26
17.8 1.26
17.8 1.27
17.8 1.22
17.8 1.27
17.8 1.27
17.8 1.25
17.8 1.26
17.8 1.26
17.8 1.24
17.8 1.26
17.8 1.26
17.8 1.25
17.8 1.26
17.8 1.25
17.8 1.24
17.8 1.26
17.8 1.26
17.8 1.25
17.8 1.25
17.8 1.26
17.8 1.25
17.8 1.27
17.8 1.27
17.7 1.25
17.7 1.25
17.7 1.26
17.7 1.27
17.7 1.27
17.7 1.28
17.7 1.27
17.7 1.27
17.7 1.27
17.7 1.27
17.6 1.26
17.6 1.26
17.6 1.29
17.6 1.27
17.6 1.26
17.6 1.27
17.6 1.25
17.6 1.27
17.5 1.28
17.5 1.28
17.5 1.30
17.5 1.29
17.5 1.29
17.5 1.30
17.4 1.30
17.4 1.29
17.4 1.28
17.4 1.28
17.4 1.30
17.4 1.28
17.4 1.27
17.4 1.28
17.4 1.29
17.3 1.29
17.3 1.29
17.3 1.29
17.3 1.28
17.3 1.29
17.3 1.27
17.3 1.26
17.3 1.28
17.3 1.28
17.3 1.29
17.3 1.28
17.4 1.31
17.4 1.29
17.3 1.30
17.3 1.29
17.3 1.29
17.4 1.30
17.3 1.28
17.3 1.29
17.3 1.30
17.3 1.31
17.3 1.29
17.4 1.29
17.4 1.29
17.4 1.29
17.4 1.31
17.4 1.31
17.4 1.31
17.4 1.28
17.4 1.29
17.4 1.30
17.4 1.30
17.4 1.29
17.4 1.30
17.4 1.28
17.4 1.28
17.4 1.29
17.4 1.28
17.4 1.28
17.4 1.27
17.5 1.28
17.5 1.27
17.5 1.27
17.5 1.28
17.5 1.28
17.5 1.27
17.5 1.27
17.5 1.27
17.6 1.28
17.6 1.28
17.6 1.28
17.6 1.28
17.6 1.27
17.6 1.29
17.6 1.27
17.7 1.27
17.7 1.25
17.7 1.25
17.7 1.26
17.7 1.25
17.7 1.28
17.8 1.25
17.8 1.26
17.8 1.28
17.8 1.25
17.8 1.28
17.8 1.25
17.8 1.26
17.9 1.26
17.9 1.26
17.9 1.25
17.9 1.26
17.9 1.26
17.9 1.26
17.9 1.26
17.9 1.27
17.9 1.26
18.0 1.29
18.0 1.28
18.0 1.27
18.0 1.25
18.0 1.27
18.0 1.25
18.0 1.26
18.0 1.28
18.0 1.26
18.0 1.26
18.0 1.26
18.0 1.27
18.0 1.26
18.0 1.27
18.0 1.25
18.0 1.26
18.1 1.25
18.1 1.22
18.1 1.26
18.1 1.26
18.1 1.25
18.1 1.24
18.1 1.24
18.1 1.26
18.1 1.25
18.1 1.25
18.1 1.25
18.3 1.26
18.1 1.25
18.2 1.24
18.2 1.26
18.2 1.26
18.2 1.24
18.2 1.27
18.2 1.26
18.1 1.26
18.1 1.25
18.1 1.24
18.1 1.26
18.1 1.26
18.1 1.26
18.1 1.24
18.1 1.28
18.1 1.25
18.2 1.28
18.2 1.26
18.1 1.27
18.1 1.27
18.1 1.26
18.1 1.26
18.1 1.28
18.1 1.26
18.1 1.27
18.1 1.27
18.1 1.26
18.1 1.26
18.0 1.27
18.0 1.26
18.0 1.27
18.0 1.28
18.0 1.28
18.0 1.27
18.0 1.27
18.0 1.29
18.0 1.29
18.0 1.28
18.0 1.29
17.9 1.29
18.0 1.29
18.0 1.30
17.9 1.29
17.9 1.27
17.9 1.28
17.9 1.30
17.9 1.28
17.9 1.29
17.9 1.27
17.9 1.34
17.9 1.28
17.9 1.30
17.9 1.31
17.9 1.30
17.9 1.30
17.9 1.29
17.9 1.29
17.9 1.29
17.9 1.29
17.9 1.29
17.9 1.31
17.9 1.30
17.8 1.30
17.9 1.30
17.8 1.29
17.8 1.31
17.8 1.32
17.8 1.31
17.8 1.30
17.8 1.30
17.8 1.29
17.8 1.29
17.8 1.28
17.9 1.29
17.9 1.31
17.9 1.30
17.9 1.29
17.9 1.31
17.9 1.30
17.9 1.28
17.9 1.26
17.9 1.28
17.8 1.28
17.8 1.29
17.8 1.28
17.9 1.27
17.9 1.28
17.9 1.26
17.9 1.28
17.9 1.26
17.9 1.26
17.9 1.26
17.9 1.27
17.9 1.27
17.9 1.27
17.9 1.28
17.9 1.28
17.9 1.26
17.9 1.28
17.9 1.27
17.9 1.27
18.0 1.27
18.0 1.24
18.0 1.27
18.0 1.27
18.0 1.25
18.0 1.26
18.0 1.25
18.0 1.26
18.0 1.28
18.0 1.26
18.0 1.26
18.0 1.26
18.0 1.27
18.0 1.26
18.0 1.26
18.0 1.24
18.0 1.25
18.0 1.25
18.0 1.26
18.0 1.26
18.0 1.25
18.1 1.27
18.0 1.26
18.0 1.26
18.1 1.26
18.0 1.25
18.1 1.25
18.1 1.24
18.1 1.26
18.1 1.26
18.1 1.25
18.1 1.24
18.1 1.25
18.1 1.26
18.1 1.26
18.1 1.24
18.1 1.27
18.1 1.25
18.1 1.27
18.1 1.26
18.1 1.24
18.0 1.23
18.1 1.23
18.1 1.23
18.1 1.26
18.1 1.25
18.1 1.25
18.1 1.24
18.1 1.26
18.1 1.28
18.1 1.26
18.1 1.25
18.0 1.24
18.0 1.26
18.0 1.27
18.0 1.27
18.0 1.26
18.0 1.26
18.0 1.26
18.0 1.27
18.0 1.27
18.0 1.26
18.0 1.26
18.0 1.27
18.0 1.24
18.0 1.27
18.0 1.27
17.9 1.26
18.0 1.29
17.9 1.27
17.9 1.27
17.9 1.28
17.9 1.27
17.9 1.27
17.9 1.27
17.9 1.28
17.8 1.27
17.8 1.29
17.8 1.31
17.8 1.31
17.8 1.27
17.8 1.27
17.8 1.29
17.8 1.31
17.8 1.30
17.8 1.32
17.8 1.30
17.8 1.30
17.8 1.29
17.8 1.29
17.7 1.32
17.7 1.31
17.7 1.33
17.7 1.34
17.7 1.35
17.7 1.35
17.7 1.36
17.7 1.36
17.7 1.40
17.7 1.39
17.7 1.38
17.7 1.35
17.7 1.37
17.7 1.37
17.7 1.38
17.7 1.38
17.7 1.35
17.7 1.36
17.7 1.37
17.7 1.37
17.7 1.42
17.7 1.36
17.7 1.38
17.7 1.40
17.7 1.36
17.7 1.36
17.7 1.37
17.7 1.38
17.7 1.37
17.7 1.36
17.7 1.34
17.7 1.37
17.7 1.33
17.7 1.35
17.7 1.35
17.7 1.33
17.7 1.35
17.7 1.35
17.7 1.33
17.7 1.33
17.8 1.33
17.8 1.31
17.8 1.32
17.8 1.32
17.8 1.32
17.8 1.31
17.8 1.28
17.8 1.29
17.8 1.30
17.8 1.28
17.8 1.29
17.8 1.29
17.8 1.30
17.8 1.29
17.8 1.27
17.8 1.12
17.8 1.30
17.8 1.27
17.8 1.29
17.8 1.29
17.8 1.29
17.9 1.28
17.9 1.28
17.9 1.28
17.9 1.27
17.9 1.26
17.9 1.25
17.9 1.26
17.9 1.26
17.9 1.27
17.9 1.25
17.9 1.25
17.9 1.25
17.9 1.26
18.0 1.25
17.9 1.26
18.0 1.27
17.9 1.25
18.0 1.28
18.0 1.27
18.0 1.25
18.0 1.25
18.0 1.25
18.0 1.24
18.0 1.25
18.0 1.25
18.0 1.26
18.0 1.25
18.0 1.24
18.0 1.25
18.0 1.24
18.0 1.25
18.0 1.27
18.0 1.26
18.0 1.25
18.0 1.25
18.0 1.26
18.0 1.25
18.0 1.25
18.0 1.26
18.0 1.25
18.0 1.26
18.0 1.25
18.0 1.26
18.0 1.25
18.0 1.26
18.0 1.26
18.0 1.26
18.0 1.24
18.0 1.24
18.0 1.26
18.0 1.25
18.0 1.25
18.0 1.26
18.0 1.26
18.0 1.25
18.0 1.25
18.0 1.28
18.0 1.25
18.0 1.25
18.0 1.25
18.0 1.26
18.0 1.27
18.0 1.26
17.9 1.24
17.9 1.26
17.9 1.26
17.9 1.25
17.9 1.26
17.9 1.28
17.9 1.25
17.9 1.25
17.9 1.25
17.9 1.27
17.8 1.26
17.8 1.27
17.8 1.26
17.8 1.27
17.8 1.28
17.8 1.27
17.8 1.27
17.8 1.26
17.8 1.28
17.7 1.28
17.7 1.30
17.8 1.29
17.7 1.29
17.7 1.30
17.7 1.31
17.7 1.30
17.7 1.31
17.6 1.32
17.7 1.30
17.7 1.31
17.7 1.31
17.7 1.33
17.7 1.32
17.7 1.31
17.7 1.32
17.7 1.31
17.6 1.33
17.6 1.32
17.6 1.33
17.6 1.32
17.6 1.35
17.6 1.35
17.6 1.32
17.6 1.33
17.6 1.33
17.6 1.32
17.7 1.32
17.6 1.33
17.6 1.33
17.6 1.34
17.6 1.33
17.6 1.32
17.6 1.31
17.6 1.30
17.7 1.30
17.7 1.32
17.6 1.30
17.6 1.30
17.6 1.30
17.7 1.30
17.7 1.30
17.7 1.30
17.6 1.30
17.6 1.29
17.6 1.30
17.7 1.30
17.7 1.30
17.6 1.28
17.7 1.30
17.7 1.29
17.7 1.29
17.7 1.28
17.7 1.28
17.7 1.30
17.7 1.29
17.7 1.28
17.7 1.27
17.7 1.27
17.7 1.27
17.7 1.27
17.7 1.27
17.7 1.25
17.7 1.26
17.8 1.25
17.8 1.26
17.8 1.26
17.8 1.26
17.8 1.25
17.8 1.25
17.8 1.26
17.8 1.26
17.8 1.25
17.8 1.26
17.8 1.26
17.8 1.25
17.8 1.26
17.8 1.25
17.8 1.25
17.8 1.26
17.8 1.24
17.8 1.24
17.8 1.25
17.8 1.25
17.8 1.25
17.8 1.24
17.8 1.24
17.8 1.23
17.8 1.25
17.8 1.25
17.8 1.25
17.8 1.25
17.8 1.25
17.8 1.26
17.8 1.25
17.8 1.26
17.8 1.26
17.8 1.25
17.8 1.25
17.8 1.25
17.8 1.23
17.8 1.24
17.8 1.24
17.8 1.25
17.8 1.25
17.8 1.25
17.8 1.24
17.8 1.23
17.8 1.26
17.8 1.25
17.8 1.25
17.8 1.27
17.8 1.25
17.8 1.27
17.8 1.26
17.8 1.26
17.8 1.27
17.8 1.26
17.8 1.25
17.8 1.24
17.8 1.26
17.8 1.25
17.8 1.25
17.8 1.26
17.8 1.25
17.8 1.26
17.8 1.25
17.8 1.26
17.8 1.25
17.8 1.25
17.8 1.25
17.8 1.25
17.8 1.25
17.8 1.26
17.8 1.26
17.8 1.26
17.8 1.25
17.8 1.27
17.7 1.26
17.7 1.24
17.7 1.27
17.7 1.25
17.7 1.25
17.7 1.26
17.7 1.27
17.7 1.28
17.7 1.26
17.7 1.26
17.7 1.28
17.7 1.29
17.7 1.28
17.6 1.30
17.6 1.29
17.6 1.29
17.6 1.28
17.6 1.30
17.6 1.28
17.6 1.29
17.6 1.30
17.6 1.30
17.6 1.29
17.6 1.30
17.6 1.30
17.6 1.29
17.6 1.29
17.6 1.30
17.6 1.29
17.6 1.31
17.6 1.32
17.6 1.31
17.6 1.30
17.6 1.29
17.6 1.31
17.6 1.30
17.6 1.31
17.6 1.30
17.6 1.30
17.6 1.31
17.6 1.30
17.6 1.29
17.6 1.30
17.6 1.30
17.6 1.27
17.6 1.27
17.6 1.29
17.6 1.28
17.6 1.28
17.6 1.28
17.6 1.28
17.6 1.29
17.6 1.29
17.6 1.27
17.6 1.29
17.6 1.29
17.6 1.29
17.6 1.29
17.6 1.27
17.6 1.29
17.6 1.28
17.6 1.27
17.6 1.26
17.6 1.27
17.7 1.27
17.7 1.28
17.6 1.27
17.7 1.27
17.7 1.26
17.7 1.27
17.7 1.27
17.7 1.27
17.7 1.27
17.7 1.25
17.7 1.26
17.7 1.26
17.7 1.25
17.7 1.25
17.7 1.26
17.7 1.25
17.7 1.25
17.7 1.25
17.7 1.27
17.7 1.27
17.7 1.28
17.7 1.25
17.7 1.26
17.7 1.27
17.7 1.25
17.7 1.27
17.7 1.26
17.7 1.24
17.7 1.26
17.7 1.26
17.7 1.26
17.7 1.25
17.7 1.25
17.7 1.26
17.7 1.25
17.7 1.25
17.7 1.26
17.7 1.27
17.7 1.24
17.6 1.23
17.6 1.26
17.6 1.25
17.6 1.25
17.6 1.25
17.6 1.24
17.6 1.27
17.6 1.27
17.6 1.26
17.6 1.27
17.6 1.26
17.6 1.25
17.6 1.25
17.6 1.25
17.6 1.25
17.6 1.26
17.6 1.24
17.6 1.24
17.6 1.24
17.6 1.25
17.6 1.25
17.6 1.26
17.6 1.27
17.6 1.26
17.6 1.26
17.6 1.24
17.6 1.27
17.6 1.26
17.6 1.24
17.6 1.24
17.6 1.26
17.6 1.25
17.6 1.23
17.6 1.23
17.6 1.22
17.6 1.25
17.6 1.26
17.6 1.26
17.6 1.28
17.6 1.26
17.6 1.26
17.6 1.26
17.6 1.25
17.6 1.26
17.6 1.27
17.6 1.27
17.6 1.28
17.6 1.25
17.6 1.27
17.6 1.27
17.6 1.28
17.6 1.28
17.6 1.26
17.6 1.28
17.6 1.27
17.6 1.30
17.6 1.29
17.6 1.28
17.6 1.29
17.6 1.28
17.6 1.28
17.6 1.29
17.6 1.33
17.6 1.32
17.5 1.30
17.5 1.29
17.5 1.30
17.5 1.33
17.5 1.30
17.5 1.32
17.5 1.29
17.5 1.29
17.5 1.33
17.5 1.33
17.5 1.30
17.5 1.31
17.5 1.31
17.5 1.32
17.5 1.35
17.5 1.35
17.5 1.34
17.5 1.35
17.5 1.33
17.5 1.31
17.5 1.34
17.5 1.35
17.5 1.35
17.5 1.35
17.5 1.35
17.5 1.35
17.5 1.35
17.5 1.33
17.5 1.34
17.5 1.33
17.5 1.34
17.5 1.33
17.5 1.33
17.5 1.32
17.5 1.34
17.5 1.34
17.5 1.34
17.5 1.33
17.5 1.33
17.5 1.34
17.5 1.31
17.5 1.32
17.5 1.31
17.5 1.30
17.5 1.31
17.5 1.31
17.5 1.30
17.5 1.28
17.5 1.30
17.5 1.28
17.5 1.29
17.5 1.28
17.5 1.29
17.5 1.31
17.5 1.28
17.5 1.30
17.5 1.29
17.5 1.28
17.5 1.26
17.5 1.30
17.5 1.28
17.5 1.28
17.5 1.26
17.5 1.26
17.5 1.27
17.5 1.26
17.5 1.27
17.5 1.27
17.5 1.26
17.5 1.28
17.5 1.28
17.5 1.27
17.5 1.27
17.5 1.24
17.5 1.26
17.4 1.27
17.4 1.26
17.4 1.27
17.4 1.26
17.4 1.27
17.4 1.25
17.4 1.26
17.4 1.25
17.4 1.27
17.4 1.25
17.4 1.25
17.4 1.26
17.4 1.28
17.4 1.28
17.4 1.27
17.4 1.26
17.4 1.27
17.4 1.26
17.4 1.26
17.4 1.25
17.4 1.27
17.4 1.27
17.4 1.28
17.4 1.27
17.3 1.28
17.3 1.26
17.3 1.26
17.3 1.29
17.3 1.27
17.3 1.28
17.3 1.26
17.3 1.28
17.3 1.27
17.3 1.24
17.3 1.16
17.3 1.27
17.3 1.28
17.3 1.27
17.3 1.27
17.3 1.29
17.3 1.26
17.3 1.28
17.3 1.27
17.3 1.28
17.3 1.28
17.3 1.29
17.3 1.29
17.3 1.28
17.3 1.29
17.3 1.27
17.3 1.27
17.3 1.29
17.3 1.28
17.3 1.26
17.4 1.28
17.4 1.28
17.4 1.26
17.4 1.28
17.4 1.27
17.4 1.28
17.4 1.27
17.4 1.28
17.4 1.28
17.4 1.29
17.4 1.29
17.4 1.29
17.4 1.29
17.4 1.29
17.4 1.28
17.4 1.27
17.4 1.28
17.4 1.29
17.4 1.29
17.4 1.28
17.4 1.27
17.4 1.26
17.4 1.30
17.4 1.29
17.4 1.26
17.4 1.30
17.4 1.29
17.4 1.27
17.5 1.29
17.5 1.27
17.4 1.27
17.4 1.29
17.4 1.27
17.5 1.26
17.5 1.26
17.5 1.30
17.5 1.29
17.5 1.28
17.4 1.29
17.5 1.26
17.4 1.29
17.5 1.26
17.5 1.25
17.5 1.24
17.5 1.24
17.5 1.25
17.5 1.23
17.5 1.30
17.4 1.26
17.5 1.28
17.5 1.30
17.5 1.28
17.5 1.28
17.5 1.29
17.5 1.26
17.5 1.28
17.5 1.27
17.5 1.26
17.5 1.29
17.5 1.29
17.5 1.29
17.5 1.28
17.5 1.30
17.5 1.29
17.5 1.27
17.5 1.27
17.5 1.28
17.5 1.26
17.5 1.29
17.5 1.27
17.5 1.28
17.5 1.27
17.5 1.29
17.5 1.28
17.5 1.28
17.5 1.29
17.4 1.28
17.4 1.28
17.5 1.27
17.4 1.27
17.4 1.29
17.4 1.29
17.4 1.28
17.4 1.26
17.4 1.27
17.4 1.27
17.4 1.27
17.4 1.27
17.4 1.31
17.4 1.28
17.4 1.27
17.4 1.28
17.4 1.26
17.4 1.30
17.3 1.26
17.3 1.30
17.3 1.25
17.3 1.27
17.3 1.27
17.3 1.28
17.3 1.27
17.3 1.31
17.3 1.26
17.3 1.28
17.3 1.29
17.3 1.26
17.2 1.26
17.2 1.28
17.2 1.27
17.2 1.28
17.2 1.28
17.2 1.28
17.2 1.28
17.2 1.27
17.2 1.27
17.2 1.27
17.2 1.27
17.2 1.26
17.2 1.28
17.2 1.27
17.2 1.29
17.2 1.31
17.2 1.28
17.2 1.27
17.1 1.27
17.2 1.27
17.2 1.26
17.2 1.27
17.2 1.25
17.2 1.26
17.2 1.29
17.1 1.27
17.2 1.28
17.2 1.27
17.1 1.29
17.1 1.29
17.1 1.28
17.1 1.29
17.1 1.27
17.1 1.28
17.1 1.27
17.1 1.28
17.1 1.28
17.1 1.28
17.1 1.27
17.1 1.30
17.1 1.25
17.1 1.28
17.1 1.26
17.1 1.25
17.1 1.24
17.1 1.25
17.1 1.30
17.2 1.27
17.2 1.27
17.2 1.27
17.2 1.25
17.2 1.25
17.2 1.27
17.2 1.26
17.2 1.26
17.2 1.27
17.2 1.26
17.2 1.27
17.2 1.26
17.2 1.25
17.2 1.28
17.2 1.30
17.3 1.27
17.3 1.25
17.3 1.27
17.3 1.30
17.3 1.29
17.3 1.25
17.3 1.28
17.3 1.26
17.3 1.29
17.3 1.28
17.3 1.26
17.4 1.28
17.3 1.29
17.3 1.27
17.3 1.30
17.3 1.28
17.3 1.30
17.3 1.29
17.3 1.31
17.3 1.29
17.3 1.32
17.3 1.33
17.3 1.29
17.4 1.30
17.3 1.31
17.3 1.29
17.3 1.29
17.3 1.30
17.3 1.29
17.3 1.29
17.3 1.29
17.3 1.29
17.3 1.27
17.3 1.26
17.3 1.28
17.3 1.29
17.3 1.29
17.3 1.29
17.3 1.28
17.3 1.28
17.3 1.26
17.3 1.28
17.3 1.27
17.2 1.27
17.2 1.29
17.3 1.28
17.2 1.29
17.2 1.29
17.2 1.29
17.2 1.27
17.2 1.27
17.2 1.29
17.2 1.27
17.2 1.28
17.2 1.29
17.1 1.29
17.1 1.29
17.1 1.28
17.1 1.29
17.1 1.30
17.1 1.30
17.1 1.29
17.1 1.29
17.0 1.29
17.0 1.28
17.0 1.29
17.0 1.27
17.0 1.28
17.0 1.28
16.9 1.28
17.0 1.26
17.0 1.29
16.9 1.28
16.9 1.29
16.9 1.29
16.9 1.27
16.9 1.29
16.9 1.28
16.9 1.27
16.9 1.28
16.9 1.29
16.9 1.28
16.9 1.29
16.9 1.27
16.8 1.30
16.8 1.29
16.8 1.27
16.8 1.29
16.8 1.29
16.8 1.28
16.8 1.29
16.8 1.30
16.8 1.29
16.8 1.28
16.8 1.30
16.8 1.27
16.7 1.29
16.7 1.28
16.7 1.31
16.7 1.28
16.7 1.27
16.7 1.27
16.7 1.20
16.6 1.28
16.6 1.29
16.7 1.29
16.7 1.28
16.7 1.29
16.7 1.28
16.6 1.27
16.6 1.26
16.6 1.28
16.6 1.27
16.6 1.27
16.6 1.26
16.6 1.29
16.6 1.29
16.6 1.29
16.6 1.30
16.6 1.30
16.6 1.29
16.6 1.31
16.6 1.27
16.6 1.29
16.6 1.30
16.6 1.29
16.6 1.29
16.6 1.29
16.6 1.28
16.7 1.28
16.7 1.29
16.7 1.29
16.7 1.29
16.7 1.30
16.7 1.29
16.7 1.30
16.8 1.28
16.8 1.29
16.8 1.27
16.8 1.29
16.8 1.29
16.8 1.28
16.8 1.29
16.8 1.29
16.8 1.29
16.9 1.27
16.9 1.28
16.9 1.31
16.9 1.30
16.9 1.29
16.9 1.29
16.9 1.31
16.9 1.32
17.0 1.30
16.9 1.29
17.0 1.33
17.0 1.30
17.0 1.29
17.0 1.32
17.0 1.31
17.0 1.30
17.0 1.30
17.0 1.30
17.0 1.31
17.0 1.32
17.0 1.29
17.0 1.30
17.0 1.29
17.0 1.31
17.0 1.31
17.0 1.31
17.0 1.29
17.0 1.31
17.0 1.30
17.0 1.31
17.0 1.30
17.0 1.32
17.0 1.30
17.0 1.32
17.0 1.31
17.0 1.31
17.0 1.31
17.0 1.32
17.0 1.32
17.0 1.31
17.0 1.30
17.0 1.31
17.0 1.32
17.0 1.32
17.0 1.31
17.0 1.31
17.0 1.29
17.0 1.33
17.0 1.30
17.0 1.31
17.0 1.29
17.0 1.29
16.9 1.30
16.9 1.29
17.0 1.33
16.9 1.29
16.9 1.29
16.9 1.31
16.9 1.31
16.9 1.31
16.9 1.32
16.9 1.30
16.8 1.32
16.8 1.33
16.8 1.31
16.8 1.30
16.8 1.33
16.8 1.29
16.8 1.29
16.8 1.31
16.8 1.29
16.8 1.30
16.8 1.31
16.8 1.33
16.7 1.31
16.7 1.32
16.7 1.30
16.7 1.31
16.7 1.32
16.7 1.31
16.7 1.31
16.7 1.29
16.7 1.32
16.6 1.31
16.6 1.31
16.7 1.32
16.6 1.32
16.6 1.33
16.6 1.31
16.6 1.31
16.6 1.32
16.6 1.32
16.6 1.30
16.6 1.32
16.5 1.33
16.5 1.32
16.6 1.32
16.5 1.31
16.5 1.32
16.5 1.32
16.4 1.34
16.4 1.32
16.4 1.31
16.4 1.34
16.4 1.31
16.4 1.29
16.4 1.31
16.4 1.31
16.4 1.30
16.5 1.27
16.4 1.29
16.4 1.26
16.4 1.27
16.4 1.28
16.4 1.30
16.4 1.31
16.3 1.31
16.3 1.32
16.3 1.32
16.3 1.34
16.3 1.32
16.3 1.32
16.3 1.31
16.3 1.33
16.3 1.30
16.3 1.32
16.3 1.31
16.3 1.33
16.4 1.33
16.4 1.31
16.4 1.31
16.4 1.33
16.4 1.31
16.5 1.35
16.4 1.29
16.5 1.32
16.5 1.32
16.5 1.32
16.6 1.32
16.5 1.32
16.6 1.31
16.5 1.31
16.6 1.31
16.6 1.32
16.6 1.31
16.6 1.32
16.7 1.31
16.7 1.33
16.7 1.34
16.7 1.30
16.7 1.32
16.8 1.32
16.7 1.33
16.8 1.33
16.8 1.32
16.8 1.32
16.7 1.33
16.8 1.31
16.8 1.33
16.8 1.34
16.8 1.34
16.8 1.34
16.8 1.35
16.8 1.35
16.8 1.37
16.8 1.34
16.9 1.36
16.9 1.38
16.9 1.36
16.8 1.36
16.9 1.35
16.8 1.34
16.9 1.34
16.8 1.36
16.9 1.37
16.9 1.35
16.9 1.36
16.8 1.37
16.9 1.35
16.9 1.34
16.9 1.36
16.8 1.34
16.8 1.35
16.9 1.36
16.8 1.35
16.8 1.35
16.8 1.36
16.8 1.35
16.8 1.34
16.8 1.35
16.8 1.34
16.8 1.34
16.8 1.35
16.8 1.34
16.8 1.36
16.8 1.33
16.8 1.33
16.7 1.34
16.7 1.32
16.7 1.33
16.7 1.32
16.7 1.34
16.7 1.33
16.7 1.30
16.7 1.32
16.6 1.33
16.6 1.32
16.6 1.32
16.6 1.32
16.6 1.34
16.6 1.32
16.6 1.31
16.5 1.30
16.5 1.33
16.5 1.31
16.5 1.32
16.4 1.33
16.4 1.30
16.5 1.33
16.4 1.32
16.4 1.32
16.4 1.36
16.4 1.32
16.3 1.32
16.3 1.32
16.3 1.30
16.3 1.31
16.2 1.32
16.2 1.32
16.2 1.32
16.2 1.31
16.2 1.32
16.2 1.30
16.2 1.34
16.2 1.31
16.1 1.32
16.1 1.32
16.1 1.33
16.1 1.32
16.1 1.33
16.1 1.30
16.1 1.31
16.1 1.31
16.0 1.32
16.1 1.32
16.0 1.32
16.0 1.32
16.0 1.33
16.0 1.32
16.0 1.31
15.9 1.32
16.0 1.31
15.9 1.33
15.9 1.32
16.0 1.31
15.9 1.33
16.0 1.33
15.9 1.32
15.9 1.32
15.9 1.34
16.0 1.32
15.9 1.30
15.9 1.33
16.0 1.31
16.0 1.31
16.0 1.34
16.0 1.32
16.0 1.29
15.9 1.31
15.8 1.32
15.9 1.33
16.1 1.32
15.8 1.33
15.8 1.33
15.7 1.34
15.7 1.33
15.8 1.32
15.8 1.33
15.7 1.34
15.7 1.33
15.7 1.34
15.7 1.34
15.7 1.31
15.8 1.33
15.8 1.35
15.8 1.34
15.8 1.35
15.9 1.33
15.8 1.35
15.9 1.36
15.9 1.32
15.9 1.32
16.0 1.34
16.0 1.34
16.0 1.34
16.0 1.33
16.1 1.31
16.1 1.33
16.1 1.34
16.2 1.32
16.2 1.35
16.2 1.32
16.4 1.33
16.3 1.32
16.3 1.33
16.4 1.34
16.4 1.34
16.4 1.32
16.4 1.31
16.4 1.32
16.4 1.33
16.4 1.31
16.5 1.33
16.5 1.32
16.5 1.31
16.6 1.35
16.5 1.35
16.5 1.33
16.5 1.35
16.5 1.35
16.6 1.33
16.6 1.35
16.6 1.35
16.6 1.36
16.6 1.34
16.7 1.35
16.7 1.35
16.6 1.34
16.7 1.35
16.7 1.35
16.7 1.34
16.6 1.34
16.6 1.34
16.6 1.34
16.6 1.34
16.6 1.33
16.6 1.33
16.6 1.34
16.6 1.32
16.6 1.34
16.6 1.35
16.6 1.34
16.6 1.35
16.6 1.33
16.6 1.35
16.6 1.35
16.6 1.34
16.6 1.33
16.6 1.34
16.6 1.35
16.5 1.33
16.5 1.34
16.5 1.35
16.4 1.34
16.5 1.33
16.4 1.33
16.4 1.34
16.4 1.34
16.4 1.34
16.4 1.34
16.4 1.32
16.3 1.35
16.3 1.35
16.4 1.33
16.3 1.34
16.2 1.31
16.3 1.34
16.3 1.33
16.2 1.32
16.2 1.32
16.2 1.33
16.2 1.34
16.1 1.34
16.1 1.34
16.1 1.34
16.1 1.34
16.1 1.34
16.1 1.33
16.1 1.33
16.1 1.37
16.0 1.33
16.0 1.35
16.0 1.35
16.0 1.35
16.0 1.36
15.9 1.34
15.9 1.34
15.9 1.33
16.0 1.37
16.0 1.35
16.0 1.34
16.0 1.33
15.9 1.37
15.8 1.34
15.9 1.34
15.8 1.36
15.8 1.36
15.8 1.37
15.8 1.36
15.8 1.35
15.8 1.36
15.8 1.33
15.8 1.34
15.8 1.35
15.8 1.35
15.9 1.35
15.8 1.35
15.8 1.35
15.8 1.35
15.7 1.36
15.8 1.34
15.8 1.35
15.7 1.33
15.7 1.32
15.7 1.35
15.6 1.35
15.6 1.35
15.7 1.36
15.7 1.35
15.7 1.36
15.7 1.33
15.7 1.35
15.7 1.34
15.7 1.35
15.7 1.34
15.7 1.34
15.8 1.35
15.8 1.35
15.8 1.36
15.8 1.34
15.8 1.36
15.8 1.36
15.9 1.36
15.9 1.36
15.9 1.35
16.0 1.34
16.0 1.33
16.0 1.34
16.0 1.36
16.0 1.35
16.1 1.32
16.1 1.35
16.2 1.35
16.2 1.35
16.1 1.35
16.3 1.35
16.2 1.35
16.3 1.33
16.4 1.35
16.3 1.36
16.4 1.38
16.4 1.35
16.3 1.35
16.4 1.36
16.4 1.36
16.5 1.37
16.4 1.36
16.5 1.37
16.5 1.38
16.5 1.37
16.4 1.38
16.5 1.49
16.6 1.39
16.5 1.38
16.5 1.38
16.5 1.40
16.5 1.37
16.5 1.37
16.5 1.39
16.5 1.38
16.5 1.39
16.5 1.40
16.5 1.39
16.6 1.40
16.6 1.39
16.6 1.37
16.6 1.39
16.6 1.38
16.5 1.38
16.6 1.40
16.6 1.40
16.5 1.40
16.5 1.38
16.5 1.38
16.5 1.38
16.5 1.41
16.5 1.39
16.5 1.40
16.6 1.39
16.5 1.37
16.5 1.40
16.5 1.39
16.5 1.38
16.5 1.38
16.5 1.38
16.5 1.39
16.4 1.39
16.4 1.39
16.4 1.37
16.4 1.38
16.4 1.36
16.4 1.38
16.4 1.39
16.4 1.37
16.3 1.39
16.3 1.36
16.3 1.37
16.3 1.37
16.2 1.37
16.2 1.36
16.2 1.39
16.1 1.37
16.2 1.37
16.2 1.38
16.1 1.37
16.2 1.38
16.1 1.37
16.1 1.35
16.0 1.38
16.0 1.36
15.9 1.36
16.0 1.37
15.9 1.35
15.9 1.37
15.8 1.36
15.9 1.38
15.8 1.36
15.9 1.36
15.8 1.37
15.8 1.36
15.8 1.36
15.8 1.35
15.7 1.37
15.7 1.37
15.7 1.34
15.8 1.37
15.7 1.37
15.7 1.35
15.6 1.37
15.7 1.35
15.7 1.38
15.7 1.36
15.7 1.35
15.7 1.32
15.7 1.35
15.7 1.38
15.6 1.36
15.6 1.35
15.6 1.37
15.6 1.38
15.6 1.37
15.5 1.36
15.5 1.38
15.5 1.38
15.6 1.36
15.6 1.36
15.6 1.37
15.5 1.39
15.5 1.38
15.6 1.36
15.6 1.36
15.6 1.38
15.6 1.39
15.8 1.36
15.6 1.36
15.6 1.38
15.4 1.36
15.4 1.38
15.4 1.37
15.4 1.35
15.5 1.36
15.6 1.38
15.5 1.37
15.5 1.38
15.5 1.38
15.5 1.37
15.5 1.40
15.5 1.35
15.6 1.37
15.7 1.36
15.7 1.37
15.7 1.36
15.7 1.35
15.7 1.37
15.7 1.38
15.7 1.36
15.7 1.36
15.8 1.37
15.8 1.36
15.8 1.37
15.8 1.37
15.9 1.35
15.8 1.36
15.9 1.37
15.9 1.36
15.9 1.36
16.0 1.37
16.0 1.38
16.0 1.37
16.0 1.37
16.0 1.36
16.1 1.36
16.1 1.40
16.2 1.35
16.1 1.37
16.2 1.35
16.2 1.37
16.3 1.37
16.3 1.37
16.3 1.38
16.3 1.37
16.4 1.38
16.5 1.39
16.4 1.39
16.4 1.40
16.6 1.40
16.6 1.40
16.4 1.39
16.6 1.40
16.7 1.41
16.6 1.40
16.6 1.40
16.6 1.40
16.7 1.41
16.8 1.41
16.8 1.41
16.8 1.41
16.7 1.40
16.9 1.41
16.6 1.39
16.6 1.39
16.5 1.38
16.6 1.40
16.5 1.38
16.6 1.38
16.5 1.36
16.5 1.39
16.5 1.37
16.5 1.39
16.5 1.37
16.5 1.39
16.5 1.37
16.4 1.37
16.5 1.37
16.5 1.37
16.5 1.36
16.4 1.36
16.4 1.38
16.4 1.36
16.4 1.36
16.3 1.37
16.3 1.37
16.3 1.36
16.3 1.38
16.2 1.38
16.2 1.38
16.2 1.37
16.2 1.38
16.2 1.38
16.2 1.37
16.2 1.37
16.1 1.37
16.1 1.36
16.1 1.37
16.0 1.37
16.0 1.36
16.0 1.35
16.0 1.37
16.0 1.38
16.0 1.37
16.0 1.38
16.0 1.37
16.0 1.35
16.0 1.37
16.0 1.38
15.9 1.37
15.9 1.36
15.9 1.37
15.9 1.37
15.9 1.37
15.9 1.36
15.9 1.34
15.9 1.37
15.8 1.36
15.8 1.39
15.8 1.36
15.8 1.37
15.8 1.36
15.8 1.36
15.8 1.38
15.8 1.37
15.8 1.35
15.8 1.38
15.8 1.37
15.8 1.36
15.8 1.39
15.8 1.38
15.8 1.36
15.8 1.40
15.8 1.39
15.8 1.40
15.8 1.38
15.8 1.40
15.8 1.40
15.8 1.38
15.7 1.38
15.7 1.38
15.7 1.36
15.7 1.36
15.7 1.38
15.7 1.37
15.7 1.38
15.7 1.39
15.7 1.37
15.7 1.37
15.7 1.35
15.7 1.39
15.7 1.39
15.7 1.39
15.7 1.40
15.7 1.37
15.7 1.39
15.7 1.37
15.8 1.39
15.8 1.38
15.8 1.39
15.8 1.39
15.8 1.39
15.9 1.38
15.9 1.40
15.9 1.39
15.9 1.38
15.9 1.39
16.0 1.37
16.0 1.38
16.0 1.38
16.0 1.39
16.1 1.40
16.1 1.41
16.2 1.39
16.2 1.37
16.2 1.39
16.2 1.40
16.2 1.38
16.2 1.40
16.2 1.39
16.2 1.41
16.3 1.39
16.3 1.40
16.4 1.40
16.4 1.42
16.4 1.42
16.4 1.40
16.4 1.42
16.4 1.40
16.4 1.42
16.4 1.43
16.4 1.42
16.4 1.41
16.5 1.43
16.4 1.42
16.4 1.42
16.4 1.43
16.5 1.41
16.5 1.44
16.5 1.45
16.5 1.46
16.5 1.46
16.5 1.47
16.5 1.48
16.5 1.45
16.6 1.45
16.5 1.47
16.6 1.47
16.6 1.46
16.6 1.47
16.6 1.48
16.5 1.46
16.5 1.45
16.5 1.44
16.5 1.44
16.5 1.45
16.5 1.45
16.5 1.45
16.5 1.45
16.5 1.42
16.5 1.43
16.5 1.45
16.5 1.44
16.5 1.42
16.5 1.43
16.5 1.42
16.5 1.43
16.4 1.42
16.4 1.43
16.4 1.43
16.4 1.41
16.4 1.42
16.4 1.42
16.4 1.41
16.3 1.42
16.3 1.40
16.3 1.41
16.3 1.41
16.2 1.39
16.2 1.41
16.1 1.40
16.2 1.40
16.1 1.40
16.1 1.40
16.1 1.40
16.1 1.40
16.1 1.40
16.0 1.37
16.0 1.40
16.0 1.39
16.0 1.38
16.0 1.39
15.9 1.39
15.9 1.38
15.8 1.40
15.9 1.38
15.8 1.38
15.8 1.39
15.9 1.39
15.8 1.39
15.8 1.40
15.8 1.38
15.8 1.40
15.8 1.38
15.8 1.39
15.7 1.37
15.8 1.39
15.8 1.39
15.7 1.40
15.8 1.39
15.7 1.39
15.7 1.39
15.7 1.39
15.7 1.38
15.7 1.46
15.6 1.36
15.7 1.39
15.7 1.38
15.6 1.38
15.6 1.36
15.6 1.39
15.6 1.39
15.6 1.38
15.6 1.37
15.6 1.38
15.6 1.37
15.6 1.37
15.6 1.36
15.6 1.25
15.6 1.36
15.6 1.32
15.6 1.31
15.6 1.31
15.7 1.30
15.8 1.31
15.8 1.28
15.9 1.33
15.6 1.33
15.6 1.32
15.6 1.32
15.6 1.31
15.6 1.33
15.6 1.35
15.6 1.34
15.7 1.35
15.6 1.32
15.6 1.35
15.6 1.34
15.6 1.34
15.7 1.35
15.7 1.33
15.7 1.34
15.7 1.34
15.7 1.35
15.7 1.36
15.7 1.35
15.7 1.34
15.8 1.35
15.8 1.35
15.8 1.35
15.8 1.36
15.8 1.37
15.8 1.35
15.9 1.35
15.9 1.34
15.9 1.35
15.9 1.37
15.9 1.36
16.0 1.37
16.0 1.38
16.0 1.36
16.0 1.38
16.1 1.38
16.0 1.37
16.1 1.35
16.1 1.36
16.1 1.36
16.1 1.37
16.2 1.37
16.2 1.38
16.2 1.38
16.2 1.39
16.2 1.38
16.2 1.39
16.3 1.40
16.3 1.38
16.3 1.37
16.3 1.40
16.3 1.40
16.3 1.40
16.4 1.41
16.4 1.40
16.4 1.40
16.4 1.39
16.4 1.40
16.4 1.39
16.5 1.41
16.5 1.41
16.5 1.43
16.5 1.40
16.4 1.42
16.4 1.41
16.3 1.40
16.3 1.39
16.3 1.40
16.3 1.40
16.3 1.40
16.3 1.40
16.3 1.40
16.3 1.40
16.3 1.39
16.3 1.38
16.3 1.40
16.3 1.38
16.2 1.40
16.2 1.39
16.2 1.40
16.2 1.39
16.2 1.39
16.2 1.38
16.1 1.38
16.1 1.38
16.1 1.38
16.1 1.40
16.1 1.37
16.1 1.36
16.1 1.37
16.1 1.40
16.1 1.38
16.1 1.39
16.0 1.40
16.0 1.38
16.0 1.38
16.0 1.38
16.0 1.36
16.0 1.36
16.0 1.36
15.9 1.37
16.0 1.37
16.0 1.35
15.9 1.36
15.9 1.37
15.9 1.37
15.9 1.37
15.9 1.37
15.9 1.36
15.8 1.36
15.8 1.36
15.8 1.35
15.8 1.38
15.8 1.36
15.8 1.36
15.8 1.35
15.8 1.36
15.8 1.36
15.8 1.37
15.8 1.36
15.8 1.37
15.8 1.35
15.8 1.35
15.8 1.37
15.8 1.34
15.8 1.32
15.8 1.33
15.7 1.32
15.8 1.33
15.8 1.32
15.8 1.31
15.8 1.33
15.7 1.33
15.7 1.32
15.7 1.32
15.8 1.36
15.8 1.36
15.7 1.34
15.7 1.35
15.7 1.36
15.7 1.37
15.7 1.36
15.7 1.36
15.7 1.34
15.7 1.35
15.7 1.34
15.7 1.36
15.7 1.35
15.7 1.35
15.7 1.33
15.7 1.36
15.7 1.35
15.7 1.36
15.7 1.36
15.7 1.37
15.8 1.36
15.8 1.34
15.8 1.35
15.8 1.38
15.8 1.35
15.8 1.35
15.8 1.37
15.8 1.37
15.8 1.38
15.8 1.37
15.8 1.36
15.9 1.39
15.9 1.38
15.9 1.37
15.9 1.37
16.0 1.39
16.0 1.38
16.0 1.40
16.0 1.38
16.0 1.39
16.0 1.39
16.1 1.38
16.1 1.39
16.1 1.39
16.1 1.38
16.2 1.39
16.2 1.40
16.2 1.41
16.2 1.40
16.2 1.40
16.2 1.40
16.3 1.41
16.2 1.40
16.3 1.41
16.3 1.42
16.3 1.42
16.3 1.43
16.3 1.42
16.4 1.42
16.3 1.43
16.3 1.41
16.3 1.41
16.3 1.47
16.3 1.42
16.4 1.46
16.4 1.42
16.4 1.42
16.4 1.44
16.4 1.45
16.4 1.45
16.4 1.44
16.4 1.44
16.4 1.45
16.4 1.45
16.4 1.46
16.3 1.44
16.3 1.43
16.3 1.42
16.3 1.45
16.3 1.43
16.3 1.44
16.3 1.43
16.4 1.41
16.3 1.42
16.3 1.42
16.3 1.43
16.3 1.42
16.3 1.42
16.2 1.43
16.2 1.43
16.2 1.39
16.2 1.40
16.2 1.40
16.2 1.40
16.2 1.41
16.2 1.42
16.1 1.40
16.1 1.39
16.1 1.40
16.1 1.40
16.1 1.41
16.1 1.40
16.0 1.39
16.0 1.40
16.0 1.38
15.9 1.39
15.9 1.39
15.9 1.39
15.9 1.37
15.8 1.38
15.8 1.38
15.8 1.39
15.8 1.37
15.8 1.37
15.8 1.38
15.8 1.36
15.8 1.39
15.8 1.37
15.8 1.37
15.8 1.38
15.8 1.39
15.7 1.37
15.7 1.38
15.7 1.36
15.7 1.36
15.7 1.36
15.7 1.37
15.7 1.38
15.7 1.36
15.7 1.37
15.7 1.36
15.7 1.37
15.7 1.37
15.6 1.37
15.7 1.37
15.7 1.36
15.6 1.36
15.6 1.38
15.6 1.36
15.6 1.35
15.6 1.37
15.6 1.35
15.6 1.35
15.6 1.35
15.6 1.36
15.6 1.34
15.6 1.36
15.6 1.36
15.6 1.35
15.6 1.35
15.6 1.34
15.6 1.36
15.6 1.33
15.6 1.35
15.6 1.35
15.6 1.34
15.6 1.34
15.6 1.34
15.6 1.33
15.6 1.33
15.6 1.34
15.6 1.33
15.6 1.32
15.6 1.35
15.6 1.33
15.6 1.35
15.6 1.35
15.6 1.35
15.6 1.36
15.6 1.35
15.6 1.36
15.6 1.34
15.6 1.35
15.6 1.37
15.6 1.35
15.7 1.35
15.7 1.37
15.7 1.38
15.7 1.36
15.7 1.37
15.7 1.36
15.7 1.37
15.8 1.35
15.8 1.37
15.8 1.39
15.8 1.37
15.8 1.38
15.8 1.38
15.8 1.39
15.8 1.38
15.8 1.37
15.8 1.39
15.9 1.38
15.9 1.38
15.9 1.37
15.9 1.39
15.9 1.38
15.9 1.39
16.0 1.38
16.0 1.38
16.0 1.40
16.0 1.41
16.0 1.39
16.0 1.40
16.1 1.41
16.0 1.40
16.0 1.41
16.0 1.41
16.1 1.41
16.1 1.43
16.1 1.43
16.1 1.44
16.1 1.42
16.1 1.43
16.1 1.42
16.1 1.43
16.1 1.43
16.1 1.43
16.1 1.44
16.1 1.42
16.2 1.43
16.2 1.43
16.2 1.42
16.2 1.45
16.2 1.43
16.2 1.43
16.2 1.41
16.1 1.44
16.1 1.42
16.1 1.41
16.1 1.41
16.1 1.42
16.1 1.41
16.1 1.42
16.1 1.41
16.0 1.42
16.0 1.40
16.0 1.40
16.0 1.41
16.0 1.42
16.0 1.43
16.0 1.41
16.0 1.42
16.0 1.40
15.9 1.40
15.9 1.40
15.9 1.40
15.9 1.40
15.9 1.39
15.9 1.40
15.8 1.38
15.8 1.38
15.8 1.38
15.8 1.38
15.8 1.39
15.8 1.37
15.8 1.38
15.8 1.38
15.8 1.38
15.8 1.37
15.8 1.37
15.7 1.34
15.7 1.35
15.7 1.36
15.7 1.36
15.7 1.36
15.7 1.34
15.7 1.35
15.7 1.34
15.7 1.37
15.7 1.35
15.7 1.35
15.7 1.34
15.6 1.36
15.6 1.37
15.6 1.37
15.6 1.35
15.6 1.35
15.6 1.36
15.6 1.32
15.6 1.35
15.6 1.33
15.6 1.35
15.6 1.37
15.6 1.36
15.6 1.34
15.6 1.34
15.6 1.36
15.6 1.34
15.6 1.35
15.6 1.36
15.6 1.37
15.6 1.32
15.6 1.35
15.6 1.34
15.6 1.36
15.6 1.34
15.6 1.34
15.6 1.35
15.6 1.33
15.6 1.33
15.6 1.34
15.6 1.35
15.6 1.33
15.6 1.33
15.6 1.34
15.6 1.36
15.6 1.33
15.6 1.33
15.6 1.35
15.6 1.33
15.6 1.35
15.6 1.36
15.6 1.36
15.6 1.36
15.6 1.35
15.6 1.34
15.6 1.38
15.7 1.36
15.7 1.37
15.7 1.36
15.7 1.37
15.7 1.37
15.7 1.38
15.7 1.36
15.7 1.36
15.7 1.39
15.8 1.38
15.8 1.38
15.8 1.38
15.8 1.38
15.8 1.38
15.8 1.41
15.8 1.41
15.8 1.39
15.8 1.38
15.8 1.41
15.8 1.41
15.9 1.42
15.9 1.42
15.8 1.43
15.9 1.44
15.9 1.43
15.9 1.44
15.9 1.45
15.9 1.47
16.0 1.45
16.0 1.46
16.0 1.46
16.0 1.45
16.0 1.46
16.0 1.47
16.0 1.47
16.0 1.48
16.1 1.47
16.0 1.44
16.0 1.47
16.0 1.46
16.0 1.46
16.0 1.46
16.0 1.49
16.0 1.47
16.0 1.47
16.1 1.50
16.1 1.50
16.1 1.49
16.1 1.47
16.0 1.47
16.0 1.47
16.0 1.47
16.0 1.47
16.0 1.48
16.0 1.48
16.0 1.47
16.0 1.45
16.0 1.47
16.0 1.46
16.0 1.47
16.0 1.46
16.0 1.46
16.0 1.48
16.0 1.47
16.0 1.45
16.0 1.47
16.0 1.48
16.0 1.46
15.9 1.46
15.9 1.45
15.9 1.43
15.9 1.45
15.9 1.44
15.9 1.43
15.9 1.44
15.9 1.43
15.8 1.45
15.8 1.43
15.8 1.43
15.8 1.41
15.8 1.40
15.8 1.42
15.8 1.40
15.8 1.41
15.8 1.40
15.8 1.41
15.8 1.40
15.7 1.39
15.7 1.41
15.8 1.38
15.7 1.39
15.7 1.39
15.7 1.38
15.7 1.37
15.7 1.39
15.7 1.39
15.7 1.39
15.7 1.41
15.7 1.39
15.7 1.38
15.7 1.40
15.6 1.37
15.7 1.38
15.7 1.39
15.7 1.36
15.7 1.37
15.6 1.37
15.6 1.37
15.6 1.36
15.6 1.38
15.6 1.39
15.6 1.37
15.6 1.36
15.6 1.38
15.6 1.37
15.6 1.37
15.6 1.37
15.6 1.37
15.6 1.36
15.6 1.39
15.6 1.37
15.6 1.37
15.6 1.36
15.6 1.38
15.6 1.38
15.6 1.34
15.6 1.37
15.6 1.35
15.6 1.36
15.6 1.36
15.6 1.37
15.6 1.35
15.6 1.36
15.6 1.35
15.6 1.35
15.6 1.36
15.6 1.34
15.7 1.35
15.7 1.37
15.8 1.35
15.8 1.36
15.7 1.33
15.7 1.37
15.7 1.35
15.7 1.35
15.7 1.35
15.7 1.33
15.7 1.34
15.7 1.32
15.7 1.35
15.7 1.35
15.7 1.35
15.7 1.36
15.7 1.35
15.7 1.35
15.7 1.37
15.7 1.36
15.7 1.37
15.7 1.36
15.7 1.36
15.7 1.37
15.7 1.35
15.7 1.38
15.8 1.38
15.8 1.37
15.8 1.36
15.8 1.38
15.8 1.36
15.8 1.34
15.8 1.38
15.8 1.36
15.8 1.38
15.8 1.38
15.8 1.38
15.8 1.38
15.8 1.38
15.8 1.37
15.8 1.38
15.9 1.39
15.9 1.40
15.9 1.40
15.9 1.40
15.9 1.38
15.9 1.39
16.0 1.39
15.9 1.41
15.9 1.41
16.0 1.42
16.0 1.42
16.0 1.40
16.0 1.42
16.0 1.39
16.0 1.42
16.0 1.42
16.1 1.46
16.1 1.44
16.1 1.46
16.1 1.44
16.1 1.45
16.1 1.43
16.1 1.43
16.1 1.44
16.1 1.46
16.1 1.44
16.1 1.43
16.1 1.43
16.0 1.42
16.0 1.43
16.0 1.42
16.0 1.43
16.0 1.41
16.0 1.43
16.0 1.43
16.0 1.40
16.0 1.41
16.0 1.41
16.0 1.41
16.0 1.42
16.0 1.42
16.0 1.40
16.0 1.39
16.0 1.41
16.0 1.40
16.0 1.42
15.9 1.40
15.9 1.42
15.9 1.41
15.9 1.41
15.9 1.44
15.9 1.41
15.9 1.39
15.9 1.40
15.9 1.38
15.9 1.31
15.9 1.37
15.9 1.39
15.9 1.38
15.9 1.39
15.9 1.38
15.8 1.37
15.8 1.39
15.9 1.37
15.8 1.38
15.8 1.37
15.8 1.39
15.8 1.38
15.8 1.37
15.8 1.36
15.8 1.37
15.8 1.36
15.8 1.39
15.8 1.37
15.8 1.38
15.8 1.38
15.8 1.40
15.8 1.42
15.8 1.38
15.8 1.37
15.8 1.37
15.8 1.32
15.8 1.23
15.8 1.30
15.8 1.36
15.8 1.37
15.8 1.33
15.8 1.33
15.8 1.32
15.8 1.33
15.8 1.33
15.8 1.30
15.8 1.34
15.8 1.39
15.8 1.34
15.8 1.34
15.8 1.35
15.8 1.33
15.8 1.34
15.8 1.35
15.8 1.36
15.8 1.33
15.8 1.34
15.8 1.35
15.8 1.35
15.8 1.35
15.8 1.34
15.8 1.33
15.8 1.35
15.8 1.35
15.8 1.35
15.8 1.35
15.8 1.35
15.8 1.38
15.8 1.35
15.8 1.36
15.8 1.37
15.8 1.35
15.8 1.37
15.8 1.38
15.8 1.36
15.8 1.36
15.8 1.36
15.9 1.36
15.9 1.37
15.9 1.36
15.9 1.38
15.9 1.40
15.9 1.40
15.9 1.37
15.9 1.38
15.9 1.42
15.9 1.41
15.9 1.43
16.0 1.41
16.0 1.42
15.9 1.39
16.0 1.43
16.0 1.43
16.0 1.41
16.0 1.42
16.0 1.43
16.0 1.46
16.0 1.46
16.0 1.44
16.0 1.46
16.1 1.43
16.0 1.44
16.1 1.44
16.1 1.46
16.1 1.33
16.1 1.45
16.1 1.45
16.1 1.42
16.1 1.43
16.1 1.42
16.2 1.43
16.2 1.42
16.2 1.48
16.2 1.47
16.2 1.50
16.2 1.50
16.2 1.49
16.2 1.48
16.2 1.49
16.2 1.52
16.2 1.50
16.2 1.50
16.2 1.52
16.3 1.49
16.2 1.46
16.2 1.46
16.2 1.46
16.2 1.47
16.2 1.46
16.2 1.46
16.2 1.44
16.2 1.46
16.2 1.47
16.2 1.45
16.2 1.46
16.2 1.43
16.2 1.45
16.1 1.44
16.1 1.43
16.1 1.44
16.1 1.44
16.1 1.43
16.1 1.43
16.1 1.44
16.1 1.43
16.0 1.40
16.0 1.42
16.0 1.41
16.0 1.39
16.0 1.40
16.0 1.42
16.0 1.42
16.0 1.41
16.0 1.38
16.0 1.40
16.0 1.40
16.0 1.38
16.0 1.37
15.9 1.38
15.9 1.35
16.0 1.38
15.9 1.38
15.9 1.36
15.9 1.37
15.9 1.35
15.9 1.37
15.9 1.37
15.9 1.36
15.9 1.36
15.9 1.35
15.9 1.34
15.9 1.32
15.9 1.34
15.9 1.34
15.9 1.34
15.9 1.34
15.9 1.34
15.8 1.33
15.9 1.34
15.9 1.33
15.9 1.32
15.9 1.34
15.8 1.33
15.8 1.32
15.8 1.34
15.9 1.34
15.8 1.32
15.9 1.34
15.9 1.33
15.9 1.33
15.9 1.31
15.9 1.33
15.9 1.32
15.9 1.30
15.9 1.31
15.9 1.33
15.9 1.31
15.9 1.31
15.9 1.34
15.9 1.33
15.9 1.34
15.9 1.32
16.0 1.34
15.9 1.32
16.0 1.30
15.9 1.32
16.0 1.32
16.1 1.32
16.1 1.32
15.9 1.31
16.1 1.32
16.3 1.35
16.0 1.32
16.1 1.31
16.0 1.33
16.0 1.34
16.0 1.32
16.0 1.32
16.0 1.33
16.1 1.33
16.1 1.33
16.2 1.32
16.2 1.34
16.2 1.33
16.1 1.33
16.1 1.34
16.1 1.34
16.1 1.34
16.1 1.33
16.1 1.35
16.1 1.36
16.1 1.35
16.1 1.36
16.1 1.35
16.1 1.37
16.1 1.39
16.1 1.34
16.1 1.35
16.1 1.36
16.1 1.36
16.1 1.33
16.1 1.35
16.1 1.37
16.2 1.38
16.2 1.37
16.2 1.37
16.2 1.35
16.2 1.38
16.2 1.39
16.2 1.37
16.2 1.38
16.2 1.37
16.2 1.38
16.2 1.38
16.2 1.37
16.3 1.37
16.3 1.38
16.3 1.38
16.3 1.38
16.3 1.41
16.3 1.41
16.3 1.39
16.3 1.40
16.3 1.41
16.4 1.42
16.3 1.40
16.3 1.42
16.3 1.41
16.3 1.42
16.3 1.41
16.3 1.43
16.3 1.41
16.4 1.43
16.3 1.42
16.3 1.40
16.3 1.39
16.3 1.41
16.3 1.39
16.3 1.39
16.3 1.38
16.3 1.39
16.3 1.40
16.3 1.39
16.3 1.39
16.3 1.39
16.3 1.40
16.3 1.38
16.3 1.37
16.3 1.36
16.3 1.38
16.3 1.38
16.3 1.38
16.3 1.38
16.2 1.40
16.2 1.37
16.2 1.37
16.2 1.37
16.2 1.35
16.2 1.39
16.2 1.38
16.2 1.36
16.2 1.36
16.2 1.36
16.2 1.35
16.2 1.35
16.2 1.34
16.2 1.35
16.2 1.34
16.2 1.36
16.2 1.36
16.2 1.34
16.2 1.34
16.2 1.35
16.2 1.34
16.2 1.35
16.2 1.33
16.2 1.33
16.2 1.33
16.2 1.33
16.2 1.33
16.2 1.34
16.2 1.34
16.2 1.34
16.2 1.33
16.2 1.33
16.2 1.33
16.2 1.33
16.2 1.31
16.2 1.32
16.2 1.32
16.2 1.31
16.2 1.32
16.2 1.33
16.2 1.32
16.2 1.31
16.2 1.31
16.2 1.31
16.2 1.31
16.2 1.32
16.2 1.31
16.2 1.32
16.2 1.31
16.2 1.30
16.2 1.30
16.2 1.28
16.2 1.32
16.2 1.33
16.2 1.32
16.2 1.32
16.2 1.31
16.2 1.32
16.2 1.33
16.2 1.32
16.2 1.31
16.2 1.33
16.2 1.33
16.2 1.33
16.2 1.32
16.2 1.33
16.2 1.33
16.2 1.34
16.2 1.32
16.2 1.32
16.2 1.34
16.2 1.35
16.2 1.35
16.2 1.35
16.2 1.35
16.2 1.35
16.2 1.34
16.2 1.38
16.2 1.35
16.2 1.35
16.3 1.35
16.3 1.35
16.3 1.36
16.3 1.35
16.3 1.35
16.3 1.32
16.3 1.35
16.3 1.36
16.3 1.36
16.3 1.35
16.3 1.34
16.3 1.36
16.3 1.38
16.3 1.37
16.3 1.36
16.3 1.36
16.3 1.37
16.3 1.38
16.4 1.39
16.4 1.38
16.3 1.37
16.4 1.36
16.3 1.39
16.4 1.39
16.4 1.41
16.4 1.41
16.4 1.39
16.4 1.40
16.4 1.43
16.4 1.40
16.4 1.42
16.4 1.43
16.4 1.43
16.5 1.40
16.5 1.45
16.5 1.44
16.5 1.46
16.5 1.43
16.5 1.45
16.5 1.44
16.5 1.47
16.5 1.44
16.5 1.45
16.6 1.47
16.5 1.46
16.5 1.44
16.5 1.44
16.5 1.43
16.5 1.44
16.4 1.44
16.4 1.44
16.4 1.45
16.4 1.44
16.4 1.43
16.4 1.42
16.4 1.44
16.4 1.45
16.4 1.42
16.4 1.45
16.4 1.42
16.4 1.43
16.4 1.43
16.4 1.42
16.4 1.42
16.4 1.43
16.4 1.41
16.4 1.41
16.3 1.39
16.3 1.38
16.3 1.42
16.3 1.39
16.3 1.39
16.3 1.38
16.3 1.37
16.3 1.38
16.3 1.36
16.3 1.35
16.3 1.37
16.3 1.36
16.3 1.35
16.3 1.34
16.3 1.35
16.3 1.35
16.3 1.33
16.3 1.36
16.3 1.33
16.3 1.34
16.3 1.35
16.3 1.34
16.3 1.33
16.3 1.31
16.3 1.32
16.3 1.31
16.3 1.33
16.3 1.32
16.3 1.33
16.3 1.31
16.4 1.32
16.4 1.32
16.3 1.33
16.4 1.30
16.4 1.33
16.4 1.33
16.4 1.33
16.4 1.32
16.4 1.31
16.4 1.31
16.4 1.31
16.4 1.34
16.4 1.32
16.4 1.31
16.4 1.30
16.4 1.31
16.4 1.31
16.4 1.30
16.4 1.33
16.4 1.30
16.5 1.32
16.5 1.33
16.5 1.30
16.5 1.31
16.5 1.30
16.5 1.30
16.5 1.31
16.5 1.32
16.5 1.30
16.5 1.33
16.5 1.30
16.6 1.30
16.5 1.31
16.6 1.31
16.6 1.29
16.6 1.29
16.6 1.31
16.6 1.28
16.6 1.31
16.7 1.31
16.7 1.31
16.8 1.31
16.8 1.31
16.7 1.31
16.7 1.31
16.7 1.29
16.7 1.30
16.7 1.31
16.7 1.30
16.7 1.29
16.6 1.30
16.6 1.29
16.6 1.29
16.6 1.31
16.6 1.30
16.6 1.32
16.6 1.31
16.6 1.30
16.6 1.31
16.6 1.31
16.6 1.32
16.6 1.33
16.6 1.30
16.6 1.32
16.6 1.35
16.6 1.32
16.6 1.33
16.6 1.34
16.6 1.35
16.6 1.31
16.5 1.32
16.5 1.35
16.5 1.34
16.5 1.32
16.5 1.31
16.5 1.32
16.5 1.33
16.5 1.41
16.5 1.35
16.5 1.30
16.5 1.31
16.5 1.34
16.5 1.34
16.5 1.34
16.5 1.36
16.5 1.34
16.5 1.35
16.5 1.36
16.5 1.35
16.5 1.36
16.5 1.35
16.5 1.35
16.5 1.35
16.5 1.34
16.5 1.34
16.5 1.35
16.5 1.36
16.5 1.36
16.5 1.36
16.5 1.35
16.5 1.35
16.5 1.35
16.5 1.37
16.5 1.35
16.5 1.36
16.5 1.34
16.5 1.36
16.5 1.35
16.5 1.35
16.5 1.36
16.5 1.36
16.5 1.38
16.5 1.34
16.5 1.33
16.5 1.34
16.5 1.33
16.5 1.36
16.5 1.35
16.5 1.34
16.5 1.37
16.5 1.35
16.5 1.35
16.5 1.34
16.5 1.34
16.5 1.33
16.5 1.35
16.5 1.35
16.5 1.35
16.5 1.32
16.5 1.34
16.5 1.33
16.5 1.32
16.5 1.33
16.5 1.34
16.6 1.33
16.6 1.34
16.6 1.32
16.6 1.32
16.6 1.32
16.6 1.32
16.6 1.33
16.6 1.34
16.6 1.33
16.6 1.33
16.6 1.32
16.6 1.32
16.6 1.33
16.6 1.32
16.6 1.31
16.6 1.32
16.6 1.31
16.6 1.29
16.6 1.31
16.7 1.32