891 2.0
891 1.9
891 2.3
891 2.3
891 3.0
891 2.0
891 3.1
891 3.6
891 2.6
890 3.1
891 2.8
891 2.0
890 2.5
890 3.0
890 3.8
890 2.0
890 2.7
890 3.0
890 3.0
890 2.8
890 2.3
890 3.1
890 3.0
890 3.1
890 3.7
890 2.2
890 2.2
890 2.8
890 1.9
890 1.8
890 2.1
890 0.1
890 0.8
891 0.8
891 0.8
891 1.5
891 2.4
891 1.8
891 1.3
891 2.5
891 1.3
891 1.8
891 2.3
891 3.9
891 0.7
891 1.4
891 3.2
891 1.5
891 1.7
891 3.1
891 1.9
891 1.8
891 1.5
891 2.5
891 3.6
891 1.4
891 2.7
891 2.7
891 1.0
890 2.3
890 3.5
890 0.4
890 4.7
890 3.6
890 3.3
890 1.0
890 3.8
890 4.8
890 4.0
890 4.1
890 2.8
890 3.2
890 2.9
890 3.6
890 3.2
890 4.4
890 3.8
891 4.0
891 3.9
891 2.0
891 0.1
891 0.7
891 0.3
891 1.1
891 0.6
891 0.2
891 1.4
891 1.7
891 1.4
891 0.5
891 0.6
891 1.3
891 1.5
891 1.3
891 1.6
891 1.9
891 1.1
891 0.5
891 0.6
891 0.7
891 0.4
891 0.6
891 0.8
891 1.3
891 0.3
891 1.3
890 0.6
890 0.9
890 1.9
890 0.3
890 1.2
890 1.0
890 2.1
890 1.7
890 1.8
890 2.6
890 1.8
890 1.6
890 2.3
890 2.8
890 2.4
890 2.2
890 1.2
890 1.4
890 0.7
890 1.4
890 0.9
891 0.3
891 0.8
890 0.4
890 0.6
890 0.9
890 2.7
891 1.3
891 1.4
891 0.8
891 1.4
891 0.9
891 1.4
891 1.8
891 1.4
892 2.3
892 3.6
892 1.6
892 2.7
892 2.0
892 2.7
892 1.9
892 3.2
892 2.0
892 1.5
891 3.0
891 4.6
891 0.9
891 1.5
891 0.2
891 0.4
891 2.8
891 0.4
890 1.5
890 1.5
890 2.5
890 3.4
890 2.9
890 1.4
890 1.8
890 2.6
890 2.5
890 3.1
890 3.2
890 2.1
890 2.2
890 2.2
890 1.1
891 2.0
891 1.1
890 1.9
891 1.7
891 1.7
891 1.8
891 2.6
891 2.7
891 2.8
892 1.5
892 1.3
892 1.6
891 1.1
891 0.9
891 1.6
891 1.6
891 3.8
891 0.3
891 2.7
891 2.9
891 2.9
891 2.5
891 3.1
891 2.2
891 3.1
890 2.9
890 1.6
890 2.7
890 1.0
890 2.9
890 2.6
890 3.0
890 2.9
890 3.3
890 2.6
890 2.0
890 3.6
890 2.3
890 1.0
890 2.7
889 3.4
890 1.6
889 3.0
890 2.1
890 3.3
890 1.8
890 0.6
890 1.3
890 0.7
890 1.6
890 1.1
890 1.6
890 1.2
890 0.7
890 0.4
890 0.3
890 3.5
890 0.9
890 3.4
890 4.2
891 0.8
891 1.7
891 3.0
891 1.9
891 1.2
891 2.9
891 2.3
891 2.5
890 3.8
890 4.1
890 0.2
890 1.6
890 1.8
890 3.1
890 3.3
890 2.3
890 3.1
889 4.3
889 2.3
889 1.3
889 4.2
889 2.9
889 2.7
888 1.9
888 5.2
888 2.0
888 3.7
888 2.0
888 3.1
888 1.4
888 1.9
888 2.9
887 1.9
887 2.6
887 2.9
887 4.4
887 3.8
888 3.4
888 2.7
887 4.0
887 4.3
888 3.3
888 3.9
888 3.5
888 1.0
888 1.9
888 1.8
887 2.1
887 2.7
887 1.9
887 2.1
887 3.5
887 3.2
887 1.9
887 2.0
886 2.6
886 2.0
886 0.5
886 1.0
886 0.5
886 1.8
885 2.0
885 2.1
885 2.2
885 1.4
885 2.3
885 1.7
885 2.5
884 1.3
884 1.1
884 2.2
884 0.6
884 0.6
884 1.0
884 1.5
884 2.3
884 0.8
884 0.9
884 2.2
884 1.8
884 1.0
884 3.2
884 3.4
885 1.9
885 1.4
885 1.2
885 1.6
885 1.2
885 2.0
885 1.7
885 2.3
885 2.7
885 1.2
885 3.4
885 1.6
885 1.3
885 2.3
885 2.0
885 3.4
885 2.5
885 1.4
885 1.3
885 1.4
885 1.4
885 1.2
885 1.8
885 1.9
885 2.9
885 0.7
884 1.9
884 1.9
884 2.1
884 2.0
884 2.3
884 2.8
884 3.2
884 2.0
884 1.5
884 1.7
884 1.6
884 1.1
884 1.2
884 2.2
884 2.3
884 0.2
884 1.5
884 1.0
884 2.4
884 2.6
884 1.8
884 1.3
884 1.0
884 1.2
884 1.2
884 1.3
884 1.2
884 1.3
884 1.7
884 0.7
884 0.9
884 1.9
884 1.8
884 1.7
884 2.1
885 1.2
885 1.6
885 2.2
884 1.9
885 2.3
885 3.1
885 2.4
885 1.7
885 2.4
885 1.6
884 1.1
884 2.3
884 2.4
884 2.8
884 1.1
884 1.4
884 1.3
884 1.6
884 2.0
884 1.4
885 1.1
884 1.7
884 1.8
884 1.0
884 2.1
884 2.5
884 1.9
885 1.2
885 1.5
885 1.2
885 2.1
885 1.3
885 2.0
886 1.6
886 1.6
886 1.7
886 2.1
886 1.9
886 1.7
886 1.2
886 1.5
886 1.9
886 1.8
886 2.0
886 2.5
886 2.6
886 2.6
886 2.6
886 1.9
886 0.6
886 1.3
887 1.6
887 1.6
887 1.8
887 2.7
887 3.5
887 4.7
887 2.9
887 2.4
887 2.8
887 2.0
887 1.4
887 2.8
887 2.9
887 3.2
887 2.1
887 3.5
887 2.7
887 3.0
887 2.3
887 2.4
887 2.3
887 2.1
887 2.4
887 3.0
887 2.9
887 2.4
887 2.9
887 2.7
887 1.5
887 2.3
887 2.7
887 2.6
887 1.2
888 3.2
888 2.4
888 2.5
888 1.7
888 1.1
888 2.0
888 2.9
889 2.5
889 2.7
889 2.9
889 2.5
889 2.1
889 3.5
889 1.6
889 2.5
889 2.7
889 3.1
889 3.8
889 3.2
889 2.9
889 2.3
889 1.6
889 2.4
889 2.2
889 1.2
889 2.4
889 2.5
889 2.0
889 1.7
889 3.0
889 2.6
889 4.0
889 3.3
889 1.8
889 2.5
889 2.1
889 3.9
889 3.7
889 2.0
889 3.1
889 1.7
889 2.6
889 1.7
889 1.6
889 1.9
890 1.1
890 2.3
890 2.9
890 1.8
890 1.9
890 2.5
890 0.9
890 1.6
890 1.5
890 1.1
890 1.6
890 1.2
891 2.0
891 1.9
891 0.7
891 0.3
891 2.1
891 1.5
891 1.8
891 1.6
891 1.8
891 0.7
891 0.8
891 0.8
891 2.0
891 0.6
891 2.7
891 1.7
891 1.7
891 1.9
891 1.9
891 1.3
891 1.0
891 0.8
891 1.6
891 1.7
891 3.0
891 1.9
891 1.8
891 1.7
891 2.8
891 3.1
891 3.2
891 2.2
891 1.7
891 2.7
890 2.9
891 3.0
891 2.7
891 2.7
891 1.4
891 3.2
891 1.9
891 2.6
891 4.4
891 3.7
892 2.1
892 2.4
892 3.2
892 2.9
892 1.7
892 2.6
892 2.9
892 2.3
892 2.5
892 2.9
892 2.8
892 2.7
892 1.8
892 2.9
892 1.2
892 2.9
892 2.3
892 2.1
892 1.5
892 1.7
892 2.4
892 2.2
892 2.7
892 0.4
892 2.2
892 2.1
892 1.3
891 1.6
892 1.6
892 0.8
892 1.1
892 1.5
892 1.0
891 0.9
892 1.2
892 0.9
892 1.8
892 0.6
892 2.3
892 0.8
892 3.1
892 4.3
892 2.6
892 1.4
893 2.0
893 2.1
893 0.3
893 1.2
893 2.3
893 0.5
893 1.5
894 1.0
894 1.8
894 1.1
894 2.9
894 2.7
894 1.1
894 2.0
894 1.8
894 1.1
894 3.3
894 2.4
894 1.6
894 2.0
894 3.0
894 1.1
894 1.6
894 3.1
894 2.8
894 1.1
894 3.5
893 2.5
893 1.3
893 2.2
893 2.6
893 1.9
893 1.8
893 1.8
893 2.2
893 3.5
893 3.7
893 5.1
893 4.0
893 4.2
893 3.2
893 3.6
893 3.8
893 3.5
893 3.1
894 2.1
894 1.2
894 0.9
894 1.1
894 1.2
894 1.9
894 2.3
895 2.3
895 2.6
895 2.3
895 1.2
895 2.2
895 2.9
895 2.5
895 2.6
895 3.0
896 3.3
895 2.8
896 3.3
896 3.2
896 2.3
896 2.9
896 3.3
896 3.4
896 2.9
896 4.1
895 4.1
895 4.3
895 3.2
895 3.3
895 3.3
895 3.8
895 3.8
895 3.1
895 3.7
895 2.7
895 3.5
895 3.1
895 3.0
895 3.0
895 4.3
895 3.9
895 3.3
895 3.4
895 4.1
895 3.6
895 3.9
895 3.3
895 3.9
896 4.5
896 3.7
896 3.3
896 2.7
896 1.2
896 0.8
896 0.2
896 2.5
896 1.9
896 2.1
896 1.7
896 1.9
896 1.3
896 1.5
897 2.7
897 3.2
897 2.9
896 3.1
896 3.1
896 2.3
896 1.9
896 4.0
896 3.5
896 3.6
896 0.9
896 2.9
896 2.0
896 2.7
896 3.9
895 3.8
895 3.0
895 3.8
895 3.5
895 1.7
895 3.2
895 3.2
894 4.7
894 3.6
894 5.4
894 3.6
894 5.3
894 3.2
894 4.0
894 3.5
895 3.1
895 2.3
895 3.2
895 3.0
895 1.3
895 0.6
895 1.2
895 1.4
895 2.1
895 2.1
896 2.9
896 2.8
896 2.6
896 3.1
896 3.9
896 3.6
896 3.0
896 1.8
896 3.6
896 3.7
896 3.9
897 2.9
896 3.5
896 3.0
896 3.9
896 3.4
896 4.7
896 4.0
896 4.2
896 4.0
896 3.1
896 3.4
896 4.6
896 3.5
896 3.6
896 3.3
896 3.9
896 4.5
896 4.1
896 3.6
896 4.2
896 4.6
896 4.5
896 4.9
896 4.9
896 4.6
896 4.9
896 4.6
896 5.8
896 4.9
896 5.5
896 3.1
896 4.7
896 4.1
896 2.9
896 3.2
896 1.7
896 1.5
896 1.3
896 0.9
896 1.3
896 1.3
896 1.6
896 2.3
896 2.2
896 1.9
896 1.9
896 2.7
896 4.0
896 1.9
896 3.0
896 5.0
896 3.9
895 4.5
895 2.8
895 5.1
895 4.1
895 3.0
895 4.4
894 1.0
894 4.5
894 1.5
894 4.9
894 3.4
894 4.9
894 5.5
893 2.6
893 0.7
893 2.7
893 2.8
893 4.2
893 1.6
893 2.7
893 2.0
893 4.0
893 3.1
893 2.1
893 1.6
893 1.7
894 2.3
894 0.5
894 1.6
894 2.7
894 3.3
894 3.4
894 3.5
894 3.2
894 3.1
894 4.3
895 3.7
895 3.0
895 2.8
895 4.0
895 3.5
895 3.7
895 3.9
895 3.3
895 3.2
895 3.3
894 3.6
895 3.3
895 4.7
895 2.7
894 4.9
894 3.8
894 3.4
894 4.3
894 3.7
894 5.2
894 3.9
894 3.8
894 3.9
894 4.8
894 4.6
893 4.9
893 5.3
893 5.4
893 4.3
893 3.7
893 3.8
893 3.4
893 4.3
893 2.7
893 4.6
893 5.3
893 6.1
894 5.7
894 4.6
894 3.0
894 4.8
894 3.9
894 3.1
894 2.7
894 2.2
894 2.3
894 2.3
894 2.6
894 4.2
894 2.0
894 3.8
894 4.2
894 2.7
894 2.8
894 1.6
894 5.9
894 2.4
894 4.3
894 4.4
894 2.7
894 1.9
894 3.8
894 3.4
894 2.0
894 1.6
893 0.9
893 0.5
893 2.9
893 3.9
893 5.2
893 2.6
893 2.9
893 6.4
892 2.8
892 1.6
892 5.1
892 2.5
892 3.4
892 1.7
892 1.1
892 1.8
892 1.5
892 2.9
892 1.8
892 1.8
893 1.8
893 2.6
893 0.1
893 2.9
893 1.9
893 2.6
893 3.7
893 3.3
893 4.0
893 3.2
894 2.6
894 2.7
894 3.4
894 4.1
894 3.4
894 3.5
894 4.2
894 2.6
894 3.8
893 2.7
893 3.8
893 4.1
893 3.8
893 4.0
893 3.8
893 3.2
893 4.0
893 4.1
893 3.0
893 4.2
893 4.1
892 3.3
892 3.6
892 3.4
892 3.6
892 4.1
892 4.3
892 4.4
892 4.4
892 4.0
892 3.6
892 4.3
892 4.1
892 4.6
892 4.3
892 4.1
892 3.3
892 2.8
892 4.4
892 4.6
892 4.3
892 4.1
892 2.8
892 2.8
892 3.8
892 2.3
892 1.1
892 1.0
892 1.2
893 1.5
893 1.6
893 2.3
893 0.3
893 1.9
893 2.1
893 1.4
893 2.0
893 1.9
893 1.9
893 2.5
893 3.7
893 2.4
893 2.4
893 1.1
893 1.7
893 4.1
893 1.9
892 2.6
892 2.5
892 3.3
892 5.3
892 2.3
892 5.5
891 3.0
891 4.4
891 2.9
891 3.9
891 4.7
891 3.3
891 4.7
891 4.8
891 2.7
891 5.3
891 4.6
891 3.0
891 2.4
891 3.5
891 1.9
891 2.4
891 4.0
891 3.9
891 1.8
891 2.4
891 2.4
891 3.3
891 4.4
891 2.0
891 2.2
891 3.0
891 3.8
892 3.7
892 3.3
892 4.9
892 4.1
892 2.2
892 3.5
892 3.2
892 2.6
892 4.1
892 4.2
892 3.3
892 3.8
891 3.4
891 4.6
891 3.7
891 3.6
891 4.5
891 4.4
891 4.8
891 4.4
890 4.8
890 3.6
890 2.8
890 4.0
890 3.0
890 3.4
890 2.2
890 1.6
890 3.6
890 4.0
890 2.9
890 4.4
890 3.8
890 3.9
890 2.9
891 3.2
891 3.9
891 2.0
891 2.4
891 0.8
891 0.9
891 1.0
891 2.6
891 2.2
891 2.2
891 1.0
891 0.9
891 1.7
891 3.2
891 3.0
891 4.4
891 1.7
891 1.4
891 2.8
892 1.4
891 3.4
891 2.5
891 2.4
891 3.0
891 2.4
891 3.0
891 3.2
891 3.1
891 2.8
891 2.3
891 1.0
890 0.6
890 2.5
890 3.9
890 0.8
890 1.5
889 5.2
890 3.1
890 3.7
890 2.5
889 3.9
889 3.9
889 3.4
889 4.9
889 4.3
889 3.3
889 4.7
889 3.8
890 1.9
890 2.0
890 2.6
890 1.3
890 1.5
890 1.9
890 2.4
890 1.8
890 1.2
890 1.5
890 1.6
890 0.8
890 0.9
890 1.5
890 1.2
890 0.4
890 1.6
890 1.8
890 1.6
890 0.9
890 0.8
890 1.2
890 0.7
890 0.4
890 0.5
890 2.0
890 1.8
890 1.3
890 0.9
890 0.7
890 2.1
890 1.2
890 2.1
890 1.3
890 1.4
890 1.1
890 0.5
890 1.0
889 3.0
889 2.1
890 0.9
890 2.6
890 3.3
890 2.5
890 3.0
890 0.6
890 1.1
890 1.0
890 1.3
890 1.7
890 2.6
891 1.9
891 2.0
891 1.1
891 2.5
891 3.5
891 2.1
891 3.4
892 1.7
892 1.8
891 4.1
892 3.6
892 2.9
892 1.5
892 2.2
892 1.9
892 1.3
892 1.6
892 4.9
892 2.0
892 1.8
891 2.7
892 2.0
891 3.2
891 0.8
891 3.0
891 3.7
891 3.2
891 1.5
891 3.6
891 2.3
891 2.7
891 1.1
891 1.7
890 6.4
890 1.0
890 1.7
890 4.8
890 2.8
890 4.0
890 3.2
890 2.1
890 4.1
890 3.8
890 3.2
890 3.2
890 2.3
890 3.6
890 4.1
890 4.0
891 4.7
891 4.3
891 3.5
891 4.4
891 4.4
891 5.3
891 2.6
891 4.1
891 4.3
891 2.9
891 3.2
892 3.2
892 4.0
892 2.5
891 2.9
892 2.4
891 2.4
891 1.9
891 2.4
891 2.4
891 1.8
891 5.1
891 3.8
891 2.1
891 2.3
891 2.3
891 1.1
891 2.1
891 3.7
891 3.2
891 1.4
891 2.9
891 3.4
891 2.6
891 3.6
891 3.0
891 3.6
891 2.1
891 1.9
891 2.8
891 1.6
891 1.1
892 1.5
892 0.7
892 1.8
892 0.3
892 0.9
892 0.7
892 2.3
892 2.8
892 1.1
892 1.8
892 2.7
893 2.5
893 3.1
893 1.6
893 1.4
893 2.3
893 2.2
893 1.3
893 3.2
893 0.5
893 3.1
893 0.8
893 0.8
893 2.8
893 3.3
893 4.3
893 2.6
893 1.9
893 3.9
893 4.5
893 3.3
893 2.8
893 0.9
892 1.4
892 4.1
892 2.5
892 3.2
892 3.8
892 2.9
892 4.3
892 4.0
892 5.7
892 6.0
892 7.3
892 4.2
892 3.0
892 5.1
892 4.7
892 4.4
892 3.7
892 5.4
892 0.0
892 2.6
892 3.1
892 1.3
892 1.8
892 1.5
892 0.7
892 0.2
893 2.0
893 0.6
893 1.7
893 1.4
892 2.3
892 1.6
892 2.1
892 1.9
892 1.7
892 1.5
892 1.7
892 2.3
892 2.0
892 2.8
892 2.7
892 2.0
891 1.9
892 2.5
891 2.9
891 2.5
891 2.3
891 2.3
891 2.2
891 2.7
891 2.5
891 2.3
891 1.9
891 2.3
891 2.7
891 3.0
891 2.9
891 2.8
891 3.0
891 3.0
891 2.1
891 2.5
891 2.8
891 2.0
891 2.1
891 1.9
892 0.8
892 0.4
892 0.3
892 0.8
892 0.8
892 0.6
892 0.9
892 2.6
892 1.8
892 1.4
892 1.5
892 1.6
892 1.3
892 2.3
892 1.8
892 2.0
893 2.5
892 3.0
892 1.5
892 3.5
892 3.0
892 4.2
893 1.3
893 4.4
893 4.0
893 1.9
893 3.9
892 4.1
892 5.0
892 2.5
892 4.8
892 3.7
892 3.3
892 2.8
892 3.2
892 4.0
892 1.9
891 2.3
891 5.6
891 3.1
891 4.8
891 3.0
891 3.6
891 2.1
891 4.1
891 5.2
891 4.4
891 4.7
891 3.4
892 2.2
892 1.8
892 0.7
892 0.6
892 0.4
892 1.5
892 1.4
892 1.1
892 2.2
892 3.1
892 2.0
892 1.1
892 1.0
892 0.4
892 0.6
892 1.3
892 0.6
892 1.2
892 0.8
892 1.7
892 2.4
892 2.3
892 2.5
892 2.7
892 3.2
891 3.0
891 3.0
891 2.7
891 2.8
891 2.2
891 3.0
890 2.3
890 1.6
891 3.1
890 2.8
890 1.8
890 2.6
890 2.3
890 2.2
890 3.0
890 3.0
890 2.7
890 2.5
890 3.0
890 2.4
891 2.7
891 2.7
891 2.0
891 0.1
891 0.6
891 0.7
891 1.2
891 1.7
891 2.1
891 2.2
891 1.7
891 1.1
892 2.0
891 0.3
892 2.8
892 2.1
892 1.2
892 2.0
892 1.1
892 2.4
892 2.4
892 1.2
891 0.5
891 3.0
891 2.8
891 2.8
891 1.3
891 1.7
891 2.8
891 3.1
891 3.9
891 2.2
891 3.2
891 3.4
891 4.1
890 5.4
890 3.6
890 1.3
890 3.1
890 3.5
890 3.7
890 5.1
890 6.3
890 6.2
890 2.9
890 2.8
890 5.0
890 3.5
890 4.2
890 1.5
890 1.7
890 0.3
890 1.5
890 0.5
891 0.8
891 0.6
891 1.6
891 0.3
891 0.5
891 0.2
891 1.3
892 1.0
892 1.7
892 1.0
892 3.0
891 2.5
891 3.0
891 3.1
891 2.9
891 2.7
891 2.7
891 0.4
891 3.5
891 2.9
891 0.6
891 0.5
891 1.1
891 1.1
891 0.5
891 1.7
891 0.7
890 0.7
890 0.1
891 0.4
891 1.2
891 1.1
891 3.4
891 1.1
891 0.7
891 1.9
891 0.2
891 0.9
891 1.1
891 1.3
891 1.7
891 1.4
891 1.7
891 1.9
891 1.6
891 2.0
891 1.8
891 2.0
891 1.4
891 0.8
892 1.3
892 1.1
891 2.5
891 2.0
891 0.9
891 0.6
891 1.3
891 1.5
892 2.3
891 1.9
892 1.2
891 1.9
891 1.5
891 1.0
892 2.3
891 2.0
891 3.0
891 1.1
891 1.2
891 1.1
891 1.5
891 2.1
891 2.2
891 0.8
890 1.5
890 1.9
890 2.5
890 2.7
890 2.5
890 2.6
890 3.4
890 2.8
889 4.3
890 4.3
889 2.2
889 2.6
889 3.1
889 4.6
889 3.8
889 4.1
889 3.2
889 4.7
889 5.9
889 4.1
889 3.1
889 4.1
889 4.5
889 3.5
889 3.5
889 2.8
889 4.3
890 3.4
890 4.9
890 5.5
890 4.2
890 4.2
890 6.0
889 4.3
889 5.3
890 3.8
890 3.5
890 3.9
890 3.4
890 5.2
890 4.3
890 3.5
890 3.0
890 4.6
890 2.3
890 4.4
890 5.3
890 3.5
890 3.3
890 4.0
890 2.7
890 1.3
890 1.9
890 2.2
890 1.7
890 1.7
890 2.2
890 2.1
890 1.7
890 1.5
890 1.7
890 1.7
890 2.0
890 0.9
890 1.9
891 2.5
891 1.3
891 2.5
891 2.0
891 1.4
891 2.1
891 1.8
891 2.4
891 1.7
891 2.3
891 2.2
891 2.1
891 3.0
891 1.4
891 0.9
892 1.3
892 1.4
892 1.8
892 2.4
892 1.0
892 1.8
892 1.4
891 0.8
891 1.1
891 0.2
891 2.4
891 2.1
891 0.9
891 2.6
891 3.7
891 3.1
891 0.7
891 4.2
891 3.7
891 1.3
890 2.9
890 1.9
890 2.7
890 2.8
890 3.4
890 5.5
890 6.8
890 6.6
890 5.4
890 2.9
890 2.1
890 3.0
890 2.8
890 4.1
890 3.3
890 3.9
890 2.8
890 2.8
891 2.6
891 2.0
891 0.8
891 0.6
891 0.2
891 0.5
891 0.7
891 2.0
891 1.6
891 1.3
891 1.7
891 1.5
892 2.6
892 2.0
891 0.7
891 1.0
891 0.3
891 1.6
891 2.1
891 1.3
891 2.1
891 3.7
891 4.3
891 1.0
891 3.1
891 1.7
891 1.3
891 2.5
891 2.1
891 1.7
891 2.6
891 3.7
891 2.2
891 3.2
891 3.2
891 4.8
891 4.3
891 4.0
891 4.3
892 2.9
892 4.2
892 3.9
892 4.4
892 5.2
892 3.6
893 1.1
893 2.4
893 4.2
893 3.2
893 2.0
893 2.7
893 1.9
893 2.4
893 1.3
893 1.7
893 2.7
894 2.6
894 1.0
894 0.9
894 1.7
894 1.9
894 1.0
894 0.8
894 2.0
894 2.6
894 1.6
894 3.7
894 2.2
893 2.9
893 2.3
893 1.4
893 3.1
893 4.8
893 3.5
893 3.7
893 1.7
893 3.2
893 5.5
893 3.8
892 3.1
892 0.9
892 3.9
892 4.8
892 4.8
892 3.7
892 2.4
892 4.7
892 3.7
892 3.0
892 4.7
893 2.6
892 4.3
893 2.6
893 2.5
893 2.7
893 0.4
893 1.3
893 0.1
893 1.6
893 1.5
893 2.6
893 2.6
893 2.5
893 3.7
893 2.4
893 3.5
893 4.4
893 3.8
893 3.4
893 3.8
893 3.2
893 3.1
893 2.1
893 5.2
893 4.2
893 4.0
893 3.5
893 3.1
892 3.0
892 3.2
892 3.3
892 3.4
892 2.7
892 3.5
892 2.3
892 2.7
892 3.5
892 3.4
892 3.3
892 4.6
892 2.6
892 3.1
892 3.5
892 4.3
892 3.5
892 3.8
893 3.6
892 3.6
893 4.1
893 4.1
893 2.6
893 2.3
893 1.4
893 1.2
893 0.6
893 0.8
893 0.5
893 1.8
893 2.6
893 2.5
893 2.2
893 1.6
893 2.1
893 3.2
893 4.3
893 2.5
893 3.0
893 2.3
893 4.8
893 4.0
893 1.6
893 4.9
893 3.4
893 4.9
893 2.0
893 2.5
893 3.9
893 2.5
892 4.5
892 3.9
892 1.8
892 3.4
892 3.3
892 3.4
892 4.7
892 2.7
892 4.2
892 3.3
892 6.0
892 4.6
892 3.5
892 3.1
892 4.3
892 3.6
892 4.3
892 3.7
892 3.1
892 3.4
892 1.9
892 0.2
892 0.1
892 1.2
892 1.8
892 2.8
892 3.5
892 2.5
892 2.6
893 2.8
893 2.8
892 2.0
893 2.8
893 3.2
893 2.9
892 3.6
892 3.1
892 3.0
892 3.2
892 3.5
892 3.0
892 2.9
892 3.5
892 3.4
892 3.7
892 3.9
892 3.3
892 3.2
892 4.0
891 4.0
891 4.1
891 3.1
891 4.1
891 3.7
891 3.8
891 4.2
891 3.8
891 3.8
891 3.1
891 4.1
891 3.6
891 3.2
891 3.2
891 3.8
891 3.7
892 4.0
892 3.4
892 3.3
892 2.6
892 2.1
892 2.2
892 1.1
892 0.5
893 0.7
893 1.1
893 0.8
893 1.7
893 1.0
893 0.9
893 2.4
893 1.2
893 1.7
893 1.6
893 2.4
893 2.1
893 3.2
893 2.8
893 3.9
893 2.1
893 3.0
893 3.3
893 4.7
893 2.3
893 2.2
892 2.7
892 2.6
892 4.6
892 1.9
892 2.8
892 4.1
892 1.6
892 3.3
892 2.9
892 1.1
892 4.3
892 3.8
892 5.2
892 2.2
892 1.9
892 3.5
892 4.7
892 4.6
892 3.9
892 3.5
892 2.4
892 3.1
892 2.5
892 1.5
892 0.8
892 1.6
892 1.9
892 1.7
892 2.6
892 3.4
892 1.5
892 2.4
893 2.8
893 3.5
893 2.3
893 3.2
893 2.9
892 3.6
892 3.7
892 3.0
892 3.1
892 2.2
892 2.6
892 3.4
892 3.7
892 2.1
892 3.1
892 2.7
892 3.6
892 4.0
892 3.9
891 3.7
891 4.2
891 3.9
891 4.0
891 3.6
891 4.2
891 4.4
891 4.0
891 4.4
891 4.3
891 4.7
891 4.7
891 4.5
891 3.9
891 3.5
891 4.5
891 4.5
891 4.2
891 3.5
892 3.4
892 3.1
892 2.0
892 0.9
892 0.6
892 0.2
892 0.8
892 1.4
893 2.0
893 0.4
892 1.6
892 2.5
893 2.7
892 2.0
892 2.5
893 0.7
893 2.8
893 3.7
893 3.3
893 1.4
893 0.8
893 1.8
893 2.9
893 2.9
893 2.5
893 2.4
893 0.2
893 2.5
893 3.7
893 2.3
893 2.6
892 2.7
892 4.3
892 4.0
892 3.1
892 3.0
892 3.9
892 4.0
892 1.6
892 4.1
892 2.7
892 5.5
892 5.4
892 6.1
892 4.4
892 3.6
892 6.2
892 2.8
892 1.7
892 0.3
892 0.3
892 1.8
892 3.0
892 2.6
892 2.2
892 2.5
892 2.7
893 1.2
893 3.0
892 4.3
893 4.0
893 3.2
892 3.4
892 3.0
892 3.2
892 2.4
892 3.4
892 3.2
892 2.8
892 3.1
892 3.2
892 3.3
891 3.3
891 2.8
891 2.9
891 3.8
891 2.9
891 3.6
890 2.6
890 3.5
890 3.2
891 3.3
891 3.5
891 3.8
890 3.7
890 3.5
890 3.5
890 4.2
890 3.1
890 3.6
891 3.6
891 3.8
891 3.4
891 3.3
891 3.5
891 3.2
891 3.5
891 2.1
891 0.7
891 0.5
891 1.5
892 2.2
892 2.4
892 2.4
892 1.2
892 2.2
892 1.2
892 1.6
892 2.7
892 3.1
892 3.3
892 0.6
892 1.7
892 1.8
892 4.3
892 3.3
892 5.1
892 2.2
892 4.4
892 1.0
892 3.1
892 4.3
892 3.1
892 4.6
892 3.4
892 1.4
891 2.6
891 3.4
891 5.5
891 4.2
891 2.0
891 3.0
891 4.0
890 6.2
891 4.7
890 4.3
890 3.2
891 2.6
890 4.5
890 5.2
890 4.7
890 3.0
890 4.5
890 3.0
891 2.3
891 2.3
891 2.0
891 0.5
891 0.3
891 0.6
892 0.3
891 1.0
892 0.4
892 0.9
892 0.7
892 1.7
892 1.8
891 2.1
892 0.4
891 1.7
890 3.5
890 2.0
891 2.0
891 1.4
891 2.0
891 1.8
891 2.4
891 0.6
891 1.5
890 1.4
891 1.8
890 1.7
891 0.9
891 2.1
891 1.2
891 1.3
891 2.6
891 1.5
891 0.5
891 1.7
891 1.1
891 0.4
891 1.1
891 1.1
891 2.3
890 1.6
890 1.0
891 1.1
891 2.1
891 2.0
891 1.3
891 2.6
891 1.3
892 0.7
892 1.9
892 0.8
892 2.3
892 2.6
892 1.8
892 4.2
892 0.7
892 1.1
892 1.5
892 3.5
892 2.3
892 1.5
892 3.7
892 1.9
893 3.7
893 1.4
893 2.5
893 2.9
893 2.9
893 2.8
893 3.0
893 2.7
893 2.1
893 2.4
893 2.2
893 3.2
893 2.1
892 3.4
892 3.4
892 2.6
892 2.6
892 1.0
892 4.6
892 3.4
892 2.7
892 3.9
892 2.8
892 1.5
892 5.1
892 3.8
892 4.5
892 5.1
892 1.7
892 2.9
892 3.4
892 2.8
892 3.3
892 2.2
892 5.1
892 2.2
892 3.6
892 1.1
892 0.4
892 0.3
892 1.2
893 0.8
893 1.0
893 0.8
893 1.2
893 1.4
892 1.4
892 1.5
892 1.8
892 2.3
892 2.0
892 1.3
892 1.1
892 0.6
892 1.1
892 0.7
892 0.9
892 2.1
892 2.0
892 2.3
892 1.8
892 1.2
891 1.5
891 2.4
892 2.4
891 1.9
891 0.9
891 3.4
891 2.4
891 2.9
891 1.5
891 2.5
891 0.5
891 0.2
892 1.3
892 1.3
892 1.2
892 0.9
892 0.9
892 1.5
892 1.2
893 1.2
893 2.1
893 1.5
893 2.1
893 1.7
893 0.5
893 2.2
893 1.1
893 0.6
893 2.3
893 1.4
893 1.7
893 1.1
893 2.4
893 2.3
893 2.7
893 1.9
893 2.7
893 1.1
893 2.9
893 2.3
893 3.0
893 3.4
893 2.0
893 2.6
893 2.4
893 0.9
893 3.7
893 2.8
893 3.2
893 3.4
893 3.3
893 1.6
893 2.5
893 4.5
893 5.6
893 3.7
893 2.6
893 4.6
893 0.7
893 3.8
893 2.5
893 2.0
893 3.5
893 4.0
893 3.5
893 3.1
893 3.4
893 2.5
893 2.3
893 0.4
893 0.3
893 0.7
893 1.1
893 0.5
893 0.9
893 0.2
894 0.5
894 1.5
894 0.4
893 1.2
893 1.4
893 0.7
893 2.8
893 1.5
893 0.4
893 0.4
893 0.2
893 0.8
893 2.6
893 2.0
893 1.6
893 2.6
893 3.1
892 3.4
892 2.5
892 2.3
892 3.1
892 3.0
892 2.4
892 2.7
892 2.1
892 1.2
892 2.4
892 2.1
892 1.8
892 2.7
891 2.7
892 1.2
892 4.0
892 3.3
892 2.8
892 1.9
892 2.0
892 2.4
892 2.8
892 0.5
893 0.5
892 0.6
892 1.2
892 1.8
892 1.1
892 1.8
892 2.5
892 2.4
892 1.4
892 1.1
892 2.2
892 1.1
893 3.4
893 2.0
893 0.3
893 3.7
893 2.5
893 3.1
893 3.2
893 2.0
893 2.2
893 4.7
893 3.5
893 3.5
893 3.7
893 4.8
893 3.8
893 3.9
892 2.0
892 1.7
892 2.2
892 2.8
892 2.2
892 3.5
892 3.4
892 2.6
892 2.9
892 3.7
892 3.5
892 1.7
892 2.4
892 2.2
892 3.7
892 2.2
892 3.2
892 2.9
892 3.2
892 2.4
892 1.8
892 1.7
892 0.9
892 0.3
892 1.6
892 1.3
892 2.3
892 1.5
892 2.3
892 1.6
892 0.7
892 0.9
892 2.1
892 2.0
892 2.8
892 0.7
892 0.8
892 1.3
892 1.1
892 3.9
892 2.5
892 0.9
892 1.4
892 2.0
892 2.0
892 2.7
892 2.3
892 3.0
891 2.3
891 2.1
891 1.8
891 0.5
891 0.7
891 2.2
891 1.3
891 1.9
891 0.6
891 2.1
891 2.4
891 0.8
891 3.6
891 3.3
891 3.2
891 2.8
892 2.5
892 3.2
892 0.5
892 2.2
892 1.7
892 0.3
892 2.1
892 0.3
892 1.3
892 0.3
892 1.6
892 1.1
892 1.4
892 0.2
892 1.6
892 1.5
892 2.4
892 0.8
893 2.1
893 3.2
893 1.9
893 3.3
893 2.6
893 3.3
893 1.7
893 1.9
893 2.5
893 2.6
892 2.7
892 3.4
892 3.3
892 0.3
892 0.4
892 3.5
892 4.5
892 3.1
892 3.0
892 1.9
892 4.3
892 2.6
892 1.3
892 1.1
892 3.0
892 3.4
892 1.8
892 4.9
892 2.7
892 4.8
892 3.4
892 2.0
892 2.0
892 2.0
892 0.7
893 0.9
892 0.6
892 0.3
892 0.4
893 1.0
893 1.0
893 1.4
893 0.9
893 1.4
893 0.7
893 0.9
893 0.9
892 2.3
892 1.9
892 1.3
892 1.3
892 1.4
892 1.2
892 1.7
892 1.9
892 1.9
892 1.8
892 1.2
892 0.3
892 2.2
892 2.1
892 2.5
892 2.1
892 1.2
891 2.3
891 2.7
891 3.0
891 1.7
891 0.4
891 1.0
891 1.0
890 1.7
890 1.2
890 0.1
890 0.9
891 4.5
891 2.5
891 3.4
891 3.2
891 0.7
891 1.1
892 0.3
892 0.2
892 1.1
892 0.8
892 1.6
892 0.9
892 0.7
892 1.4
892 0.2
892 1.0
892 0.7
892 1.5
892 1.5
892 2.6
892 2.4
892 1.9
892 3.0
892 1.9
892 3.0
892 0.4
892 1.6
892 3.4
892 3.9
892 2.5
892 3.0
892 2.4
892 2.7
892 1.9
892 2.8
892 3.7
892 4.8
892 2.9
892 3.4
892 4.1
892 3.0
892 4.1
892 3.2
892 2.4
892 4.6
892 4.0
892 3.5
892 3.2
892 3.0
891 3.9
891 2.8
891 2.9
891 1.7
891 1.2
891 1.2
891 1.5
892 1.1
892 1.0
892 0.4
892 0.6
892 0.1
892 1.4
892 0.7
892 1.2
892 1.1
892 1.9
892 0.7
892 1.4
892 0.7
892 1.1
892 0.3
892 0.9
892 1.0
892 0.1
892 1.0
892 0.6
891 0.7
891 0.5
891 0.5
891 0.6
891 0.3
891 0.1
891 1.6
891 1.1
890 2.0
891 0.4
890 2.7
890 1.6
890 1.3
890 1.2
890 1.0
890 0.4
890 1.3
890 0.3
890 1.0
890 0.9
890 0.9
890 0.2
890 0.3
890 0.3
890 1.9
890 0.6
891 0.2
891 0.7
891 0.2
891 1.0
891 1.4
891 0.3
891 2.0
891 1.9
891 3.0
891 2.0
891 1.4
892 2.0
892 1.1
892 2.3
892 1.5
892 2.0
892 2.4
892 2.7
892 2.2
892 2.8
892 2.1
892 4.1
892 2.3
892 1.3
892 3.5
892 3.5
892 2.6
892 2.7
892 2.4
892 1.5
892 1.9
892 1.8
892 3.1
892 3.0
892 1.3
892 3.1
892 2.3
892 4.8
892 4.4
892 3.9
892 2.2
892 3.0
892 2.3
892 3.3
892 3.4
892 1.6
892 1.9
892 1.9
892 1.3
892 0.5
892 1.5
892 2.3
892 1.5
893 1.2
893 2.4
893 2.0
893 3.1
893 2.8
893 3.6
893 3.5
893 3.1
893 3.0
893 2.6
894 3.5
894 5.2
893 3.9
893 4.3
894 3.5
894 3.4
894 2.8
894 2.9
894 2.7
894 2.3
894 2.7
894 3.2
893 3.5
893 4.1
893 3.5
892 2.7
892 4.4
892 3.2
892 2.9
892 3.7
892 2.6
892 2.7
893 2.8
893 3.3
893 4.6
893 4.4
893 4.2
893 5.5
893 4.5
893 3.9
893 3.6
894 3.3
894 3.3
894 3.9
894 1.9
894 2.3
894 0.7
894 0.5
895 0.8
895 2.2
895 2.4
895 1.2
895 1.7
895 2.4
895 2.3
895 2.3
895 1.5
895 2.8
895 3.1
894 2.3
895 0.6
895 4.3
895 4.0
895 3.6
894 0.9
894 4.4
894 2.7
894 1.6
894 4.0
894 1.2
894 3.1
894 4.7
894 3.1
894 5.0
894 5.3
893 4.7
893 4.7
893 3.2
893 4.8
893 3.3
893 3.7
893 3.3
893 4.2
893 3.1
893 3.8
893 3.3
893 3.7
893 2.9
893 3.1
893 2.3
893 3.5
894 2.6
894 3.4
894 1.0
894 1.7
894 2.9
894 4.0
894 3.6
894 2.6
894 3.5
895 2.7
895 2.9
895 4.0
895 3.3
895 3.8
895 3.8
895 3.5
895 4.7
895 4.2
895 4.6
895 5.3
895 4.8
894 5.6
895 5.2
894 5.0
894 4.1
894 4.0
894 4.3
894 5.0
894 4.7
894 5.0
894 4.4
894 4.3
894 4.6
894 3.4
894 2.3
894 3.4
894 2.9
894 3.7
894 3.4
894 3.5
894 3.9
894 3.5
894 3.8
894 3.9
894 4.9
894 4.1
895 4.4
895 4.7
895 4.1
895 4.0
895 1.1
895 0.8
895 1.4
895 3.8
895 1.9
895 1.3
895 3.3
895 2.4
895 1.6
895 2.6
895 3.1
895 2.3
895 4.4
895 2.0
895 1.3
894 4.4
894 3.5
894 0.9
894 4.1
894 2.2
894 3.0
894 2.3
894 4.3
894 4.2
894 3.1
894 2.8
893 2.3
893 2.5
893 3.7
893 4.7
893 2.2
893 5.0
893 3.0
893 5.2
893 4.3
893 7.3
893 5.8
893 4.2
893 5.5
893 3.7
893 4.1
893 4.3
893 4.0
893 2.8
893 2.1
893 2.4
894 2.8
894 2.0
894 0.4
894 2.7
894 3.3
894 3.2
894 2.6
894 2.5
894 3.1
895 0.9
894 2.4
894 2.1
894 1.4
894 1.7
894 2.6
894 2.5
893 1.6
894 4.8