7.5 10.9
7.5 10.9
7.5 10.9
7.5 10.9
7.5 11.0
7.5 11.0
7.5 11.0
7.5 11.0
7.5 11.0
7.5 11.0
7.5 11.0
7.5 11.1
7.5 11.1
7.5 11.1
7.5 11.1
7.5 11.1
7.5 11.1
7.5 11.1
7.5 11.2
7.5 11.2
7.5 11.2
7.5 11.2
7.5 11.2
7.5 11.2
7.5 11.2
7.5 11.2
7.5 11.3
7.5 11.3
7.5 11.3
7.5 11.3
7.5 11.3
7.5 11.4
7.5 11.4
7.5 11.4
7.5 11.4
7.5 11.4
7.5 11.4
7.5 11.4
7.5 11.5
7.5 11.5
7.5 11.5
7.5 11.5
7.5 11.5
7.6 11.5
7.6 11.5
7.6 11.5
7.6 11.5
7.6 11.4
7.6 11.4
7.6 11.4
7.6 11.4
7.6 11.4
7.6 11.4
7.6 11.4
7.6 11.4
7.6 11.3
7.6 11.3
7.6 11.2
7.6 11.2
7.6 11.2
7.6 11.2
7.6 11.2
7.6 11.1
7.6 11.1
7.6 11.1
7.6 11.1
7.7 11.1
7.6 11.0
7.6 11.0
7.7 11.0
7.7 10.9
7.7 10.9
7.7 10.9
7.7 10.9
7.7 10.9
7.7 10.9
7.6 10.8
7.6 10.8
7.6 10.8
7.6 10.7
7.6 10.7
7.6 10.7
7.6 10.7
7.6 10.7
7.6 10.7
7.6 10.6
7.6 10.7
7.6 10.6
7.6 10.6
7.6 10.6
7.6 10.6
7.6 10.6
7.6 10.6
7.5 10.6
7.5 10.6
7.5 10.6
7.5 10.6
7.5 10.7
7.5 10.7
7.5 10.7
7.5 10.7
7.5 10.7
7.5 10.7
7.5 10.7
7.5 10.8
7.5 10.8
7.5 10.8
7.5 10.8
7.5 10.8
7.5 10.8
7.5 10.8
7.5 10.9
7.5 10.9
7.5 10.9
7.5 10.9
7.4 10.9
7.5 10.9
7.4 11.0
7.5 11.0
7.4 11.0
7.5 11.0
7.4 11.0
7.4 11.0
7.4 11.0
7.4 11.1
7.5 11.1
7.5 11.1
7.4 11.1
7.5 11.2
7.5 11.2
7.5 11.2
7.5 11.2
7.5 11.2
7.5 11.2
7.5 11.3
7.5 11.3
7.5 11.3
7.5 11.3
7.5 11.3
7.5 11.3
7.5 11.3
7.6 11.3
7.6 11.3
7.6 11.3
7.6 11.3
7.6 11.2
7.6 11.2
7.6 11.2
7.6 11.2
7.6 11.2
7.6 11.2
7.6 11.2
7.6 11.1
7.6 11.1
7.6 11.1
7.6 11.1
7.6 11.0
7.6 11.0
7.6 11.0
7.6 11.0
7.6 11.0
7.6 11.0
7.6 10.9
7.6 10.9
7.6 10.9
7.6 10.9
7.6 10.8
7.6 10.8
7.6 10.8
7.6 10.8
7.6 10.8
7.6 10.8
7.6 10.7
7.6 10.7
7.6 10.7
7.6 10.7
7.6 10.7
7.6 10.7
7.6 10.6
7.6 10.6
7.6 10.6
7.6 10.6
7.6 10.6
7.6 10.6
7.6 10.6
7.6 10.6
7.6 10.6
7.6 10.6
7.6 10.6
7.6 10.6
7.6 10.6
7.5 10.6
7.5 10.6
7.5 10.6
7.5 10.6
7.5 10.6
7.5 10.7
7.5 10.7
7.5 10.7
7.5 10.7
7.5 10.7
7.5 10.7
7.5 10.7
7.5 10.7
7.5 10.7
7.5 10.8
7.5 10.8
7.5 10.8
7.5 10.8
7.5 10.8
7.5 10.8
7.5 10.8
7.5 10.8
7.5 10.8
7.5 10.9
7.5 10.9
7.5 10.9
7.5 10.9
7.5 10.9
7.5 10.9
7.5 11.0
7.5 11.0
7.5 11.0
7.5 11.0
7.5 11.0
7.5 11.1
7.5 11.1
7.5 11.1
7.5 11.1
7.5 11.1
7.5 11.1
7.5 11.2
7.5 11.2
7.5 11.2
7.5 11.2
7.6 11.2
7.6 11.2
7.6 11.2
7.6 11.2
7.6 11.2
7.6 11.2
7.6 11.2
7.6 11.2
7.6 11.2
7.6 11.2
7.6 11.2
7.6 11.2
7.6 11.2
7.6 11.2
7.6 11.2
7.6 11.2
7.6 11.2
7.6 11.2
7.6 11.2
7.6 11.2
7.6 11.2
7.6 11.2
7.6 11.2
7.6 11.2
7.6 11.2
7.6 11.2
7.6 11.2
7.6 11.2
7.6 11.2
7.6 11.2
7.6 11.2
7.6 11.2
7.6 11.2
7.6 11.2
7.6 11.1
7.6 11.2
7.6 11.1
7.6 11.1
7.6 11.1
7.6 11.1
7.6 11.1
7.6 11.1
7.6 11.1
7.5 11.1
7.6 11.1
7.5 11.1
7.5 11.1
7.5 11.1
7.5 11.1
7.5 11.1
7.5 11.1
7.5 11.1
7.5 11.2
7.5 11.2
7.5 11.2
7.5 11.2
7.5 11.2
7.5 11.2
7.5 11.2
7.5 11.2
7.5 11.2
7.5 11.2
7.5 11.2
7.5 11.2
7.5 11.2
7.5 11.3
7.5 11.3
7.5 11.3
7.5 11.3
7.5 11.3
7.5 11.3
7.4 11.3
7.5 11.4
7.4 11.4
7.5 11.4
7.4 11.4
7.4 11.4
7.5 11.4
7.4 11.4
7.4 11.5
7.4 11.5
7.4 11.5
7.4 11.5
7.4 11.5
7.4 11.6
7.4 11.6
7.4 11.6
7.5 11.6
7.5 11.6
7.5 11.6
7.5 11.7
7.5 11.7
7.5 11.7
7.5 11.7
7.5 11.7
7.5 11.7
7.5 11.7
7.5 11.7
7.5 11.7
7.5 11.7
7.6 11.7
7.6 11.7
7.6 11.6
7.6 11.6
7.6 11.6
7.6 11.6
7.6 11.6
7.6 11.6
7.6 11.6
7.6 11.5
7.6 11.5
7.6 11.5
7.6 11.5
7.6 11.5
7.6 11.4
7.6 11.4
7.6 11.4
7.6 11.4
7.6 11.4
7.6 11.4
7.6 11.4
7.6 11.3
7.6 11.3
7.6 11.3
7.6 11.3
7.6 11.3
7.6 11.3
7.6 11.2
7.6 11.2
7.6 11.2
7.6 11.2
7.6 11.2
7.6 11.2
7.6 11.2
7.6 11.1
7.6 11.1
7.6 11.1
7.6 11.1
7.6 11.1
7.6 11.1
7.6 11.1
7.6 11.1
7.6 11.1
7.6 11.1
7.5 11.1
7.5 11.1
7.5 11.1
7.5 11.1
7.5 11.1
7.5 11.1
7.5 11.1
7.5 11.1
7.5 11.1
7.5 11.1
7.5 11.1
7.5 11.2
7.5 11.2
7.5 11.2
7.5 11.2
7.5 11.2
7.5 11.2
7.5 11.2
7.5 11.3
7.5 11.3
7.5 11.3
7.5 11.3
7.5 11.4
7.5 11.4
7.5 11.4
7.5 11.4
7.5 11.4
7.5 11.4
7.4 11.4
7.5 11.4
7.5 11.5
7.4 11.5
7.5 11.5
7.5 11.5
7.5 11.5
7.5 11.6
7.5 11.6
7.5 11.6
7.5 11.6
7.5 11.6
7.5 11.6
7.5 11.7
7.5 11.7
7.5 11.7
7.5 11.7
7.5 11.7
7.5 11.7
7.5 11.7
7.5 11.7
7.6 11.7
7.6 11.7
7.6 11.7
7.6 11.7
7.6 11.6
7.6 11.6
7.6 11.6
7.6 11.6
7.6 11.6
7.6 11.6
7.6 11.5
7.6 11.5
7.6 11.5
7.6 11.5
7.6 11.4
7.6 11.4
7.6 11.4
7.6 11.4
7.6 11.4
7.6 11.3
7.6 11.3
7.6 11.3
7.6 11.3
7.6 11.2
7.6 11.2
7.6 11.2
7.6 11.2
7.6 11.2
7.6 11.2
7.6 11.1
7.6 11.1
7.6 11.1
7.6 11.1
7.6 11.0
7.6 11.0
7.6 11.0
7.6 11.0
7.6 10.9
7.6 10.9
7.6 10.9
7.6 10.9
7.6 10.9
7.6 10.9
7.6 10.9
7.6 10.8
7.6 10.8
7.6 10.8
7.6 10.8
7.6 10.8
7.5 10.8
7.5 10.8
7.5 10.8
7.5 10.8
7.5 10.8
7.5 10.8
7.5 10.9
7.5 10.9
7.5 10.9
7.5 10.9
7.5 10.9
7.5 10.9
7.5 10.9
7.5 10.9
7.5 11.0
7.5 11.0
7.5 11.0
7.5 11.0
7.5 11.0
7.5 11.0
7.5 11.0
7.5 11.1
7.5 11.1
7.5 11.1
7.5 11.1
7.5 11.1
7.5 11.1
7.5 11.2
7.5 11.2
7.5 11.2
7.5 11.2
7.5 11.2
7.5 11.2
7.5 11.3
7.5 11.3
7.5 11.3
7.5 11.3
7.5 11.3
7.5 11.4
7.5 11.4
7.5 11.4
7.5 11.4
7.5 11.4
7.5 11.4
7.5 11.4
7.5 11.4
7.5 11.4
7.5 11.4
7.6 11.4
7.6 11.4
7.6 11.4
7.6 11.4
7.6 11.4
7.6 11.3
7.6 11.3
7.6 11.3
7.6 11.3
7.6 11.3
7.6 11.2
7.6 11.2
7.6 11.2
7.6 11.2
7.6 11.2
7.6 11.2
7.6 11.1
7.6 11.1
7.6 11.1
7.7 11.1
7.7 11.1
7.7 11.0
7.6 11.0
7.6 11.0
7.7 11.0
7.7 11.0
7.7 10.9
7.7 10.9
7.7 10.9
7.7 10.8
7.7 10.8
7.6 10.8
7.6 10.8
7.6 10.8
7.6 10.8
7.6 10.7
7.6 10.7
7.6 10.7
7.6 10.7
7.6 10.6
7.6 10.6
7.6 10.6
7.6 10.6
7.6 10.6
7.6 10.6
7.6 10.6
7.6 10.6
7.6 10.6
7.5 10.6
7.5 10.6
7.5 10.6
7.5 10.6
7.5 10.6
7.5 10.6
7.5 10.6
7.5 10.6
7.5 10.7
7.5 10.7
7.5 10.6
7.5 10.7
7.5 10.7
7.5 10.7
7.5 10.7
7.5 10.7
7.5 10.8
7.5 10.8
7.5 10.8
7.5 10.8
7.5 10.8
7.5 10.8
7.5 10.8
7.5 10.9
7.5 10.9
7.4 10.9
7.5 10.9
7.4 10.9
7.5 11.0
7.4 11.0
7.4 11.0
7.4 11.0
7.5 11.0
7.5 11.0
7.5 11.1
7.5 11.1
7.5 11.1
7.5 11.1
7.5 11.2
7.5 11.2
7.5 11.2
7.5 11.2
7.5 11.2
7.5 11.2
7.5 11.2
7.5 11.2
7.5 11.2
7.6 11.2
7.6 11.2
7.6 11.2
7.6 11.2
7.6 11.2
7.6 11.2
7.6 11.2
7.6 11.2
7.6 11.2
7.6 11.2
7.6 11.2
7.6 11.2
7.6 11.2
7.6 11.1
7.6 11.1
7.6 11.1
7.6 11.1
7.6 11.1
7.6 11.1
7.6 11.0
7.7 11.0
7.7 11.0
7.7 11.0
7.7 11.0
7.7 11.0
7.7 10.9
7.7 10.9
7.7 10.9
7.7 10.9
7.7 10.9
7.7 10.9
7.7 10.8
7.7 10.8
7.7 10.8
7.7 10.8
7.7 10.8
7.6 10.8
7.6 10.8
7.6 10.8
7.6 10.8
7.6 10.7
7.6 10.7
7.6 10.7
7.6 10.7
7.6 10.7
7.6 10.7
7.6 10.7
7.6 10.7
7.6 10.7
7.6 10.7
7.6 10.7
7.6 10.7
7.6 10.7
7.6 10.7
7.5 10.7
7.6 10.7
7.5 10.7
7.5 10.7
7.5 10.7
7.5 10.7
7.5 10.7
7.5 10.7
7.5 10.7
7.5 10.8
7.5 10.8
7.5 10.8
7.5 10.8
7.5 10.8
7.5 10.8
7.5 10.8
7.5 10.8
7.5 10.8
7.5 10.8
7.5 10.8
7.5 10.8
7.5 10.9
7.5 10.9
7.5 10.9
7.5 10.9
7.5 10.9
7.5 11.0
7.5 11.0
7.5 11.0
7.5 11.0
7.5 11.0
7.5 11.0
7.5 11.1
7.5 11.1
7.5 11.1
7.5 11.1
7.6 11.2
7.6 11.2
7.6 11.2
7.6 11.2
7.6 11.2
7.6 11.2
7.6 11.2
7.6 11.2
7.6 11.1
7.6 11.1
7.6 11.1
7.6 11.1
7.6 11.1
7.6 11.1
7.6 11.1
7.6 11.1
7.6 11.0
7.7 11.0
7.6 11.0
7.7 11.0
7.7 11.0
7.7 10.9
7.7 10.9
7.7 10.9
7.7 10.9
7.7 10.9
7.7 10.8
7.7 10.8
7.7 10.8
7.7 10.8
7.7 10.8
7.7 10.7
7.7 10.7
7.7 10.7
7.7 10.7
7.7 10.7
7.7 10.6
7.7 10.6
7.7 10.6
7.7 10.6
7.7 10.6
7.6 10.6
7.6 10.5
7.6 10.5
7.6 10.5
7.6 10.5
7.6 10.5
7.6 10.5
7.6 10.4
7.6 10.4
7.6 10.4
7.6 10.4
7.6 10.4
7.6 10.4
7.6 10.4
7.5 10.4
7.5 10.4
7.5 10.4
7.5 10.5
7.5 10.5
7.5 10.5
7.5 10.5
7.5 10.5
7.5 10.5
7.5 10.5
7.5 10.5
7.5 10.6
7.5 10.6
7.5 10.6
7.5 10.6
7.5 10.6
7.5 10.6
7.5 10.6
7.5 10.7
7.5 10.7
7.5 10.7
7.5 10.7
7.5 10.7
7.5 10.7
7.4 10.8
7.5 10.8
7.4 10.8
7.4 10.8
7.4 10.8
7.5 10.8
7.4 10.9
7.4 10.9
7.5 10.9
7.5 10.9
7.5 11.0
7.5 11.0
7.5 11.0
7.5 11.0
7.5 11.0
7.5 11.1
7.5 11.1
7.5 11.1
7.5 11.1
7.5 11.1
7.5 11.1
7.5 11.1
7.5 11.1
7.6 11.1
7.6 11.1
7.6 11.1
7.6 11.1
7.6 11.1
7.6 11.1
7.6 11.1
7.6 11.0
7.6 11.0
7.6 11.0
7.6 11.0
7.6 11.0
7.6 11.0
7.6 11.0
7.7 10.9
7.6 10.9
7.7 10.9
7.7 10.9
7.7 10.9
7.7 10.8
7.7 10.8
7.7 10.8
7.7 10.8
7.7 10.8
7.7 10.7
7.7 10.7
7.7 10.7
7.7 10.7
7.7 10.7
7.7 10.6
7.7 10.6
7.7 10.6
7.7 10.6
7.7 10.6
7.7 10.6
7.6 10.6
7.6 10.6
7.6 10.5
7.6 10.5
7.6 10.5
7.6 10.5
7.6 10.5
7.6 10.5
7.6 10.4
7.6 10.4
7.6 10.4
7.6 10.4
7.6 10.4
7.6 10.4
7.5 10.4
7.5 10.4
7.5 10.4
7.5 10.4
7.5 10.4
7.5 10.4
7.5 10.4
7.5 10.4
7.5 10.5
7.5 10.5
7.5 10.5
7.5 10.5
7.5 10.5
7.5 10.5
7.5 10.6
7.5 10.6
7.5 10.6
7.5 10.6
7.5 10.6
7.5 10.6
7.5 10.7
7.5 10.7
7.5 10.7
7.5 10.7
7.5 10.7
7.5 10.7
7.5 10.8
7.4 10.8
7.4 10.8
7.4 10.8
7.4 10.8
7.4 10.8
7.4 10.9
7.5 10.9
7.5 10.9
7.5 11.0
7.5 11.0
7.5 11.0
7.5 11.0
7.5 11.0
7.5 11.0
7.5 11.0
7.5 11.1
7.5 11.1
7.5 11.1
7.5 11.1
7.6 11.1
7.6 11.1
7.6 11.1
7.6 11.1
7.6 11.1
7.6 11.1
7.6 11.1
7.6 11.0
7.6 11.0
7.6 11.0
7.6 11.0
7.6 11.0
7.6 11.0
7.6 10.9
7.6 11.0
7.6 10.9
7.7 10.9
7.7 10.9
7.7 10.9
7.7 10.9
7.7 10.8
7.7 10.8
7.7 10.8
7.7 10.8
7.7 10.8
7.7 10.7
7.7 10.7
7.7 10.7
7.7 10.7
7.7 10.7
7.7 10.7
7.7 10.6
7.7 10.6
7.7 10.6
7.7 10.6
7.7 10.6
7.7 10.6
7.7 10.6
7.6 10.5
7.6 10.5
7.6 10.5
7.6 10.5
7.6 10.5
7.6 10.5
7.6 10.5
7.6 10.5
7.6 10.5
7.6 10.5
7.6 10.5
7.6 10.5
7.6 10.5
7.6 10.5
7.6 10.5
7.5 10.5
7.5 10.5
7.5 10.5
7.5 10.5
7.5 10.5
7.5 10.5
7.5 10.5
7.5 10.5
7.5 10.6
7.5 10.6
7.5 10.6
7.5 10.6
7.5 10.6
7.5 10.6
7.5 10.6
7.5 10.6
7.5 10.6
7.5 10.6
7.5 10.6
7.5 10.7
7.5 10.7
7.5 10.7
7.5 10.7
7.5 10.7
7.5 10.7
7.5 10.8
7.5 10.8
7.5 10.8
7.5 10.8
7.5 10.8
7.5 10.8
7.5 10.9
7.5 10.9
7.5 10.9
7.5 10.9
7.5 10.9
7.5 10.9
7.5 11.0
7.5 11.0
7.5 11.0
7.5 11.0
7.6 11.0
7.6 11.0
7.6 11.0
7.6 11.0
7.6 11.0
7.6 11.0
7.6 11.0
7.6 11.1
7.6 11.0
7.6 11.1
7.6 11.1
7.6 11.1
7.6 11.0
7.6 11.0
7.6 11.0
7.6 11.0
7.6 11.0
7.6 11.0
7.6 11.0
7.6 11.0
7.6 11.0
7.7 11.0
7.7 11.0
7.7 11.0
7.7 11.0
7.7 10.9
7.7 10.9
7.7 10.9
7.7 10.9
7.7 10.9
7.7 10.9
7.7 10.9
7.7 10.8
7.6 10.8
7.6 10.8
7.6 10.8
7.6 10.8
7.6 10.8
7.6 10.8
7.6 10.8
7.6 10.8
7.6 10.8
7.6 10.8
7.6 10.8
7.6 10.8
7.6 10.7
7.6 10.7
7.6 10.7
7.6 10.7
7.6 10.7
7.6 10.7
7.5 10.7
7.5 10.8
7.5 10.8
7.5 10.8
7.5 10.8
7.5 10.8
7.5 10.8
7.5 10.8
7.5 10.8
7.5 10.8
7.5 10.8
7.5 10.8
7.5 10.8
7.5 10.8
7.5 10.8
7.5 10.8
7.5 10.9
7.5 10.9
7.5 10.9
7.5 10.9
7.5 10.9
7.5 10.9
7.5 10.9
7.5 10.9
7.5 10.9
7.5 10.9
7.5 11.0
7.5 11.0
7.5 11.0
7.5 11.0
7.5 11.0
7.5 11.0
7.5 11.0
7.5 11.0
7.5 11.0
7.5 11.1
7.5 11.1
7.5 11.1
7.5 11.1
7.5 11.1
7.5 11.1
7.5 11.2
7.5 11.2
7.5 11.2
7.5 11.2
7.6 11.2
7.6 11.2
7.6 11.2
7.6 11.2
7.6 11.2
7.6 11.2
7.6 11.2
7.6 11.2
7.6 11.2
7.6 11.2
7.6 11.2
7.6 11.2
7.6 11.2
7.6 11.2
7.6 11.2
7.6 11.2
7.6 11.2
7.6 11.2
7.6 11.2
7.6 11.2
7.6 11.2
7.6 11.2
7.6 11.2
7.6 11.2
7.6 11.2
7.6 11.2
7.6 11.2
7.6 11.2
7.6 11.2
7.6 11.2
7.6 11.2
7.6 11.2
7.6 11.2
7.6 11.2
7.6 11.2
7.6 11.2
7.6 11.2
7.6 11.2
7.6 11.2
7.6 11.2
7.6 11.2
7.6 11.2
7.6 11.2
7.6 11.2
7.6 11.2
7.6 11.2
7.6 11.2
7.5 11.2
7.5 11.2
7.5 11.2
7.5 11.2
7.5 11.2
7.5 11.2
7.5 11.2
7.5 11.2
7.5 11.2
7.5 11.2
7.5 11.2
7.5 11.2
7.5 11.2
7.5 11.2
7.5 11.2
7.5 11.2
7.5 11.3
7.5 11.3
7.5 11.3
7.5 11.3
7.5 11.3
7.5 11.3
7.5 11.3
7.5 11.3
7.5 11.3
7.5 11.3
7.5 11.4
7.5 11.4
7.5 11.4
7.5 11.4
7.5 11.4
7.5 11.4
7.5 11.4
7.5 11.4
7.5 11.4
7.5 11.4
7.5 11.4
7.5 11.4
7.5 11.4
7.5 11.5
7.5 11.5
7.5 11.5
7.5 11.5
7.5 11.5
7.5 11.5
7.5 11.5
7.5 11.6
7.5 11.6
7.6 11.6
7.6 11.6
7.6 11.6
7.6 11.6
7.6 11.6
7.6 11.6
7.6 11.6
7.6 11.6
7.6 11.6
7.6 11.6
7.6 11.6
7.6 11.6
7.6 11.6
7.6 11.6
7.6 11.6
7.6 11.6
7.6 11.6
7.6 11.6
7.6 11.6
7.6 11.5
7.7 11.5
7.7 11.5
7.7 11.5
7.6 11.5
7.7 11.5
7.7 11.4
7.6 11.4
7.7 11.4
7.7 11.4
7.7 11.4
7.7 11.4
7.7 11.3
7.6 11.3
7.6 11.3
7.6 11.3
7.6 11.3
7.6 11.3
7.6 11.3
7.6 11.3
7.6 11.3
7.6 11.3
7.6 11.3
7.6 11.2
7.6 11.2
7.6 11.2
7.6 11.2
7.6 11.2
7.6 11.2
7.6 11.2
7.6 11.2
7.6 11.2
7.6 11.2
7.6 11.2
7.6 11.2
7.6 11.2
7.5 11.2
7.5 11.2
7.5 11.2
7.5 11.2
7.5 11.2
7.5 11.2
7.5 11.2
7.5 11.2
7.5 11.2
7.5 11.2
7.5 11.2
7.5 11.2
7.5 11.2
7.5 11.2
7.5 11.3
7.5 11.3
7.5 11.3
7.5 11.3
7.5 11.3
7.5 11.3
7.5 11.3
7.5 11.3
7.5 11.3
7.5 11.3
7.5 11.3
7.5 11.4
7.5 11.4
7.5 11.4
7.5 11.4
7.5 11.4
7.5 11.4
7.5 11.4
7.5 11.4
7.5 11.5
7.5 11.5
7.5 11.5
7.5 11.5
7.5 11.5
7.5 11.5
7.5 11.5
7.6 11.6
7.6 11.6
7.6 11.6
7.6 11.6
7.6 11.6
7.6 11.6
7.6 11.6
7.6 11.6
7.6 11.6
7.6 11.6
7.6 11.6
7.6 11.6
7.6 11.6
7.6 11.6
7.6 11.6
7.7 11.5
7.6 11.5
7.7 11.5
7.7 11.5
7.7 11.5
7.7 11.5
7.7 11.5
7.7 11.4
7.7 11.4
7.7 11.4
7.7 11.4
7.7 11.4
7.7 11.4
7.7 11.4
7.7 11.4
7.7 11.4
7.7 11.3
7.7 11.3
7.7 11.3
7.7 11.3
7.7 11.3
7.7 11.3
7.7 11.3
7.7 11.2
7.7 11.2
7.7 11.2
7.6 11.2
7.6 11.2
7.6 11.2
7.6 11.2
7.6 11.2
7.6 11.1
7.6 11.1
7.6 11.1
7.6 11.1
7.6 11.1
7.6 11.1
7.6 11.1
7.6 11.1
7.6 11.1
7.6 11.1
7.6 11.1
7.6 11.1
7.5 11.1
7.6 11.1
7.5 11.1
7.5 11.1
7.5 11.1
7.5 11.2
7.5 11.2
7.5 11.2
7.5 11.2
7.5 11.2
7.5 11.2
7.5 11.2
7.5 11.2
7.5 11.2
7.5 11.2
7.5 11.2
7.5 11.2
7.5 11.2
7.5 11.2
7.5 11.2
7.5 11.2
7.5 11.2
7.5 11.2
7.5 11.2
7.5 11.2
7.5 11.3
7.5 11.3
7.5 11.3
7.5 11.3
7.5 11.4
7.5 11.4
7.5 11.4
7.5 11.4
7.5 11.4
7.6 11.4
7.6 11.5
7.6 11.5
7.6 11.5
7.6 11.5
7.6 11.5
7.6 11.5
7.6 11.5
7.6 11.5
7.6 11.5
7.6 11.5
7.6 11.5
7.6 11.5
7.6 11.5
7.7 11.5
7.7 11.5
7.7 11.5
7.7 11.4
7.7 11.4
7.7 11.4
7.7 11.4
7.7 11.4
7.7 11.4
7.7 11.4
7.7 11.4
7.7 11.4
7.7 11.4
7.7 11.3
7.7 11.3
7.7 11.3
7.7 11.3
7.7 11.3
7.7 11.3
7.7 11.3
7.7 11.3
7.7 11.3
7.7 11.3
7.7 11.2
7.7 11.2
7.7 11.2
7.7 11.2
7.7 11.2
7.7 11.2
7.7 11.2
7.7 11.2
7.7 11.2
7.7 11.2
7.6 11.1
7.6 11.1
7.6 11.1
7.6 11.1
7.6 11.1
7.6 11.1
7.6 11.1
7.6 11.1
7.6 11.1
7.6 11.1
7.6 11.1
7.6 11.1
7.6 11.1
7.6 11.1
7.6 11.1
7.6 11.1
7.6 11.1
7.6 11.1
7.6 11.1
7.6 11.1
7.6 11.1
7.5 11.1
7.6 11.1
7.6 11.1
7.5 11.1
7.5 11.1
7.5 11.1
7.5 11.1
7.5 11.1
7.5 11.1
7.5 11.2
7.5 11.2
7.5 11.2
7.5 11.2
7.5 11.2
7.5 11.2
7.5 11.2
7.5 11.2
7.5 11.2
7.5 11.3
7.5 11.3
7.5 11.3
7.5 11.3
7.5 11.3
7.5 11.3
7.5 11.3
7.5 11.4
7.5 11.4
7.6 11.4
7.6 11.4
7.6 11.4
7.6 11.4
7.6 11.4
7.6 11.4
7.6 11.4
7.6 11.4
7.6 11.4
7.6 11.4
7.6 11.4
7.6 11.4
7.6 11.4
7.6 11.4
7.7 11.4
7.7 11.4
7.7 11.4
7.7 11.3
7.7 11.3
7.7 11.3
7.7 11.3
7.7 11.3
7.7 11.2
7.7 11.2
7.7 11.2
7.7 11.2
7.7 11.2
7.7 11.1
7.7 11.1
7.7 11.1
7.7 11.1
7.7 11.1
7.7 11.0
7.7 11.0
7.7 11.0
7.7 11.0
7.7 11.0
7.7 10.9
7.7 10.9
7.7 10.9
7.7 10.9
7.7 10.9
7.7 10.8
7.7 10.8
7.7 10.8
7.7 10.8
7.7 10.8
7.7 10.8
7.7 10.7
7.7 10.7
7.7 10.7
7.7 10.7
7.7 10.7
7.6 10.7
7.6 10.6
7.6 10.7
7.6 10.6
7.6 10.6
7.6 10.6
7.6 10.6
7.6 10.6
7.6 10.6
7.6 10.6
7.6 10.6
7.6 10.6
7.6 10.6
7.6 10.6
7.6 10.6
7.6 10.6
7.6 10.6
7.6 10.6
7.6 10.6
7.6 10.6
7.6 10.6
7.6 10.6
7.6 10.7
7.5 10.7
7.6 10.7
7.6 10.7
7.6 10.7
7.6 10.7
7.5 10.7
7.6 10.8
7.6 10.8
7.6 10.8
7.6 10.8
7.5 10.8
7.5 10.8
7.5 10.8
7.5 10.8
7.5 10.9
7.5 10.9
7.6 10.9
7.6 10.9
7.6 11.0
7.6 11.0
7.6 11.0
7.6 11.0
7.6 11.0
7.6 11.0
7.6 11.0
7.6 11.0
7.6 11.1
7.6 11.1
7.6 11.1
7.6 11.1
7.6 11.1
7.6 11.1
7.6 11.1
7.6 11.1
7.7 11.1
7.7 11.2
7.7 11.1
7.7 11.2
7.7 11.1
7.7 11.1
7.7 11.1
7.7 11.1
7.7 11.1
7.7 11.1
7.7 11.1
7.7 11.1
7.7 11.1
7.7 11.1
7.7 11.1
7.7 11.0
7.7 11.0
7.7 11.0
7.7 11.0
7.7 11.0
7.7 11.0
7.7 11.0
7.7 11.0
7.7 11.0
7.7 11.0
7.7 11.0
7.7 11.0
7.7 11.0
7.7 11.0
7.7 10.9
7.7 10.9
7.7 10.9
7.7 10.9
7.7 10.9
7.7 10.9
7.7 10.9
7.7 10.8
7.6 10.8
7.6 10.8
7.6 10.8
7.6 10.8
7.6 10.8
7.6 10.8
7.6 10.8
7.6 10.8
7.6 10.8
7.6 10.8
7.6 10.8
7.6 10.8
7.6 10.8
7.6 10.8
7.6 10.8
7.6 10.8
7.6 10.8
7.6 10.9
7.5 10.9
7.5 10.9
7.5 10.9
7.5 10.9
7.5 10.9
7.5 10.9
7.5 10.9
7.5 11.0
7.5 11.0
7.5 11.0
7.5 11.0
7.5 11.0
7.5 11.0
7.5 11.0
7.5 11.0
7.5 11.0
7.5 11.0
7.5 11.1
7.5 11.1
7.5 11.1
7.5 11.1
7.5 11.1
7.5 11.2
7.5 11.2
7.5 11.2
7.5 11.2
7.6 11.2
7.6 11.3
7.6 11.3
7.6 11.3
7.6 11.3
7.6 11.3
7.6 11.3
7.6 11.3
7.6 11.4
7.6 11.4
7.6 11.4
7.6 11.4
7.6 11.4
7.6 11.4
7.6 11.4
7.6 11.4
7.7 11.4
7.7 11.4
7.7 11.4
7.7 11.4
7.7 11.4
7.7 11.3
7.7 11.3
7.7 11.3
7.7 11.3
7.7 11.3
7.7 11.3
7.7 11.3
7.7 11.3
7.7 11.3
7.7 11.3
7.7 11.3
7.7 11.3
7.7 11.3
7.7 11.2
7.7 11.2
7.7 11.2
7.7 11.2
7.7 11.2
7.7 11.2
7.7 11.2
7.7 11.2
7.7 11.2
7.7 11.2
7.7 11.2
7.7 11.2
7.7 11.2
7.7 11.2
7.6 11.2
7.6 11.2
7.6 11.2
7.6 11.2
7.6 11.2
7.6 11.2
7.6 11.2
7.6 11.2
7.6 11.2
7.6 11.2
7.6 11.2
7.6 11.2
7.5 11.2
7.5 11.2
7.5 11.2
7.5 11.2
7.5 11.2
7.5 11.2
7.5 11.2
7.5 11.2
7.5 11.2
7.5 11.2
7.5 11.2
7.5 11.2
7.5 11.2
7.5 11.2
7.5 11.2
7.5 11.3
7.5 11.3
7.5 11.3
7.5 11.3
7.5 11.3
7.5 11.3
7.5 11.3
7.5 11.3
7.5 11.3
7.5 11.3
7.5 11.3
7.5 11.3
7.5 11.3
7.5 11.3
7.5 11.4
7.5 11.4
7.5 11.4
7.5 11.4
7.5 11.4
7.5 11.4
7.5 11.4
7.5 11.5
7.5 11.5
7.5 11.5
7.6 11.5
7.6 11.5
7.6 11.5
7.6 11.5
7.6 11.6
7.6 11.6
7.6 11.6
7.6 11.5
7.6 11.6
7.6 11.5
7.6 11.5
7.6 11.5
7.6 11.5
7.6 11.5
7.6 11.5
7.7 11.5
7.7 11.5
7.7 11.4
7.7 11.4
7.7 11.4
7.7 11.4
7.7 11.4
7.7 11.4
7.7 11.4
7.7 11.4
7.7 11.3
7.7 11.3
7.7 11.3
7.7 11.3
7.7 11.3
7.7 11.3
7.7 11.2
7.7 11.2
7.7 11.2
7.7 11.2
7.7 11.2
7.7 11.2
7.7 11.2
7.7 11.1
7.7 11.1
7.7 11.1
7.7 11.1
7.6 11.1
7.6 11.0
7.6 11.0
7.6 11.0
7.6 11.0
7.6 11.0
7.6 11.0
7.6 11.0
7.6 11.0
7.6 11.0
7.6 11.0
7.6 11.0
7.6 11.0
7.6 11.0
7.6 11.0
7.6 11.0
7.6 11.0
7.6 11.0
7.6 11.0
7.6 11.0
7.6 11.0
7.6 11.0
7.6 11.0
7.6 11.0
7.6 11.0
7.5 11.0
7.6 11.0
7.6 11.0
7.5 11.0
7.5 11.0
7.5 11.1
7.5 11.1
7.5 11.1
7.5 11.1
7.5 11.1
7.5 11.1
7.5 11.1
7.5 11.1
7.5 11.1
7.5 11.2
7.5 11.2
7.5 11.2
7.5 11.2
7.5 11.2
7.5 11.2
7.5 11.2
7.6 11.3
7.6 11.3
7.6 11.3
7.6 11.3
7.6 11.3
7.6 11.3
7.6 11.4
7.6 11.4
7.6 11.4
7.6 11.4
7.6 11.4
7.6 11.4
7.6 11.4
7.6 11.4
7.6 11.4
7.6 11.4
7.7 11.4
7.7 11.4
7.7 11.4
7.7 11.3
7.7 11.3
7.7 11.3
7.7 11.3
7.7 11.3
7.7 11.3
7.7 11.3
7.7 11.3
7.7 11.2
7.7 11.2
7.7 11.2
7.7 11.2
7.7 11.2
7.7 11.1
7.7 11.1
7.7 11.1
7.7 11.1
7.7 11.0
7.7 11.0
7.7 11.0
7.7 11.0
7.7 11.0
7.7 11.0
7.7 11.0
7.7 11.0
7.7 11.0
7.7 11.0
7.7 11.0
7.7 11.0
7.7 11.0
7.7 11.0
7.7 11.0
7.7 11.0
7.6 11.0
7.6 10.9
7.6 10.9
7.6 10.9
7.6 10.9
7.6 10.9
7.6 10.9
7.6 10.8
7.6 10.8
7.6 10.8
7.6 10.8
7.6 10.8
7.6 10.8
7.6 10.8
7.6 10.8
7.6 10.8
7.5 10.8
7.5 10.8
7.5 10.8
7.5 10.9
7.5 10.9
7.5 10.9
7.5 10.9
7.5 10.9
7.5 10.9
7.5 11.0
7.5 11.0
7.5 11.0
7.5 11.0
7.5 11.0
7.5 11.0
7.5 11.0
7.5 11.1
7.5 11.1
7.5 11.1
7.5 11.1
7.5 11.1
7.5 11.2
7.5 11.2
7.5 11.2
7.5 11.2
7.5 11.2
7.5 11.3
7.5 11.3
7.5 11.3
7.5 11.4
7.5 11.4
7.6 11.4
7.5 11.4
7.6 11.4
7.6 11.4
7.6 11.4
7.6 11.4
7.6 11.4
7.6 11.4
7.6 11.4
7.6 11.4
7.6 11.4
7.6 11.4
7.6 11.4
7.6 11.4
7.7 11.4
7.7 11.3
7.7 11.3
7.7 11.3
7.7 11.3
7.7 11.2
7.7 11.2
7.7 11.2
7.7 11.2
7.7 11.2
7.7 11.1
7.7 11.1
7.7 11.1
7.7 11.1
7.7 11.1
7.7 11.0
7.7 11.0
7.7 11.0
7.7 11.0
7.7 11.0
7.7 11.0
7.7 11.0
7.7 10.9
7.7 10.9
7.7 10.9
7.7 10.9
7.7 10.9
7.7 10.8
7.7 10.9
7.7 10.8
7.7 10.8
7.7 10.8
7.7 10.8
7.6 10.8
7.6 10.8
7.6 10.7
7.6 10.7
7.6 10.7
7.6 10.7
7.6 10.7
7.6 10.7
7.6 10.7
7.6 10.7
7.6 10.7
7.6 10.7
7.6 10.7
7.6 10.7
7.6 10.7
7.6 10.7
7.6 10.7
7.6 10.7
7.5 10.7
7.5 10.7
7.5 10.7
7.5 10.7
7.5 10.7
7.5 10.7
7.5 10.8
7.5 10.8
7.5 10.8
7.5 10.8
7.5 10.8
7.5 10.8
7.5 10.8
7.5 10.8
7.5 10.8
7.5 10.8
7.5 10.9
7.5 10.9
7.5 10.9
7.5 10.9
7.5 10.9
7.5 11.0
7.5 11.0
7.5 11.0
7.5 11.0
7.5 11.0
7.5 11.0
7.5 11.0
7.5 11.1
7.5 11.1
7.5 11.1
7.6 11.1
7.6 11.2
7.6 11.2
7.6 11.2
7.6 11.2
7.6 11.2
7.6 11.2
7.6 11.2
7.6 11.2
7.6 11.2
7.6 11.3
7.6 11.2
7.6 11.2
7.6 11.2
7.6 11.2
7.7 11.2
7.7 11.2
7.7 11.2
7.7 11.2
7.7 11.2
7.7 11.2
7.7 11.2
7.7 11.2
7.7 11.2
7.7 11.2
7.7 11.2
7.7 11.2
7.7 11.1
7.7 11.1
7.7 11.1
7.7 11.1
7.7 11.1
7.7 11.0
7.7 11.0
7.7 11.0
7.7 11.0
7.7 11.0
7.7 10.9
7.7 10.9
7.7 10.9
7.7 10.9
7.7 10.9
7.7 10.9
7.7 10.8
7.7 10.8
7.7 10.8
7.7 10.8
7.7 10.7
7.7 10.7
7.7 10.7
7.6 10.7
7.6 10.7
7.6 10.7
7.6 10.7
7.6 10.7
7.6 10.7
7.6 10.7
7.6 10.7
7.6 10.7
7.6 10.7
7.6 10.7
7.6 10.7
7.6 10.7
7.6 10.7
7.5 10.7
7.5 10.7
7.5 10.8
7.5 10.8
7.5 10.8
7.5 10.8
7.5 10.8
7.5 10.8
7.5 10.8
7.5 10.8
7.5 10.8
7.5 10.9
7.5 10.9
7.5 10.9
7.5 10.9
7.5 10.9
7.5 10.9
7.5 10.9
7.5 11.0
7.5 11.0
7.5 11.0
7.5 11.0
7.5 11.0
7.5 11.0
7.5 11.0
7.5 11.0
7.5 11.0
7.5 11.1
7.5 11.1
7.6 11.1
7.6 11.1
7.6 11.1
7.6 11.1
7.6 11.1
7.6 11.2
7.6 11.2
7.6 11.2
7.6 11.2
7.6 11.2
7.6 11.2
7.6 11.2
7.6 11.2
7.7 11.2
7.7 11.2
7.7 11.2
7.7 11.2
7.7 11.2
7.7 11.2
7.7 11.1
7.7 11.1
7.7 11.1
7.7 11.0
7.7 11.0
7.7 11.0
7.7 11.0
7.7 11.0
7.7 10.9
7.8 10.9
7.7 10.9
7.8 10.9
7.8 10.9
7.8 10.8
7.8 10.8
7.8 10.8
7.8 10.8
7.8 10.8
7.8 10.7
7.8 10.7
7.8 10.7
7.8 10.7
7.8 10.7
7.8 10.6
7.7 10.6
7.7 10.6
7.7 10.6
7.7 10.6
7.7 10.6
7.7 10.5
7.7 10.5
7.7 10.5
7.7 10.5
7.7 10.4
7.6 10.4
7.6 10.4
7.6 10.4
7.6 10.4
7.6 10.4
7.6 10.4
7.6 10.4
7.6 10.4
7.6 10.4
7.6 10.4
7.6 10.4
7.6 10.4
7.6 10.4
7.6 10.4
7.5 10.4
7.5 10.4
7.5 10.4
7.6 10.5
7.5 10.5
7.5 10.5
7.5 10.5
7.5 10.5
7.5 10.5
7.5 10.5
7.5 10.5
7.5 10.6
7.5 10.6
7.5 10.6
7.5 10.6
7.5 10.6
7.5 10.6
7.5 10.6
7.5 10.7
7.5 10.7
7.5 10.7
7.5 10.7
7.5 10.7
7.5 10.8
7.5 10.8
7.5 10.8
7.5 10.8
7.5 10.8
7.5 10.9
7.5 10.9
7.5 10.9
7.6 10.9
7.6 11.0
7.6 11.0
7.6 11.0
7.6 11.0
7.6 11.0
7.6 11.0
7.6 11.0
7.6 11.0
7.6 11.0
7.6 11.0
7.7 11.0
7.7 11.0
7.7 11.0
7.7 11.0
7.7 10.9
7.7 10.9
7.7 10.9
7.7 10.9
7.7 10.9
7.7 10.8
7.7 10.8
7.7 10.8
7.7 10.8
7.7 10.8
7.8 10.7
7.8 10.7
7.8 10.7
7.8 10.7
7.8 10.6
7.8 10.6
7.8 10.6
7.8 10.6
7.8 10.6
7.8 10.5
7.8 10.5
7.8 10.5
7.8 10.5
7.8 10.5
7.8 10.4
7.8 10.4
7.7 10.4
7.7 10.4
7.7 10.4
7.7 10.3
7.7 10.3
7.7 10.3
7.7 10.3
7.7 10.2
7.7 10.2
7.7 10.2
7.7 10.2
7.6 10.2
7.6 10.2
7.6 10.2
7.6 10.2
7.6 10.2
7.6 10.2
7.6 10.2
7.6 10.2
7.6 10.2
7.6 10.2
7.6 10.2
7.6 10.2
7.6 10.2
7.6 10.2
7.6 10.2
7.6 10.2
7.6 10.2
7.6 10.2
7.6 10.2
7.5 10.3
7.6 10.3
7.5 10.3
7.5 10.3
7.5 10.3
7.5 10.3
7.5 10.4
7.5 10.4
7.5 10.4
7.5 10.4
7.5 10.4
7.5 10.4
7.5 10.5
7.5 10.5
7.5 10.5
7.5 10.5
7.5 10.6
7.5 10.6
7.5 10.6
7.5 10.6
7.5 10.6
7.5 10.7
7.5 10.7
7.6 10.7
7.6 10.8
7.6 10.8
7.6 10.8
7.6 10.8
7.6 10.8
7.6 10.9
7.6 10.9
7.6 10.9
7.6 10.9
7.6 10.9
7.6 10.9
7.6 11.0
7.6 11.0
7.6 11.0
7.7 11.0
7.7 11.0
7.7 11.0
7.7 11.0
7.7 11.0
7.7 11.0
7.7 11.0
7.7 11.0
7.7 11.0
7.7 11.0
7.7 11.0
7.7 10.9
7.8 10.9
7.8 10.9
7.8 10.9
7.8 10.9
7.8 10.9
7.8 10.8
7.8 10.8
7.8 10.8
7.8 10.8
7.8 10.8
7.8 10.8
7.8 10.8
7.8 10.7
7.8 10.7
7.8 10.7
7.8 10.7
7.8 10.7
7.8 10.6
7.8 10.6
7.8 10.6
7.8 10.6
7.7 10.6
7.7 10.5
7.7 10.5
7.7 10.5
7.7 10.4
7.7 10.4
7.6 10.4
7.6 10.4
7.6 10.4
7.6 10.4
7.6 10.4
7.6 10.3
7.6 10.3
7.6 10.3
7.6 10.3
7.6 10.3
7.6 10.3
7.6 10.3
7.6 10.3
7.6 10.3
7.6 10.3
7.6 10.4
7.6 10.4
7.6 10.4
7.5 10.4
7.5 10.4
7.5 10.4
7.5 10.4
7.5 10.4
7.5 10.4
7.5 10.4
7.5 10.4
7.5 10.5
7.5 10.5
7.5 10.5
7.5 10.5
7.5 10.5
7.5 10.5
7.5 10.5
7.5 10.6
7.5 10.6
7.5 10.6
7.5 10.6
7.5 10.6
7.5 10.7
7.5 10.7
7.5 10.7
7.6 10.8
7.5 10.8
7.6 10.8
7.6 10.8
7.6 10.8
7.6 10.8
7.6 10.9
7.6 10.9
7.6 10.9
7.6 10.9
7.6 10.9
7.6 10.9
7.7 10.9
7.7 10.9
7.7 10.9
7.7 10.9
7.7 10.9
7.7 10.8
7.7 10.8
7.7 10.8
7.7 10.8
7.8 10.8
7.8 10.8
7.8 10.8
7.8 10.7
7.8 10.7
7.8 10.7
7.8 10.7
7.8 10.7
7.8 10.6
7.8 10.6
7.8 10.6
7.8 10.6
7.8 10.6
7.8 10.6
7.8 10.5
7.8 10.5
7.8 10.5
7.8 10.5
7.8 10.4
7.8 10.4
7.8 10.4
7.8 10.4
7.8 10.4
7.8 10.4
7.8 10.4
7.7 10.3
7.7 10.3
7.7 10.3
7.7 10.3
7.7 10.3
7.7 10.2
7.7 10.2
7.7 10.2
7.6 10.2
7.6 10.2
7.6 10.2
7.6 10.2
7.6 10.2
7.6 10.2
7.6 10.2
7.6 10.2
7.6 10.2
7.6 10.2
7.6 10.2
7.6 10.2
7.6 10.2
7.5 10.2
7.6 10.3
7.5 10.3
7.5 10.3
7.5 10.3
7.5 10.3
7.5 10.3
7.5 10.3
7.5 10.3
7.5 10.3
7.5 10.4
7.5 10.4
7.5 10.4
7.5 10.4
7.5 10.4
7.5 10.4
7.5 10.5
7.5 10.5
7.5 10.5
7.5 10.5
7.5 10.5
7.5 10.6
7.5 10.6
7.5 10.6
7.5 10.6
7.5 10.7
7.5 10.7
7.5 10.7
7.5 10.7
7.5 10.8
7.5 10.8
7.5 10.8
7.5 10.8
7.5 10.9
7.6 10.9
7.6 10.9
7.6 10.9
7.6 10.9
7.6 10.9
7.6 10.9
7.6 10.9
7.6 10.9
7.6 10.9
7.6 10.9
7.7 10.9
7.7 10.9
7.7 10.9
7.7 10.9
7.7 10.8
7.7 10.8
7.7 10.8
7.7 10.8
7.7 10.8
7.7 10.8
7.7 10.7
7.7 10.7
7.8 10.7
7.8 10.7
7.8 10.6
7.8 10.6
7.8 10.6
7.8 10.6
7.8 10.6
7.8 10.5
7.8 10.5
7.8 10.5
7.8 10.4
7.8 10.4
7.8 10.4
7.8 10.4
7.8 10.4
7.8 10.4
7.8 10.3
7.8 10.3
7.8 10.3
7.7 10.3
7.7 10.2
7.7 10.2
7.7 10.2
7.7 10.2
7.7 10.2
7.7 10.1
7.6 10.1
7.6 10.1
7.6 10.1
7.6 10.1
7.6 10.1
7.6 10.1
7.6 10.1
7.6 10.0
7.6 10.0
7.5 10.0
7.5 10.0
7.5 10.0
7.5 10.1
7.5 10.1
7.5 10.1
7.5 10.1
7.5 10.1
7.5 10.1
7.5 10.1
7.5 10.1
7.5 10.1
7.5 10.1
7.5 10.1
7.5 10.2
7.5 10.2
7.5 10.2
7.5 10.2
7.5 10.2
7.5 10.2
7.4 10.2
7.5 10.3
7.5 10.3
7.4 10.3
7.4 10.3
7.4 10.3
7.4 10.4
7.4 10.4
7.4 10.4
7.5 10.4
7.4 10.4
7.4 10.5
7.5 10.5
7.5 10.5
7.5 10.6
7.5 10.6
7.5 10.6
7.5 10.6
7.5 10.6
7.5 10.7
7.5 10.7
7.5 10.7
7.6 10.7
7.6 10.7
7.6 10.7
7.6 10.7
7.6 10.7
7.6 10.7
7.6 10.7
7.6 10.7
7.7 10.7
7.7 10.7
7.7 10.7
7.7 10.7
7.8 10.6
7.8 10.6
7.8 10.6
7.8 10.6
7.8 10.6
7.8 10.6
7.8 10.5
7.8 10.5
7.8 10.5
7.8 10.5
7.8 10.4
7.8 10.4
7.9 10.4
7.9 10.4
7.9 10.4
7.9 10.3
7.9 10.3
7.9 10.3
7.9 10.3
7.9 10.3
7.8 10.2
7.8 10.2
7.8 10.2
7.8 10.2
7.8 10.2
7.8 10.1
7.8 10.1
7.8 10.1
7.8 10.1
7.8 10.0
7.8 10.0
7.7 10.0
7.7 10.0
7.7 10.0
7.7 10.0
7.7 10.0
7.6 10.0
7.6 9.9
7.6 9.9
7.6 9.9
7.6 9.9
7.6 9.9
7.6 9.9
7.6 9.9
7.6 9.9
7.6 9.9
7.6 10.0
7.6 10.0
7.6 10.0
7.6 10.0
7.6 10.0
7.6 10.0
7.6 10.0
7.6 10.0
7.6 10.0
7.6 10.1
7.6 10.1
7.6 10.1
7.5 10.1
7.5 10.1
7.5 10.1
7.5 10.2
7.5 10.2
7.5 10.2
7.5 10.2
7.5 10.2
7.5 10.2
7.5 10.3
7.5 10.3
7.5 10.3
7.5 10.4
7.5 10.4
7.5 10.5
7.5 10.5
7.5 10.5
7.5 10.6
7.6 10.6
7.6 10.6
7.6 10.6
7.6 10.6
7.6 10.7
7.6 10.7
7.6 10.7
7.6 10.7
7.7 10.8
7.7 10.8
7.7 10.8
7.7 10.8
7.7 10.8
7.7 10.7
7.7 10.7
7.8 10.7
7.8 10.7
7.8 10.7
7.8 10.6
7.8 10.6
7.8 10.6
7.8 10.6
7.8 10.5
7.8 10.5
7.8 10.5
7.8 10.5
7.8 10.4
7.8 10.4
7.8 10.4
7.8 10.4
7.8 10.4
7.8 10.3
7.8 10.3
7.8 10.3
7.8 10.3
7.8 10.3
7.8 10.2
7.8 10.2
7.8 10.2
7.8 10.2
7.8 10.1
7.8 10.1
7.8 10.1
7.7 10.1
7.7 10.0
7.7 10.0
7.7 10.0
7.7 10.0
7.7 10.0
7.6 10.0
7.6 10.0
7.6 10.0
7.6 10.0
7.6 10.0
7.6 10.0
7.6 10.0
7.6 10.0
7.6 10.0
7.6 10.0
7.6 10.0
7.5 10.0
7.5 10.0
7.5 10.0
7.5 10.0
7.5 10.0
7.5 10.1
7.5 10.1
7.5 10.1
7.5 10.1
7.5 10.1
7.5 10.2
7.5 10.2
7.5 10.2
7.5 10.2
7.5 10.2
7.5 10.2
7.5 10.2
7.5 10.3
7.5 10.3
7.5 10.3
7.5 10.3
7.5 10.3
7.5 10.4
7.5 10.4
7.5 10.4
7.5 10.4
7.5 10.5
7.5 10.5
7.5 10.5
7.5 10.5
7.5 10.6
7.5 10.6
7.5 10.6
7.5 10.6
7.6 10.7
7.6 10.7
7.6 10.7
7.6 10.7
7.6 10.7
7.6 10.7
7.6 10.7
7.6 10.7
7.6 10.7
7.6 10.7
7.7 10.4
7.7 10.7
7.7 10.7
7.8 10.7
8.0 10.6
8.0 10.7
8.0 10.7
8.0 10.6
8.0 10.6
8.0 10.6
8.0 10.5
8.0 10.6
8.0 10.5
8.0 10.5
8.0 10.5
8.0 10.5
8.0 10.4
8.0 10.4
8.0 10.4
8.0 10.4
8.0 10.3
8.1 10.3
8.1 10.3
8.1 10.3
8.1 10.2
8.1 10.2
8.0 10.2
8.0 10.2
8.0 10.2
8.0 10.1
8.0 10.1
8.0 10.1
8.0 10.1
8.0 10.0
8.0 10.0
8.0 10.0
8.0 10.0
7.9 10.0
7.9 9.9
7.9 9.9
7.9 9.9
7.9 9.9
7.9 9.9
7.8 9.9
7.8 9.9
7.8 9.9
7.8 9.9
7.8 9.9
7.8 9.9
7.8 9.9
7.8 9.9
7.7 9.9
7.7 9.9
7.7 9.9
7.8 9.9
7.7 9.9
7.7 9.9
7.8 10.0
7.7 10.0
7.7 10.0
7.7 10.0
7.7 10.0
7.7 10.0
7.7 10.0
7.7 10.1
7.7 10.1
7.7 10.1
7.7 10.1
7.7 10.2
7.7 10.2
7.7 10.2
7.7 10.2
7.7 10.2
7.7 10.2
7.7 10.3
7.7 10.3
7.7 10.3
7.7 10.4
7.7 10.4
7.7 10.4
7.7 10.4
7.8 10.4
7.8 10.5
7.8 10.5
7.8 10.6
7.8 10.6
7.8 10.6
7.8 10.6
7.8 10.7
7.8 10.6
7.8 10.7
7.9 10.7
7.9 10.7
7.9 10.7
7.9 10.7
7.9 10.7
7.9 10.7
8.0 10.7
8.0 10.7
8.0 10.7
8.0 10.7
8.0 10.6
8.0 10.6
8.2 10.6
8.2 10.6
8.2 10.6
8.3 10.5
8.3 10.6
8.3 10.5
8.3 10.5
8.4 10.5
8.4 10.5
8.4 10.4
8.3 10.4
8.4 10.4
8.4 10.4
8.4 10.3
8.4 10.3
8.4 10.3
8.4 10.3
8.4 10.2
8.4 10.2
8.4 10.2
8.4 10.2
8.4 10.2
8.4 10.1
8.4 10.1
8.5 10.1
8.4 10.1
8.3 10.0
8.3 10.0
8.3 10.0
8.3 10.0
8.3 10.0
8.3 9.9
8.3 9.9
8.3 9.9
8.2 9.9
8.2 9.9
8.2 9.9
8.3 9.9
8.2 9.9
8.3 9.9
8.3 9.9