82.0 0.00
77.1 0.00
76.8 0.00
79.2 0.00
81.4 0.00
90.2 0.00
89.3 0.00
86.1 0.01
84.3 0.06
80.0 0.07
70.1 0.28
61.5 0.25
60.2 0.33
56.0 0.47
53.8 0.34
53.1 0.32
48.9 0.52
44.7 0.46
44.1 0.30
77.1 0.05
90.9 0.01
96.2 0.00
94.9 0.00
94.8 0.00
94.4 0.00
94.7 0.00
96.1 0.00
96.8 0.00
97.3 0.00
97.7 0.00
97.6 0.00
96.8 0.01
94.5 0.06
88.5 0.12
82.1 0.17
78.7 0.18
75.1 0.23
71.0 0.34
63.7 0.46
56.9 0.48
60.7 0.15
75.4 0.09
88.6 0.07
77.4 0.09
72.1 0.04
75.3 0.00
83.7 0.00
90.3 0.01
97.3 0.00
97.4 0.00
97.1 0.00
96.9 0.00
96.8 0.00
96.6 0.00
96.4 0.00
95.7 0.00
93.6 0.05
90.6 0.06
90.1 0.05
94.3 0.06
94.5 0.09
94.2 0.11
93.5 0.08
95.2 0.06
95.5 0.11
92.4 0.11
92.1 0.08
91.5 0.03
93.5 0.02
95.1 0.00
96.6 0.00
97.0 0.00
97.3 0.00
97.9 0.00
98.0 0.00
98.7 0.00
98.6 0.00
96.0 0.00
94.3 0.00
94.8 0.00
94.5 0.03
91.8 0.09
79.7 0.24
71.5 0.35
66.0 0.35
64.4 0.20
59.9 0.22
62.9 0.12
61.3 0.14
60.7 0.17
59.1 0.26
65.2 0.08
88.6 0.02
94.3 0.00
95.8 0.00
97.1 0.00
98.2 0.00
98.0 0.00
98.2 0.00
99.4 0.00
99.2 0.00
99.2 0.00
98.5 0.00
99.2 0.01
99.2 0.06
95.3 0.11
80.4 0.20
65.4 0.40
57.8 0.48
50.8 0.43
42.4 0.40
41.7 0.27
40.6 0.25
44.7 0.10
82.2 0.09
84.0 0.06
85.0 0.03
88.2 0.01
94.6 0.00
93.7 0.00
93.3 0.00
93.7 0.00
95.4 0.00
95.7 0.00
94.2 0.00
94.0 0.00
92.9 0.00
93.8 0.01
90.8 0.04
86.4 0.06
81.1 0.15
73.3 0.28
66.8 0.23
66.2 0.19
77.6 0.10
90.7 0.08
93.0 0.06
94.9 0.04
95.6 0.03
96.6 0.01
97.0 0.01
96.0 0.01
97.0 0.00
96.5 0.00
97.0 0.00
97.6 0.00
97.6 0.00
98.1 0.00
98.9 0.00
99.3 0.00
99.2 0.00
99.2 0.01
98.8 0.07
90.3 0.16
77.4 0.27
70.5 0.29
67.4 0.25
64.0 0.30
59.8 0.41
55.9 0.36
54.3 0.31
52.1 0.27
50.5 0.23
48.6 0.09
56.5 0.05
70.0 0.00
81.6 0.00
89.6 0.00
94.9 0.00
96.9 0.00
98.0 0.00
98.6 0.00
98.8 0.00
99.2 0.00
99.3 0.00
99.8 0.02
98.1 0.08
84.0 0.16
73.1 0.29
64.4 0.41
60.4 0.50
56.3 0.47
50.8 0.61
51.1 0.55
47.1 0.44
49.0 0.28
53.2 0.18
59.2 0.09
60.9 0.06
64.1 0.06
69.4 0.04
73.8 0.03
74.7 0.03
76.3 0.02
75.3 0.02
77.8 0.01
82.5 0.01
85.7 0.01
89.9 0.00
91.5 0.02
85.4 0.07
76.5 0.14
68.6 0.20
62.7 0.30
55.5 0.40
49.3 0.47
45.5 0.51
41.7 0.53
39.6 0.51
36.6 0.43
36.1 0.31
37.1 0.20
38.6 0.10
43.6 0.03
50.4 0.00
55.0 0.00
68.3 0.00
78.7 0.00
83.5 0.00
91.6 0.00
94.4 0.00
95.6 0.00
97.0 0.00
97.7 0.01
99.4 0.04
95.0 0.14
64.5 0.27
41.8 0.40
34.8 0.49
30.8 0.56
29.3 0.58
26.8 0.59
25.1 0.52
25.2 0.38
26.7 0.17
29.3 0.09
32.7 0.05
43.6 0.01
53.0 0.00
65.3 0.00
74.6 0.00
83.2 0.00
90.8 0.00
93.0 0.00
96.4 0.00
97.5 0.00
98.0 0.00
98.4 0.02
94.7 0.07
75.2 0.16
57.3 0.30
49.5 0.43
42.2 0.54
35.3 0.58
34.8 0.57
33.3 0.63
31.8 0.56
31.4 0.43
33.0 0.36
37.4 0.25
42.5 0.08
51.9 0.01
60.4 0.00
70.5 0.00
81.9 0.00
90.4 0.00
94.6 0.00
95.7 0.00
95.0 0.00
94.3 0.00
88.7 0.00
85.2 0.01
83.3 0.08
70.1 0.15
54.5 0.29
48.9 0.22
43.0 0.19
44.8 0.21
47.6 0.25
51.6 0.22
70.3 0.16
77.0 0.09
79.6 0.07
87.6 0.05
92.2 0.03
90.2 0.02
90.0 0.01
88.1 0.03
88.3 0.03
87.8 0.03
87.6 0.03
89.6 0.02
92.2 0.02
93.6 0.02
93.6 0.02
93.0 0.02
93.0 0.06
89.1 0.14
86.5 0.16
81.7 0.18
79.8 0.20
80.6 0.19
78.0 0.27
72.2 0.54
67.6 0.52
66.6 0.34
66.4 0.23
67.9 0.16
66.6 0.11
70.5 0.02
79.6 0.00
80.4 0.01
82.0 0.02
84.5 0.02
86.2 0.00
88.3 0.00
91.4 0.00
93.2 0.00
94.6 0.00
96.7 0.01
96.3 0.05
92.2 0.10
88.6 0.14
82.1 0.30
75.6 0.24
73.7 0.20
74.3 0.22
68.0 0.45
63.4 0.30
83.9 0.24
66.2 0.32
73.0 0.07
66.8 0.04
74.2 0.01
87.5 0.00
94.2 0.00
95.4 0.00
92.7 0.00
95.1 0.00
92.9 0.00
92.4 0.00
94.6 0.00
95.4 0.00
94.7 0.03
90.7 0.08
84.9 0.19
78.4 0.30
70.8 0.44
58.2 0.54
57.4 0.58
52.4 0.57
49.4 0.49
49.3 0.45
50.0 0.37
50.5 0.22
53.0 0.16
56.0 0.08
64.0 0.01
72.0 0.00
73.0 0.00
74.1 0.00
76.6 0.00
75.6 0.00
77.0 0.00
78.6 0.01
80.6 0.00
82.0 0.00
83.9 0.03
80.9 0.10
74.3 0.21
69.2 0.28
65.5 0.38
60.1 0.41
60.4 0.25
66.1 0.16
74.3 0.22
73.6 0.24
62.2 0.38
57.2 0.35
59.8 0.12
65.4 0.08
70.9 0.02
76.0 0.02
78.9 0.01
83.6 0.01
85.1 0.02
87.2 0.01
86.2 0.01
85.7 0.02
80.1 0.02
82.4 0.02
84.7 0.03
81.6 0.10
77.8 0.18
73.0 0.24
66.5 0.39
57.3 0.40
55.2 0.26
52.0 0.26
52.7 0.27
49.1 0.42
41.8 0.41
45.5 0.24
46.9 0.18
49.4 0.13
53.3 0.06
56.5 0.01
61.9 0.00
65.5 0.00
65.0 0.00
67.0 0.00
73.1 0.00
78.6 0.00
85.6 0.00
86.4 0.00
79.1 0.01
75.7 0.06
70.5 0.18
59.6 0.32
56.0 0.27
56.5 0.22
53.8 0.29
50.2 0.54
49.0 0.48
48.0 0.39
46.5 0.38
48.2 0.16
48.8 0.16
51.3 0.08
53.6 0.01
59.1 0.00
71.7 0.00
81.1 0.00
87.4 0.00
91.1 0.00
95.1 0.00
96.4 0.00
97.2 0.00
97.5 0.00
97.8 0.02
93.3 0.08
78.4 0.16
71.4 0.24
69.7 0.33
71.6 0.32
66.3 0.41
58.9 0.45
53.3 0.46
48.7 0.52
44.6 0.44
43.0 0.31
44.6 0.21
49.1 0.12
54.2 0.03
65.3 0.00
76.3 0.00
77.0 0.00
79.5 0.00
79.4 0.00
78.8 0.01
80.0 0.01
81.3 0.01
82.2 0.02
79.8 0.04
78.5 0.10
74.0 0.13
72.4 0.12
69.4 0.14
66.2 0.19
63.6 0.31
63.0 0.24
63.5 0.21
62.4 0.18
62.3 0.13
65.3 0.09
77.9 0.03
80.6 0.06
76.9 0.06
76.4 0.04
74.7 0.05
73.8 0.04
74.4 0.03
78.0 0.03
84.7 0.00
94.6 0.00
96.8 0.00
98.5 0.00
99.0 0.01
99.1 0.05
96.3 0.10
86.1 0.20
82.3 0.18
77.4 0.26
72.1 0.20
77.5 0.12
91.8 0.14
88.0 0.21
61.2 0.32
55.7 0.20
71.2 0.08
91.7 0.04
89.2 0.01
93.9 0.00
93.8 0.00
94.8 0.00
95.9 0.00
96.1 0.00
95.5 0.00
93.3 0.01
91.9 0.01
93.0 0.01
95.3 0.01
94.6 0.02
93.9 0.05
90.4 0.06
92.2 0.06
92.5 0.08
89.8 0.08
85.3 0.12
83.6 0.11
80.7 0.11
83.4 0.13
86.4 0.07
93.3 0.04
91.7 0.02
93.9 0.00
94.3 0.00
93.0 0.00
87.8 0.01
86.9 0.01
89.1 0.00
90.9 0.00
88.3 0.01
90.2 0.00
92.2 0.00
88.4 0.01
84.9 0.06
77.0 0.16
66.5 0.26
55.3 0.32
52.5 0.26
49.7 0.31
47.2 0.32
47.5 0.26
50.0 0.14
53.1 0.12
64.6 0.08
83.7 0.05
76.3 0.06
83.4 0.01
92.4 0.00
96.0 0.00
97.5 0.00
98.0 0.00
98.3 0.00
98.7 0.00
98.9 0.00
99.0 0.00
99.3 0.00
99.5 0.01
99.8 0.06
89.6 0.16
66.6 0.28
57.3 0.33
54.6 0.44
52.4 0.46
49.2 0.40
45.6 0.52
40.9 0.48
39.1 0.41
37.0 0.35
38.9 0.18
40.1 0.09
52.3 0.01
61.4 0.00
69.3 0.00
82.0 0.00
90.2 0.00
95.1 0.00
96.8 0.00
97.5 0.00
98.1 0.00
99.0 0.00
99.2 0.02
97.0 0.09
84.0 0.18
71.0 0.30
55.4 0.40
48.5 0.40
44.8 0.49
44.7 0.31
44.8 0.21
46.1 0.17
48.6 0.09
51.5 0.09
56.6 0.06
59.7 0.03
69.6 0.01
75.1 0.00
82.8 0.00
79.4 0.00
71.3 0.00
80.5 0.00
87.0 0.00
89.5 0.00
91.7 0.00
94.1 0.00
94.0 0.03
86.1 0.09
66.0 0.18
56.7 0.31
49.8 0.42
46.8 0.50
44.7 0.57
42.6 0.59
41.1 0.59
39.5 0.55
37.0 0.46
35.7 0.37
37.2 0.23
40.9 0.15
49.2 0.05
64.6 0.00
74.9 0.00
83.1 0.00
87.9 0.00
84.0 0.00
62.1 0.01
64.0 0.02
70.6 0.00
70.2 0.02
70.4 0.02
65.2 0.10
63.1 0.13
61.7 0.15
63.7 0.16
62.9 0.14
60.4 0.11
81.9 0.08
88.6 0.11
91.6 0.06
93.2 0.07
93.6 0.04
94.3 0.04
95.3 0.02
95.2 0.01
95.1 0.01
94.8 0.01
94.3 0.01
95.9 0.01
96.6 0.01
95.8 0.01
96.8 0.00
97.8 0.00
98.7 0.00
98.7 0.00
98.9 0.02
99.1 0.04
98.0 0.07
96.9 0.09
94.4 0.07
92.5 0.12
91.0 0.10
90.8 0.09
92.0 0.07
93.2 0.05
96.1 0.05
96.8 0.03
97.3 0.02
97.5 0.00
98.0 0.00
98.5 0.00
98.6 0.00
98.7 0.00
98.8 0.00
98.9 0.00
99.0 0.00
99.4 0.00
99.8 0.00
99.8 0.01
99.8 0.04
98.8 0.11
93.2 0.10
87.9 0.19
82.2 0.44
69.2 0.44
65.8 0.25
81.3 0.19
72.5 0.38
62.5 0.35
58.5 0.20
60.6 0.09
63.7 0.08
72.9 0.02
87.2 0.00
93.8 0.00
95.8 0.00
97.1 0.00
97.5 0.00
97.7 0.00
97.6 0.00
97.4 0.00
96.9 0.00
96.5 0.02
94.0 0.09
79.9 0.11
76.2 0.10
83.8 0.07
94.1 0.05
94.9 0.14
91.2 0.09
93.8 0.04
95.9 0.08
95.3 0.06
96.5 0.04
96.7 0.06
95.9 0.05
96.7 0.01
97.5 0.00
97.4 0.00
97.5 0.00
97.8 0.00
97.5 0.00
97.7 0.00
98.0 0.00
98.0 0.00
98.1 0.00
96.7 0.02
94.7 0.07
89.7 0.10
83.6 0.14
77.6 0.13
70.7 0.36
63.1 0.38
57.2 0.43
49.8 0.44
46.8 0.35
46.0 0.34
46.8 0.29
49.6 0.19
52.7 0.11
59.2 0.02
73.6 0.00
87.1 0.00