0.00 7650
0.00 7620
0.00 7620
0.00 7620
0.00 7590
0.00 7570
0.00 7570
0.00 7540
0.00 7570
0.00 7520
0.00 7540
0.00 7490
0.00 7520
0.00 7490
0.00 7490
0.00 7440
0.00 7440
0.00 7440
0.00 7460
0.00 7410
0.00 7440
0.00 7460
0.00 7410
0.00 7440
0.00 7410
0.00 7410
0.00 7390
0.00 7410
0.00 7340
0.00 7360
0.00 7340
0.00 7290
0.00 7290
0.00 7060
0.00 7010
0.00 7290
0.00 7340
0.00 7310
0.00 7290
0.00 7260
0.00 7240
0.00 7240
0.00 7290
0.00 7290
0.00 7290
0.00 7260
0.00 7240
0.00 7160
0.00 7210
0.00 7180
0.00 7160
0.00 7130
0.00 7130
0.00 7130
0.00 7160
0.00 7130
0.00 7080
0.00 7030
0.00 7060
0.00 7080
0.00 7060
0.00 7010
0.00 7030
0.00 7030
0.00 7010
0.00 7010
0.00 7010
0.00 6960
0.00 6980
0.00 6980
0.00 6980
0.00 6960
0.00 6930
0.00 6930
0.00 6930
0.00 6960
0.00 6910
0.00 6960
0.00 6910
0.00 6910
0.00 6930
0.00 6880
0.00 6880
0.00 6860
0.00 6810
0.00 6810
0.00 6810
0.00 6810
0.00 6760
0.00 6790
0.00 6810
0.00 6760
0.00 6760
0.00 6740
0.00 6740
0.00 6740
0.00 6690
0.00 6760
0.00 6710
0.00 6710
0.00 6710
0.00 6740
0.00 6690
0.00 6690
0.00 6690
0.01 6660
0.00 6640
0.02 6690
0.02 6660
0.01 6660
0.01 6660
0.02 6660
0.00 6640
0.03 6640
0.00 6610
0.00 6640
0.00 6590
0.02 6610
0.00 6610
0.01 6590
0.00 6590
0.02 6590
0.00 6590
0.00 6560
0.00 6560
0.00 6590
0.00 6590
0.00 6560
0.00 6560
0.00 6560
0.00 6590
0.00 6590
0.00 6610
0.00 6610
0.00 6590
0.00 6590
0.01 6590
0.11 6660
0.00 6640
0.00 6610
0.00 6640
0.01 6610
0.00 6660
0.00 6640
0.00 6660
0.00 6660
0.00 6640
0.00 6660
0.00 6640
0.00 6660
0.00 6660
0.00 6660
0.00 6660
0.00 6690
0.00 6640
0.00 6660
0.00 6660
0.00 6690
0.00 6710
0.00 6690
0.00 6710
0.00 6710
0.00 6710
0.00 6690
0.00 6790
0.00 6760
0.00 6760
0.00 6760
0.00 6760
0.00 6790
0.00 6790
0.00 6790
0.00 6810
0.00 6840
0.00 6880
0.00 6860
0.00 6860
0.00 6860
0.00 6880
0.00 6880
0.00 6910
0.00 6910
0.00 6930
0.00 6960
0.00 6930
0.00 6980
0.00 6980
0.00 7010
0.00 7030
0.00 7030
0.00 7060
0.00 7080
0.00 7080
0.00 7080
0.00 7110
0.00 7110
0.00 7130
0.00 7160
0.00 7180
0.00 7240
0.00 7210
0.00 7290
0.00 7290
0.00 7310
0.00 7340
0.00 7360
0.00 7390
0.00 7460
0.00 7520
0.00 7520
0.00 7520
0.00 7540
0.00 7570
0.00 7650
0.00 7650
0.00 7700
0.00 7750
0.00 7800
0.00 7830
0.00 7850
0.00 7850
0.00 7880
0.00 7880
0.00 7930
0.00 7930
0.00 7980
0.00 7980
0.00 8030
0.00 8100
0.00 8100
0.00 8080
0.00 8150
0.00 8180
0.00 8180
0.00 8150
0.00 8200
0.00 8250
0.00 8250
0.00 8270
0.00 8250
0.00 8270
0.00 8300
0.00 8270
0.02 8320
0.07 8350
0.08 8320
0.08 8400
0.10 8400
0.05 8450
0.01 8450
0.00 8450
0.00 8470
0.00 8470
0.00 8470
0.00 8450
0.01 8520
0.02 8550
0.01 8520
0.01 8520
0.00 8550
0.01 8570
0.00 8600
0.00 8570
0.00 8620
0.00 8600
0.00 8620
0.00 8650
0.00 8620
0.00 8620
0.01 8670
0.00 8700
0.00 8670
0.00 8720
0.00 8720
0.00 8750
0.00 8750
0.00 8770
0.00 8770
0.00 8750
0.00 8820
0.00 8800
0.00 8850
0.00 8870
0.00 8850
0.00 8900
0.00 8900
0.00 8920
0.00 8950
0.00 8970
0.00 8970
0.00 8970
0.00 9030
0.00 9050
0.00 9050
0.00 9130
0.00 9080
0.00 9100
0.00 9200
0.00 9150
0.02 9180
0.01 9180
0.01 9200
0.00 9230
0.00 9260
0.00 9280
0.01 9310
0.00 9280
0.01 9330
0.00 9330
0.01 9360
0.00 9360
0.02 9380
0.02 9440
0.01 9380
0.02 9410
0.02 9440
0.02 9440
0.02 9490
0.01 9540
0.02 9490
0.03 9510
0.06 9570
0.03 9590
0.02 9620
0.01 9620
0.01 9590
0.03 9620
0.02 9700
0.00 9700
0.01 9670
0.00 9720
0.01 9720
0.00 9720
0.00 9720
0.02 9750
0.01 9770
0.01 9800
0.01 9850
0.01 9850
0.01 9850
0.02 9850
0.00 9930
0.00 9910
0.01 9910
0.00 9930
0.01 9990
0.01 10000
0.00 10000
0.00 10100
0.00 10100
0.00 10100
0.01 10200
0.00 10200
0.01 10200
0.02 10300
0.00 10200
0.01 10300
0.00 10300
0.00 10400
0.00 10400
0.00 10400
0.00 10500
0.00 10500
0.00 10600
0.00 10700
0.00 10600
0.00 10700
0.00 10700
0.00 10800
0.00 10800
0.00 10700
0.00 10800
0.00 10900
0.00 10800
0.00 11000
0.00 11100
0.00 11100
0.00 11100
0.00 11100
0.00 11200
0.00 11200
0.00 11200
0.00 11200
0.00 11200
0.00 11400
0.00 11400
0.00 11400
0.00 11500
0.00 11500
0.00 11500
0.00 11600
0.00 11500
0.00 11600
0.00 11600
0.00 11600
0.00 11600
0.00 11700
0.00 11700
0.00 11700
0.00 11700
0.00 11800
0.00 11700
0.00 11800
0.00 11800
0.00 11800
0.00 11900
0.00 11900
0.00 11900
0.00 12000
0.00 12200
0.00 12200
0.00 12300
0.00 12200
0.00 12200
0.00 12100
0.00 12100
0.00 12100
0.00 12100
0.00 12200
0.00 12100
0.00 12100
0.00 12100
0.00 12100
0.00 12000
0.00 12000
0.00 12000
0.00 12000
0.00 11900
0.00 11900
0.00 11900
0.00 11900
0.00 11900
0.00 11900
0.00 11800
0.00 11800
0.00 11800
0.00 11800
0.00 11900
0.00 11800
0.00 11800
0.00 11800
0.00 11800
0.00 11800
0.00 11700
0.00 11700
0.00 11700
0.00 11600
0.00 11700
0.00 11700
0.00 11600
0.00 11600
0.00 11600
0.00 11700
0.00 11600
0.00 11500
0.00 11500
0.00 11500
0.00 11500
0.00 11500
0.00 11400
0.00 11400
0.00 11400
0.00 11400
0.00 11300
0.00 11300
0.00 11300
0.00 11300
0.00 11300
0.00 11200
0.00 11200
0.00 11100
0.00 11100
0.00 11100
0.00 11100
0.00 11100
0.00 11000
0.00 11000
0.00 10900
0.00 10900
0.00 10900
0.00 10900
0.00 10800
0.00 10800
0.00 10700
0.00 10800
0.00 10800
0.00 10700
0.00 10700
0.00 10600
0.00 10700
0.00 10700
0.00 10700
0.00 10600
0.00 10600
0.00 10500
0.00 10500
0.00 10500
0.00 10500
0.00 10500
0.00 10500
0.00 10500
0.00 10400
0.00 10400
0.00 10300
0.00 10300
0.00 10300
0.00 10300
0.00 10300
0.00 10400
0.00 10200
0.00 10200
0.01 10200
0.01 10200
0.00 10200
0.01 10100
0.03 10200
0.01 10100
0.01 10100
0.01 10100
0.00 10100
0.00 10100
0.01 10100
0.01 10000
0.02 10000
0.02 10000
0.00 10000
0.00 10000
0.00 9990
0.01 9960
0.00 9960
0.01 9960
0.00 9960
0.00 9960
0.00 9930
0.00 9880
0.00 9880
0.00 9850
0.00 9880
0.00 9850
0.00 9850
0.00 9800
0.01 9830
0.00 9830
0.00 9850
0.00 9770
0.00 9800
0.00 9830
0.00 9800
0.00 9750
0.01 9770
0.01 9770
0.01 9800
0.04 9830
0.07 9830
0.06 9750
0.12 9850
0.10 9880
0.08 9930
0.06 9930
0.05 9930
0.01 9990
0.00 10000
0.00 10000
0.00 10000
0.00 10000
0.00 10100
0.00 10100
0.00 10100
0.00 10100
0.00 10100
0.00 10100
0.00 10200
0.00 10300
0.00 10200
0.00 10300
0.00 10300
0.00 10300
0.00 10300
0.02 10300
0.02 10300
0.00 10400
0.00 10500
0.02 10400
0.04 10500
0.00 10500
0.00 10500
0.01 10600
0.00 10600
0.01 10700
0.01 10700
0.00 10800
0.00 10800
0.00 10900
0.00 10900
0.00 10900
0.00 11000
0.00 11000
0.00 11100
0.00 11000
0.00 11000
0.00 11000
0.00 11000
0.00 11200
0.00 11200
0.00 11300
0.00 11300
0.00 11300
0.00 11300
0.00 11300
0.00 11400
0.00 11400
0.00 11400
0.00 11400
0.00 11400
0.00 11500
0.00 11500
0.00 11500
0.00 11600
0.00 11600
0.00 11600
0.00 11700
0.00 11600
0.00 11700
0.00 11800
0.00 11600
0.00 11700
0.00 11700
0.00 11800
0.00 11700
0.00 11800
0.00 11800
0.00 11700
0.00 11800
0.00 11800
0.00 11700
0.00 11800
0.00 11800
0.00 11800
0.00 11800
0.00 11800
0.00 11800
0.00 11700
0.00 11800
0.00 11700
0.00 11700
0.00 11700
0.00 11700
0.00 11700
0.00 11700
0.00 11700
0.00 11700
0.00 11600
0.00 11600
0.00 11500
0.00 11600
0.00 11500
0.00 11600
0.00 11500
0.00 11500
0.00 11400
0.00 11500
0.00 11500
0.00 11400
0.00 11400
0.00 11400
0.00 11400
0.00 11400
0.00 11400
0.00 11300
0.00 11400
0.00 11300
0.00 11200
0.00 11200
0.00 11300
0.00 11300
0.00 11200
0.00 11100
0.00 11200
0.00 11200
0.00 11200
0.00 11100
0.00 11200
0.00 11200
0.00 11100
0.00 11100
0.00 11100
0.00 11100
0.00 11000
0.00 11000
0.00 10900
0.00 10900
0.00 10900
0.00 11000
0.00 10900
0.00 10800
0.00 10800
0.00 10900
0.00 10700
0.00 10800
0.00 10800
0.00 10700
0.00 10900
0.00 10600
0.00 10600
0.00 10600
0.00 10600
0.00 10600
0.00 10600
0.00 10600
0.00 10600
0.00 10500
0.00 10500
0.00 10600
0.00 10500
0.00 10500
0.00 10500
0.00 10400
0.00 10400
0.00 10400
0.00 10300
0.00 10300
0.00 10400
0.00 10300
0.00 10300
0.00 10300
0.00 10300
0.00 10200
0.00 10200
0.00 10200
0.00 10200
0.00 10200
0.00 10200
0.00 10100
0.00 10100
0.00 10100
0.00 10100
0.00 10100
0.00 10100
0.00 10000
0.00 10000
0.00 10100
0.00 10100
0.00 10000
0.00 9990
0.00 9960
0.00 9960
0.00 10000
0.00 9960
0.00 9960
0.00 9930
0.00 9880
0.00 9880
0.00 9850
0.00 9830
0.00 9910
0.00 9830
0.00 9800
0.00 9800
0.00 9750
0.00 9750
0.00 9700
0.00 9770
0.01 9700
0.01 9770
0.03 9750
0.02 9750
0.00 9720
0.01 9700
0.01 9700
0.00 9700
0.01 9720
0.00 9640
0.01 9700
0.01 9640
0.01 9640
0.00 9640
0.00 9640
0.01 9620
0.00 9620
0.00 9620
0.00 9620
0.00 9640
0.00 9590
0.00 9620
0.01 9590
0.00 9590
0.00 9640
0.00 9620
0.00 9620
0.00 9670
0.00 9640
0.00 9670
0.00 9700
0.00 9700
0.00 9720
0.00 9720
0.00 9750
0.00 9830
0.00 9800
0.00 9830
0.00 9830
0.00 9850
0.02 9540
0.01 10300
0.02 10100
0.01 10000
0.01 10000
0.01 10000
0.00 10100
0.00 10100
0.00 10100
0.00 10200
0.00 10200
0.00 10200
0.01 10200
0.00 10300
0.00 10300
0.00 10400
0.00 10400
0.00 10400
0.00 10500
0.00 10500
0.00 10500
0.00 10600
0.00 10600
0.00 10600
0.00 10700
0.00 10800
0.00 10800
0.00 10900
0.00 10800
0.00 10900
0.00 10900
0.00 11000
0.00 11000
0.00 11000
0.02 11100
0.02 11200
0.02 11100
0.01 11200
0.01 11300
0.01 11400
0.00 11500
0.00 11400
0.00 11500
0.00 11500
0.00 11500
0.00 11500
0.01 11600
0.00 11600
0.01 11700
0.01 11600
0.00 11600
0.02 11800
0.01 11800
0.01 11900
0.01 11800
0.02 11800
0.00 11800
0.01 11800
0.00 11900
0.00 11900
0.00 11800
0.00 11900
0.00 11900
0.00 11900
0.00 12000
0.01 12000
0.02 12100
0.01 12100
0.00 12100
0.01 12100
0.01 12100
0.00 12200
0.00 12100
0.01 12200
0.02 12200
0.01 12200
0.04 12200
0.02 12300
0.02 12400
0.01 12400
0.00 12500
0.01 12500
0.02 12500
0.03 12600
0.03 12600
0.00 12700
0.01 12600
0.00 12700
0.01 12700
0.05 12800
0.04 12800
0.06 12900
0.02 13000
0.02 13100
0.01 13200
0.02 13100
0.01 13300
0.01 13400
0.02 13500
0.01 13400
0.04 13600
0.01 13600
0.01 13800
0.01 13900
0.01 13900
0.02 14000
0.00 14100
0.01 14100
0.00 14400
0.01 14300
0.01 14400
0.01 14600
0.00 14700
0.01 14800
0.01 14900
0.01 15000
0.01 15100
0.00 15200
0.00 15200
0.00 15400
0.00 15400
0.00 15500
0.00 15700
0.00 15800
0.00 15900
0.00 15900
0.00 16100
0.00 16200
0.00 16300
0.00 16400
0.00 16500
0.00 16500
0.00 16700
0.00 16700
0.00 16700
0.00 16800
0.00 16900
0.00 16900
0.00 16900
0.00 17000
0.00 17100
0.00 17200
0.00 17200
0.00 17200
0.00 17200
0.00 17400
0.00 17400
0.00 17500
0.00 17300
0.00 17500
0.00 17400
0.00 17600
0.00 17500
0.00 17700
0.00 17600
0.00 17500
0.00 17600
0.00 17400
0.00 17500
0.00 17500
0.00 17400
0.00 17400
0.00 17400
0.00 17400
0.00 17400
0.00 17300
0.00 17200
0.00 17400
0.00 17200
0.00 17200
0.00 17200
0.00 17100
0.00 17100
0.00 17100
0.00 17100
0.00 17000
0.00 16900
0.00 16700
0.00 16700
0.00 16600
0.00 16600
0.00 16500
0.00 16700
0.00 16500
0.00 16600
0.00 16500
0.00 16300
0.00 16300
0.00 16300
0.00 16200
0.00 16200
0.00 16000
0.00 16300
0.00 16000
0.00 16100
0.00 16000
0.00 15800
0.00 15900
0.00 15800
0.00 15800
0.00 15800
0.00 15600
0.00 15600
0.00 15500
0.00 15500
0.00 15500
0.00 15300
0.00 15300
0.00 15300
0.00 15200
0.00 15200
0.00 15200
0.00 15100
0.00 15000
0.00 15100
0.00 14900
0.00 14900
0.00 14800
0.00 14700
0.00 14700
0.00 14600
0.00 14600
0.00 14500
0.00 14400
0.00 14400
0.00 14500
0.00 14300
0.00 14300
0.00 14300
0.00 14200
0.00 14100
0.00 14100
0.00 14000
0.00 13800
0.00 13800
0.00 13800
0.00 13700
0.00 13700
0.00 13500
0.00 13600
0.00 13600
0.00 13400
0.00 13300
0.00 13400
0.00 13300
0.00 13200
0.00 13100
0.00 13100
0.00 13000
0.00 13000
0.00 12900
0.00 13000
0.00 12800
0.00 12800
0.00 12600
0.00 12600
0.00 12600
0.00 12600
0.00 12600
0.00 12500
0.00 12400
0.00 12400
0.00 12200
0.00 12300
0.00 12300
0.00 12200
0.00 12100
0.00 12100
0.00 12000
0.00 12000
0.00 12000
0.00 12000
0.00 11900
0.00 11800
0.00 11800
0.00 11800
0.00 11700
0.00 11600
0.00 10600
0.00 10500
0.00 10500
0.00 10700
0.00 10800
0.00 10800
0.00 11000
0.00 11000
0.00 11000
0.00 11000
0.00 11000
0.00 11000
0.00 11000
0.00 11000
0.00 11000
0.00 11000
0.00 11000
0.00 11000
0.00 11000
0.00 11000
0.00 11000
0.00 10900
0.00 10900
0.00 10800
0.00 10900
0.00 10800
0.00 10800
0.00 10800
0.00 10700
0.00 10700
0.00 10700
0.00 10700
0.00 10700
0.00 10700
0.00 10600
0.00 10500
0.00 10500
0.00 10500
0.00 10600
0.00 10600
0.00 10500
0.00 10500
0.00 10500
0.00 10400
0.00 10400
0.00 10400
0.00 10400
0.00 10300
0.00 10300
0.00 10200
0.00 10300
0.00 10200
0.00 10200
0.00 10200
0.00 10200
0.00 10100
0.00 10100
0.00 10100
0.00 10100
0.00 10100
0.00 10100
0.00 10100
0.00 10000
0.00 10000
0.00 10000
0.00 9990
0.00 9930
0.00 9930
0.00 9910
0.00 9910
0.00 9880
0.00 9850
0.00 9850
0.00 9830
0.00 9770
0.00 9770
0.00 9770
0.00 9750
0.00 9750
0.00 9700
0.00 9720
0.00 9670
0.00 9670
0.00 9700
0.00 9670
0.00 9640
0.00 9590
0.00 9570
0.00 9590
0.00 9590
0.00 9510
0.00 9510
0.00 9510
0.00 9510
0.00 9510
0.00 9510
0.00 9440
0.00 9460
0.00 9410
0.00 9380
0.00 9410
0.00 9380
0.00 9360
0.00 9360
0.00 9310
0.00 9310
0.00 9310
0.00 9310
0.00 9260
0.00 9280
0.00 9310
0.00 9280
0.00 9230
0.00 9230
0.00 9280
0.00 9280
0.00 9230
0.00 9200
0.00 9200
0.00 9230
0.00 9180
0.00 9230
0.00 9200
0.00 9180
0.00 9130
0.00 9180
0.00 9100
0.00 9150
0.00 9130
0.00 9130
0.00 9130
0.00 9150
0.00 9080
0.00 9080
0.00 9130
0.00 9100
0.00 9030
0.00 9030
0.00 9100
0.00 9030
0.00 9000
0.00 9000
0.00 9000
0.00 8970
0.00 8920
0.00 8950
0.00 8920
0.00 8950
0.00 8900
0.00 8900
0.00 8920
0.00 8870
0.00 8870
0.00 8870
0.00 8870
0.00 8800
0.00 8800
0.00 8720
0.00 8800
0.00 8800
0.00 8800
0.00 8750
0.00 8750
0.00 8720
0.00 8720
0.00 8700
0.00 8700
0.00 8670
0.00 8720
0.00 8700
0.00 8620
0.00 8650
0.00 8650
0.00 8600
0.00 8600
0.00 8570
0.00 8550
0.00 8550
0.00 8550
0.00 8550
0.00 8520
0.00 8550
0.00 8500
0.00 8470
0.00 8450
0.00 8450
0.00 8420
0.00 8420
0.00 8420
0.00 8400
0.00 8370
0.00 8400
0.00 8370
0.00 8350
0.00 8250
0.00 8300
0.00 8250
0.00 8200
0.00 8180
0.00 8200
0.00 8130
0.00 8100
0.00 8080
0.00 8130
0.00 8080
0.00 8030
0.00 8030
0.00 8010
0.00 8010
0.00 7930
0.00 7930
0.00 7910
0.00 7850
0.00 7800
0.00 7800
0.00 7780
0.00 7750
0.00 7750
0.00 7720
0.00 7720
0.00 7720
0.00 7650
0.00 7650
0.00 7590
0.00 7650
0.00 7570
0.00 7570
0.00 7540
0.00 7520
0.00 7490
0.00 7460
0.00 7460
0.00 7440
0.00 7440
0.00 7410
0.00 7410
0.00 7360
0.00 7390
0.00 7340
0.00 7310
0.00 7340
0.00 7340
0.00 7290
0.00 7310
0.00 7260
0.00 7260
0.00 7240
0.00 7240
0.00 7240
0.00 7180
0.00 7180
0.00 7160
0.00 7130
0.00 7110
0.00 7080
0.00 7130
0.00 7110
0.00 7080
0.00 7080
0.00 7130
0.00 7110
0.00 7080
0.00 7060
0.00 7030
0.00 7010
0.00 7030
0.00 7030
0.00 6980
0.00 7010
0.00 6980
0.00 6960
0.00 6930
0.00 6930
0.00 6910
0.00 6930
0.00 6840
0.00 6880
0.00 6880
0.00 6840
0.00 6860
0.00 6860
0.00 6840
0.00 6880
0.00 6860
0.00 6810
0.00 6810
0.00 6810
0.00 6840
0.00 6790
0.00 6790
0.00 6840
0.00 6790
0.00 6760
0.00 6760
0.00 6760
0.00 6790
0.00 6790
0.00 6740
0.00 6810
0.00 6790
0.00 6790
0.00 6790
0.00 6760
0.00 6740
0.00 6690
0.00 6740
0.00 6760
0.00 6790
0.00 6740
0.00 6740
0.00 6760
0.00 6760
0.00 6790
0.00 6760
0.00 6740
0.00 6740
0.00 6760
0.00 6740
0.00 6740
0.00 6740
0.00 6710
0.00 6740
0.00 6740
0.00 6740
0.00 6740
0.00 6610
0.00 6610
0.00 6710
0.00 6710
0.00 7570
0.00 6740
0.00 6810
0.00 7110
0.00 7490
0.00 7830
0.00 7700
0.00 7590
0.00 7460
0.00 7540
0.00 7520
0.00 7160
0.00 7060
0.00 7010
0.00 6910
0.00 6810
0.00 6840
0.00 6760
0.00 6690
0.00 6660
0.00 6640
0.00 6590
0.00 6560
0.00 6590
0.00 6540
0.00 6540
0.00 6520
0.00 6520
0.00 6490
0.00 6440
0.00 6440
0.00 6440
0.00 6440
0.00 6420
0.00 6420
0.00 6390
0.00 6420
0.00 6370
0.00 6390
0.00 6370
0.00 6390
0.00 6350
0.00 6350
0.00 6350
0.00 6350
0.00 6320
0.00 6370
0.00 6320
0.00 6350
0.00 6320
0.00 6320
0.00 6320
0.00 6320
0.00 6320
0.00 6320
0.00 6320
0.00 6270
0.00 6320
0.00 6270
0.00 6300
0.00 6250
0.00 6270
0.00 6180
0.00 6250
0.00 6270
0.00 6250
0.00 6270
0.00 6270
0.00 6270
0.00 6270
0.00 6270
0.00 6300
0.00 6300
0.00 6250
0.00 6270
0.00 6270
0.00 6270
0.00 6270
0.00 6270
0.00 6270
0.00 6300
0.00 6300
0.00 6300
0.00 6320
0.00 6320
0.00 6300
0.00 6300
0.00 5640
0.00 5120
0.00 5120
0.00 5170
0.00 5120
0.00 5190
0.00 5260
0.00 5290
0.00 5330
0.00 5380
0.00 5500
0.00 5520
0.00 5600
0.00 5640
0.00 5690
0.00 5760
0.00 5800
0.00 5800
0.00 5870
0.00 5900
0.00 5920
0.00 5970
0.00 6010
0.00 6040
0.00 6040
0.00 6060
0.00 6110
0.00 6110
0.06 6130
0.01 6150
0.01 6150
0.01 6200
0.01 6200
0.00 6200
0.00 6250
0.00 6230
0.00 6250
0.00 6270
0.00 6270
0.00 6300
0.00 6300
0.00 6320
0.00 6350
0.00 6350
0.00 6320
0.00 6300
0.01 6350
0.01 6350
0.08 6370
0.00 6370
0.03 6390
0.01 6390
0.01 6420
0.00 6370
0.00 6390
0.00 6370
0.00 6370
0.00 6390
0.00 6370
0.00 6370
0.01 6390
0.00 6390
0.00 6420
0.00 6390
0.00 6420
0.00 6390
0.00 6440
0.00 6390
0.00 6420
0.00 6420
0.00 6440
0.00 6490
0.00 6470
0.00 6470
0.00 6490
0.00 6520
0.00 6520
0.00 6520
0.00 6540
0.00 6560
0.00 6590
0.00 6610
0.00 6560
0.00 6590
0.00 6610
0.00 6690
0.00 6660
0.00 6690
0.00 6760
0.00 6760
0.01 6790
0.08 6880
0.01 6860
0.00 6860
0.00 6910
0.00 6910
0.00 6980
0.00 6980
0.00 7010
0.00 7080
0.00 7130
0.00 7110
0.00 7130
0.00 7130
0.00 7160
0.01 7210
0.00 7240
0.00 7260
0.00 7260
0.00 7310
0.00 7340
0.00 7340
0.00 7390
0.00 7390
0.00 7410
0.00 7410
0.00 7440
0.00 7410
0.00 7490
0.00 7540
0.00 7520
0.00 7520
0.00 7540
0.00 7540
0.00 7540
0.13 7590
0.07 7670
0.06 7700
0.05 7720
0.06 7720
0.02 7750
0.02 7750
0.01 7830
0.01 7780
0.01 7850
0.00 7910
0.00 7910
0.00 7960
0.00 7910
0.01 7960
0.00 8050
0.00 8050
0.00 8080
0.00 8050
0.00 8130
0.00 8150
0.00 8150
0.00 8150
0.00 8200
0.00 8220
0.00 8300
0.00 8320
0.00 8350
0.00 8420
0.00 8470
0.00 8470
0.00 8550
0.00 8550
0.00 8600
0.05 8650
0.02 8700
0.01 8770
0.00 8770
0.00 8870
0.00 8920
0.00 9050
0.00 9100
0.00 9180
0.00 9230
0.00 9360
0.00 9440
0.00 9410
0.00 9590
0.00 9620
0.00 9670
0.00 9770
0.00 9830
0.00 9960
0.00 9990
0.00 10000
0.00 10100
0.00 10200
0.00 10200
0.00 10400
0.00 10400
0.00 10500
0.00 10500
0.00 10600
0.00 10700
0.00 10700
0.00 10700
0.00 10700
0.00 10800
0.00 10800
0.00 10800
0.00 10900
0.00 10900
0.00 11000
0.00 11000
0.00 11100
0.00 11100
0.00 11100
0.00 11000
0.00 11000
0.00 11200
0.02 11200
0.01 11100
0.01 11100
0.00 11200
0.00 11200
0.00 11200
0.00 11200
0.00 11200
0.00 11200
0.00 11200
0.00 11200
0.01 11200
0.04 11200
0.01 11100
0.02 11100
0.02 11200
0.02 11200
0.00 11200
0.01 11300
0.00 11200
0.01 11200
0.02 11200
0.01 11200
0.01 11300
0.00 11300
0.00 11200
0.00 11200
0.00 11200
0.00 11300
0.00 11300
0.00 11300
0.00 11300
0.00 11200
0.00 11300
0.00 11200
0.00 11200
0.00 11200
0.00 11200
0.00 11200
0.00 11300
0.00 11300
0.00 11200
0.00 11200
0.00 11200
0.00 11200
0.00 11200
0.00 11300
0.00 11300
0.00 11300
0.00 11300
0.00 11200
0.00 11200
0.00 11200
0.00 11300
0.00 11200
0.00 11300
0.00 11200
0.00 11300
0.00 11200
0.00 11100
0.00 11200
0.00 11200
0.00 11200
0.00 11200
0.00 11200
0.00 11100
0.00 11100
0.00 11100
0.00 11100
0.00 11100
0.00 11100
0.00 11100
0.00 11200
0.00 11100
0.00 11100
0.00 11000
0.00 11100
0.00 11100
0.00 11000
0.00 11100
0.00 11100
0.00 11100
0.00 11100
0.00 11100
0.00 11000
0.00 11100
0.01 11100
0.01 11000
0.01 11100
0.01 11000
0.00 11000
0.00 11000
0.00 11000
0.00 11000
0.00 11000
0.00 11000
0.00 11000
0.00 11000
0.00 10900
0.00 11000
0.00 11000
0.00 11000
0.00 10900
0.00 11000
0.00 11000
0.00 11000
0.00 11000
0.00 11000
0.00 11000
0.00 11000
0.00 11000
0.00 10900
0.00 11000
0.00 11000
0.00 10900
0.00 10900
0.00 10900
0.00 10900
0.00 10800
0.00 10800
0.00 10800
0.00 10800
0.00 10700
0.00 10800
0.00 10700
0.00 10700
0.00 10700
0.00 10600
0.00 10600
0.00 10700
0.00 10600
0.00 10600
0.00 10500
0.00 10400
0.00 10400
0.00 10400
0.00 10300
0.00 10300
0.00 10300
0.00 10200
0.00 10200
0.00 10100
0.00 10100
0.00 10000
0.00 9960
0.00 9930
0.00 9880
0.00 9800
0.00 9830
0.00 9620
0.00 9000
0.00 9830
0.00 9910
0.00 9830
0.00 9850
0.00 9830
0.00 9850
0.00 9960
0.00 9850
0.00 9800
0.00 9770
0.00 9770
0.00 9800
0.00 9770
0.00 9800
0.00 9720
0.00 9770
0.00 9770
0.00 9750
0.00 9750
0.00 9800
0.00 9770
0.00 9800
0.00 10200
0.00 10100
0.00 9570
0.00 9540
0.00 9590
0.00 9620
0.00 9640
0.00 9670
0.00 9700
0.00 9700
0.00 9620
0.00 9720
0.00 9700
0.00 9720
0.00 9720
0.00 9720
0.00 9800
0.00 9770
0.00 9750
0.00 9720
0.00 9800
0.00 9850
0.00 9830
0.00 9850
0.00 9850
0.00 9910
0.00 9850
0.00 9850
0.00 9830
0.00 9880
0.00 9930
0.00 9910
0.00 9910
0.00 9930
0.00 9990
0.00 9910
0.00 9930
0.00 9910
0.00 9960
0.00 9930
0.00 9930
0.00 9960
0.00 9910
0.00 9930
0.00 10000
0.00 9930
0.00 9990
0.00 9930
0.00 9990
0.00 9990
0.00 9930
0.00 9930
0.00 9930
0.00 9960
0.00 9960
0.00 9930
0.00 9930
0.00 9960
0.00 9850
0.00 9910
0.00 9930
0.00 9990
0.00 9930
0.00 9910
0.00 9930
0.00 9960
0.00 9990
0.00 9960
0.00 9910
0.00 9930
0.00 9930
0.00 9910
0.00 9880
0.00 9880
0.00 9910
0.00 9850
0.00 9880
0.00 9830
0.00 9830
0.00 9800
0.00 9880
0.00 9800
0.00 9830
0.00 9850
0.00 9800
0.00 9800
0.00 9850
0.00 9800
0.00 9830
0.00 9850
0.00 9800
0.00 9800
0.00 9830
0.00 9770
0.00 9770
0.00 9850
0.00 9800
0.00 9770
0.00 9750
0.00 9830
0.00 9770
0.00 9750
0.00 9700
0.00 9750
0.00 9700
0.00 9720
0.00 9700
0.00 9700
0.00 9640
0.00 9700
0.00 9670
0.00 9620
0.00 9670
0.00 9620
0.00 9640
0.00 9700
0.00 9670
0.00 9620
0.00 9670
0.00 9640
0.00 9620
0.00 9590
0.00 9590
0.00 9570
0.00 9540
0.02 9570
0.00 9540
0.00 9570
0.00 9540
0.00 9490
0.00 9540
0.00 9460
0.00 9570
0.00 9510
0.00 9510
0.00 9490
0.00 9540
0.00 9440
0.00 9410
0.00 9440
0.00 9440
0.00 9410
0.00 9380
0.00 9440
0.00 9380
0.00 9410
0.00 9360
0.00 9360
0.00 9410
0.01 9360
0.00 9330
0.00 9360
0.00 9360
0.00 9310
0.00 9310
0.00 9310
0.00 9260
0.00 9260
0.00 9280
0.00 9260
0.00 9280
0.00 9260
0.00 9230
0.00 9200
0.00 9260
0.00 9180
0.00 9230
0.00 9180
0.00 9180
0.00 9130
0.00 9200
0.00 9200
0.00 9180
0.00 9150
0.00 9150
0.00 9150
0.00 9130
0.00 9080
0.00 9100
0.00 9130
0.00 9130
0.00 9100
0.00 9130
0.00 9130
0.00 9100
0.00 9100
0.00 9030
0.00 9050
0.00 9050
0.00 9080
0.01 9080
0.00 9050
0.00 9080
0.00 9100
0.00 9050
0.00 9050
0.00 9080
0.00 9050
0.00 9050
0.00 9080
0.00 9030
0.00 9050
0.00 9030
0.00 9050
0.00 9000
0.00 9050
0.00 9080
0.00 9000
0.00 8970
0.00 9050
0.00 9000
0.00 8970
0.00 9000
0.00 9000
0.00 9030
0.00 8970
0.00 9000
0.00 8970
0.00 9000
0.00 8970
0.00 8970
0.00 9000
0.00 8950
0.00 8970
0.00 8970
0.00 9000
0.00 9000
0.00 8920
0.00 9000
0.00 8970
0.00 8950
0.00 9000
0.00 8970
0.01 8950
0.01 8950
0.00 8950
0.01 8900
0.00 8920
0.00 8950
0.01 8920
0.00 8920
0.01 8970
0.01 8950
0.02 8950
0.02 8900
0.02 8950
0.02 8970
0.03 9000
0.04 8950
0.04 8950
0.06 9000
0.07 9030
0.03 9050
0.02 9000
0.03 8970
0.03 9000
0.02 9080
0.01 9030
0.02 9030
0.00 9080
0.02 9080
0.01 9080
0.00 9180
0.00 9130
0.00 9130
0.01 9180
0.00 9200
0.03 9230
0.03 9260
0.01 9230
0.00 9280
0.00 9360
0.01 9280
0.00 9330
0.00 9360
0.01 9440
0.00 9440
0.00 9540
0.00 9510
0.00 9510
0.00 9590
0.00 9670
0.00 9670
0.00 9700
0.00 9770
0.01 10200
0.00 10100
0.00 9930
0.00 9880
0.00 10000
0.00 10200
0.00 10300
0.00 10300
0.00 10300
0.00 10500
0.00 10600
0.00 10600
0.00 10700
0.01 10800
0.00 10900
0.00 10900
0.00 11000
0.00 11100
0.00 11200
0.00 11300
0.00 11400
0.00 11500
0.00 11500
0.00 11400
0.01 11800
0.01 11900
0.00 12100
0.01 12100
0.00 12100
0.01 12100
0.00 12300
0.00 12400
0.00 12400
0.00 12500
0.00 12600
0.00 12700
0.00 12700
0.00 12800
0.00 12800
0.00 12900
0.00 12900
0.00 12900
0.00 13000
0.00 13100
0.00 13200
0.00 13300
0.00 13300
0.00 13400
0.00 13300
0.00 13400
0.00 13500
0.00 13500
0.00 13500
0.00 13500
0.00 13500
0.00 13700
0.00 13600
0.00 13600
0.00 13700
0.00 13800
0.00 13800
0.00 13800
0.00 13900
0.00 13900
0.00 13900
0.01 13900
0.00 14000
0.00 14000
0.00 14100
0.00 14000
0.00 14000
0.00 13900
0.00 14000
0.00 14000
0.00 14000
0.01 14000
0.00 14100
0.00 14100
0.00 14000
0.00 14000
0.00 14100
0.00 14000
0.00 14100
0.00 13900
0.00 13900
0.00 14000
0.00 13900
0.00 13900
0.00 13900
0.00 13900
0.00 13900
0.00 13800
0.00 13800
0.00 13800
0.00 13700
0.00 13700
0.00 13800
0.00 13600
0.00 13600
0.00 13600
0.00 13500
0.00 13500
0.00 13500
0.00 13300
0.00 13300
0.00 13200
0.00 13300
0.00 13200
0.00 13200
0.00 13200
0.00 13000
0.00 13000
0.00 13100
0.00 12900
0.00 12900
0.00 12800
0.00 12700
0.00 12900
0.00 12700
0.00 12600
0.00 12600
0.00 12500
0.00 12500
0.00 12500
0.00 12400
0.00 12400
0.00 12300
0.00 12300
0.00 12300
0.00 12200
0.00 12100
0.00 12000
0.00 12100
0.00 12000
0.00 11900
0.00 11900
0.00 11800
0.00 11900
0.00 11800
0.00 11700
0.00 11700
0.00 11700
0.00 11600
0.00 11500
0.00 11500
0.00 11500
0.00 11500
0.00 11400
0.00 11400
0.00 11400
0.00 11300
0.00 11400
0.00 11300
0.00 11200
0.00 11200
0.00 11200
0.00 11200
0.00 11100
0.00 11100
0.00 11000
0.00 11100
0.00 11000
0.00 10900
0.00 10900
0.00 10900
0.00 10900
0.00 10900
0.00 10900
0.00 10800
0.00 10700
0.00 10700
0.00 10700
0.00 10800
0.00 10700
0.00 10700
0.00 10600
0.00 10600
0.00 10600
0.00 10600
0.00 10600
0.00 10400
0.00 10500
0.00 10500
0.00 10400
0.00 10500
0.00 10500
0.00 10400
0.00 10300
0.00 10300
0.00 10200
0.00 10300
0.00 10200
0.00 10200
0.00 10100
0.00 9880
0.00 10000
0.00 10100
0.00 10100
0.00 10100
0.00 10100
0.00 10100
0.00 10100
0.00 10000
0.00 10000
0.00 10000
0.00 9990
0.00 9960
0.00 9930
0.00 9930
0.00 9880
0.00 9910
0.00 9850
0.00 9850
0.00 9830
0.00 9800
0.00 9770
0.00 9750
0.00 9770
0.00 9750
0.00 9670
0.00 9700
0.00 9700
0.00 9640
0.00 9670
0.00 9620
0.00 9670
0.00 9640
0.00 9640
0.00 9590
0.00 9590
0.00 9620
0.00 9570
0.00 9570
0.00 9540
0.00 9460
0.00 9490
0.00 9460
0.00 9440
0.00 9380
0.00 9460
0.00 9410
0.00 9380
0.00 9330
0.00 9360
0.00 9330
0.00 9360
0.00 9330
0.00 9310
0.00 9260
0.00 9230
0.00 9230
0.00 9200
0.00 9230
0.00 9200
0.00 9200
0.00 9180
0.00 9130
0.00 9180
0.00 9150
0.00 9100
0.00 9130
0.00 9150
0.00 9100
0.00 9050
0.00 9030
0.00 9050
0.00 9050
0.00 9030
0.00 8970
0.00 9000
0.00 8970
0.00 9000
0.00 9000
0.00 8950
0.00 8950
0.00 8900
0.00 8900
0.00 8900
0.00 8920
0.00 8850
0.00 8870
0.00 8820
0.00 8850
0.00 8770
0.00 8800
0.00 8800
0.00 8800
0.00 8750
0.00 8750
0.00 8720
0.00 8750
0.00 8750
0.00 8750
0.00 8670
0.00 8700
0.00 8650
0.00 8650
0.00 8670
0.00 8600
0.00 8520
0.00 8700
0.00 8650
0.00 8670
0.00 8550
0.00 8570
0.00 8520
0.00 8570
0.00 8520
0.00 8520
0.00 8550
0.00 8520
0.00 8500
0.00 8450
0.00 8450
0.00 8500
0.00 8500
0.00 8470
0.00 8420
0.00 8420
0.00 8420
0.00 8400
0.00 8400
0.00 8400
0.00 8350
0.00 8420
0.00 8370
0.00 8320
0.00 8370
0.00 8320
0.00 8270
0.00 8300
0.00 8250
0.00 8270
0.00 8270
0.00 8250
0.00 8220
0.00 8270
0.00 8220
0.00 8220
0.00 8200
0.00 8220
0.00 8200
0.00 8180
0.00 8180
0.00 8220
0.00 8150
0.00 8180
0.00 8130
0.00 8100
0.00 8080
0.00 8100
0.00 8130
0.00 8100
0.00 8080
0.00 8100
0.00 8080
0.00 8100
0.00 8080
0.00 8050
0.00 8050
0.00 8030
0.00 8030
0.00 8050
0.00 8030
0.00 8030
0.00 7980
0.00 8050
0.00 7980
0.00 7980
0.00 7930
0.00 7980
0.00 7960
0.00 7960
0.00 7930
0.00 8010
0.00 7910
0.00 7930
0.00 7910
0.00 7880
0.00 7850
0.00 7850
0.00 7880
0.00 7800
0.00 7850
0.00 7830
0.00 7830
0.00 7800
0.00 7800
0.00 7750
0.00 7780
0.00 7800
0.00 7750
0.00 7780
0.00 7720
0.00 7750
0.00 7700
0.00 7720
0.00 7720
0.00 7700
0.00 7750
0.00 7700
0.00 7700
0.00 7700
0.00 7700
0.00 7700
0.00 7720
0.00 7670
0.00 7670
0.00 7700
0.00 7670
0.00 7620
0.00 7650
0.00 7650
0.00 7590
0.00 7620
0.00 7620
0.00 7590
0.00 7620
0.00 7620
0.00 7570
0.00 7540
0.00 7590
0.00 7540
0.00 7520
0.00 7520
0.00 7570
0.00 7540
0.00 7490
0.00 7520
0.00 7490
0.00 7460
0.00 7460
0.00 7460
0.00 7440
0.00 7440
0.00 7440
0.00 7410
0.00 7410
0.00 7410
0.00 7390
0.00 7410
0.00 7410
0.00 7340
0.00 7360
0.00 7340
0.00 7390
0.00 7310
0.00 7340
0.00 7340
0.00 7310
0.00 7290
0.00 7340
0.00 7310
0.00 7260
0.00 7290
0.00 7290
0.00 7240
0.00 7260
0.00 7260
0.00 7260
0.00 7210
0.00 7210
0.00 7180
0.00 7180
0.00 7160
0.00 7130
0.00 7110
0.00 7130
0.00 7180
0.00 7060
0.00 7110
0.00 6590
0.00 7030
0.00 7180
0.00 7180
0.00 7130
0.00 7110
0.00 7110
0.00 7110
0.00 7060
0.00 6710
0.00 6080
0.00 6060
0.00 6110
0.00 6200
0.00 6230
0.00 6300
0.00 6370
0.00 6390
0.00 6540
0.00 6640
0.00 6370
0.00 6350
0.00 6370
0.00 6350
0.00 6370
0.00 6390
0.00 6440
0.00 6420
0.00 6440
0.00 6440
0.00 6440
0.00 6440
0.00 6540
0.00 6420
0.00 6440
0.00 6420
0.00 6440
0.00 6440
0.00 6440
0.00 6420
0.00 6420
0.00 6420
0.00 6420
0.00 6420
0.00 6420
0.00 6370
0.00 6370
0.00 6420
0.00 6350
0.00 6370
0.00 6350
0.00 6370
0.00 6370
0.00 6320
0.00 6320
0.00 6320
0.00 6320
0.00 6300
0.00 6300
0.00 6270
0.00 6270
0.00 6270
0.00 6250
0.00 6250
0.00 6230
0.00 6200
0.00 6230
0.00 6200
0.00 6200
0.00 6180
0.00 6180
0.00 6150
0.00 6130
0.00 6110
0.00 6080
0.00 6110
0.00 6080
0.00 6080
0.00 6040
0.00 6040
0.00 6010
0.00 6040
0.00 5990
0.00 5970
0.00 5990
0.00 5940
0.00 5940
0.00 5900
0.00 5850
0.00 5870
0.00 5870
0.00 5850
0.00 5850
0.00 5830
0.00 5800
0.00 5800
0.00 5800
0.00 5800
0.00 5760
0.00 5780
0.00 5800
0.00 5730
0.00 5710
0.00 5730
0.00 5710
0.00 5690
0.00 5690
0.00 5690
0.00 5660
0.00 5660
0.00 5690
0.00 5660
0.00 5660
0.00 5660
0.00 5660
0.00 5660
0.00 5620
0.00 5640
0.00 5620
0.00 5640
0.00 5600
0.00 5620
0.00 5620
0.00 5600
0.00 5600
0.00 5600
0.00 5570
0.00 5570
0.00 5570
0.00 5570
0.00 5550
0.00 5570
0.00 5550
0.00 5570
0.00 5570
0.00 5570
0.00 5570
0.00 5550
0.00 5570
0.00 5520
0.00 5550
0.00 5550
0.00 5570
0.00 5570
0.00 5520
0.00 5550
0.00 5520
0.00 5550
0.00 5520
0.00 5520
0.00 5500
0.00 5500
0.00 5500
0.00 5500
0.00 5500
0.00 5520
0.00 5480
0.00 5500
0.00 5480
0.00 5480
0.00 5500
0.00 5480
0.00 5450
0.00 5450
0.00 5450
0.00 5450
0.00 5430
0.00 5450
0.00 5430
0.00 5400
0.00 5400
0.00 5430
0.00 5430
0.00 5400
0.00 5400
0.00 5400
0.00 5400
0.00 5380
0.00 5400
0.00 5400
0.00 5400
0.00 5380
0.00 5400
0.00 5360
0.00 5360
0.00 5380
0.00 5360
0.00 5330
0.00 5360
0.00 5380
0.00 5360
0.00 5360
0.00 5380
0.00 5360
0.00 5360
0.00 5360
0.00 5380
0.00 5380
0.00 5360
0.00 5380
0.00 5360
0.00 5360
0.00 5330
0.00 5330
0.00 5360
0.00 5330
0.00 5360
0.00 5360
0.00 5360
0.00 5330
0.00 5380
0.00 5380
0.00 5330
0.00 5360
0.00 5360
0.00 5380
0.00 5360
0.00 5360
0.00 5400
0.00 5360
0.00 5380
0.00 5380
0.00 5330
0.00 5360
0.00 5360
0.00 5360
0.00 5330
0.00 5360
0.00 5330
0.00 5330
0.00 5330
0.00 5330
0.00 5310
0.00 5330
0.00 5330
0.00 5330
0.00 5310
0.00 5330
0.00 5330
0.00 5360
0.00 5330
0.00 5330
0.00 5310
0.00 5330
0.00 5310
0.00 5330
0.00 5330
0.00 5360
0.00 5330
0.00 5310
0.00 5310
0.00 5360
0.00 5330
0.00 5330
0.00 5290
0.00 5310
0.01 5290
0.01 5310
0.01 5290
0.01 5310
0.00 5310
0.02 5310
0.01 5310
0.01 5310
0.00 5290
0.00 5290
0.00 5290
0.00 5290
0.01 5290
0.00 5290
0.01 5290
0.01 5240
0.00 5260
0.01 5260
0.01 5240
0.01 5260
0.00 5240
0.00 5240
0.01 5260
0.02 5240
0.06 5260
0.07 5260
0.11 5310
0.07 5260
0.07 5290
0.06 5290
0.07 5310
0.04 5330
0.05 5330
0.01 5310
0.03 5330
0.02 5330
0.10 5380
0.04 5380
0.00 5380
0.00 5380
0.00 5400
0.02 5380
0.05 5450
0.08 5480
0.13 5500
0.06 5550
0.10 5570
0.16 5660
0.03 5690
0.00 5730
0.01 5780
0.00 5800
0.00 5900
0.00 5970
0.00 5990
0.00 6010
0.00 6060
0.00 6110
0.00 6150
0.00 6230
0.00 6300
0.00 6370
0.00 6470
0.00 6560
0.00 6660
0.00 6740
0.00 6840
0.00 6980
0.00 7110
0.00 7260
0.00 7390
0.00 7540
0.00 7700
0.00 7880
0.00 8010
0.00 8130
0.00 8300
0.07 8470
0.07 8670
0.04 8770
0.01 8900
0.00 9100
0.00 9200
0.00 9460
0.00 9670
0.00 9770
0.00 9960
0.00 10100
0.00 10300
0.00 10400