-5.20 0.00
-5.40 0.00
-5.20 0.00
-4.70 0.00
-5.10 0.00
-5.30 0.00
-5.00 0.20
11.9 22.70
48.7 72.90
102 141.2
160 197.5
388 315.2
618 1032
954 2028
451 1044
818 1740
758 1566
227 523.2
164 387.9
115 256.6
19.6 47.40
-3.40 0.40
-7.00 0.00
-7.40 0.00
-8.50 0.00
-9.20 0.00
-9.60 0.00
-9.40 0.00
-9.40 0.00
-9.30 0.00
-9.10 0.80
9.40 38.90
92.5 148.0
308 634.0
458 1107
824 1734
943 1971
1010 2082
1000 2061
942 1914
825 1649
378 880.0
241 556.1
22.9 75.00
8.10 35.40
-2.30 0.80
-2.60 0.00
-2.30 0.00
-2.50 0.00
-2.30 0.00
-2.10 0.00
-2.10 0.00
-2.20 0.00
-2.00 0.00
-1.50 1.00
14.1 39.00
97.9 119.0
338 704.1
472 1163
825 1732
941 1970
1000 2081
1000 2065
952 1935
766 1541
366 892.0
325 755.7
58.6 141.4
25.3 59.80
-2.70 0.80
-2.90 0.00
-2.80 0.00
-2.40 0.00
-2.60 0.00
-2.60 0.00
-2.50 0.00
-3.00 0.00
-2.40 0.00
-2.10 1.10
17.9 49.40
106 140.3
377 768.4
505 1268
529 1146
224 534.4
346 794.7
635 1380
502 1108
483 1024
341 682.8
248 503.0
70.1 160.9
16.8 39.80
-1.70 0.50
-2.80 0.00
-2.40 0.00
-3.00 0.00
-3.10 0.00
-3.20 0.00
-2.60 0.00
-1.00 0.00
-2.60 0.00
-0.10 1.20
21.6 62.60
140 287.3
348 734.7
246 628.9
737 1584
996 2101
858 1823
437 985.0
618 1375
116 299.3
139 333.7
98.6 247.9
42.6 123.5
-1.10 17.10
-3.60 0.30
-6.40 0.00
-6.80 0.00
-7.10 0.00
-7.50 0.00
-8.30 0.00
-7.80 0.00
-7.80 0.00
-8.30 0.00
-9.50 0.40
9.90 48.70
42.4 125.7
122 307.4
256 620.8
334 804.0
292 705.3
345 826.0
383 900.0
297 720.8
303 721.9
223 525.1
136 322.2
34.6 91.60
4.70 25.50
-5.60 0.30
-5.70 0.00
-5.90 0.00
-5.60 0.00
-5.90 0.00
-6.30 0.00
-5.80 0.00
-6.70 0.00
-7.00 0.00
-6.90 0.30
12.8 24.70
146 164.6
117 126.1
159 166.5
379 390.1
323 454.4
432 1020
292 706.9
220 501.4
370 859.0
358 816.0
182 395.1
52.3 144.9
11.8 52.00
-7.90 1.30
-7.90 0.00
-7.80 0.00
-8.60 0.00
-8.80 0.00
-9.00 0.00
-8.80 0.00
-8.80 0.00
-8.60 0.00
-7.80 1.80
9.30 44.80
106 140.0
342 824.0
452 1138
661 1443
821 1764
1010 2118
958 2018
471 1079
398 915.0
304 709.2
125 300.9
54.8 146.7
3.20 23.30
-9.80 0.80
-7.50 0.00
-10.5 0.00
-10.6 0.00
-10.8 0.00
-10.7 0.00
-10.7 0.00
-10.9 0.00
-11.4 0.00
-9.80 1.20
8.30 33.50
94.7 138.3
293 762.1
499 1306
380 875.0
604 1352
760 1645
1090 2284
866 1799
384 868.0
561 1364
390 825.0
62.8 152.1
27.5 66.50
-1.30 1.70
-2.80 0.00
-2.70 0.00
-2.70 0.00
-6.00 0.00
-9.60 0.00
-9.60 0.00
-9.70 0.00
-6.10 0.00
-0.70 2.60
23.3 57.30
65.8 138.3
342 850.0
580 1404
838 1770
958 2012
1020 2131
1030 2133
614 1312
383 842.0
426 888.0
287 575.2
29.7 91.20
10.9 43.60
-2.00 2.20
-2.90 0.00
-2.80 0.00
-2.90 0.00
-2.60 0.00
-2.40 0.00
-2.50 0.00
-2.70 0.00
-2.70 0.00
-1.50 2.90
24.1 55.70
58.2 138.7
349 850.0
562 1402
628 1375
973 2071
715 1552
702 1516
676 1446
771 1610
324 738.5
257 527.1
98.7 228.0
21.8 61.40
-0.70 1.90
-1.50 0.00
-1.60 0.00
-2.40 0.00
-2.80 0.00
-2.90 0.00
-2.80 0.00
-3.00 0.00
-3.00 0.00
-2.10 2.90
24.1 55.80
59.6 144.8
351 805.0
584 1418
782 1666
820 1752
646 1398
981 2039
916 1877
764 1554
538 1286
359 676.2
27.4 82.50
22.4 58.70
-0.20 3.50
-2.00 0.00
-2.80 0.00
-3.10 0.00
-3.20 0.00
-2.70 0.00
-2.90 0.00
-2.20 0.00
-2.00 0.00
-0.80 2.90
25.1 55.30
89.6 200.4
199 435.9
269 612.5
208 498.9
274 655.9
381 863.0
395 892.0
637 1342
853 1707
590 1357
357 668.7
23.9 76.80
11.1 43.50
-1.60 2.70
-2.50 0.00
-2.30 0.00
-2.50 0.00
-2.20 0.00
-2.40 0.00
-2.90 0.00
-3.10 0.00
-3.30 0.00
-1.30 3.70
23.6 59.20
69.5 130.1
386 742.7
621 1426
841 1781
926 1955
712 1556
334 757.6
52.2 153.1
115 329.7
75.8 147.5
55.8 75.80
52.9 67.20
6.10 10.20
-3.90 1.00
-4.80 0.00
-4.80 0.00
-5.00 0.00
-5.30 0.00
-5.60 0.00
-5.60 0.00
-5.80 0.00
-6.00 0.00
-5.80 0.90
2.30 12.70
45.9 62.90
149 172.7
294 326.6
498 561.7
781 1471
823 1744
924 1901
679 1435
532 1133
524 1100
272 572.8
59.2 144.3
11.7 35.20
-6.70 2.50
-7.30 0.00
-7.80 0.00
-7.20 0.00
-6.80 0.00
-6.80 0.00
-6.80 0.00
-6.70 0.00
-6.80 0.00
-5.70 1.70
27.5 32.30
57.3 63.10
174 171.3
334 317.1
594 847.0
793 1725
983 2090
898 1950
705 1508
218 528.5
205 488.3
176 410.7
81.0 190.2
18.1 54.60
-8.30 2.50
-9.20 0.00
-9.10 0.00
-8.90 0.00
-10.0 0.00
-9.70 0.00
-6.00 0.00
-4.90 0.00
-9.30 0.00
-6.00 4.80
46.0 97.30
106 195.5
324 611.6
612 1331
256 604.9
296 698.9
563 1258
593 1308
622 1343
693 1448
196 465.4
343 687.9
62.8 155.1
19.1 51.50
-1.90 2.90
-2.60 0.00
-2.50 0.00
-2.30 0.00
-2.00 0.00
-2.50 0.00
-2.60 0.00
-2.60 0.00
-1.90 0.00
-0.10 3.80
30.5 78.60
70.2 142.1
420 756.5
685 1456
844 1795
513 1146
443 1013
718 1527
374 828.0
828 1712
339 746.0
222 493.5
130 285.1
25.1 58.80
-0.30 2.10
-3.60 0.00
-5.30 0.00
-5.00 0.00
-4.80 0.00
-5.00 0.00
-5.60 0.00
-6.20 0.00
-6.50 0.00
-6.10 1.10
14.3 46.10
62.6 151.9
76.8 185.6
127 309.2
124 311.8
244 590.9
322 750.7
737 1594
728 1563
594 1256
455 957.0
234 497.6
64.8 160.3
21.3 63.70
-7.30 4.40
-7.30 0.00
-7.50 0.00
-8.00 0.00
-8.30 0.00
-6.60 0.00
-6.60 0.00
-7.10 0.00
-6.70 0.00
-4.90 4.10
24.2 70.40
99.3 221.3
286 569.4
478 1040
865 1835
808 1737
310 735.7
629 1383
801 1678
590 1242
602 1216
331 654.3
68.4 164.3
35.9 86.40
-0.10 4.30
-2.60 0.00
-2.20 0.00
-4.20 0.00
-7.60 0.00
-5.70 0.00
-2.30 0.00
-4.00 0.00
-8.10 0.00
-5.30 4.50
41.8 108.2
126 280.7
184 423.2
338 760.8
488 1086
437 991.0
544 1206
460 1022
493 1075
279 635.1
251 557.6
264 534.0
54.3 138.6
49.4 111.8
0.80 4.60
-2.20 0.00
-2.00 0.00
-1.80 0.00
-3.10 0.00
-2.80 0.00
-2.20 0.00
-2.20 0.00
-2.60 0.00
-0.30 6.40
27.0 114.3
60.6 133.4
388 654.9
686 1459
808 1725
728 1581
894 1908
595 1289
504 1113
517 1115
468 973.0
308 616.2
71.4 173.6
16.2 54.20
-1.50 4.80
-2.70 0.00
-2.90 0.00
-2.90 0.00
-3.00 0.00
-2.70 0.00
-3.10 0.00
-2.80 0.00
-2.90 0.00
-0.30 6.00
24.5 107.4
68.1 148.3
360 613.5
668 1419
808 1713
898 1893
1050 2188
905 1891
843 1746
793 1609
428 893.0
243 504.7
110 246.2
41.3 99.10
-0.90 5.00
-1.40 0.00
-2.70 0.00
-2.60 0.00
-5.90 0.00
-10.5 0.00
-6.00 0.00
-2.50 0.00
-2.90 0.00
0.10 7.60
31.1 93.40
83.8 179.4
353 586.7
697 1472
833 1761
1080 2260
867 1850
386 905.0
462 1034
361 803.0
137 327.8
143 328.3
86.5 203.0
28.7 78.70
-6.30 5.10
-8.70 0.00
-9.70 0.00
-9.90 0.00
-8.60 0.00
-8.20 0.00
-7.50 0.00
-7.70 0.00
-7.60 0.00
-5.50 7.10
28.8 113.4
78.1 163.1
360 576.2
691 1480
887 1891
437 969.0
105 277.5
332 766.0
176 436.2
98.3 255.3
64.4 177.2
7.40 34.80
40.4 55.20
6.60 19.70
-6.10 3.10
-8.50 0.00
-7.90 0.00
-8.50 0.00
-8.60 0.00
-9.80 0.00
-9.60 0.00
-9.70 0.00
-9.60 0.00
-6.10 6.10
37.4 96.40
85.7 179.9
367 464.0
509 1079
479 1057
427 972.0
243 585.2
174 456.9
107 144.8
394 676.6
410 885.0
66.1 90.80
93.8 127.2
14.3 35.60
-8.00 3.90
-9.90 0.00
-10.3 0.00
-10.1 0.00
-10.1 0.00
-9.80 0.00
-9.70 0.00
-9.60 0.00
-9.40 0.00
-5.80 4.40
42.5 74.10
84.5 137.9
248 521.1
532 1164
787 1698
807 1733
602 1339
467 1055
651 1401
850 1739
504 1043
361 690.7
140 321.3
59.5 133.1
1.00 6.70
-5.90 0.00
-9.40 0.00
-9.80 0.00
-8.90 0.00
-10.1 0.00
-5.90 0.00
-2.60 0.00
-2.50 0.00
-0.10 6.20
28.5 87.30
86.0 201.3
289 545.9
462 1002
654 1413
642 1399
554 1231
573 1274
379 887.0
124 316.9
252 570.0
69.8 178.2
42.0 119.2
14.6 51.30
-6.60 2.10
-8.30 0.00
-6.80 0.00
-7.40 0.00
-7.70 0.00
-7.20 0.00
-8.20 0.00
-8.40 0.00
-8.50 0.00
-4.20 5.60
67.4 96.10
118 222.4
231 528.6
257 592.1
317 730.0
460 1036
590 1315
754 1637
452 1011
585 1237
267 601.6
286 556.1
73.8 180.9
30.0 81.20
0.30 6.90
-5.90 0.00
-9.40 0.00
-10.0 0.00
-6.60 0.00
-2.70 0.00
-5.90 0.00
-9.80 0.00
-9.80 0.00
-6.00 7.10
39.7 101.6
109 288.1
334 621.8
617 1284
690 1447
921 1927
932 1946
860 1818
497 1068
61.2 161.1
294 664.0
165 362.0
131 301.7
35.8 89.00
10.2 17.10
-0.90 0.00
-2.00 0.00
-2.60 0.00
-2.60 0.00
-2.30 0.00
-2.10 0.00
-2.00 0.00
-1.80 0.00
1.50 8.90
31.1 84.60
62.6 149.7
324 542.8
681 1462
680 1481
762 1636
818 1739
709 1513
476 1044
611 1278
725 1466
368 713.8
87.0 217.8
27.6 72.60
2.90 9.80
-6.00 0.00
-8.90 0.00
-8.00 0.00
-8.70 0.00
-9.60 0.00
-9.80 0.00
-9.60 0.00
-9.70 0.00
-6.40 9.00
21.3 79.60
55.3 137.0
314 534.5
688 1471
845 1801
926 1973
923 1952
715 1516
308 693.9
200 472.3
610 1251
310 627.5
79.1 190.5
18.0 56.70
0.70 6.60
-2.00 0.00
-2.20 0.00
-2.00 0.00
-2.60 0.00
-2.70 0.00
-2.50 0.00
-2.20 0.00
-1.80 0.00
3.40 11.00
41.1 94.60
110 257.1
184 412.6
308 682.0
483 1066
609 1337
335 780.9
423 964.0
233 554.1
277 649.9
251 582.5
175 405.4
71.5 171.8
18.0 50.60
-6.00 4.80
-7.80 0.00
-6.70 0.00
-5.80 0.00
-6.40 0.00
-7.50 0.00
-6.70 0.00
-6.10 0.00
-7.10 0.00
-4.80 9.00
44.8 112.6
93.3 218.4
288 534.1
502 1094
370 834.0
391 880.0
589 1299
432 998.0
491 1121
451 996.0
369 787.9
175 403.7
70.6 176.2
22.9 68.00
-6.70 5.80
-7.90 0.00
-7.90 0.00
-9.90 0.00
-10.2 0.00
-9.90 0.00
-9.30 0.00
-9.10 0.00
-8.90 0.00
-4.60 8.50
44.3 102.6
96.3 215.6
297 479.6
665 1403
719 1538
867 1845
651 1415
448 991.0
770 1629
490 1046
371 801.0
426 832.0
97.2 234.8
44.6 105.4
-3.00 1.80
-6.60 0.00
-7.30 0.00
-7.60 0.00
-7.60 0.00
-8.70 0.00
-9.40 0.00
-7.80 0.00
-9.00 0.00
-4.80 6.80
28.5 73.40
35.0 121.8
200 336.1
409 907.0
683 1483
718 1544
701 1513
273 637.4
716 1523
134 329.5
76.9 187.2
110 259.0
123 282.0
25.3 67.50
-7.10 4.90
-10.1 0.00
-10.2 0.00
-8.30 0.00
-7.20 0.00
-7.20 0.00
-9.10 0.00
-9.50 0.00
-8.40 0.00
-8.10 2.80
10.2 40.20
116 216.6
343 709.7
586 1302
345 773.2
665 1412
483 1043
235 554.3
643 1403
238 546.8
93.0 203.7
58.8 84.60
27.0 46.60
-3.00 4.00
-7.80 0.00
-9.80 0.00
-10.0 0.00
-10.0 0.00
-10.0 0.00
-9.70 0.00
-9.80 0.00
-9.00 0.00
-4.20 6.90
54.6 83.80
134 189.0
302 461.6
654 1397
838 1788
954 2018
1030 2156
1040 2168
842 1772
778 1604
578 1176
358 681.7
66.2 161.3
24.0 74.50
1.80 12.00
-2.60 0.00
-2.40 0.00
-2.60 0.00
-2.50 0.00
-2.40 0.00
-2.00 0.00
-1.30 0.00
-1.60 0.00
1.20 10.00
21.0 66.50
42.2 107.1
248 352.5
570 1242
780 1676
847 1811
900 1913
655 1421
772 1615
703 1461
611 1251
322 640.0
101 229.0
21.3 69.00
0.80 10.00
-2.60 0.00
-2.30 0.00
-0.20 0.00
-0.60 0.00
-1.60 0.00
-5.50 0.00
-9.40 0.00
-9.30 0.00
-6.10 9.70
38.8 98.90
46.4 195.5
245 312.9
694 1477
852 1809
970 2046
1030 2141
1040 2130
982 1999
877 1768
562 1142
383 754.7
54.7 136.5
15.5 57.50
1.40 12.10
-2.90 0.00
-2.80 0.00
-2.10 0.00
-2.00 0.00
-2.00 0.00
-2.20 0.00
-2.00 0.00
-1.90 0.00
1.50 10.10
43.7 96.90
72.2 245.6
190 358.7
617 1318
850 1808
922 1957
841 1791
1100 2294
1040 2164
766 1578
733 1466
107 240.8
84.9 193.0
48.2 109.9
3.00 8.60
-1.20 0.00
-2.70 0.00
-2.50 0.00
-2.10 0.00
-1.50 0.00
-2.60 0.00
-2.40 0.00
-2.10 0.00
0.70 7.90
14.3 48.50
37.6 93.20
211 407.9
326 733.8
654 1417
505 1106
825 1764
509 1109
233 548.6
708 1465
547 1117
296 609.5
141 302.3
43.2 96.60
5.50 13.30
-2.10 0.00
-3.00 0.00
-2.50 0.00
-2.00 0.00
-1.90 0.00
-1.50 0.00
-0.90 0.00
-1.00 0.00
2.20 5.40
40.4 91.10
83.7 193.2
196 338.4
623 1342
432 952.0
546 1191
806 1719
234 531.1
647 1375
282 633.1
614 1256
412 830.0
52.5 129.4
82.6 184.1
15.4 37.90
-9.40 0.00
-3.70 0.00
-3.90 0.00
-2.60 0.00
-1.80 0.00
-2.40 0.00
-1.80 0.00
-2.20 0.00
1.80 10.30
38.4 99.10
52.4 206.9
230 299.9
673 1434
826 1759
824 1745
973 2041
1040 2174
755 1586
739 1515
655 1319
190 361.3
109 243.5
35.6 95.30
1.80 13.30
-2.20 0.00
-2.20 0.00
-2.20 0.00
-1.80 0.00
-1.90 0.00
-2.60 0.00
-3.00 0.00
-2.90 0.00
0.10 8.20
35.9 94.80
47.7 202.5
215 260.5
685 1445
841 1782
946 2010
977 2080
830 1794
623 1308
740 1551
520 1062
322 642.5
95.5 212.7
16.3 59.20
1.20 13.00
-3.00 0.00
-2.60 0.00
-2.80 0.00
-2.50 0.00
-2.20 0.00
-2.00 0.00
-2.00 0.00
-1.90 0.00
1.70 10.20
38.8 101.9
48.5 204.5
216 262.8
690 1441
839 1767
707 1489
704 1492
831 1769
758 1643
474 1039
580 1185
368 688.8
94.1 230.9
51.4 116.7
2.40 13.10
-2.30 0.00
-2.20 0.00
-2.30 0.00
-2.10 0.00
-2.40 0.00
-2.50 0.00
-2.70 0.00
-2.50 0.00
0.70 8.70
37.4 96.70
51.1 211.7
212 264.8
684 1423
831 1738
950 2002
1010 2151
970 2090
933 2020
762 1609
583 1175
379 720.5
105 238.4
33.8 86.30
0.90 10.50
-2.10 0.00
-3.00 0.00
-1.40 0.00
-2.40 0.00
-1.20 0.00
-1.50 0.00
-2.90 0.00
-2.40 0.00
1.00 8.50
44.3 114.1
104 302.9
252 396.8
602 1261
438 944.0
526 1134
373 816.0
386 849.0
984 2031
861 1743
650 1293
339 683.0
48.2 120.2
20.1 73.40
2.70 17.40
-4.20 0.00
-2.90 0.00
-2.90 0.00
-3.00 0.00
-2.50 0.00
-2.40 0.00
-2.50 0.00
-2.40 0.00
1.60 9.70
38.2 98.10
50.8 209.7
204 273.5
658 1371
669 1432
901 1901
1020 2114
1020 2112
973 1983
870 1750
682 1356
311 581.5
83.2 200.1
18.5 65.60
2.30 14.10
-2.70 0.00
-2.40 0.00
-2.30 0.00
-2.20 0.00
-3.10 0.00
-3.00 0.00
-2.90 0.00
-2.70 0.00
0.60 9.10
36.6 94.20
42.9 196.0
201 233.6
695 1439
846 1788
975 2050
974 2038
1060 2209
684 1436
775 1577
637 1279
386 778.5
134 275.9
42.2 105.0
7.30 20.90
-2.50 0.00
-2.50 0.00
-2.70 0.00
-2.70 0.00
-2.80 0.00
-3.00 0.00
-3.30 0.00
-3.20 0.00
1.40 10.70
51.2 118.3
54.5 217.0
201 245.0
683 1411
834 1755
925 1953
969 2034
870 1824
859 1792
854 1769
693 1371
367 689.3
61.5 150.7
16.2 59.40
1.20 14.10
-4.00 0.00
-4.30 0.00
-3.80 0.00
-4.20 0.00
-4.30 0.00
-4.20 0.00
-4.10 0.00
-4.10 0.00
-0.20 9.30
37.2 93.60
45.1 198.2
198 248.2
694 1391
856 1772
966 1992
1030 2105
961 2104
900 1983
809 1751
678 1422
422 781.9
62.7 153.8
16.4 59.60
2.00 14.60
-2.90 0.00
-2.70 0.00
-2.70 0.00
-3.70 0.00
-3.60 0.00
-3.90 0.00
-3.70 0.00
-3.70 0.00
-0.20 9.10
35.7 92.50
41.8 193.7
191 213.8
687 1428
836 1776
929 1975
1000 2111
994 2070
934 1948
748 1540
504 1033
228 475.6
49.7 122.8
27.9 77.40
1.50 14.10
-2.90 0.00
-3.00 0.00
-3.40 0.00
-2.90 0.00
-2.90 0.00
-6.80 0.00
-9.00 0.00
-9.20 0.00
-4.70 6.80
65.7 138.3
168 383.0
268 357.9
682 1442
824 1757
857 1817
671 1448
636 1356
275 629.2
73.4 194.0
121 296.4
269 545.1
98.7 225.2
28.5 74.40
-4.40 11.30
-8.50 0.00
-8.30 0.00
-9.10 0.00
-8.10 0.00
-8.60 0.00
-8.80 0.00
-9.80 0.00
-9.80 0.00
-7.20 8.10
32.9 103.2
72.8 268.3
241 352.0
501 1081
544 1188
481 1050
98.0 251.8
510 1130
783 1649
272 600.5
193 427.1
180 395.6
85.9 204.1
44.1 103.9
2.00 12.60
-2.00 0.00
-2.00 0.00
-1.90 0.00
-1.50 0.00
-1.40 0.00
-1.60 0.00
-1.40 0.00
-1.40 0.00
0.60 7.50
27.8 73.50
49.6 209.8
199 257.6
543 1158
356 784.8
295 667.4
289 661.8
388 864.0
259 590.2
624 1310
478 989.0
161 348.7
106 242.0
56.7 132.4
11.1 24.90
-2.50 0.00
-2.50 0.00
-2.60 0.00
-6.40 0.00
-6.90 0.00
-2.30 0.00
-2.20 0.00
-2.20 0.00
1.10 8.80
36.7 94.10
49.2 207.8
191 233.1
580 1220
529 1143
589 1265
818 1715
648 1379
866 1783
677 1379
557 1130
361 722.3
168 362.3
37.9 87.10
4.70 14.50
-2.20 0.00
-2.60 0.00
-2.90 0.00
-3.20 0.00
-2.90 0.00
-2.80 0.00
-2.80 0.00
-2.70 0.00
0.30 8.70
36.7 95.20
52.4 210.3
194 234.8
628 1322
620 1320
460 987.0
508 1092
558 1183
505 1070
514 1065
341 713.4
345 686.9
116 250.8
58.2 130.4
6.10 20.30
-2.10 0.00
-2.50 0.00
-2.50 0.00
-2.40 0.00
-2.10 0.00
-2.90 0.00
-2.60 0.00
-2.60 0.00
0.60 8.80
36.4 94.70
51.7 205.4
192 227.4
666 1400
834 1764
765 1632
1020 2130
444 949.0
610 1278
248 539.8
147 329.6
107 241.1
37.1 92.20
43.8 94.60
25.8 46.40
-2.80 0.00
-2.20 0.00
-2.10 0.00
-1.50 0.00
-2.30 0.00
-2.70 0.00
-2.20 0.00
-2.00 0.00
1.30 8.20
37.7 95.80
56.4 211.8
195 250.0
647 1361
798 1692
578 1243
924 1939
481 1020
234 511.3
178 407.1
545 1105
394 748.0
69.6 148.0
7.00 21.00
-3.00 0.00
-2.30 0.00
-2.00 0.00
-2.20 0.00
-2.00 0.00
-2.00 0.00
-2.00 0.00
0.80 7.90
36.5 90.70
50.7 200.4
200 233.0
671 1435
821 1759
932 1992
371 804.0
622 1311
610 1279
428 915.0
255 568.7
168 378.0
131 287.5
48.0 115.5
6.60 20.00
-3.00 0.00
-3.10 0.00