1 10.4
1 10.4
1 10.5
1 10.5
1 10.4
1 10.6
1 10.7
1 11.5
1 11.5
1 11.6
1 11.6
1 11.9
1 11.8
1 12.0
1 11.9
1 12.1
1 12.1
1 12.0
1 12.1
1 12.2
1 12.4
1 12.2
1 12.5
1 12.5
1 12.5
1 12.5
1 12.5
1 12.5
9 12.4
18 12.4
26 12.4
26 12.4
43 12.4
69 12.5
94 12.5
103 12.5
111 12.5
137 12.4
162 11.9
179 11.6
196 11.5
222 11.3
239 11.2
247 11.1
273 10.9
281 10.8
281 10.7
341 10.7
366 10.6
392 10.6
400 10.6
417 10.5
442 10.4
442 10.3
468 10.3
485 10.3
510 10.5
519 10.4
536 10.5
570 10.5
587 10.5
595 10.6
612 10.6
621 10.6
646 10.7
655 10.7
680 10.7
697 10.6
714 10.6
672 10.6
723 10.6
748 10.5
765 10.4
757 10.4
782 10.2
799 10.2
774 10.0
825 9.9
833 9.8
842 9.7
850 9.7
842 9.5
833 9.5
884 9.5
876 10.2
876 10.5
893 10.5
901 10.6
901 10.7
901 10.8
910 10.8
918 10.8
918 10.8
927 10.5
935 10.5
927 10.4
918 10.4
910 10.5
901 10.5
910 10.6
867 10.7
816 10.8
960 10.8
927 10.9
935 10.9
918 11.0
918 11.1
859 11.1
918 11.2
621 11.2
646 11.3
621 11.3
578 11.3
595 11.4
994 11.5
893 11.5
876 11.6
561 11.6
825 11.7
782 11.8
731 11.8
774 11.8
765 11.9
604 11.9
442 11.9
689 12.0
697 12.0
689 12.1
663 12.1
655 12.3
638 12.4
621 12.4
587 12.3
578 12.9
570 13.1
519 13.5
528 13.7
510 13.7
485 13.9
468 14.0
442 14.0
426 14.0
409 14.0
375 14.0
358 13.9
332 13.9
298 13.7
298 13.5
281 13.4
256 13.5
230 13.4
222 13.4
196 13.5
179 13.5
128 13.4
94 13.4
60 13.3
43 13.2
35 13.1
35 13.1
26 13.0
26 12.9
18 12.8
9 12.8
1 12.7
1 12.2
1 12.1
1 12.1
1 12.0
1 12.0
1 12.0
1 12.0
1 11.8
1 11.8
1 11.8
1 11.2
1 11.2
1 11.2
1 11.2
1 11.3
1 11.4
1 11.5
1 11.5
1 11.6
1 11.5
1 11.3
1 11.3
1 11.3
1 11.3
1 11.3
1 11.4
1 11.4
1 11.4
1 11.4
1 11.4
1 11.4
1 11.6
1 11.5
1 11.7
1 11.6
1 11.6
1 11.7
1 11.9
1 11.8
1 11.7
1 11.8
1 11.9
1 12.3
1 12.3
1 12.4
1 12.2
1 12.6
1 12.2
1 12.2
1 12.3
1 12.3
1 12.4
1 12.4
1 12.5
1 12.7
1 12.8
1 12.7
1 12.6
1 12.6
1 12.7
9 13.1
18 13.0
18 13.0
35 13.4
43 13.4
43 13.4
69 13.4
86 13.3
103 13.2
137 13.2
111 13.2
86 13.2
154 13.1
179 13.2
205 13.2
145 13.2
162 13.2
290 13.2
273 13.2
239 12.7
196 12.4
264 12.2
256 12.2
273 12.2
239 12.1
256 12.2
239 12.1
171 12.1
103 12.1
137 12.0
188 12.0
578 12.0
434 11.9
536 11.9
332 11.9
612 11.9
383 11.8
561 11.8
400 11.9
298 11.9
383 11.9
476 11.9
400 11.9
426 12.0
442 12.0
612 12.1
510 12.1
375 12.1
409 12.1
519 12.2
468 12.2
519 12.2
528 12.1
629 12.1
510 12.0
341 12.0
400 11.9
884 11.8
850 11.7
706 11.6
621 11.7
697 11.6
774 11.4
833 11.9
655 12.3
952 12.4
867 12.3
808 12.6
740 12.6
825 12.6
782 12.4
816 12.5
731 12.6
774 12.5
799 12.3
731 12.1
782 12.1
867 12.1
842 12.2
850 12.2
859 12.2
825 12.2
808 12.2
825 12.3
791 12.3
782 12.4
791 12.4
927 12.5
349 12.5
230 12.5
409 12.5
196 12.6
281 12.6
264 12.6
816 12.7
706 12.7
680 12.8
247 12.9
442 12.9
672 12.9
655 12.9
655 13.0
273 13.1
239 13.2
748 13.1
655 13.2
553 13.3
528 13.5
502 13.4
485 13.4
460 13.8
442 13.6
417 14.0
409 14.2
392 14.0
366 14.8
341 14.8
324 14.7
307 14.9
281 14.8
273 15.0
247 15.0
222 15.0
196 14.8
86 14.6
103 14.5
86 14.5
52 14.5
35 14.5
35 14.6
35 14.2
18 14.2
18 14.1
9 14.2
9 14.2
1 14.2
1 14.3
1 14.3
1 14.2
1 14.1
1 14.0
1 13.9
1 13.8
1 13.7
1 13.7
1 13.5
1 13.2
1 13.2
1 13.2
1 13.2
1 13.2
1 13.2
1 13.2
1 13.2
1 13.2
1 13.2
1 13.2
1 13.2
1 13.2
1 13.2
1 13.2
1 12.7
1 12.7
1 12.7
1 12.6
1 12.6
1 12.6
1 12.7
1 12.6
1 12.6
1 12.8
1 13.2
1 13.3
1 13.3
1 13.2
1 13.2
1 13.1
1 13.1
1 13.1
1 12.9
1 12.9
1 12.9
1 12.8
1 12.8
1 12.9
1 12.9
1 12.9
1 12.9
1 12.9
1 12.9
1 12.9
1 12.9
1 12.9
1 12.9
1 12.9
1 12.9
1 13.0
1 12.9
1 13.0
1 13.1
1 13.0
1 13.1
1 13.2
1 13.1
1 13.2
1 13.3
1 13.2
1 13.2
1 13.2
1 13.3
1 13.3
1 13.3
1 13.2
1 13.3
1 13.3
1 13.5
1 13.4
9 13.4
9 13.4
18 13.5
26 13.5
35 13.6
52 13.5
60 13.5
86 13.5
86 13.6
94 14.0
111 13.6
111 13.6
111 14.0
171 14.2
196 14.2
213 14.2
239 14.1
273 14.1
273 14.1
273 14.0
298 14.1
324 14.1
358 14.0
358 14.1
409 14.1
417 14.1
434 14.1
434 14.1
460 14.1
451 13.8
510 13.8
544 13.5
587 13.4
621 13.4
485 13.3
273 13.3
264 13.3
604 13.3
621 13.3
646 13.3
646 13.2
672 13.2
697 13.1
680 13.2
714 13.1
723 13.2
842 13.1
978 13.1
273 13.1
307 13.1
247 13.1
324 13.2
290 13.2
332 13.2
383 13.2
383 13.3
553 13.3
298 13.4
247 13.3
171 13.2
264 13.2
273 13.1
392 13.1
757 13.0
825 12.8
884 12.7
893 12.5
859 12.4
867 12.4
816 12.4
850 12.4
842 12.4
884 12.3
816 12.3
901 12.2
901 12.2
867 12.2
867 12.5
723 12.7
468 12.9
409 13.2
604 13.3
392 13.5
935 13.5
519 13.5
978 13.5
426 13.4
434 13.2
375 13.1
392 13.1
375 12.9
494 12.9
358 12.9
884 12.9
816 12.9
697 12.9
663 13.0
655 13.0
646 13.0
578 13.1
655 13.1
629 13.1
256 13.2
604 13.3
595 13.3
476 13.6
553 13.5
544 13.4
519 13.5
519 13.5
494 13.6
442 13.7
417 13.7
409 13.9
426 14.1
383 13.9
358 14.0
358 14.0
315 14.3
256 14.1
281 14.3
256 14.2
273 14.3
247 14.3
230 14.5
188 14.4
188 14.6
162 14.5
103 14.5
77 14.7
77 14.7
69 14.7
43 14.7
26 14.8
18 15.0
18 15.0
9 15.0
9 15.0
1 15.0
1 15.1
1 15.0
1 15.1
1 15.1
1 15.0
1 15.0
1 14.9
1 15.0
1 15.0
1 14.6
1 14.5
1 14.3
1 14.0
1 13.9
1 13.8
1 13.5
1 13.4
1 13.3
1 13.2
1 13.2
1 13.1
1 13.2
1 13.6
1 13.7
1 13.7
1 13.7
1 13.4
1 13.3
1 13.2
1 13.2
1 13.1
1 13.1
1 13.0
1 12.9
1 13.0
1 12.9
1 12.8
1 12.8
1 12.8
1 12.8
1 12.8
1 12.8
1 12.9
1 13.0
1 13.2
1 13.3
1 13.4
1 13.4
1 13.3
1 13.3
1 13.3
1 13.2
1 13.1
1 13.1
1 13.0
1 13.0
1 13.0
1 13.0
1 13.0
1 13.0
1 13.0
1 13.0
1 13.0
1 13.1
1 13.1
1 13.2
1 13.2
1 13.1
1 13.5
1 13.3
1 13.4
1 13.4
1 13.5
1 13.5
1 13.4
1 13.7
1 13.9
1 13.7
1 13.8
9 13.8
18 14.0
18 14.1
18 14.0
9 14.1
18 13.9
18 14.0
26 13.9
18 14.2
26 14.2
43 14.2
69 14.2
120 14.1
111 14.3
86 14.4
103 14.4
111 14.4
111 14.4
128 14.5
162 14.5
120 14.5
162 14.6
137 14.6
273 14.6
230 14.6
417 14.6
256 14.6
264 14.6
519 14.6
383 14.6
442 14.6
324 14.7
409 14.7
587 14.9
307 14.9
349 14.8
349 14.8
553 14.8
307 14.8
307 14.7
273 14.5
264 14.3
332 14.2
502 14.1
383 14.1
332 14.0
213 14.0
349 13.9
409 13.9
409 13.9
324 13.8
434 13.8
324 13.8
298 13.8
256 13.8
281 13.7
247 13.6
137 13.6
128 13.6
103 13.6
128 13.6
162 13.6
145 13.6
128 13.7
111 13.7
171 13.8
145 13.8
120 13.8
111 13.8
120 13.8
213 13.8
247 13.8
281 13.8
273 13.5
213 13.5
264 13.4
264 13.3
298 13.3
341 13.1
273 13.0
332 13.0
315 13.0
239 13.0
290 13.0
468 13.6
417 13.7
315 13.8
315 13.8
171 13.7
222 13.8
264 13.9
239 13.9
171 14.0
120 13.9
86 13.8
77 13.7
86 13.6
77 13.6
60 13.6
69 13.5
86 13.5
103 13.6
86 13.5
52 13.5
43 13.6
43 13.7
26 13.8
26 14.0
43 13.9
35 13.8
35 13.8
52 13.9
43 14.0
52 13.9
35 14.1
35 14.1
18 14.0
18 14.3
26 14.2
18 14.3
9 14.4
9 14.6
9 14.5
9 14.7
1 14.9
1 14.8
1 15.2
1 15.3
1 15.2
1 15.4
1 15.5
1 15.3
1 15.3
1 15.3
1 15.1
1 15.1
1 15.1
1 15.1
1 15.0
1 15.0
1 14.9
1 14.9
1 14.9
1 14.8
1 14.4
1 14.2
1 14.0
1 13.8
1 13.8
1 13.8
1 13.7
1 13.4
1 13.3
1 13.2
1 13.0
1 13.0
1 13.0
1 13.0
1 13.1
1 13.1
1 13.2
1 13.2
1 13.2
1 13.2
1 13.2
1 13.1
1 13.1
1 13.0
1 12.9
1 12.8
1 12.8
1 12.5
9 12.4
1 12.3
1 12.2
1 12.1
1 11.9
1 11.9
1 11.8
1 11.7
1 12.2
1 12.6
1 12.8
1 12.9
1 13.0
1 13.1
1 13.0
1 13.0
1 13.0
1 12.7
1 12.9
1 12.8
1 12.8
1 12.8
1 12.9
1 12.9
1 13.0
1 13.2
1 13.0
1 13.0
1 13.1
1 13.1
1 13.2
1 13.1
1 13.3
9 13.4
1 13.3
1 13.4
9 13.5
9 13.8
9 13.6
9 13.7
9 13.7
18 13.6
26 13.8
35 13.8
43 13.9
69 14.0
69 14.0
86 14.1
103 14.3
120 14.1
120 14.3
137 14.3
137 14.2
154 14.4
179 14.4
111 14.4
103 14.4
111 14.5
120 14.6
120 14.5
128 14.6
137 14.6
145 14.8
154 14.8
162 14.9
154 14.9
128 15.1
179 15.2
137 15.0
111 14.9
103 14.9
120 14.9
154 14.9
128 14.9
137 14.9
171 14.9
111 14.9
120 15.0
77 15.0
77 15.0
77 15.0
77 15.0
60 14.7
52 14.6
35 14.2
35 14.0
26 14.0
26 13.9
9 13.9
35 13.8
26 13.8
9 13.6
26 13.6
26 13.5
9 13.5
18 13.5
43 13.4
52 13.3
69 13.3
60 13.3
69 13.2
52 13.2
69 13.2
77 13.1
60 13.2
52 13.2
52 13.3
52 13.2
69 13.2
60 13.3
86 13.2
111 13.2
111 13.2
77 13.2
69 13.0
60 12.8
69 12.7
86 12.7
77 12.6
86 12.6
60 12.6
43 12.5
52 12.5
69 12.4
103 12.5
179 12.8
120 12.8
86 12.7
77 12.4
86 12.8
94 13.0
77 12.7
103 12.3
60 12.7
43 13.0
35 13.1
52 13.2
69 13.1
60 13.1
128 13.1
128 13.0
86 13.0
94 12.9
77 12.9
94 12.9
77 12.9
43 12.9
35 12.9
52 13.0
77 12.9
103 12.9
69 13.0
86 13.0
60 13.1
60 13.1
60 13.1
35 13.1
35 13.1
26 13.1
35 13.3
26 13.4
35 13.4
26 13.2
18 13.2
9 13.4
9 13.3
9 13.3
9 13.3
1 13.6
1 13.5
1 13.4
1 13.8
1 13.7
1 13.7
1 13.8
1 14.0
1 14.1
1 14.2
1 14.4
1 14.4
1 14.4
1 14.4
1 14.4
1 14.5
1 14.7
1 14.9
1 14.9
1 14.8
1 14.8
1 14.6
1 14.6
1 14.6
1 14.6
1 14.5
1 14.5
1 14.5
1 14.4
1 14.4
1 14.1
1 14.0
1 14.0
1 14.0
1 14.0
1 14.0
1 13.9
1 13.8
1 13.6
1 13.6
1 13.6
1 13.5
1 13.5
1 13.5
1 13.5
1 13.5
1 13.3
1 13.2
1 13.1
1 13.0
1 12.9
1 12.9
1 12.8
1 12.8
1 12.8
1 12.7
1 12.7
1 12.7
1 12.6
1 12.6
1 12.6
1 12.7
1 12.9
1 12.8
1 13.0
1 13.1
1 13.1
1 13.1
1 13.2
1 13.1
1 13.2
1 13.2
1 13.2
1 13.1
1 13.1
1 13.1
1 13.1
1 13.2
1 13.1
1 13.2
1 13.3
9 13.2
9 13.5
9 13.4
18 13.4
26 13.5
18 13.5
35 13.4
35 13.4
52 13.7
60 13.7
69 13.6
77 13.6
77 13.7
69 13.8
69 13.8
60 13.8
60 13.9
52 13.7
77 13.9
94 14.0
103 14.0
120 13.9
111 14.2
162 14.3
247 14.3
179 14.3
128 14.3
94 14.3
145 14.3
222 14.5
222 14.5
162 14.5
171 14.7
111 14.7
137 14.7
86 14.6
94 14.8
120 14.9
69 14.9
60 14.9
60 14.9
154 15.0
120 15.0
128 15.0
213 15.0
230 14.9
154 14.9
400 15.0
315 14.9
264 14.9
196 14.8
171 14.8
111 14.8
111 14.8
120 14.8
94 14.8
69 14.8
52 14.8
43 14.7
35 14.7
35 14.7
35 14.5
77 14.5
94 14.5
120 14.3
171 14.3
205 14.3
120 14.3
145 14.3
162 14.2
162 14.2
213 14.2
188 14.2
94 14.1
103 14.1
120 14.0
256 13.9
341 13.9
366 13.8
264 13.8
213 13.8
222 13.8
290 13.8
273 13.9
281 13.9
281 13.9
222 13.8
426 13.7
400 13.6
324 13.5
315 13.5
239 13.4
230 13.3
273 13.3
281 13.2
273 13.1
264 13.0
264 13.0
247 13.0
256 12.9
256 12.9
239 12.8
205 12.8
230 12.8
239 12.8
205 12.7
196 12.8
205 12.9
205 12.9
205 13.2
188 13.3
179 13.5
162 13.5
171 13.6
179 13.6
137 13.5
128 13.5
145 13.4
145 13.3
154 13.3
145 13.2
111 13.2
103 13.1
94 13.1
86 13.2
60 13.4
52 13.2
43 13.2
18 13.3
9 13.2
9 13.3
9 13.6
9 13.5
9 13.7
9 13.6
1 13.8
9 13.7
1 13.8
9 13.7
1 13.9
1 13.9
1 14.0
1 13.8
1 13.9
1 13.9
1 14.0
1 14.1
1 14.3
1 14.0
1 14.2
1 14.3
1 14.5
1 14.6
1 14.5
1 14.4
1 14.7
1 15.0
1 15.0
1 15.0
1 15.0
1 15.0
1 15.0
1 14.7
1 14.4
1 14.1
1 14.0
1 14.0
1 13.9
1 13.9
1 13.8
1 13.7
1 13.6
1 13.5
1 13.5
1 13.5
1 13.5
1 13.6
1 13.6
1 13.6
1 13.6
1 13.6
1 13.4
1 12.9
1 12.7
1 12.6
1 12.6
1 12.5
1 12.5
1 12.5
1 12.5
1 12.6
1 12.7
1 12.7
1 12.7
1 12.8
1 13.0
1 13.2
1 13.2
1 13.1
1 13.1
9 13.1
9 13.0
18 13.1
18 13.0
26 13.1
26 13.1
9 13.1
52 13.5
35 13.7
35 13.6
35 13.7
52 13.8
60 13.8
69 13.8
77 13.8
69 14.0
94 13.9
77 14.0
52 14.2
35 14.1
43 14.2
69 14.4
60 14.2
52 14.4
52 14.3
60 14.4
69 14.4
86 14.4
103 14.5
179 14.5
264 14.5
273 14.6
239 14.6
264 14.6
519 14.7
663 14.7
825 14.8
358 14.8
298 14.8
587 14.8
808 14.9
816 14.9
850 15.0
850 15.1
850 15.1
876 15.1
689 15.1
867 15.1
859 15.1
859 15.0
867 15.0
876 15.0
884 15.2
884 15.2
893 15.1
893 15.0
893 15.0
893 15.0
901 15.0
901 15.0
893 15.0
901 14.7
901 14.3
901 14.2
901 14.2
901 14.2
893 14.2
893 14.2
893 14.2
884 14.2
876 14.2
876 14.2
867 14.2
867 14.1
859 14.0
850 14.0
842 13.9
833 13.9
816 13.9
825 14.0
799 14.0
799 14.1
791 14.1
782 14.2
765 14.2
757 14.2
740 14.1
731 13.9
706 13.7
706 13.5
680 13.5
663 13.5
663 13.5
646 13.5
629 13.5
621 13.4
604 13.4
587 13.4
570 13.3
578 13.3
145 13.3
154 13.3
188 13.3
205 13.2
213 13.2
188 13.3
171 13.4
128 13.5
103 13.4
86 13.5
77 13.6
86 13.6
86 13.7
60 13.7
69 13.9
60 13.8
52 13.8
69 13.8
52 13.7
60 13.7
43 13.6
52 13.5
52 13.5
43 13.5
43 13.5
35 13.5
35 13.5
18 13.5
18 13.5
9 13.6
1 13.8
1 13.6
1 13.8
9 13.7
1 13.6
1 13.9
1 14.0
1 14.1
1 14.1
1 14.4
1 14.4
1 14.3
1 14.4
1 14.5
1 14.6
1 15.5
1 15.5
1 15.5
1 15.9
1 16.0
1 16.2
1 16.3
1 16.4
1 16.4
1 16.5
1 16.4
1 16.4
1 16.3
1 16.3
1 15.8
1 15.7
1 15.5
1 15.9
1 15.7
1 15.7
1 15.6
1 15.7
1 15.8
1 15.8
1 15.8
1 15.7
1 15.3
1 14.7
1 14.5
1 14.5
1 14.5
1 14.4
1 14.4
1 14.3
1 14.2
1 14.2
1 14.1
1 14.0
1 14.0
1 13.9
1 13.8
1 13.8
1 13.8
1 13.8
1 13.9
1 13.9
1 13.9
1 13.9
1 13.6
1 13.6
1 13.4
1 13.4
1 13.5
1 13.4
1 13.6
1 13.5
1 13.4
1 13.4
1 13.3
1 13.2
1 13.2
1 13.1
1 13.0
1 13.0
1 12.9
1 12.9
1 12.9
1 12.9
1 13.3
9 13.5
9 13.6
43 13.7
26 13.7
52 13.6
86 13.7
69 13.7
94 13.6
205 13.6
111 13.5
256 13.6
230 13.8
179 13.7
137 13.7
196 13.6
239 13.6
332 13.7
358 13.8
383 13.9
383 13.9
400 14.1
409 14.1
434 14.2
442 14.3
460 14.3
476 14.5
485 14.4
519 14.6
528 14.9
536 14.8
553 15.0
578 15.0
587 15.0
587 15.1
621 15.2
638 15.2
655 15.3
672 15.3
689 15.4
706 15.3
757 15.4
757 15.6
825 15.6
460 16.0
510 16.0
460 16.1
612 16.5
536 16.2
476 16.6
646 16.6
544 16.6
833 16.7
765 16.8
409 16.8
757 16.8
366 16.8
426 16.8
111 16.4
884 16.2
901 16.1
910 16.0
782 16.0
918 15.8
893 16.6
884 16.5
876 16.6
876 16.7
884 16.6
884 16.7
884 16.3
876 16.2
884 16.2
876 16.3
859 16.0
867 15.7
859 15.4
850 15.4
867 15.4
850 15.4
850 15.4
842 15.4
799 15.4
825 15.3
816 15.2
808 15.2
799 15.1
782 15.0
782 15.0
774 15.0
757 15.1
740 15.2
740 15.2
731 15.0
714 14.9
697 14.8
680 14.7
680 14.5
655 14.4
646 14.3
638 14.3
612 14.0
604 13.9
587 13.8
561 13.7
553 13.7
536 13.6
528 13.6
502 13.5
485 13.4
468 13.3
451 13.3
434 13.2
409 13.1
383 13.1
366 13.1
341 13.1
315 13.2
307 13.2
281 13.1
256 13.2
264 13.4
222 13.3
188 13.4
120 13.6
77 13.6
52 13.7
52 13.7
43 13.8
35 13.8
18 13.8
26 13.7
18 13.7
9 13.7
1 13.7
1 13.7
1 14.0
1 14.1
1 14.5
1 14.8
1 14.8
1 15.1
1 15.1
1 15.3
1 16.1
1 16.2
1 16.2
1 16.8
1 16.6
1 16.9
1 16.8
1 17.1
1 17.0
1 17.2
1 17.2
1 17.3
1 17.3
1 17.3
1 17.4
1 17.3
1 17.3
1 17.5
1 17.6
1 17.6
1 17.6
1 17.6
1 17.6
1 17.6
1 17.6
1 17.6
1 16.9
1 16.6
1 16.7
1 16.7
1 16.8
1 17.0
1 16.9
1 16.7
1 16.8
1 16.9
1 16.9
1 16.9
1 16.6
1 15.8
1 15.7
1 15.3
1 15.3
1 15.2
1 15.2
1 15.2
1 15.1
1 15.0
1 14.9
1 14.8
1 14.8
1 14.7
1 14.7
1 14.7
1 14.8
1 14.8
1 14.8
1 14.8
1 14.3
1 14.3
1 14.1
1 13.9
1 13.8
1 13.8
1 13.7
1 13.6
1 13.5
1 13.5
1 13.4
1 13.3
1 13.2
1 13.1
1 13.1
1 13.0
9 12.9
9 12.9
1 13.4
18 13.0
26 13.8
26 13.8
35 14.0
26 14.1
35 14.1
35 14.0
35 14.0
35 14.0
43 13.9
43 13.9
52 13.8
52 13.9
43 13.9
35 13.9
52 13.9
26 14.1
18 14.1
35 14.2
43 14.1
26 14.2
9 14.2
9 14.3
9 14.6
26 14.6
35 14.6
18 14.9
52 14.7
18 14.8
26 14.9
9 14.7
52 14.8
18 14.8
43 15.0
86 15.2
26 15.1
35 15.0
52 15.4
77 15.4
128 15.5
137 15.7
77 15.6
111 15.5
230 15.7
154 15.7
69 16.0
77 16.2
43 16.5
69 16.6
103 16.5
52 16.5
35 16.5
69 16.6
154 16.4
213 16.1
188 16.4
111 16.3
137 16.2
230 16.1
179 16.5
111 16.6
103 16.7
77 16.7
103 16.6
128 16.3
154 16.5
145 16.3
205 16.2
188 16.3
128 16.4
128 16.3
120 16.2
111 16.1
103 16.2
103 16.2
205 16.2
239 16.3
188 15.9
145 15.7
179 15.6
239 15.5
162 15.5
222 15.5
171 15.4
239 15.4
290 15.4
196 15.4
222 15.3
205 15.2
188 15.1
230 15.0
154 14.9
222 14.9
298 14.9
247 14.8
179 14.8
179 14.8
120 14.7
86 14.7
86 14.6
103 14.5
120 14.2
230 14.1
205 14.0
145 13.8
128 13.8
111 13.8
128 13.8
103 13.8
86 13.8
69 13.7
43 13.7
43 13.7
26 13.7
18 13.7
35 13.8
52 13.8
18 13.8
26 13.8
43 13.8
26 13.8
26 13.9
35 13.9
26 13.9
18 13.9
9 13.9
1 13.9
9 14.1
1 14.1
1 14.2
9 14.1
1 14.2
1 14.1
1 14.2
1 14.2
1 14.2
1 14.2
1 14.2
1 14.2
1 14.2
1 14.3
1 14.3
1 14.4
1 14.5
1 14.5
1 14.6
1 14.7
1 14.8
1 14.8
1 15.0
1 15.0
1 15.0
1 15.2
1 15.2
1 15.4
1 15.4
1 15.4
1 15.5
1 15.5
1 15.7
1 15.8
1 15.9
1 15.9
1 16.2
1 16.1
1 16.2
1 16.3
1 16.2
1 16.4
1 16.3
1 16.4
1 16.5
1 16.4
1 16.5
1 16.5
1 16.5
1 16.5
1 16.5
1 16.5
1 16.5
1 16.5
1 16.5
1 16.2
1 16.1
1 16.2
1 16.2
1 16.1
1 16.0
1 16.1
1 16.1
1 16.1
1 16.1
1 15.0
1 14.9
1 14.9
1 14.9
1 14.8
1 14.8
1 14.8
1 14.8
1 14.8
1 14.8
1 14.8
1 14.8
1 14.8
1 14.7
1 14.7
1 14.7
1 14.7
1 14.6
1 14.6
1 14.6
1 14.5
1 14.5
9 14.5
1 14.6
9 14.3
26 14.3
26 14.5
35 14.3
43 14.2
26 14.2
162 14.3
171 14.1
188 14.3
213 14.3
230 14.4
247 14.5
256 14.6
273 14.7
307 14.7
315 14.7
349 14.7
366 14.7
383 14.6
400 14.7
417 14.6
451 14.6
409 14.6
468 14.6
417 14.6
510 14.6
536 14.6
553 14.6
561 14.7
578 14.7
595 14.7
612 14.7
629 14.8
629 14.8
655 14.9
663 14.9
689 15.0
706 15.0
714 15.1
723 15.1
740 15.1
757 15.3
757 15.3
765 15.3
782 15.5
799 15.5
808 15.6
842 15.6
825 15.7
901 15.8
850 15.9
893 15.9
901 16.0
876 16.0
867 16.1
893 16.1
884 16.1
884 16.2
884 16.2
927 16.3
944 16.3
986 16.5
935 16.5
927 16.5
986 16.6
893 16.6
910 16.8
952 16.8
935 16.9
944 17.0
978 17.0
105 17.1
106 17.0
117 16.8
358 16.4
100 16.3
969 16.6
307 16.6
944 16.6
910 16.5
663 16.2
884 16.4
239 16.4
927 16.3
876 16.3
833 16.0
842 16.1
808 15.8
799 15.8
808 15.5
816 15.5
791 15.5
748 15.4
731 15.4
714 15.4
697 15.4
689 15.3
672 15.3
663 15.2
646 15.3
629 15.3
612 15.3
595 15.3
570 15.3
519 15.3
502 15.2
485 15.2
460 15.2
451 15.2
400 15.1
375 15.1
358 15.1
341 15.1
324 15.1
307 15.0
281 14.9
256 14.9
188 14.8
111 14.7
60 14.7
35 14.7
35 14.6
35 14.6
35 14.5
26 14.4
26 14.5
26 14.4
26 14.4
9 14.3
18 14.3
9 14.3
9 14.4
1 14.4
1 14.7
1 14.8
1 15.0
1 15.0
1 14.9
1 14.9
1 14.8
1 14.8
1 14.9
1 14.8
1 14.9
1 14.9
1 14.9
1 15.0
1 15.0
1 15.1
1 15.1
1 15.1
1 15.2
1 15.3
1 15.4
1 15.3
1 15.3
1 15.4
1 15.4
1 15.4
1 15.4
1 15.4
1 15.5
1 15.5
1 15.5
1 15.6
1 15.8
1 15.9
1 16.1
1 16.1
1 16.2
1 16.1
1 16.2
1 16.3
1 16.4
1 16.4
1 16.4
1 16.6
1 16.6
1 16.5
1 16.5
1 16.5
1 16.4
1 16.1
1 16.0
1 16.0
1 16.0
1 16.0
1 16.0
1 16.1
1 16.1
1 16.1
1 16.2
1 16.0
1 15.4
1 15.3
1 15.3
1 15.2
1 15.1
1 15.1
1 15.0
1 15.0
1 14.9
1 14.8
1 14.7
1 14.7
1 14.7
1 14.7
1 13.5
1 13.5
1 13.4
9 13.4
1 13.2
9 13.2
18 13.2
18 13.2
26 13.2
35 13.3
52 13.3
77 13.3
86 13.1
111 12.9
120 12.8
137 12.7
154 12.6
171 12.6
188 12.5
205 12.5
222 12.5
239 12.4
256 12.4
273 12.5
290 12.7
315 12.9
332 12.9
349 13.2
366 13.3
383 13.3
400 13.4
417 13.3
426 13.4
451 13.4
460 13.3
485 13.6
502 13.8
519 13.6
536 13.5
553 13.5
570 13.8
587 13.8
595 13.9
621 13.9
629 14.0
655 14.1
672 14.2
689 14.5
697 14.5
714 14.6
731 14.9
740 14.8
748 15.0
765 15.1
774 15.1
782 15.1
799 15.2
808 15.3
816 15.5
825 15.5
842 15.6
850 15.8
842 15.8
867 16.0
867 16.1
867 16.1
876 16.2
884 16.4
893 16.4
901 16.5
910 16.6
910 16.7
893 16.7
901 16.8
893 16.8
893 16.9
910 17.1
893 17.1
901 17.2
893 17.3
901 17.3
893 17.4
901 17.5
876 17.5
876 17.2
867 17.0
876 16.7
859 16.5
859 16.5
850 16.5
867 16.5
842 17.0
833 17.1
808 17.2
765 17.4
816 17.4
697 17.2
816 16.9
833 16.7
833 16.8
748 16.6
731 16.4
689 16.1
723 16.0
672 16.0
646 16.0
570 16.0
468 16.0
494 16.0
561 15.9
502 15.9
460 15.8
442 15.7
409 15.6
298 15.5
510 15.5
409 15.4
494 15.4
536 15.3
476 15.1
400 15.0
409 15.0
392 14.9
375 14.8
375 14.8
290 14.9
230 14.8
281 14.5
60 13.5
52 13.5
52 13.4
35 13.4
35 13.4
26 13.4
26 13.4
26 13.3
9 13.3
9 13.3
9 13.4
1 13.5
1 13.5
1 13.8
1 13.9
1 14.0
1 14.0
1 13.9
1 14.0
1 13.8
1 14.0
1 14.3
1 14.1
1 14.3
1 14.5
1 14.8
1 15.2
1 15.0
1 15.1
1 14.9
1 15.1
1 15.5
1 15.5
1 15.4
1 15.5
1 15.8
1 16.1
1 16.2
1 16.5
1 16.5
1 16.4
1 16.6
1 16.8
1 17.0
1 17.0
1 17.1
1 17.1
1 17.2
1 17.1
1 17.1
1 17.2
1 17.2
1 17.2
1 17.2
1 17.0
1 16.7
1 16.6
1 16.4
1 16.3
1 16.2
1 16.2
1 16.4
1 16.4
1 16.6
1 16.8
1 16.7
1 16.7
1 16.5
1 16.1
1 15.8
1 15.7
1 15.7
1 15.6
1 15.5
1 15.5
1 15.4
1 15.3
1 15.1
1 15.0
1 14.9
1 14.8
1 14.8
9 14.8
18 14.4
9 14.1
18 13.9
52 14.0
69 14.0
86 14.0
103 13.9
128 13.9
145 13.9
162 13.8
188 13.8
205 13.8
222 13.8
239 13.8
256 13.6
273 13.5
281 13.3
315 13.2
324 13.2
349 13.1
375 13.1
392 13.1
400 13.1
417 13.1
442 13.1
460 13.6
476 13.7
494 13.9
502 13.9
528 14.1
553 13.8
570 14.0
578 14.0
604 13.9
621 13.9
638 13.9
638 13.9
663 13.9
672 13.8
697 13.8
723 13.8
604 13.8
663 13.9
714 13.8
740 13.9
731 13.9
765 14.0
782 14.1
791 14.1
833 14.3
808 14.4
825 14.4
833 14.5
850 14.6
867 14.6
859 14.7
867 14.7
901 14.8
850 14.9
884 14.9
910 14.9
740 14.9
901 15.0
910 15.3
714 15.6
960 15.9
893 16.1
901 16.1
621 16.3
740 16.3
697 16.4
476 16.6
655 16.7
561 16.8
468 17.0
672 17.0
816 17.0
757 17.1
927 17.1
927 17.2
927 17.3
901 17.4
893 17.4
884 17.5
867 17.4
867 17.2
850 17.0
859 17.1
833 17.1
791 16.8
782 16.8
689 16.8
663 16.9
714 17.1
663 17.1
629 16.9
595 17.0
731 17.0
680 17.0
578 16.9
697 16.7
689 16.6
663 16.6
612 16.5
646 16.5
570 16.5
358 16.5
315 16.4
392 16.3
528 16.1
528 16.0
468 15.8
409 15.7
460 15.7
349 15.6
324 15.5
383 15.5
332 15.5
230 15.5
188 15.5
230 15.5
264 15.5
162 15.6
137 15.6
137 15.6
188 15.4
94 15.4
86 15.3
77 15.2
69 15.1
69 15.0
60 15.0
52 14.9
35 14.9
35 14.8
18 14.8
9 14.8
18 14.7
1 14.7
1 14.7
1 14.7
1 14.7
1 14.6
1 14.6
1 15.1
1 15.1
1 15.1
1 15.1
1 15.0
1 14.8
1 14.8
1 14.8
1 14.9
1 14.9
1 15.2
1 15.6
1 15.7
1 15.7
1 15.8
1 15.7
1 15.8
1 16.0
1 16.0
1 16.0
1 16.1
1 16.4
1 17.0
1 17.3
1 17.4
1 17.3
1 17.3
1 17.2
1 17.2
1 17.2
1 17.0
1 16.7
1 16.6
1 16.6
1 16.6
1 16.8
1 16.8
1 16.8
1 16.7
1 16.4
1 16.3
1 16.2
1 16.2
1 16.2
1 16.1
1 16.1
1 16.0
1 15.9
18 15.9
18 15.9
26 15.9
35 15.8
52 15.8
60 15.8
52 15.8
60 15.8
60 15.7
77 15.6
69 15.6
77 15.6
86 15.6
94 15.4
103 15.4
111 15.3
111 15.3
137 15.3
128 15.2
128 15.1
137 15.0
154 14.9
162 14.8
171 14.8
188 14.7
205 14.6
213 14.6
213 14.6
230 14.6
273 15.0
324 14.5
341 14.5
392 14.4
307 14.4
239 14.8
213 14.7
171 14.8
162 15.2
145 15.3
145 15.3
162 15.3
179 15.3
213 15.3
247 15.3
290 15.2
307 15.1
341 15.1
358 15.2
332 15.2
366 15.2
375 15.2
375 15.3
375 15.4
426 15.4
383 15.4
366 15.5
383 15.5
417 15.5
341 15.5
366 15.6
375 15.6
341 15.6
281 15.8
281 15.7
273 15.9
290 15.8
315 16.0
341 16.2
281 16.1
256 16.4
264 16.3
256 16.4
222 16.7
205 16.5
213 16.8
273 16.9
273 16.9
281 17.1
298 17.1
298 17.2
281 17.3
188 17.3
188 17.3
188 17.4
213 17.4
205 17.4
222 17.5
213 17.5
179 17.5
145 17.4
188 17.4
213 17.2
196 17.1
162 17.1
103 17.0
120 17.0
86 17.1
128 17.0
162 17.0
154 17.0
154 17.0
162 17.0
179 17.1
179 17.1
213 17.0
179 16.9
171 16.6
188 16.5
171 16.4
196 16.4
179 16.4
145 16.3
120 16.3
120 16.3
120 16.2
111 16.1
86 16.0
86 15.9
77 15.8
94 15.7
94 15.6
94 15.6
86 15.6
69 15.7
69 15.8
69 15.7
52 15.6
52 15.6
35 15.6
35 15.7
35 15.6
26 15.4
18 15.4
18 15.3
18 15.3
18 15.2
1 15.2
9 15.1
1 15.1
1 14.9
1 14.9
1 14.8
1 14.8
1 14.8
1 14.7
1 15.2
1 15.3
1 15.2
1 15.3
1 15.4
1 15.4
1 15.3
1 15.4
1 15.6
1 15.4
1 15.4
1 15.4
1 15.5
1 15.5
1 15.5
1 15.8
1 15.8
1 16.1
1 15.8
1 15.9
1 16.2
1 15.9
1 15.9
1 16.6
1 16.6
1 16.8
1 16.8
1 17.0
1 17.0
1 17.0
1 17.0
1 17.0
1 17.1
1 17.0
1 16.9
1 16.9
1 16.9
1 16.9
1 16.9
1 16.9
1 16.8
1 16.8
1 16.8
1 16.8
1 16.8
1 16.5
1 16.3
1 16.2
1 16.1
9 16.1
9 16.0
18 15.9
26 15.9
43 15.9
52 15.8
69 15.8
69 15.8
77 15.8
86 15.8
77 15.8
60 15.8
52 15.8
94 15.8
103 15.7
111 15.7
128 15.7
111 15.7
103 15.7
86 15.8
94 15.8
120 15.7
86 15.7
86 15.6
111 15.6
60 15.5
60 15.5
94 15.5
120 15.4
94 15.4
103 15.4
77 15.3
77 15.3
60 15.3
26 15.3
35 15.2
60 15.2
52 15.2
52 15.5
26 15.5
43 15.6
43 15.5
86 15.2
111 15.4
137 15.6
52 15.7
52 15.6
120 15.6
120 15.5
103 15.5
111 15.5
137 15.5
196 15.5
273 15.5
290 15.5
196 15.6
171 15.6
171 15.6
137 15.6
256 15.6
188 15.6
213 15.6
222 15.7
205 15.7
222 15.7
324 15.9
222 15.8
128 15.8
162 15.8
137 15.8
239 15.8
213 15.8
171 15.9
213 15.9
230 15.9
264 15.9
154 15.9
120 15.9
111 15.9
94 15.9
137 15.9
145 15.9
77 16.0
26 16.0
26 16.0
60 16.1
94 16.1
94 16.2
52 16.3
69 16.2
60 16.4
154 16.3
171 16.3
162 16.3
86 16.4
103 16.4
60 16.5
60 16.4
69 16.4
86 16.4
171 16.4
196 16.4
111 16.4
137 16.4
86 16.4
103 16.4
103 16.4
94 16.3
111 16.3
145 16.3
230 16.3
145 16.3
154 16.3
171 16.3
273 16.3
69 16.2
162 16.2
1 15.1
1 15.3
1 15.5
1 15.3
1 15.4
1 15.4
1 15.4
1 15.5
1 15.5
1 15.7
1 15.8
1 15.8
1 15.7
1 16.0
1 15.9
1 15.8
1 15.8
1 15.9
1 16.1
1 15.9
1 16.1
1 16.0
1 16.1
1 16.2
1 16.1
1 16.2
1 16.3
1 16.2
1 16.3
1 16.3
1 16.4
1 16.4
1 16.4
1 16.5
1 16.5
1 16.6
1 16.5
1 16.6
1 16.6
1 16.5
1 16.5
1 16.5
1 16.5
1 16.5
1 16.5
1 16.4
1 16.4
9 16.3
18 16.2
18 16.2
18 16.1
18 16.1
35 16.0
52 16.0
43 16.0
60 16.0
86 15.9
103 15.9
120 15.9
86 15.9
86 15.9
111 15.8
111 15.8
94 15.8
69 15.7
103 15.8
103 15.7
77 15.7
111 15.7
162 15.7
162 15.7
196 15.7
179 15.7
137 15.6
137 15.5
264 15.3
137 15.1
179 15.1
145 15.0
256 15.0
205 15.0
341 14.9
120 14.9
137 14.9
128 14.8
154 14.8
205 15.1
222 14.8
273 14.8
213 14.8
256 15.0
222 14.9
230 15.0
256 15.0
375 15.2
247 15.3
460 15.4
409 15.4
307 15.3
273 15.4
281 15.4
307 15.5
307 15.5
281 15.4
324 15.4
264 15.5
375 15.4
264 15.4
434 15.6
502 15.5
442 15.7
332 15.7
426 15.8
476 15.8
375 15.9
375 15.9
468 15.9
757 15.9
366 16.1
417 16.1
442 16.0
298 16.2
307 16.1
375 16.2
383 16.2
595 16.3
714 16.3
612 16.3
587 16.3
629 16.4
825 16.5
697 16.5
680 16.7
850 16.8
553 17.0
460 17.1
307 17.1
332 17.3
519 17.3
893 17.3
544 17.3
663 17.4
426 17.4
451 17.5
510 17.5
239 17.5
205 17.4
247 17.5
307 17.2
392 17.2
366 17.1
315 17.1
205 17.0
264 17.2
281 17.2
247 17.3
213 17.4
273 17.3
239 17.0
222 17.1
264 17.1
281 17.1
196 17.1
60 16.7
52 16.6
52 16.6
43 16.5
26 16.3
43 16.2
26 16.2
26 16.1
18 16.1
26 16.2
18 16.2
9 16.2
1 16.1
1 16.1
1 16.0
1 15.8
1 15.7
1 15.5
1 15.3
1 15.2
1 15.2
1 15.2
1 15.2
1 15.1
1 15.1
1 15.1
1 15.1
1 15.2
1 15.3
1 15.2
1 15.2
1 15.1
1 15.2
1 15.3
1 15.4
1 15.5
1 15.5
1 15.4
1 15.5
1 15.5
1 15.4
1 15.3
1 15.3
1 15.3
1 15.3
1 15.3
1 15.3
1 15.3
1 15.4
1 15.5
1 15.5
1 15.5
1 15.6
1 15.7
1 15.8
1 15.8
1 16.0
1 15.9
1 16.3
1 16.2
1 16.4
1 16.5
1 16.4
1 16.4
1 16.6
1 16.6
1 16.5
1 16.6
1 16.6
1 16.6
1 16.5
1 16.7
1 16.8
1 16.7
1 16.8
1 16.8
1 17.0
1 17.2
1 17.4
1 17.5
1 17.5
1 17.5
1 17.5
1 17.5
1 17.5
1 17.4
1 17.3
1 17.3
1 17.3
9 17.2
1 17.2
1 17.2
9 17.2
9 17.2
18 17.2
26 17.3
35 17.3
35 17.1
43 16.9
60 16.6
77 16.6
94 16.6
86 16.6
103 16.6
77 16.6
111 16.5
120 16.5
128 16.4
162 16.4
154 16.4
128 16.3
179 16.3
256 16.3
239 16.2
230 16.2
273 16.2
256 16.1
239 16.1
222 16.1
264 16.1
256 16.1
213 16.0
264 16.0
281 15.8
366 15.7
375 15.8
383 15.6
383 15.6
460 15.6
409 15.6
349 15.6
451 15.6
485 15.4
528 15.4
502 15.3
587 15.3
663 15.2
553 15.1
604 15.0
774 15.0
706 14.9
697 14.9
774 15.3
528 14.9
578 15.6
714 15.4
646 14.8
740 14.8
587 15.6
604 15.8
485 16.0
434 16.0
358 16.0
298 16.0
247 15.9
205 15.8
162 15.8
137 15.8
137 15.7
137 15.7
145 15.8
145 15.8
137 15.9
179 15.8
213 15.9
179 15.9
145 16.0
111 16.1
69 16.1
52 16.3
120 16.4
154 16.5
213 16.5
307 16.6
358 16.7
392 17.2
307 17.0
400 16.9
510 17.4
400 17.6
978 17.6
111 17.8
494 17.7
468 17.8
782 17.8
663 17.9
646 17.9
111 17.8
128 17.6
77 17.6
154 17.5
120 17.7
111 17.8
120 17.9
162 17.8
162 17.6
154 17.6
145 17.6
137 17.6
128 17.6
120 17.4
103 17.2
94 16.9
69 16.9
77 16.9
69 16.8
52 16.8
60 16.8
52 16.8
52 16.7
43 16.5
26 16.3
26 16.2
18 16.1
9 15.9
1 15.9
1 16.0
1 16.0
1 16.1
1 16.1
1 16.1
1 16.1
1 16.1
1 16.1
1 16.1
1 15.9
1 15.8
1 15.7
1 15.7
1 15.7
1 15.6
1 15.4
1 15.3
1 15.3
1 15.2
1 15.1
1 15.1
1 15.3
1 15.0
1 15.0
1 15.0
1 15.0
1 14.9
1 15.4
1 14.9
1 15.6
1 15.4
1 15.7
1 15.6
1 15.6
1 15.5
1 15.4
1 15.3
1 15.4
1 15.3
1 15.3
1 15.4
1 15.5
1 15.5
1 15.6
1 15.7
1 16.1
1 15.9
1 16.1
1 16.3
1 16.3
1 16.2
1 16.3
1 16.5
1 16.5
1 16.6
1 16.5
1 16.6
1 16.6
1 16.7
1 16.6
1 16.6
1 16.6
1 16.8
1 16.6
1 16.7
1 16.6
1 16.7
1 16.7
1 17.1
1 17.2
1 17.4
1 17.6
1 17.6
1 17.7
9 17.7
1 17.7
9 17.7
9 17.6
18 17.5
26 17.4
43 17.4
52 17.5
111 17.4
111 17.4
154 17.4
145 17.5
179 17.5
205 17.5
179 17.5
162 17.3
213 17.0
230 16.7
264 16.6
222 16.5
307 16.5
298 16.5
307 16.5
273 16.4
358 16.4
349 16.3
324 16.3
341 16.3
332 16.3
315 16.2
290 16.2
290 16.1
290 16.1
281 16.1
476 16.2
570 16.0
324 16.0
315 16.1
400 16.1
400 16.1
400 16.1
409 16.2
476 16.1
680 16.2
528 16.3
383 16.2
213 16.2
230 16.2
145 16.0
137 15.9
111 15.9
94 15.9
179 15.8
205 15.7
281 15.6
315 15.6
375 15.5
239 15.5
188 15.4
188 15.4
239 15.5
222 15.8
179 15.5
332 15.8
570 15.8
680 15.8
451 15.8
714 16.2
102 16.3
893 16.3
884 16.3
876 16.3
876 16.2
876 16.1
876 16.2
876 16.2
876 16.2
876 16.3
876 16.3
859 16.3
867 16.4
859 16.4
859 16.4
850 16.5
842 16.4
842 16.6
833 16.8
825 16.8
825 16.9
799 16.9
808 16.9
791 17.0
782 17.0
774 17.1
765 17.0
757 17.0
731 17.0
731 17.0
714 17.2
706 17.1
689 17.2
672 17.3
663 17.6
655 17.7
638 17.7
629 17.9
604 17.9
595 17.8
570 18.0
544 18.3
544 18.4
519 18.4
485 18.6
494 18.6
476 18.5
460 18.6
442 18.6
426 18.5
341 18.2
290 18.5
35 18.1
35 18.1
26 18.1
26 18.0
18 18.0
1 17.5
9 17.5
1 17.4
9 17.4
1 17.3
1 17.3
1 17.2
1 17.0
1 16.7
1 16.6
1 16.4
1 16.4
1 16.4
1 16.4
1 16.5
1 16.6
1 16.7
1 16.7
1 16.7
1 16.8
1 16.8
1 16.3
1 16.2
1 16.0
1 15.9
1 15.9
1 15.8
1 15.8
1 15.7
1 16.6
1 16.5
1 16.6
1 16.6
1 16.6
1 16.7
1 16.8
1 16.7
1 16.7
1 16.7
1 16.8
1 17.0
1 17.0
1 17.0
1 17.1
1 17.3
1 17.3
1 17.5
1 17.7
1 18.2
1 18.2
1 18.3
1 18.4
1 18.5
1 18.5
1 18.5
1 18.5
1 18.5
1 18.5
1 18.5
9 18.5
9 18.5
9 18.5
18 18.5
60 18.5
69 18.5
94 18.5
103 18.4
128 18.3
137 18.2
162 18.1
179 18.1
188 18.1
213 18.1
222 18.1
247 18.2
264 18.2
273 18.1
298 18.1
307 18.1
324 18.1
358 18.1
375 18.1
392 17.9
409 17.7
426 17.6
442 17.5
451 17.1
476 17.1
485 17.1
510 17.0
528 17.0
544 16.9
561 16.9
578 16.8
587 16.8
604 16.7
612 16.6
629 16.6
638 16.6
655 16.6
680 16.6
689 16.5
697 16.6
714 16.8
731 16.7
774 16.7
740 16.7
774 16.7
774 16.9
808 16.9
833 16.9
816 16.8
816 16.9
825 17.0
833 17.0
842 16.8
842 16.9
859 16.5
859 16.6
867 16.5
884 16.5
536 16.6
104 16.8
349 16.5
417 16.4
528 16.4
247 16.5
349 16.8
952 16.9
239 16.9
264 17.2
383 17.1
510 17.5
383 17.5
298 17.6
927 17.4
101 17.4
833 17.5
125 17.5
426 17.5
341 17.4
349 17.4
256 17.4
196 17.3
171 17.3
528 17.3
111 17.3
162 17.3
162 17.4
154 17.4
188 17.4
145 17.4
128 17.4
154 17.5
162 17.4
298 17.5
171 17.6
247 17.6
230 17.6
188 17.6
247 17.7
247 17.7
222 17.8
154 17.8
171 17.8
171 17.9
714 17.8
629 17.9
638 17.9
638 17.9
587 18.0
162 18.1
154 18.1
239 18.5
205 18.6
137 18.7
86 18.7
86 18.7
60 18.7
60 18.8
60 18.9
35 19.0
35 19.0
35 18.9
26 18.8
18 18.8
35 18.8
43 18.7
26 18.8
18 18.8
18 18.8
26 18.7
43 18.5
26 18.5
26 18.5
9 18.5
9 18.5
9 18.6
1 18.6
1 18.1
1 17.1
1 16.8
1 16.7
1 16.7
1 16.7
1 16.7
1 16.7
1 16.7
1 16.7
1 16.7
1 16.6
1 16.6
1 16.6
1 16.6
1 16.6
1 16.5
1 16.5
1 16.5
1 16.4
1 16.3
1 16.3
1 16.3
1 16.2
1 16.2
1 16.1
1 16.4
1 16.6
1 16.2
1 16.4
1 16.6
1 16.7
1 16.7
1 16.7
1 16.6
1 16.6
1 16.6
1 16.7
1 16.6
1 16.6
1 16.7
1 16.7
1 16.7
1 16.7
1 16.8
1 16.8
1 16.9
1 16.9
1 16.9
1 16.9
1 16.8
1 16.9
1 16.9
1 17.0
1 17.1
1 17.0
1 17.0
1 17.0
1 17.1
1 17.0
1 17.1
9 17.0
18 17.0
18 17.0
52 17.0
69 17.0
103 17.0
128 17.0
145 17.0
171 17.0
171 16.9
205 16.9
222 17.0
222 17.0
213 17.0
171 17.1
120 17.1
230 17.2
222 17.1
341 17.1
315 17.1
349 17.1
375 17.1
383 17.1
400 17.1
426 17.1
442 17.1
460 17.1
476 17.1
485 17.1
502 17.1
528 17.1
544 17.2
561 17.2
578 17.1
595 17.0
612 16.8
629 16.6
629 16.4
655 16.2
663 16.1
706 16.0
706 16.0
714 16.0
757 15.9
765 15.8
765 15.8
791 15.8
791 16.0
808 16.1
825 16.2
825 16.2
842 16.1
850 16.1
850 16.2
867 16.2
876 16.2
884 16.2
876 16.2
884 16.3
893 16.3
901 16.3
901 16.3
901 16.3
910 16.2
910 16.1
918 16.1
918 16.1
910 16.0
927 16.0
918 15.9
918 16.2
918 16.2
918 15.7
910 15.8
910 15.7
910 15.7
901 15.7
901 15.9
994 16.1
629 16.1
434 16.4
375 16.4
298 16.7
298 16.7
383 16.8
375 16.9
104 16.9
884 16.8
782 16.9
748 16.9
740 17.0
731 17.0
281 17.0
672 17.0
867 17.0
604 17.3
595 17.4
587 17.4
561 17.6
544 17.6
536 17.7
519 17.8
510 17.9
494 17.9
468 18.0
460 18.0
349 18.4
341 18.4
341 18.4
307 18.4
230 18.4
145 18.4
69 18.4
35 18.4
35 18.4
26 18.5
35 18.5
35 18.5
26 18.5
26 18.1
26 18.3
26 18.0
18 17.9
9 17.8
18 17.8
9 17.7
9 17.7
9 18.1
9 18.1
1 18.2
9 18.1
1 18.0
1 17.8
1 18.0
1 17.9
1 17.8
1 17.5
1 17.2
1 16.3
1 16.0
1 15.9
1 15.7
1 15.7
1 15.8
1 15.7
1 15.6
1 15.6
1 15.2
1 15.4
1 15.1
1 13.3
1 13.2
1 13.1
1 13.1
1 13.0
1 12.9
1 12.7
1 12.7
1 12.9
1 12.7
1 12.7
1 13.2
1 13.7
1 13.8
1 13.8
1 14.0
1 14.1
1 14.3
1 14.4
1 14.6
1 14.6
1 14.7
1 14.7
1 14.7
1 14.7
1 14.8
1 14.8
1 15.0
1 15.0
1 15.3
1 15.3
1 15.2
1 15.1
1 15.2
1 15.4
1 15.3
1 15.5
1 15.7
1 15.8
9 15.8
1 15.7
9 15.6
18 15.6
18 15.7
52 15.7
69 15.5
94 15.7
111 15.7
128 15.6
162 15.7
171 15.7
196 15.8
213 15.8
230 15.8
247 15.9
273 15.8
290 15.9
307 15.9
315 16.0
349 15.9
366 16.0
392 15.9
409 16.0
426 16.0
451 16.1
468 16.2
485 16.2
510 16.2
510 16.2
544 16.2
553 16.2
570 16.2
595 16.2
621 16.2
629 16.1
646 16.1
663 16.1
680 16.1
697 16.1
723 16.1
723 16.1
731 15.8
748 15.6
799 15.1
791 14.8
791 14.6
230 14.6
833 14.5
816 14.5
833 14.5
833 14.4
842 14.3
884 14.3
910 14.3
927 14.2
893 14.2
213 14.2
910 14.2
901 14.2
918 13.9
918 13.5
918 13.3
935 13.4
944 13.8
944 13.3
927 13.3
944 13.3
935 13.2
867 13.2
935 13.1
944 13.1
935 13.0
952 12.8
952 12.8
944 12.7
944 12.7
927 12.6
944 12.6
927 12.9
927 12.6
901 12.6
774 12.6
927 12.8
918 12.5
935 12.7
893 12.5
774 12.5
867 12.6
816 13.1
833 13.6
901 13.5
782 14.1
273 13.8
944 14.4
315 14.6
782 14.7
731 14.9
757 14.8
646 14.9
18 17.2
1 17.2
1 17.3
1 17.4
1 17.1
1 17.3
1 17.1
1 16.9
1 16.8
1 17.0
1 16.9
1 16.5
1 13.5
1 13.5
1 13.6
1 13.7
1 13.9
1 13.9
1 13.9
1 13.9
1 14.0
1 14.0
1 14.0
1 14.0
1 14.0
1 13.9
1 13.9
1 13.8
1 14.0
1 14.0
1 14.0
1 14.0
1 14.0
1 14.0
1 14.1
1 14.0
1 13.9
1 13.9
1 14.0
1 14.0
1 14.0
1 14.0
1 14.0
9 13.9
18 13.9
18 14.0
18 14.0
18 14.0
9 14.3
18 14.1
9 14.4
18 14.1
9 14.3
9 14.2
9 14.5
18 14.8
18 14.6
18 15.1
26 15.2
43 15.4
52 15.4
43 15.7
52 15.5
43 15.6
52 15.8
60 15.8
60 15.9
77 15.9
103 15.9
145 16.0
103 16.1
120 16.0
103 16.0
94 16.0
86 16.0
154 16.1
179 15.7
154 15.7
145 15.7
205 15.8
256 15.8
222 15.8
205 15.8
366 15.7
247 15.1
239 15.0
222 14.7
222 14.7
128 14.7
239 14.6
154 14.6
179 14.5
154 14.5
103 14.5
103 14.3
103 14.3
111 14.3
145 14.3
137 14.3
188 14.2
196 14.2
145 14.2
145 14.1
256 14.1
196 14.1
94 14.1
77 14.0
111 14.0
137 14.0
213 13.9
128 13.9
111 13.9
111 13.9
128 13.8
145 13.8
137 13.8
154 13.9
128 13.9
111 14.1
69 14.1
69 14.1
60 14.1
69 14.1
77 14.1
86 14.1
1 14.1
1 14.4
1 14.5
1 14.5
1 14.3
1 14.1
1 14.2
1 14.1
1 14.0
1 14.0
1 14.0
1 14.0
1 14.0
1 13.9
1 13.9
1 13.9
1 13.9
1 13.9
1 13.9
1 13.9
1 13.6
1 13.6
1 13.5
1 13.5
1 13.5
1 13.5
1 13.4
1 13.4
1 13.3
1 13.2
1 13.2
1 13.2
1 13.1
1 13.1
1 13.1
1 13.1
1 13.4
1 13.4
1 13.4
1 13.4
1 13.4
1 13.4
1 13.4
1 13.3
1 13.3
1 13.3
1 13.3
1 13.3
1 13.3
1 13.3
1 13.3
1 13.4
1 13.4
1 13.4
1 13.5
1 13.4
9 13.4
9 13.4
18 13.5
18 13.4
26 13.4
35 13.4
35 13.4
52 13.4
52 13.3
52 13.3
52 13.4
60 13.4
60 13.4
60 13.4
60 13.4
77 13.5
94 13.4
111 13.4
77 13.5
103 13.5
111 13.6
145 13.6
145 13.6
196 13.6
188 13.6
247 13.6
213 13.6
222 13.6
324 13.6
256 13.6
213 13.5
188 13.6
171 13.6
171 13.4
179 13.4
188 13.4
179 13.4
162 13.4
162 13.3
154 13.0
179 13.0
128 13.0
111 13.0
120 12.9
120 12.9
60 12.9
43 12.9
26 12.9
52 13.0
1 13.6
1 13.7
1 13.8
1 13.7
1 13.6
1 13.3
1 13.1
1 13.1
1 13.1
1 13.0
1 13.0
1 13.0
1 13.0
1 13.0
1 13.0
1 13.0
1 13.0
1 13.0
1 13.0
1 13.0
1 13.0
1 13.0
1 13.0
1 13.0
1 12.9
1 12.9
1 12.9
1 12.9
1 12.8
1 12.8
1 13.0
1 13.0
1 13.0
1 13.0
1 13.0
1 13.0
18 13.0
18 13.0
26 12.9
26 12.9
18 12.9
18 12.9
35 12.9
35 12.9
35 12.9
35 12.9
69 12.9
77 12.9
77 12.9
77 13.0
77 13.0
77 12.9
77 13.0
94 13.0
94 13.0
103 13.0
120 13.0
154 13.0
239 13.0
442 13.0
239 13.0
341 13.1
281 13.2
417 13.2
213 13.1
230 13.2
213 13.1
426 13.2
409 13.2
145 13.2
145 13.3
154 13.2
154 13.2
145 13.4
281 13.3
205 13.4
154 13.3
188 13.3
154 13.3
188 13.4
196 13.5
256 13.4
341 13.5
247 13.5
179 13.6
137 13.6
230 13.6
307 13.6
264 13.7
196 13.7
171 13.8
222 13.7
264 13.7
222 13.8
366 13.7
349 13.8
383 13.7
460 13.8
409 13.8
570 13.8
587 13.8
400 13.8
434 13.8
519 13.6
468 13.4
273 13.4
111 13.3
77 13.3
86 13.3
128 13.3
179 13.2
230 13.2
273 13.2
621 13.2
774 13.2
290 13.2
154 13.2
94 13.2
103 13.2
128 13.2
128 13.2
290 13.2
434 13.2
230 13.2
137 13.2
128 13.2
154 13.2
162 13.2
145 13.3
638 13.3
366 13.3
247 13.3
460 13.3
273 13.2
417 13.2
578 13.2
740 13.2
850 13.1
706 13.1
672 13.1
655 13.0
646 13.0
629 13.0
604 13.0
612 13.0
621 13.0
383 13.0
315 13.0
256 13.0
553 13.0
349 13.1
553 13.0
485 13.0
442 13.1
442 13.2
442 13.2
103 13.3
400 13.3
324 13.4
332 13.4
69 13.4
179 13.4
86 13.4
94 13.4
77 13.4
43 13.3
43 13.2
52 13.2
43 13.3
43 13.3
35 13.3
9 13.3
1 13.3
1 13.3
1 13.4
1 13.4
1 13.4
1 13.5
1 13.4
1 13.5
1 13.4
1 13.5
1 13.8
1 13.6
1 13.7
1 13.8
1 13.9
1 13.9
1 13.8
1 13.8
1 13.9
1 13.8
1 13.9
1 13.9
1 13.9
1 13.9
1 13.9
1 13.9
1 13.9
1 14.0
1 14.0
1 14.0
1 14.4
1 14.5
1 14.6
1 14.4
1 14.4
1 14.4
1 14.3
1 14.2
1 14.2
1 13.8
1 13.7
1 13.7
1 13.6
1 13.6
1 13.6
1 13.5
1 13.5
1 13.5
1 13.4
1 13.4
1 13.4
1 13.4
1 13.4
1 13.4
1 13.5
1 13.5
1 13.5
1 13.5
1 13.4
1 13.4
1 13.4
1 13.2
1 13.2
1 13.1
1 13.1
1 13.1
9 13.2
9 13.3
18 13.4
60 13.4
94 13.4
94 13.4
35 13.4
35 13.4
60 13.4
60 13.3
69 13.3
77 13.3
86 13.3
86 13.3
111 13.2
307 13.3
230 13.4
570 13.4
595 13.4
281 13.4
468 13.4
239 13.4
281 13.4
281 13.5
341 13.5
332 13.4
536 13.4
392 13.4
578 13.6
672 13.6
578 13.6
791 13.7
383 13.7
103 13.7
476 13.8
528 13.8
476 13.8
290 13.9
256 13.9
366 13.9
307 13.9
264 14.0
298 14.0
595 14.0
528 14.1
460 14.1
239 14.1
86 14.2
86 14.4
307 14.5
341 14.6
442 14.6
612 14.5
298 14.4
239 14.4
196 14.4
383 14.4
553 14.4
553 14.2
476 14.1
400 13.9
273 13.9
451 13.8
927 13.8
315 13.8
281 13.8
366 13.7
859 13.7
451 13.7
867 13.8
706 13.8
969 13.8
952 13.9
799 13.9
774 13.9
757 14.0
77 13.8
77 13.8
60 14.0
60 14.0
60 13.9
43 13.9
26 13.9
9 13.9
9 13.8
9 13.8
1 13.8
1 13.8
1 13.8
9 13.8
1 13.8
1 13.8
1 14.0
1 14.0
1 14.0
1 14.0
1 14.0
1 14.0
1 13.6
1 13.6
1 13.6
1 13.5
1 13.5
1 13.5
1 13.5
1 13.6
1 13.6
1 13.6
9 13.6
1 13.6
9 13.6
9 13.6
52 13.5
77 13.5
86 13.4
111 13.5
128 13.5
145 13.5
162 13.5
179 13.5
196 13.5
213 13.5
230 13.5
247 13.5
273 13.5
290 13.5
298 13.5
324 13.5
341 13.5
366 13.5
383 13.5
400 13.5
417 13.5
426 13.5
519 13.5
502 13.6
544 13.6
553 13.6
570 13.6
587 13.6
595 13.7
621 13.7
646 13.7
689 13.7
383 13.7
714 13.7
120 13.8
791 13.8
901 13.8
315 13.8
383 13.9
366 13.9
510 14.0
298 14.0
392 14.0
460 14.6
859 14.6
451 14.6
104 14.7
239 14.7
290 14.6
315 14.4
332 14.4
816 14.4
757 14.4
290 14.3
171 14.3
205 14.2
213 14.2
290 14.1
349 14.1
315 14.1
145 14.1
128 14.1
239 14.2
307 14.1
298 14.1
1 13.7
9 13.8
1 13.6
18 13.6
18 13.6
52 13.6
69 13.6
94 13.6
120 13.6
578 13.6
578 13.6
629 13.7
646 13.7
655 13.8
9 14.0
9 14.1
1 14.0
1 14.7
1 14.7
1 14.6
1 14.8
1 15.1
1 15.0
1 14.9
1 14.8
1 14.7
1 14.9
1 14.9
1 14.9
1 14.9
1 14.7
1 14.6
1 14.6
1 14.5
1 14.5
1 14.5
1 14.5
9 14.4
1 14.4
9 14.4
18 14.4
35 14.4
35 14.4
77 14.4
94 14.4
120 14.5
120 14.5
154 14.5
162 14.5
188 14.5
196 14.5
256 14.5
256 14.5
273 14.5
290 14.5
307 14.5
332 14.4
349 14.4
341 14.3
358 14.2
366 14.2
409 14.1
434 14.0
417 14.0
434 14.3
476 14.0
417 13.9
494 14.4
528 14.5
519 14.5
544 14.6
553 14.6
621 14.6
621 14.6
612 14.6
612 14.5
629 14.4
612 14.5
663 14.4
706 14.5
706 14.4
663 14.5
697 14.5
697 14.5
706 14.6
706 14.6
672 14.7
663 14.7
748 14.7
663 14.7
69 14.5
77 14.5
77 14.5
86 14.5
162 15.5
171 15.5
1 13.8
1 13.9
1 13.9
1 13.9
1 14.0
1 14.0
1 14.0
1 14.1
1 14.3
1 14.7
1 14.6
1 14.8
1 14.8
1 14.9
1 14.9
1 14.9
1 15.0
1 15.0
1 15.1
1 15.2
1 15.0
1 15.1
1 15.1
1 15.1
1 15.1
9 14.9
52 14.0
43 14.0
52 14.0
60 14.0
60 14.0
60 14.0
60 14.0
69 14.0
77 14.0
69 14.0
69 14.1
77 14.1
103 14.1
111 14.1
94 14.1
111 14.2
120 14.2
120 14.2
128 14.2
69 14.1
145 14.1
128 14.2
120 14.9
162 15.1
188 15.4
137 15.3
264 15.3
281 15.3
358 13.9
349 13.9
426 13.9
264 14.1
366 14.1
298 14.1
281 14.1
205 14.2
273 14.2
264 14.2
230 14.2
349 14.2
315 14.2
256 14.2
307 14.1
256 14.2
264 15.0
273 15.1
273 15.1
281 15.2
222 15.2
222 15.2
205 15.2
196 15.2
145 15.3
188 15.3
179 15.4
196 15.3
188 15.8
247 16.0
213 16.0
179 16.0
171 15.9
162 15.8
179 15.7
307 15.7
264 15.6
196 15.7
188 15.6
179 15.7
179 15.7
137 15.6
103 15.5
86 15.4
145 15.3
94 15.3
86 15.3
52 15.3
60 15.2
43 15.2
69 15.2
86 15.2
94 15.1
77 15.1
77 15.1
69 15.1
60 15.1
52 15.1
43 15.1
26 15.1
35 15.1
26 15.0
18 14.8
9 14.7
18 14.7
9 14.6
1 14.5
1 14.5
1 14.2
1 14.2
1 14.2
1 14.2
1 14.3
1 14.2
1 14.2
1 14.2
1 14.3
1 14.4
1 14.2
1 14.4
1 14.4
1 14.4
1 14.4
1 14.4
1 14.3
1 14.3
1 14.3
1 14.3
1 14.3
1 14.3
1 14.3
1 14.3
1 14.3
1 14.3
1 14.4
1 14.4
1 14.3
1 14.4
1 14.7
1 14.4
1 14.5
1 14.5
1 14.5
1 14.6
1 14.6
1 14.6
1 14.6
1 14.7
1 14.9
1 14.7
1 14.8
1 14.9
1 14.8
1 14.8
1 14.8
1 15.1
1 14.9
1 15.0
1 15.0
1 14.9
1 15.0
1 15.0
1 15.0
1 14.9
1 15.0
52 14.8
52 14.8
60 14.8
35 14.8
43 14.8
69 14.8
60 14.8
69 14.8
69 14.8
52 14.8
52 14.8
60 14.8
77 14.8
77 14.8
69 14.8
137 14.8
171 14.8
171 14.8
230 14.8
290 14.8
196 14.8
103 14.7
111 14.7
111 14.7
103 14.6
94 14.6
128 14.6
103 14.6
120 14.5
179 14.5
188 14.5
239 14.5
239 14.4
273 14.4
290 14.4
213 14.3
307 14.3
400 14.3
281 14.3
264 14.3
256 14.2
392 14.7
451 14.7
468 14.6
595 14.7
307 14.8
315 14.8
290 14.8
247 14.8
290 14.8
247 14.7
281 14.6
247 14.6
256 14.6
409 14.6
434 14.6
765 14.6
638 14.6
765 14.6
100 14.7
782 14.7
893 14.8
876 14.8
867 14.8
375 15.4
476 15.5
239 15.5
120 15.6
111 16.4
103 16.4
60 16.4
60 16.3
52 16.2
1 14.4
1 15.0
1 14.5
1 15.0
1 14.7
1 14.6
1 14.7
1 14.7
1 14.7
1 14.8
1 14.8
1 14.8
1 15.0
1 15.1
1 14.9
1 15.1
1 15.1
1 15.1
1 15.1
1 15.2
1 15.3
1 15.2
1 15.3
1 15.3
1 15.6
1 15.6
1 15.5
1 15.4
1 15.4
1 15.5
1 15.6
1 15.5
1 15.7
1 15.7
1 15.6
1 15.7
18 15.7
18 15.8
18 15.8
52 15.8
18 16.1
35 16.1
43 16.0
137 16.0
60 16.0
77 16.0
43 16.0
222 16.0
120 16.0
128 16.0
273 16.0
400 16.0
222 16.0
154 15.9
145 15.7
145 15.5
179 15.5
434 15.4
485 15.4
400 15.4
137 15.3
476 15.3
587 15.3
307 15.3
205 15.3
409 15.3
561 15.3
578 15.3
706 15.3
680 15.2
774 15.2
239 15.1
460 15.0
179 15.1
239 15.1
120 15.1
281 15.2
264 15.1
273 15.2
290 15.2
145 15.3
205 15.4
179 15.4
162 15.3
366 15.3
434 15.2
680 15.3
612 15.4
561 15.5
723 15.2
706 15.2
816 15.5
672 15.6
494 15.2
476 15.5
485 15.5
485 15.6
706 15.6
629 15.2
612 15.2
663 15.4
315 15.5
162 15.8
162 15.9
18 16.7
9 16.7
9 16.6
9 16.4
9 16.4
9 16.2
1 16.4
1 16.1
1 16.1
1 16.0
1 16.1
1 16.1
1 15.9
1 15.8
1 15.8
1 15.7
1 15.7
1 15.7
1 15.7
1 15.7
1 15.7
1 15.7
1 15.7
1 15.8
1 15.8
1 15.8
1 15.7
1 15.7
1 15.6
1 15.5
1 15.5
1 15.4
1 15.5
1 15.5
1 15.5
1 15.5
1 15.5
1 15.5
1 15.6
1 15.6
1 15.6
1 15.6
1 15.6
1 15.4
1 15.5
