18.7 9.2
17.5 9.1
17.5 9.0
18.7 8.9
20.5 8.8
21.8 8.7
21.8 8.6
22.4 8.5
22.4 8.4
22.4 8.3
22.4 8.2
22.4 8.1
21.8 8.0
21.8 7.9
21.8 7.8
21.8 7.7
21.8 7.6
21.8 7.5
21.8 7.4
21.8 7.3
21.8 7.2
22.4 7.1
22.4 6.9
22.4 6.8
22.4 6.7
22.4 6.6
22.4 6.4
22.4 6.3
22.4 6.2
22.4 6.1
22.4 6.0
22.4 6.0
22.4 6.0
22.4 6.0
22.4 6.0
23.1 6.0
23.1 6.1
22.4 6.2
22.4 6.3
23.1 6.5
23.1 6.7
23.1 7.0
23.8 7.2
23.8 7.5
23.8 7.9
23.8 8.2
23.8 8.6
23.8 9.0
23.8 9.4
23.8 9.8
23.8 10.2
24.4 10.6
24.4 11.1
23.8 11.5
23.8 11.9
23.8 12.3
23.8 12.7
23.8 13.0
23.8 13.4
23.8 13.7
23.1 14.0
23.1 14.3
23.1 14.5
23.1 14.8
23.1 15.0
23.1 15.2
23.1 15.3
23.1 15.4
23.1 15.5
23.1 15.6
23.1 15.7
22.4 15.7
22.4 15.6
22.4 15.6
22.4 15.5
22.4 15.4
22.4 15.2
22.4 15.1
22.4 14.9
22.4 14.7
22.4 14.6
22.4 14.4
22.4 14.2
21.8 14.0
21.8 13.8
21.8 13.6
21.8 13.3
21.8 13.1
21.8 12.9
21.8 12.6
21.8 12.4
21.8 12.2
21.8 12.0
21.8 11.7
21.8 11.5
21.1 11.3
21.1 11.1
21.1 10.9
21.1 10.7
21.1 10.5
21.1 10.3
21.1 10.2
21.1 10.0
21.1 9.8
21.1 9.7
21.1 9.5
21.1 9.4
21.1 9.3
21.1 9.1
20.5 9.0
20.5 8.9
20.5 8.8
19.9 8.7
19.9 8.6
19.9 8.5
19.9 8.4
19.9 8.3
19.9 8.1
19.9 8.0
19.9 7.9
19.9 7.8
19.9 7.7
20.5 7.6
20.5 7.5
20.5 7.4
20.5 7.3
20.5 7.2
20.5 7.2
20.5 7.2
20.5 7.1
20.5 7.2
20.5 7.2
20.5 7.3
20.5 7.4
20.5 7.5
20.5 7.7
20.5 7.9
21.1 8.2
21.1 8.4
21.1 8.7
21.1 9.1
21.1 9.4
21.1 9.8
21.8 10.2
21.8 10.6
21.8 11.0
21.8 11.5
21.8 11.9
21.8 12.3
21.8 12.8
21.8 13.2
21.8 13.6
21.8 14.0
21.8 14.4
21.8 14.7
21.8 15.1
21.8 15.4
22.4 15.7
22.4 15.9
21.8 16.2
21.8 16.4
22.4 16.5
22.4 16.6
21.8 16.7
22.4 16.8
22.4 16.9
22.4 16.9
22.4 16.9
22.4 16.8
22.4 16.8
22.4 16.7
22.4 16.6
22.4 16.4
22.4 16.3
23.1 16.1
22.4 16.0
22.4 15.8
22.4 15.6
22.4 15.4
22.4 15.2
22.4 15.0
21.8 14.8
21.8 14.6
21.8 14.3
21.8 14.1
21.8 13.8
21.8 13.6
21.8 13.3
21.8 13.1
21.8 12.9
21.1 12.6
21.1 12.4
21.1 12.2
21.1 12.0
21.1 11.8
21.1 11.6
21.1 11.4
21.1 11.3
21.1 11.1
21.1 10.9
21.1 10.8
21.1 10.6
20.5 10.5
20.5 10.3
20.5 10.2
20.5 10.0
20.5 9.9
20.5 9.7
20.5 9.6
20.5 9.4
21.1 9.3
21.1 9.2
21.1 9.1
21.1 9.0
21.8 8.9
21.8 8.8
21.8 8.7
21.8 8.6
21.8 8.5
21.8 8.4
21.8 8.3
21.8 8.2
21.8 8.1
22.4 8.0
22.4 8.0
22.4 8.0
22.4 8.0
23.1 8.1
23.1 8.2
23.1 8.3
23.1 8.4
23.1 8.6
23.8 8.8
23.8 9.0
23.8 9.3
23.8 9.6
24.4 9.9
24.4 10.3
24.4 10.7
24.4 11.1
24.4 11.5
25.1 11.9
25.1 12.3
25.1 12.7
25.1 13.1
25.8 13.6
25.8 13.9
25.8 14.3
25.8 14.7
25.8 15.0
25.8 15.3
25.8 15.6
25.8 15.9
25.8 16.1
25.8 16.4
25.8 16.6
25.8 16.8
25.8 17.0
25.8 17.1
25.8 17.2
25.8 17.3
25.8 17.3
25.8 17.3
25.1 17.2
25.8 17.1
25.8 17.0
25.1 16.9
25.1 16.8
25.1 16.6
25.1 16.5
25.1 16.3
25.1 16.2
25.1 16.0
25.1 15.8
25.1 15.6
25.1 15.4
25.1 15.2
24.4 15.0
24.4 14.8
24.4 14.6
24.4 14.4
24.4 14.3
24.4 14.1
24.4 13.9
24.4 13.7
24.4 13.6
24.4 13.4
23.8 13.3
24.4 13.1
23.8 13.0
23.8 12.9
23.8 12.8
23.8 12.6
23.8 12.5
23.8 12.4
23.8 12.3
23.8 12.2
23.8 12.1
23.8 12.0
23.8 11.8
23.8 11.7
23.8 11.6
23.8 11.5
23.8 11.4
23.8 11.3
23.8 11.2
24.4 11.1
24.4 10.9
24.4 10.8
24.4 10.7
24.4 10.6
24.4 10.5
25.1 10.4
25.1 10.3
25.1 10.2
25.8 10.1
25.8 10.0
25.8 9.9
25.8 9.9
26.5 9.8
26.5 9.8
26.5 9.7
27.2 9.7
27.2 9.7
27.2 9.7
28.0 9.7
28.0 9.7
28.0 9.7
28.7 9.7
28.7 9.7
28.7 9.8
28.7 9.9
29.4 10.0
29.4 10.1
29.4 10.3
29.4 10.5
29.4 10.7
30.2 10.9
30.2 11.0
30.2 11.2
30.2 11.4
30.2 11.7
30.9 12.0
30.2 12.2
30.9 12.6
30.9 12.9
30.9 13.3
30.9 13.6
30.9 13.8
30.9 13.8
30.9 13.8
30.9 13.8
30.9 13.7
30.9 13.6
30.9 13.4
30.9 13.3
30.2 13.1
30.2 12.9
30.2 12.7
30.9 12.5
30.9 12.3
30.9 12.1
31.7 11.8
31.7 11.6
31.7 11.4
31.7 11.2
31.7 11.0
31.7 10.9
31.7 10.7
31.7 10.6
31.7 10.4
31.7 10.3
31.7 10.2
31.7 10.1
31.7 10.0
31.7 9.9
32.5 9.8
33.3 9.7
33.3 9.6
34.1 9.5
34.9 9.4
34.9 9.4
34.1 9.3
34.1 9.2
34.1 9.1
34.9 9.0
34.9 8.9
35.7 8.8
36.5 8.7
36.5 8.6
36.5 8.5
35.7 8.4
35.7 8.3
35.7 8.2
35.7 8.1
35.7 8.1
35.7 8.0
36.5 7.9
35.7 7.8
35.7 7.8
35.7 7.7
35.7 7.6
35.7 7.6
35.7 7.5
35.7 7.5
35.7 7.4
35.7 7.3
35.7 7.3
34.9 7.2
34.9 7.2
34.9 7.1
34.9 7.1
34.9 7.0
34.9 6.9
34.9 6.9
34.9 6.8
34.9 6.8
34.9 6.7
35.7 6.6
35.7 6.5
35.7 6.5
36.5 6.4
36.5 6.4
37.3 6.4
37.3 6.3
37.3 6.3
36.5 6.3
36.5 6.3
36.5 6.3
36.5 6.4
36.5 6.4
37.3 6.5
36.5 6.6
36.5 6.7
36.5 6.8
36.5 6.9
36.5 7.0
36.5 7.1
36.5 7.2
36.5 7.2
36.5 7.3
36.5 7.3
36.5 7.3
35.7 7.4
35.7 7.4
35.7 7.4
35.7 7.4
35.7 7.4
36.5 7.4
36.5 7.4
36.5 7.5
36.5 7.5
35.7 7.6
35.7 7.6
35.7 7.7
35.7 7.8
35.7 7.9
35.7 7.9
35.7 7.9
35.7 7.9
34.9 7.9
34.9 7.9
34.9 7.8
34.9 7.8
34.9 7.7
34.9 7.6
34.9 7.5
34.9 7.4
34.1 7.3
34.1 7.2
34.1 7.0
34.9 6.9
34.9 6.8
34.9 6.6
34.9 6.5
34.9 6.4
34.9 6.3
34.9 6.2
34.9 6.2
34.9 6.1
34.9 6.1
34.9 6.0
34.9 6.0
34.9 5.9
34.9 5.9
34.9 5.8
34.1 5.7
34.1 5.6
34.1 5.6
34.1 5.5
34.1 5.4
34.1 5.4
34.1 5.3
34.1 5.3
34.1 5.2
34.1 5.1
34.1 5.1
34.1 5.0
34.1 5.0
34.1 4.9
34.1 4.9
34.1 4.8
34.1 4.8
34.1 4.7
34.1 4.6
34.1 4.6
34.1 4.5
34.1 4.5
34.1 4.5
34.1 4.4
34.1 4.4
33.3 4.4
33.3 4.4
33.3 4.5
33.3 4.5
33.3 4.6
33.3 4.7
33.3 4.8
34.1 5.0
34.9 5.2
34.1 5.4
34.9 5.7
32.5 5.9
31.7 6.2
31.7 6.5
31.7 6.7
31.7 6.8
31.7 7.0
31.7 7.2
31.7 7.4
31.7 7.5
31.7 7.7
31.7 7.8
31.7 7.9
31.7 8.0
31.7 8.2
30.9 8.3
30.9 8.4
30.9 8.5
31.7 8.6
31.7 8.7
31.7 8.8
30.9 8.9
30.9 9.0
30.9 9.0
31.7 9.1
34.1 9.1
34.1 9.1
34.1 9.1
33.3 9.2
33.3 9.3
33.3 9.4
32.5 9.5
32.5 9.5
32.5 9.5
32.5 9.6
31.7 9.5
31.7 9.5
31.7 9.4
30.9 9.4
30.9 9.4
31.7 9.3
30.9 9.2
30.9 9.0
30.9 8.9
31.7 8.7
30.9 8.6
31.7 8.5
30.9 8.4
30.9 8.3
30.9 8.2
30.9 8.1
30.9 8.0
30.9 7.8
30.9 7.8
31.7 7.7
30.9 7.6
30.9 7.5
30.9 7.4
30.9 7.3
30.9 7.2
30.9 7.1
30.9 7.1
30.9 7.0
30.9 6.9
30.9 6.8
30.9 6.7
30.9 6.6
30.9 6.5
30.9 6.5
30.9 6.4
30.9 6.3
30.9 6.2
30.9 6.1
30.9 6.1
30.9 6.0
31.7 5.9
30.9 5.9
31.7 5.8
31.7 5.8
30.9 5.7
31.7 5.6
30.9 5.6
30.9 5.6
30.9 5.5
30.9 5.5
30.9 5.5
30.9 5.5
30.9 5.6
30.9 5.6
30.9 5.7
30.9 5.8
30.9 6.0
31.7 6.1
30.9 6.3
31.7 6.6
31.7 6.9
31.7 7.2
31.7 7.5
31.7 7.8
31.7 8.2
31.7 8.6
31.7 9.0
31.7 9.4
31.7 9.8
31.7 10.2
31.7 10.7
31.7 11.1
31.7 11.5
31.7 11.9
31.7 12.3
31.7 12.7
31.7 13.1
30.9 13.4
31.7 13.8
31.7 14.1
31.7 14.4
30.9 14.7
30.9 15.0
30.2 15.2
30.9 15.5
30.9 15.7
30.9 15.8
30.2 15.9
30.2 15.8
30.2 15.7
30.2 15.8
30.2 15.8
30.9 15.8
30.9 15.8
30.2 15.7
30.2 15.7
30.2 15.6
30.2 15.4
30.2 15.3
30.2 15.1
30.2 15.0
30.2 14.8
30.2 14.7
29.4 14.5
28.7 14.3
28.7 14.1
28.7 14.0
28.7 13.8
28.0 13.5
28.0 13.4
27.2 13.2
27.2 13.0
27.2 12.8
27.2 12.6
26.5 12.4
26.5 12.2
26.5 12.1
26.5 11.9
26.5 11.7
26.5 11.6
26.5 11.4
26.5 11.2
26.5 11.1
26.5 10.9
26.5 10.8
27.2 10.7
27.2 10.5
26.5 10.4
27.2 10.3
27.2 10.2
27.2 10.2
27.2 10.1
27.2 10.0
27.2 9.9
27.2 9.9
27.2 9.8
27.2 9.7
28.0 9.6
28.0 9.5
28.0 9.5
28.0 9.4
28.7 9.3
28.7 9.3
28.7 9.2
29.4 9.2
29.4 9.1
29.4 9.1
29.4 9.1
30.2 9.1
30.2 9.1
30.2 9.1
30.9 9.1
30.9 9.2
30.9 9.3
30.9 9.4
31.7 9.5
31.7 9.7
30.9 9.9
30.9 10.2
30.9 10.4
30.9 10.7
31.7 11.0
31.7 11.3
31.7 11.7
31.7 12.0
31.7 12.4
31.7 12.7
31.7 13.0
31.7 13.4
31.7 13.7
31.7 14.1
31.7 14.4
31.7 14.6
31.7 14.6
31.7 14.9
31.7 15.2
31.7 15.5
31.7 15.7
30.9 15.9
31.7 16.1
31.7 16.2
31.7 16.3
31.7 16.4
31.7 16.5
30.9 16.6
30.9 16.6
30.9 16.6
30.9 16.6
30.9 16.6
30.9 16.5
30.2 16.4
30.2 16.3
30.9 16.2
30.2 16.1
30.2 15.9
28.7 15.7
28.7 15.5
28.0 15.3
28.7 15.1
28.7 14.8
28.7 14.6
28.7 14.4
28.7 14.2
28.7 14.0
28.7 13.8
28.7 13.5
28.7 13.3
28.7 13.1
28.7 12.9
28.7 12.6
28.7 12.5
28.0 12.3
28.7 12.1
28.7 12.0
28.7 11.8
28.0 11.7
28.0 11.6
28.0 11.5
28.0 11.3
28.0 11.2
28.0 11.1
28.0 10.9
28.0 10.8
28.0 10.6
28.0 10.5
28.0 10.3
28.7 10.2
28.7 10.1
28.7 10.0
29.4 9.9
29.4 9.7
29.4 9.6
30.2 9.5
30.2 9.4
30.2 9.3
30.9 9.1
30.9 9.0
31.7 8.9
31.7 8.8
31.7 8.7
32.5 8.6
33.3 8.5
33.3 8.4
33.3 8.3
34.1 8.3
34.1 8.3
34.1 8.3
34.9 8.4
34.9 8.4
35.7 8.6
35.7 8.7
35.7 8.9
36.5 9.1
35.7 9.3
34.1 9.6
34.9 9.9
34.9 10.2
34.9 10.5
34.9 10.8
34.9 11.1
34.9 11.5
35.7 11.8
35.7 12.2
35.7 12.5
35.7 12.9
35.7 13.2
35.7 13.5
35.7 13.9
35.7 14.2
35.7 14.5
35.7 14.7
35.7 14.9
35.7 15.1
35.7 15.4
35.7 15.6
36.5 15.8
35.7 15.9
36.5 16.0
35.7 16.1
35.7 16.2
35.7 16.2
35.7 16.2
35.7 16.2
35.7 16.2
35.7 16.2
35.7 16.1
35.7 16.1
35.7 16.0
35.7 15.9
35.7 15.8
35.7 15.6
35.7 15.4
35.7 15.3
34.9 15.1
34.9 15.0
34.9 14.8
34.9 14.6
34.9 14.5
34.1 14.3
34.1 14.1
34.9 13.9
34.9 13.8
34.1 13.6
34.1 13.4
34.1 13.2
34.1 13.0
34.9 12.9
34.1 12.7
34.1 12.6
34.1 12.5
34.1 12.4
34.1 12.3
34.1 12.2
34.1 12.0
34.1 11.9
34.1 11.8
34.9 11.7
34.9 11.6
34.9 11.5
35.7 11.4
35.7 11.3
35.7 11.2
36.5 11.1
36.5 11.0
36.5 10.9
37.3 10.7
37.3 10.6
38.2 10.5
39.0 10.4
39.9 10.3
39.9 10.2
41.6 10.0
41.6 9.9
43.4 9.8
44.3 9.7
44.3 9.6
45.2 9.5
46.1 9.5
46.1 9.4
47.0 9.4
47.0 9.4
47.0 9.4
47.0 9.4
47.0 9.4
47.0 9.5
47.0 9.6
47.9 9.7
48.9 9.8
48.9 9.9
48.9 10.0
49.8 10.1
49.8 10.2
49.8 10.3
50.8 10.4
50.8 10.4
50.8 10.4
50.8 10.6
50.8 10.8
50.8 11.0
50.8 11.3
50.8 11.5
50.8 11.8
51.8 12.1
51.8 12.4
51.8 12.6
51.8 12.6
51.8 12.7
51.8 12.9
51.8 12.9
51.8 13.0
51.8 13.0
51.8 13.0
51.8 12.9
52.7 12.9
51.8 13.0
51.8 13.0
51.8 13.0
50.8 13.1
50.8 13.2
50.8 13.3
50.8 13.3
51.8 13.4
51.8 13.5
50.8 13.5
49.8 13.6
49.8 13.6
49.8 13.6
49.8 13.5
50.8 13.5
49.8 13.4
49.8 13.4
49.8 13.3
49.8 13.3
49.8 13.2
49.8 13.1
49.8 13.1
49.8 13.0
49.8 12.9
49.8 12.8
49.8 12.7
50.8 12.6
50.8 12.4
50.8 12.3
50.8 12.2
51.8 12.1
51.8 11.9
51.8 11.8
52.7 11.6
52.7 11.5
53.7 11.4
53.7 11.2
54.7 11.1
55.7 11.0
55.7 10.9
56.7 10.8
57.8 10.7
57.8 10.6
58.8 10.5
59.8 10.4
59.8 10.4
60.9 10.3
61.9 10.2
63.0 10.2
63.0 10.1
65.1 10.1
65.1 10.0
65.1 9.9
66.2 9.9
66.2 9.8
66.2 9.7
67.3 9.7
69.5 9.6
69.5 9.5
70.7 9.4
71.8 9.3
71.8 9.3
72.9 9.2
74.1 9.1
74.1 9.1
75.2 9.0
75.2 9.0
75.2 8.9
75.2 8.9
76.4 8.9
77.6 8.9
77.6 9.0
77.6 9.2
76.4 9.3
76.4 9.5
76.4 9.7
77.6 9.9
77.6 10.1
76.4 10.2
77.6 10.2
78.7 10.3
78.7 10.4
77.6 10.4
77.6 10.4
77.6 10.5
78.7 10.5
78.7 10.6
78.7 10.6
79.9 10.9
78.7 11.0
78.7 11.2
79.9 11.3
79.9 11.4
79.9 11.6
79.9 11.9
79.9 12.0
81.1 12.2
79.9 12.4
79.9 12.5
79.9 12.6
78.7 12.7
78.7 12.8
77.6 12.8
77.6 12.8
77.6 12.9
77.6 12.9
77.6 12.8
76.4 12.7
78.7 12.6
78.7 12.5
77.6 12.4
77.6 12.3
78.7 12.2
78.7 12.0
78.7 11.9
78.7 11.8
78.7 11.7
78.7 11.6
78.7 11.5
78.7 11.4
79.9 11.3
78.7 11.2
81.1 11.1
79.9 11.0
81.1 10.9
79.9 10.8
82.3 10.7
81.1 10.6
82.3 10.5
82.3 10.4
83.6 10.3
82.3 10.2
84.8 10.1
84.8 10.0
86.0 9.9
86.0 9.9
86.0 9.8
87.2 9.7
88.5 9.6
88.5 9.5
88.5 9.4
89.8 9.3
89.8 9.2
89.8 9.2
91.0 9.1
93.6 9.0
93.6 8.9
94.9 8.8
94.9 8.7
96.2 8.6
96.2 8.5
94.9 8.4
97.5 8.4
96.2 8.3
97.5 8.2
97.5 8.1
98.8 8.0
101 8.0
103 7.9
101 7.8
103 7.8
101 7.8
101 7.8
100 7.8
103 7.9
103 7.9
103 8.0
103 8.0
104 8.0
105 8.1
104 8.1
105 8.1
105 8.2
105 8.3
107 8.4
105 8.5
105 8.7
107 8.7
105 8.8
105 8.9
105 9.0
107 9.1
107 9.2
105 9.2
105 9.2
105 9.2
107 9.3
105 9.3
107 9.4
111 9.4
114 9.4
114 9.4
114 9.5
112 9.6
107 9.6
103 9.6
98.8 9.6
93.6 9.5
92.3 9.4
88.5 9.4
86.0 9.3
84.8 9.2
84.8 9.1
82.3 9.0
83.6 8.9
82.3 8.8
81.1 8.8
82.3 8.7
81.1 8.6
81.1 8.5
81.1 8.4
79.9 8.4
81.1 8.3
79.9 8.2
81.1 8.2
81.1 8.1
79.9 8.0
81.1 8.0
81.1 7.9
81.1 7.8
82.3 7.8
81.1 7.8
82.3 7.7
82.3 7.6
82.3 7.6
82.3 7.6
81.1 7.5
83.6 7.5
83.6 7.4
83.6 7.4
84.8 7.3
84.8 7.2
86.0 7.2
87.2 7.1
86.0 7.1
87.2 7.0
87.2 6.9
87.2 6.9
88.5 6.8
88.5 6.7
88.5 6.7
87.2 6.6
87.2 6.6
87.2 6.5
87.2 6.5
86.0 6.5
86.0 6.4
86.0 6.4
84.8 6.3
86.0 6.3
84.8 6.2
86.0 6.2
87.2 6.2
87.2 6.1
86.0 6.1
86.0 6.1
84.8 6.1
86.0 6.1
84.8 6.2
84.8 6.2
83.6 6.2
83.6 6.3
83.6 6.3
83.6 6.3
82.3 6.4
82.3 6.4
82.3 6.5
82.3 6.5
82.3 6.6
82.3 6.7
81.1 6.7
81.1 6.8
81.1 6.9
81.1 6.9
79.9 7.0
79.9 7.1
79.9 7.1
79.9 7.2
79.9 7.3
79.9 7.3
79.9 7.4
79.9 7.4
79.9 7.4
78.7 7.4
78.7 7.3
78.7 7.3
78.7 7.3
77.6 7.4
78.7 7.4
78.7 7.4
78.7 7.5
78.7 7.6
77.6 7.7
77.6 7.7
76.4 7.8
76.4 7.8
77.6 7.9
74.1 7.9
74.1 8.0
72.9 8.0
72.9 7.9
72.9 7.9
72.9 7.8
74.1 7.8
72.9 7.7
72.9 7.6
72.9 7.6
72.9 7.5
72.9 7.5
74.1 7.5
74.1 7.4
74.1 7.4
72.9 7.4
72.9 7.4
71.8 7.3
72.9 7.3
72.9 7.3
72.9 7.2
72.9 7.2
71.8 7.2
71.8 7.1
71.8 7.1
71.8 7.1
71.8 7.1
71.8 7.0
70.7 7.0
70.7 7.0
71.8 6.9
70.7 6.9
70.7 6.9
70.7 6.9
70.7 6.8
69.5 6.8
70.7 6.8
70.7 6.8
70.7 6.7
70.7 6.7
71.8 6.7
70.7 6.7
70.7 6.6
70.7 6.6
70.7 6.6
69.5 6.6
69.5 6.5
69.5 6.5
68.4 6.5
68.4 6.5
68.4 6.4
68.4 6.4
68.4 6.4
68.4 6.4
68.4 6.4
67.3 6.4
67.3 6.4
67.3 6.4
67.3 6.4
66.2 6.4
66.2 6.5
66.2 6.5
66.2 6.5
66.2 6.5
66.2 6.6
67.3 6.6
67.3 6.7
67.3 6.8
67.3 6.9
67.3 7.1
68.4 7.2
67.3 7.4
67.3 7.5
67.3 7.6
66.2 7.7
67.3 7.8
68.4 7.9
67.3 8.0
67.3 8.1
66.2 8.2
67.3 8.3
67.3 8.4
66.2 8.5
66.2 8.7
66.2 8.8
66.2 9.0
66.2 9.1
66.2 9.1
65.1 9.2
65.1 9.2
65.1 9.2
65.1 9.2
65.1 9.2
65.1 9.1
64.1 9.1
65.1 9.0
64.1 9.0
64.1 8.9
64.1 8.9
63.0 8.8
63.0 8.8
63.0 8.8
64.1 8.7
64.1 8.7
63.0 8.7
64.1 8.6
64.1 8.6
65.1 8.6
65.1 8.6
65.1 8.5
65.1 8.5
65.1 8.4
66.2 8.4
66.2 8.4
66.2 8.4
66.2 8.4
66.2 8.4
67.3 8.4
66.2 8.4
67.3 8.4
67.3 8.3
67.3 8.3
67.3 8.3
67.3 8.2
67.3 8.1
68.4 8.1
67.3 8.0
67.3 7.9
67.3 7.8
67.3 7.8
67.3 7.7
67.3 7.6
67.3 7.5
66.2 7.4
66.2 7.3
66.2 7.2
66.2 7.1
65.1 7.0
66.2 6.9
65.1 6.9
65.1 6.8
65.1 6.7
65.1 6.7
65.1 6.6
65.1 6.6
65.1 6.5
64.1 6.5
65.1 6.5
65.1 6.5
65.1 6.4
65.1 6.5
65.1 6.5
64.1 6.5
65.1 6.5
65.1 6.6
65.1 6.6
64.1 6.7
65.1 6.8
64.1 6.9
65.1 7.0
64.1 7.1
64.1 7.4
63.0 7.5
64.1 7.7
64.1 7.8
63.0 7.8
64.1 7.9
63.0 7.9
64.1 7.8
64.1 7.8
63.0 7.7
64.1 7.7
64.1 7.8
64.1 7.8
64.1 7.8
64.1 7.9
64.1 7.9
63.0 7.9
63.0 7.9
64.1 7.9
63.0 8.0
63.0 8.0
63.0 8.0
63.0 8.0
63.0 8.1
63.0 8.2
63.0 8.2
63.0 8.3
61.9 8.5
61.9 8.7
61.9 8.9
61.9 9.2
61.9 9.5
61.9 9.7
60.9 9.9
60.9 10.0
61.9 10.1
60.9 10.2
60.9 10.2
60.9 10.1
59.8 10.1
59.8 10.1
60.9 10.0
59.8 10.0
60.9 10.0
60.9 9.9
59.8 9.8
59.8 9.7
59.8 9.6
59.8 9.5
59.8 9.4
59.8 9.2
58.8 9.1
58.8 9.0
59.8 8.9
58.8 8.8
58.8 8.7
58.8 8.7
58.8 8.6
58.8 8.6
58.8 8.5
58.8 8.4
58.8 8.3
58.8 8.2
58.8 8.1
57.8 8.0
58.8 7.9
57.8 7.9
57.8 7.8
57.8 7.7
57.8 7.7
57.8 7.6
57.8 7.5
57.8 7.5
57.8 7.4
57.8 7.3
57.8 7.2
57.8 7.1
56.7 7.0
57.8 6.9
56.7 6.9
56.7 6.8
56.7 6.8
57.8 6.8
56.7 6.8
56.7 6.8
57.8 6.8
56.7 6.8
57.8 6.9
56.7 7.0
56.7 7.1
56.7 7.2
56.7 7.3
56.7 7.4
56.7 7.5
56.7 7.6
55.7 7.7
55.7 7.9
56.7 7.9
55.7 8.1
56.7 8.1
55.7 8.2
55.7 8.2
55.7 8.4
55.7 8.4
55.7 8.5
55.7 8.5
55.7 8.5
55.7 8.6
55.7 8.7
55.7 8.8
55.7 9.0
55.7 9.0
55.7 9.1
57.8 9.1
58.8 9.2
57.8 9.2
57.8 9.1
57.8 9.2
57.8 9.3
57.8 9.3
56.7 9.4
57.8 9.4
57.8 9.3
56.7 9.3
57.8 9.3
57.8 9.3
56.7 9.2
55.7 9.2
52.7 9.2
50.8 9.2
49.8 9.2
49.8 9.1
49.8 9.0
49.8 9.0
49.8 8.9
50.8 8.9
52.7 8.8
54.7 8.8
55.7 8.7
55.7 8.6
55.7 8.6
56.7 8.5
56.7 8.4
59.8 8.3
61.9 8.3
63.0 8.2
63.0 8.1
64.1 8.1
64.1 8.0
64.1 7.9
64.1 7.8
65.1 7.8
64.1 7.7
64.1 7.6
64.1 7.6
64.1 7.5
64.1 7.5
64.1 7.4
64.1 7.4
64.1 7.4
64.1 7.3
64.1 7.2
65.1 7.1
64.1 7.0
64.1 7.0
64.1 6.9
64.1 6.8
64.1 6.7
64.1 6.6
64.1 6.6
64.1 6.5
64.1 6.4
64.1 6.4
64.1 6.3
64.1 6.2
64.1 6.2
64.1 6.2
64.1 6.1
64.1 6.1
63.0 6.1
64.1 6.1
64.1 6.1
64.1 6.2
64.1 6.3
64.1 6.4
64.1 6.5
63.0 6.6
64.1 6.8
63.0 7.0
64.1 7.2
64.1 7.4
64.1 7.6
64.1 7.8
64.1 8.0
63.0 8.2
64.1 8.5
63.0 8.7
64.1 8.9
64.1 9.1
63.0 9.3
63.0 9.4
63.0 9.4
63.0 9.5
61.9 9.7
63.0 10.0
63.0 10.3
63.0 10.4
63.0 10.5
63.0 10.7
63.0 11.0
63.0 11.2
63.0 11.4
61.9 11.6
61.9 11.8
61.9 12.0
61.9 12.1
61.9 12.2
61.9 12.2
63.0 12.1
63.0 12.1
61.9 12.1
61.9 12.0
61.9 12.0
61.9 11.9
63.0 11.8
61.9 11.7
61.9 11.6
60.9 11.5
61.9 11.4
60.9 11.3
61.9 11.2
63.0 11.1
61.9 11.1
61.9 10.9
63.0 10.8
63.0 10.6
63.0 10.5
63.0 10.4
63.0 10.3
63.0 10.1
64.1 10.0
64.1 9.9
64.1 9.8
64.1 9.7
64.1 9.6
65.1 9.5
65.1 9.4
66.2 9.3
65.1 9.3
65.1 9.2
65.1 9.1
65.1 9.0
66.2 8.9
67.3 8.9
69.5 8.8
71.8 8.7
74.1 8.6
72.9 8.5
74.1 8.4
74.1 8.3
74.1 8.3
75.2 8.2
75.2 8.1
76.4 8.1
76.4 8.0
75.2 8.0
75.2 7.9
75.2 7.9
75.2 7.8
75.2 7.8
74.1 7.8
74.1 7.8
75.2 7.7
76.4 7.7
76.4 7.7
75.2 7.7
76.4 7.7
76.4 7.7
76.4 7.7
77.6 7.7
76.4 7.7
77.6 7.7
77.6 7.7
77.6 7.7
78.7 7.7
78.7 7.8
78.7 7.8
78.7 7.9
77.6 7.9
76.4 7.9
76.4 8.0
76.4 8.0
76.4 8.1
76.4 8.2
76.4 8.2
76.4 8.2
77.6 8.2
76.4 8.2
75.2 8.2
75.2 8.3
76.4 8.4
76.4 8.4
76.4 8.4
76.4 8.4
76.4 8.5
77.6 8.6
76.4 8.8
77.6 8.9
76.4 9.0
76.4 9.2
77.6 9.3
76.4 9.5
77.6 9.7
76.4 9.9
77.6 9.9
76.4 9.9
76.4 9.8
76.4 9.6
76.4 9.5
77.6 9.4
76.4 9.3
76.4 9.1
76.4 9.0
76.4 8.9
76.4 8.8
76.4 8.7
76.4 8.6
75.2 8.5
75.2 8.4
76.4 8.3
76.4 8.2
76.4 8.0
76.4 7.9
75.2 7.8
76.4 7.7
76.4 7.6
75.2 7.4
75.2 7.4
75.2 7.3
75.2 7.2
75.2 7.2
75.2 7.1
75.2 7.0
74.1 6.9
74.1 6.8
74.1 6.7
74.1 6.6
74.1 6.6
74.1 6.5
72.9 6.4
74.1 6.2
72.9 6.1
74.1 6.0
74.1 5.9
74.1 5.8
72.9 5.7
72.9 5.6
72.9 5.4
72.9 5.3
72.9 5.2
72.9 5.1
72.9 5.0
72.9 4.9
71.8 4.8
72.9 4.7
72.9 4.6
71.8 4.5
71.8 4.4
71.8 4.4
71.8 4.3
72.9 4.3
71.8 4.3
71.8 4.3
71.8 4.3
71.8 4.4
70.7 4.5
70.7 4.6
70.7 4.7
71.8 4.9
70.7 5.1
70.7 5.2
70.7 5.5
70.7 5.7
70.7 5.9
69.5 6.2
69.5 6.5
69.5 6.8
70.7 7.1
69.5 7.4
70.7 7.7
69.5 8.0
69.5 8.3
70.7 8.5
70.7 8.7
68.4 8.9
68.4 9.1
68.4 9.3
68.4 9.5
68.4 9.6
68.4 9.8
68.4 10.0
68.4 10.2
68.4 10.3
68.4 10.5
68.4 10.7
68.4 10.9
68.4 11.1
68.4 11.1
68.4 11.2
68.4 11.3
67.3 11.3
67.3 11.2
67.3 11.1
67.3 11.0
67.3 10.9
67.3 10.7
67.3 10.5
66.2 10.3
67.3 10.1
67.3 10.0
67.3 9.8
66.2 9.7
66.2 9.6
66.2 9.5
66.2 9.4
66.2 9.3
66.2 9.3
66.2 9.2
66.2 9.1
65.1 9.0
66.2 8.9
65.1 8.8
65.1 8.7
65.1 8.7
65.1 8.6
65.1 8.6
65.1 8.6
65.1 8.5
65.1 8.5
64.1 8.4
64.1 8.4
64.1 8.3
65.1 8.2
65.1 8.2
65.1 8.1
64.1 8.0
64.1 7.9
64.1 7.8
65.1 7.7
64.1 7.6
64.1 7.5
64.1 7.5
64.1 7.4
64.1 7.3
64.1 7.2
64.1 7.2
64.1 7.1
64.1 7.1
64.1 7.0
64.1 7.0
65.1 6.9
64.1 6.9
64.1 6.9
64.1 6.8
64.1 6.8
64.1 6.8
64.1 6.8
64.1 6.8
64.1 6.8
65.1 6.8
64.1 6.8
64.1 6.9
64.1 7.0
64.1 7.0
64.1 7.1
64.1 7.3
64.1 7.5
64.1 7.8
64.1 7.9
64.1 8.0
64.1 8.0
64.1 8.1
64.1 8.3
64.1 8.6
64.1 8.9
64.1 9.2
64.1 9.5
64.1 9.8
64.1 10.0
65.1 10.1
64.1 10.2
64.1 10.5
64.1 10.9
64.1 11.2
64.1 11.5
64.1 11.6
64.1 12.0
63.0 12.2
63.0 12.4
63.0 12.3
63.0 12.5
64.1 12.5
64.1 12.6
63.0 12.7
63.0 12.7
63.0 12.8
63.0 12.9
63.0 13.0
63.0 13.1
61.9 13.1
61.9 13.1
61.9 13.0
61.9 12.9
61.9 12.8
61.9 12.7
63.0 12.5
61.9 12.2
61.9 12.0
61.9 11.7
61.9 11.5
61.9 11.2
61.9 11.0
60.9 10.8
60.9 10.6
60.9 10.4
60.9 10.2
60.9 9.9
60.9 9.7
60.9 9.5
59.8 9.4
60.9 9.3
60.9 9.2
59.8 9.0
59.8 8.9
59.8 8.7
59.8 8.5
59.8 8.4
59.8 8.2
59.8 8.0
59.8 7.9
59.8 7.8
59.8 7.7
59.8 7.6
59.8 7.5
59.8 7.5
59.8 7.4
59.8 7.3
59.8 7.3
59.8 7.2
59.8 7.1
59.8 7.1
59.8 7.0
59.8 6.9
59.8 6.9
59.8 6.8
59.8 6.7
59.8 6.7
60.9 6.6
59.8 6.5
59.8 6.5
59.8 6.4
59.8 6.4
59.8 6.4
59.8 6.4
59.8 6.4
59.8 6.4
59.8 6.4
59.8 6.5
60.9 6.6
59.8 6.7
59.8 6.8
59.8 6.8
59.8 7.0
59.8 7.1
60.9 7.2
60.9 7.4
59.8 7.4
60.9 7.5
60.9 7.5
60.9 7.7
60.9 7.9
60.9 8.1
60.9 8.2
60.9 8.3
59.8 8.5
60.9 8.7
60.9 8.8
60.9 9.2
60.9 9.5
60.9 9.7
59.8 9.8
59.8 9.8
60.9 9.7
59.8 9.7
60.9 9.7
59.8 9.7
59.8 9.7
59.8 9.8
60.9 10.0
59.8 10.2
59.8 10.4
59.8 10.7
59.8 10.8
59.8 10.9
58.8 11.0
59.8 11.0
59.8 11.0
58.8 10.9
59.8 10.9
58.8 10.8
58.8 10.7
58.8 10.6
58.8 10.5
58.8 10.4
57.8 10.4
57.8 10.2
57.8 10.1
57.8 10.0
58.8 9.8
58.8 9.7
58.8 9.6
58.8 9.4
58.8 9.3
58.8 9.1
57.8 9.0
58.8 8.8
58.8 8.7
58.8 8.6
58.8 8.4
57.8 8.3
57.8 8.2
57.8 8.0
57.8 7.9
57.8 7.8
57.8 7.8
57.8 7.7
57.8 7.6
57.8 7.5
57.8 7.5
57.8 7.4
57.8 7.3
57.8 7.3
57.8 7.2
57.8 7.2
57.8 7.1
57.8 7.0
57.8 7.0
57.8 6.9
57.8 6.8
57.8 6.8
57.8 6.7
57.8 6.6
57.8 6.6
56.7 6.5
57.8 6.5
57.8 6.4
57.8 6.4
57.8 6.3
57.8 6.3
57.8 6.3
57.8 6.3
57.8 6.3
57.8 6.4
57.8 6.4
57.8 6.4
57.8 6.5
57.8 6.6
57.8 6.8
57.8 6.9
57.8 7.1
57.8 7.1
58.8 7.2
58.8 7.3
58.8 7.4
57.8 7.5
58.8 7.5
57.8 7.6
57.8 7.6
58.8 7.8
57.8 8.1
57.8 8.5
57.8 8.7
57.8 9.0
57.8 9.2
57.8 9.3
57.8 9.4
57.8 9.5
57.8 9.5
57.8 9.6
57.8 9.6
57.8 9.7
57.8 9.6
56.7 9.5
56.7 9.4
56.7 9.3
57.8 9.1
57.8 9.1
58.8 9.0
59.8 8.9
60.9 8.8
61.9 8.7
60.9 8.6
61.9 8.5
60.9 8.5
60.9 8.4
60.9 8.4
60.9 8.4
61.9 8.3
61.9 8.3
63.0 8.3
64.1 8.2
65.1 8.1
65.1 8.0
65.1 7.9
63.0 7.8
63.0 7.8
63.0 7.7
63.0 7.6
64.1 7.5
63.0 7.5
64.1 7.4
63.0 7.4
63.0 7.3
63.0 7.3
63.0 7.2
63.0 7.2
63.0 7.1
63.0 7.1
63.0 7.0
63.0 6.9
63.0 6.9
64.1 6.8
64.1 6.7
64.1 6.6
63.0 6.6
63.0 6.5
61.9 6.4
61.9 6.4
61.9 6.3
61.9 6.3
61.9 6.2
61.9 6.1
61.9 6.1
61.9 6.1
61.9 6.0
60.9 6.0
60.9 6.0
60.9 5.9
60.9 5.9
60.9 5.8
61.9 5.8
61.9 5.7
60.9 5.7
60.9 5.7
61.9 5.7
61.9 5.7
61.9 5.7
60.9 5.7
60.9 5.7
61.9 5.8
60.9 5.9
61.9 6.0
60.9 6.2
60.9 6.5
60.9 6.8
61.9 7.0
60.9 7.2
61.9 7.4
61.9 7.6
61.9 7.8
60.9 7.9
60.9 8.1
61.9 8.3
61.9 8.6
60.9 8.9
61.9 9.3
61.9 9.4
61.9 9.5
61.9 9.8
60.9 10.1
60.9 10.3
60.9 10.6
60.9 11.0
59.8 11.2
60.9 11.3
60.9 11.3
60.9 11.4
59.8 11.3
59.8 11.5
59.8 11.5
59.8 11.7
58.8 11.8
57.8 11.9
56.7 11.9
54.7 12.0
53.7 12.0
51.8 12.0
51.8 12.0
50.8 11.9
50.8 11.8
49.8 11.6
48.9 11.5
47.0 11.3
47.0 11.2
46.1 11.0
46.1 10.8
47.0 10.7
47.0 10.5
47.0 10.3
47.9 10.1
50.8 10.0
54.7 9.8
56.7 9.6
56.7 9.5
56.7 9.4
56.7 9.3
57.8 9.2
57.8 9.1
57.8 9.0
57.8 8.9
57.8 8.8
58.8 8.7
57.8 8.6
57.8 8.5
57.8 8.4
57.8 8.4
57.8 8.3
57.8 8.2
57.8 8.2
57.8 8.2
57.8 8.2
57.8 8.1
57.8 8.1
58.8 8.0
58.8 7.9
57.8 7.8
57.8 7.7
57.8 7.6
58.8 7.5
57.8 7.4
57.8 7.3
57.8 7.2
57.8 7.1
57.8 7.0
58.8 7.0
58.8 6.9
58.8 6.8
58.8 6.7
58.8 6.7
58.8 6.6
58.8 6.6
58.8 6.6
59.8 6.6
59.8 6.6
59.8 6.7
58.8 6.8
58.8 6.9
59.8 7.0
58.8 7.2
59.8 7.4
58.8 7.6
59.8 7.8
58.8 8.0
59.8 8.3
59.8 8.6
59.8 8.9
59.8 9.2
59.8 9.5
60.9 9.8
60.9 10.1
60.9 10.4
60.9 10.7
60.9 11.1
60.9 11.4
60.9 11.7
60.9 12.0
59.8 12.3
60.9 12.5
60.9 12.8
60.9 13.1
59.8 13.3
59.8 13.5
59.8 13.7
59.8 13.9
59.8 14.1
59.8 14.2
59.8 14.4
59.8 14.5
59.8 14.6
59.8 14.6
59.8 14.7
59.8 14.7
59.8 14.7
59.8 14.7
58.8 14.6
59.8 14.6
58.8 14.5
58.8 14.4
58.8 14.3
58.8 14.2
58.8 14.0
58.8 13.9
57.8 13.8
57.8 13.6
57.8 13.5
57.8 13.3
57.8 13.2
57.8 13.0
57.8 12.8
57.8 12.7
57.8 12.5
56.7 12.4
56.7 12.2
56.7 12.1
56.7 11.9
56.7 11.8
56.7 11.6
56.7 11.5
56.7 11.4
56.7 11.2
56.7 11.1
56.7 11.0
55.7 10.9
55.7 10.8
55.7 10.6
55.7 10.5
55.7 10.4
55.7 10.3
55.7 10.2
55.7 10.1
56.7 10.0
56.7 9.9
56.7 9.8
57.8 9.7
57.8 9.6
57.8 9.5
57.8 9.4
58.8 9.3
58.8 9.2
58.8 9.1
59.8 8.9
59.8 8.8
60.9 8.7
60.9 8.7
61.9 8.6
61.9 8.5
61.9 8.5
61.9 8.5
61.9 8.5
63.0 8.5
63.0 8.5
63.0 8.6
63.0 8.7
63.0 8.9
64.1 9.0
64.1 9.2
64.1 9.4
65.1 9.6
65.1 9.8
65.1 10.1
65.1 10.3
65.1 10.6
66.2 10.9
66.2 11.1
66.2 11.4
66.2 11.7
66.2 12.0
66.2 12.3
66.2 12.6
66.2 12.9
66.2 13.1
67.3 13.4
66.2 13.7
66.2 13.9
66.2 14.2
66.2 14.4
66.2 14.6
66.2 14.8
66.2 15.0
65.1 15.2
66.2 15.4
66.2 15.5
66.2 15.7
65.1 15.8
66.2 15.9
65.1 15.9
66.2 16.0
65.1 16.0
65.1 16.0
65.1 16.0
65.1 15.9
65.1 15.9
65.1 15.8
65.1 15.7
64.1 15.6
64.1 15.5
64.1 15.4
64.1 15.3
64.1 15.2
64.1 15.0
64.1 14.9
64.1 14.7
64.1 14.6
64.1 14.4
64.1 14.3
63.0 14.1
63.0 13.9
63.0 13.8
63.0 13.6
63.0 13.5
63.0 13.3
63.0 13.2
63.0 13.0
63.0 12.9
63.0 12.7
63.0 12.6
63.0 12.5
63.0 12.4
63.0 12.2
63.0 12.1
63.0 12.0
64.1 11.9
64.1 11.8
65.1 11.6
66.2 11.5
66.2 11.4
67.3 11.3
67.3 11.2
68.4 11.1
69.5 11.0
70.7 10.9
71.8 10.8
71.8 10.7
72.9 10.6
72.9 10.5
72.9 10.4
75.2 10.3
75.2 10.2
75.2 10.1
76.4 10.0
76.4 9.9
77.6 9.8
77.6 9.7
77.6 9.7
78.7 9.7
79.9 9.7
79.9 9.7
79.9 9.8
81.1 9.9
81.1 10.0
81.1 10.1
81.1 10.2
81.1 10.3
81.1 10.5
82.3 10.7
82.3 10.9
82.3 11.1
82.3 11.3
82.3 11.5
83.6 11.8
82.3 12.0
83.6 12.2
82.3 12.5
83.6 12.7
83.6 13.0
83.6 13.2
83.6 13.4
84.8 13.6
84.8 13.9
83.6 13.9
83.6 13.8
84.8 13.7
84.8 13.6
84.8 13.5
82.3 13.4
84.8 13.3
84.8 13.5
84.8 13.6
83.6 13.8
84.8 13.9
84.8 14.1
84.8 14.2
84.8 14.3
83.6 14.4
84.8 14.5
83.6 14.5
83.6 14.4
83.6 14.4
82.3 14.2
83.6 14.1
83.6 14.0
82.3 14.0
82.3 13.8
83.6 13.7
83.6 13.7
82.3 13.6
82.3 13.5
82.3 13.4
82.3 13.3
82.3 13.1
83.6 13.0
82.3 12.9
82.3 12.8
82.3 12.7
82.3 12.5
82.3 12.4
83.6 12.4
83.6 12.3
84.8 12.2
84.8 12.1
84.8 12.0
84.8 11.9
87.2 11.8
87.2 11.7
88.5 11.6
91.0 11.5
91.0 11.5
92.3 11.4
93.6 11.3
93.6 11.2
94.9 11.1
96.2 11.0
97.5 11.0
97.5 10.9
100 10.8
103 10.7
103 10.6
104 10.5
105 10.4
107 10.3
108 10.2
111 10.1
111 10.0
112 9.9
112 9.8
114 9.8
117 9.7
115 9.7
117 9.6
118 9.6
120 9.5
120 9.5
122 9.5
124 9.5
125 9.6
127 9.6
130 9.6
128 9.6
131 9.7
133 9.8
134 9.8
136 9.9
136 10.0
137 10.1
139 10.3
139 10.4
142 10.4
141 10.5
144 10.6
144 10.7
144 10.7
145 10.8
145 11.0
145 11.1
145 11.3
145 11.5
147 11.7
147 11.8
148 12.0
147 12.2
148 12.3
147 12.4
150 12.5
150 12.5
150 12.6
148 12.7
150 12.8
150 12.8
152 12.9
152 12.9
155 13.0
152 13.0
153 13.0
153 13.0
153 13.0
153 12.9
157 12.8
153 12.7
153 12.5
157 12.4
157 12.3
155 12.2
153 12.1
153 12.0
153 11.9
153 11.8
155 11.7
152 11.6
153 11.5
152 11.4
155 11.3
157 11.2
153 11.1
155 11.1
157 11.0
157 10.9
161 10.8
160 10.7
161 10.6
161 10.6
163 10.5
165 10.4
167 10.3
167 10.1
170 10.0
170 9.9
172 9.8
170 9.7
173 9.6
179 9.5
179 9.3
177 9.2
180 9.1
180 8.9
180 8.8
182 8.7
187 8.5
186 8.4
184 8.2
186 8.1
186 8.0
184 7.9
186 7.8
187 7.7
189 7.6
189 7.5
191 7.5
193 7.4
195 7.4
191 7.4
191 7.4
193 7.5
195 7.5
195 7.6
193 7.6
196 7.7
196 7.8
196 8.0
200 8.1
196 8.2
198 8.4
195 8.6
198 8.8
202 8.9
200 9.1
200 9.3
200 9.5
202 9.7
200 9.9
200 10.1
198 10.3
200 10.5
198 10.7
200 10.9
198 11.1
200 11.3
196 11.5
196 11.7
196 11.9
196 12.0
200 12.1
196 12.2
195 12.4
198 12.5
198 12.6
195 12.7
189 12.7
184 12.8
180 12.8
175 12.9
172 12.9
170 12.9
170 12.9
167 12.9
163 12.8
163 12.8
161 12.7
160 12.7
160 12.6
161 12.6
160 12.5
160 12.4
160 12.3
160 12.2
161 12.2
161 12.1
163 12.0
165 12.0
167 11.9
168 11.8
168 11.7
170 11.7
172 11.6
173 11.5
175 11.4
179 11.3
177 11.2
179 11.1
182 11.0
182 11.0
184 10.9
186 10.8
187 10.6
191 10.5
193 10.4
193 10.3
196 10.1
196 10.0
196 9.8
198 9.7
200 9.5
202 9.4
202 9.2
200 9.0
206 8.9
204 8.7
206 8.6
207 8.4
207 8.3
209 8.2
209 8.1
207 8.1
211 8.0
207 8.0
209 8.0
211 8.0
209 8.0
209 8.0
209 8.1
213 8.1
209 8.2
213 8.3
207 8.4
211 8.6
213 8.7
211 8.9
211 9.0
211 9.2
213 9.4
211 9.6
209 9.8
211 10.0
213 10.2
209 10.3
204 10.4
211 10.5
206 10.6
204 10.8
206 11.0
206 11.1
206 11.1
206 11.2
200 11.4
200 11.6
198 11.7
198 11.8
198 11.9
196 11.9
195 11.8
196 11.9
195 11.9
195 12.0
193 12.0
191 12.1
189 12.1
187 12.2
187 12.2
189 12.3
187 12.3
187 12.3
187 12.3
189 12.3
184 12.2
186 12.1
187 12.1
184 12.1
187 12.0
189 12.0
187 11.9
187 11.8
191 11.7
191 11.7
193 11.6
191 11.6
200 11.5
202 11.4
200 11.4
200 11.3
206 11.2
207 11.1
213 11.0
211 10.9
213 10.8
211 10.7
217 10.6
217 10.5
215 10.4
223 10.3
223 10.2
227 10.1
223 9.9
229 9.8
229 9.7
231 9.5
229 9.4
234 9.3
236 9.1
238 9.0
243 8.8
240 8.7
245 8.5
253 8.4
247 8.3
249 8.1
253 8.0
251 8.0
255 7.9
255 7.9
253 7.8
253 7.8
253 7.8
253 7.8
257 7.8
259 7.9
257 7.9
261 8.0
259 8.0
267 8.1
259 8.2
259 8.3
255 8.4
251 8.6
247 8.7
247 8.9
245 9.0
251 9.2
251 9.4
251 9.5
249 9.7
249 9.9
243 10.1
243 10.3
245 10.4
243 10.6
240 10.8
238 11.0
238 11.1
236 11.3
238 11.4
236 11.6
234 11.7
243 11.9
243 12.0
243 12.1
234 12.2
236 12.2
234 12.3
238 12.4
234 12.4
233 12.5
233 12.5
231 12.5
225 12.5
225 12.4
227 12.4
223 12.4
223 12.4
221 12.3
223 12.3
225 12.2
217 12.2
215 12.1
211 12.1
207 12.0
206 11.9
204 11.8
202 11.7
204 11.7
204 11.6
204 11.5
204 11.4
204 11.4
207 11.3
204 11.2
207 11.1
209 11.1
207 11.0
207 10.9
211 10.8
217 10.7
213 10.6
219 10.5
217 10.4
221 10.2
225 10.1
221 9.9
219 9.8
221 9.6
221 9.5
227 9.3
225 9.2
225 9.0
225 8.9
229 8.7
229 8.6
229 8.5
227 8.3
229 8.2
231 8.1
227 8.0
227 7.8
229 7.7
231 7.7
229 7.6
227 7.6
231 7.5
229 7.5
233 7.5
229 7.5
227 7.6
233 7.7
234 7.7
229 7.8
231 7.9
227 8.1
229 8.2
223 8.4
225 8.5
223 8.7
225 8.9
225 9.1
225 9.3
223 9.5
221 9.8
221 10.0
221 10.3
223 10.5
217 10.8
215 11.0
211 11.2
211 11.4
209 11.7
209 11.9
209 12.0
207 12.2
206 12.4
206 12.6
206 12.8
204 12.9
200 13.1
200 13.2
200 13.3
199 13.5
197 13.5
193 13.6
195 13.6
192 13.6
192 13.7
190 13.6
185 13.6
183 13.6
186 13.5
183 13.5
181 13.5
183 13.4
183 13.3
185 13.3
181 13.2
185 13.1
180 13.1
180 13.0
185 12.9
187 12.8
185 12.8
188 12.7
190 12.6
188 12.5
188 12.5