8.6 412
8.6 413
8.6 414
8.6 414
8.6 415
8.5 414
8.4 416
8.4 417
8.4 418
8.4 420
8.4 420
8.4 421
8.4 422
8.4 421
8.4 422
8.4 422
8.4 419
8.4 419
8.4 419
8.4 420
8.4 421
8.4 420
8.4 421
8.4 414
8.4 406
8.3 409
8.3 409
8.4 409
8.4 410
8.4 412
8.4 414
8.4 415
8.4 416
8.4 418
8.4 419
8.4 420
8.4 420
8.4 421
8.3 420
8.4 419
8.4 419
8.5 420
8.5 421
8.5 422
8.4 423
8.4 423
8.4 423
8.4 423
8.4 423
8.4 424
8.4 423
8.4 424
8.4 424
8.4 424
8.4 425
8.4 425
8.4 425
8.4 425
8.4 423
8.4 424
8.4 424
8.3 423
8.4 423
8.4 422
8.4 423
8.4 423
8.4 423
8.4 424
8.4 423
8.4 423
8.4 424
8.4 423
8.5 424
8.5 424
8.5 424
8.5 425
8.5 425
8.4 426
8.4 426
8.4 426
8.4 425
8.4 425
8.4 426
8.4 426
8.3 426
8.4 425
8.4 425
8.4 425
8.4 425
8.4 425
8.4 424
8.4 425
8.4 425
8.4 425
8.4 426
8.4 425
8.4 426
8.3 426
8.3 427
8.4 426
8.4 426
8.4 426
8.4 426
8.4 426
8.4 427
8.4 427
8.4 427
8.4 427
8.4 427
8.5 426
8.5 425
8.5 424
8.4 424
8.4 423
8.4 421
8.5 420
8.5 418
8.5 416
8.5 414
8.6 415
8.6 415
8.5 414
8.6 412
8.6 413
8.6 414
8.6 414
8.6 415
8.6 416
8.6 416
8.6 416
8.6 414
8.6 412
8.6 411
8.6 407
8.6 405
8.7 402
8.7 402
8.7 400
8.7 397
8.7 394
8.7 390
8.7 384
8.7 384
8.7 383
8.7 382
8.7 381
8.7 380
8.7 380
8.7 381
8.7 382
8.7 383
8.7 383
8.7 382
8.7 382
8.8 381
8.8 382
8.8 382
8.7 381
8.7 380
8.7 381
8.7 382
8.8 382
8.8 382
8.8 382
8.8 382
8.8 381
8.8 381
8.8 379
8.8 379
8.8 380
8.8 379
8.8 379
8.8 378
8.8 380
8.8 381
8.8 383
8.8 384
8.8 385
8.8 385
8.8 385
8.8 385
8.8 385
8.8 386
8.8 386
8.8 385
8.8 385
8.8 384
8.8 385
8.8 385
8.8 385
8.8 385
8.8 383
8.8 383
8.7 383
8.7 382
8.7 381
8.7 381
8.8 380
8.7 380
8.8 380
8.8 380
8.8 378
8.8 378
8.8 379
8.8 379
8.8 380
8.8 380
8.8 381
8.8 381
8.8 381
8.8 380
8.8 380
8.8 381
8.8 381
8.8 381
8.8 381
8.8 382
8.8 383
8.8 384
8.8 384
8.8 385
8.7 384
8.8 385
8.8 385
8.8 384
8.8 384
8.8 384
8.8 385
8.8 385
8.8 386
8.7 387
8.7 387
8.7 388
8.7 389
8.7 390
8.7 390
8.7 393
8.6 394
8.6 394
8.7 394
8.7 394
8.7 395
8.7 394
8.6 396
8.6 397
8.6 397
8.6 397
8.7 396
8.7 396
8.7 397
8.7 398
8.6 398
8.6 398
8.6 399
8.6 400
8.7 400
8.7 400
8.6 402
8.6 402
8.6 402
8.6 402
8.6 402
8.6 404
8.6 403
8.7 403
8.7 404
8.6 404
8.6 404
8.6 404
8.6 404
8.6 404
8.6 404
8.6 405
8.6 405
8.7 406
8.6 406
8.6 405
8.7 405
8.6 406
8.6 408
8.6 409
8.6 410
8.5 412
8.5 411
8.5 411
8.6 411
8.6 409
8.6 409
8.6 409
8.6 410
8.6 410
8.6 410
8.6 410
8.6 410
8.6 409
8.6 408
8.6 407
8.6 407
8.6 408
8.6 407
8.6 408
8.6 409
8.6 409
8.7 410
8.6 410
8.6 411
8.6 411
8.6 411
8.6 413
8.6 412
8.6 414
8.6 414
8.6 414
8.6 415
8.6 414
8.6 415
8.6 416
8.6 416
8.6 416
8.6 416
8.6 416
8.6 416
8.5 417
8.5 416
8.6 416
8.6 416
8.5 417
8.6 417
8.6 418
8.6 417
8.6 417
8.6 418
8.6 418
8.5 418
8.5 419
8.5 419
8.5 419
8.5 419
8.6 418
8.5 414
8.5 415
8.5 416
8.5 415
8.5 415
8.4 416
8.4 416
8.4 414
8.5 413
8.4 414
8.4 413
8.4 414
8.5 413
8.5 413
8.5 413
8.5 413
8.5 412
8.5 410
8.5 409
8.5 409
8.6 409
8.5 409
8.5 410
8.5 411
8.5 411
8.5 411
8.5 411
8.5 412
8.4 412
8.5 411
8.5 411
8.4 411
8.4 411
8.5 411
8.5 410
8.5 410
8.5 411
8.4 412
8.4 410
8.4 408
8.4 410
8.5 410
8.4 410
8.5 410
8.5 410
8.5 410
8.5 408
8.5 408
8.5 409
8.4 411
8.4 411
8.4 412
8.4 412
8.4 411
8.4 412
8.4 412
8.4 413
8.4 414
8.5 411
8.5 403
8.5 397
8.6 391
8.6 389
8.5 388
8.5 388
8.5 386
8.5 386
8.5 386
8.5 387
8.5 389
8.5 390
8.5 390
8.5 391
8.5 393
8.5 395
8.5 396
8.5 398
8.5 399
8.4 400
8.4 399
8.5 398
8.5 398
8.5 398
8.5 400
8.5 401
8.5 403
8.5 404
8.5 405
8.5 407
8.5 407
8.5 407
8.5 408
8.4 409
8.4 408
8.5 402
8.5 400
8.5 402
8.4 404
8.4 405
8.4 406
8.5 406
8.4 406
8.4 406
8.4 407
8.4 408
8.4 409
8.4 410
8.4 410
8.4 411
8.4 411
8.4 411
8.4 411
8.4 410
8.5 409
8.5 409
8.5 409
8.5 409
8.5 408
8.5 406
8.6 407
8.5 408
8.5 409
8.5 409
8.6 406
8.6 404
8.7 400
8.7 399
8.7 397
8.7 393
8.7 390
8.7 385
8.7 382
8.7 381
8.7 378
8.6 379
8.6 379
8.7 378
8.7 377
8.7 375
8.8 373
8.8 369
8.8 367
8.8 367
8.8 367
8.9 364
8.9 364
8.9 362
8.8 365
8.8 367
8.8 368
8.8 368
8.8 368
8.8 368
8.8 366
8.8 367
8.8 368
8.8 370
8.8 371
8.8 372
8.8 374
8.8 375
8.8 377
8.8 378
8.8 380
8.8 381
8.8 382
8.8 382
8.8 384
8.8 385
8.8 387
8.8 388
8.8 388
8.8 390
8.8 391
8.8 392
8.8 394
8.8 395
8.8 396
8.7 397
8.8 398
8.8 397
8.8 398
8.8 398
8.8 399
8.8 400
8.8 399
8.8 400
8.8 401
8.8 402
8.8 403
8.8 403
8.8 404
8.8 405
8.8 406
8.8 406
8.7 407
8.8 407
8.7 408
8.7 409
8.7 409
8.7 409
8.7 409
8.7 410
8.7 409
8.7 410
8.8 410
8.7 411
8.8 411
8.7 411
8.7 412
8.7 412
8.7 412
8.8 412
8.7 412
8.7 412
8.7 412
8.7 413
8.7 413
8.7 414
8.7 414
8.7 415
8.6 414
8.7 415
8.7 414
8.7 414
8.7 414
8.7 414
8.6 416
8.6 415
8.6 415
8.7 415
8.7 414
8.7 415
8.7 415
8.7 415
8.7 416
8.7 416
8.6 416
8.7 416
8.7 416
8.7 416
8.7 416
8.7 416
8.6 415
8.7 415
8.7 416
8.6 416
8.6 416
8.6 416
8.6 416
8.7 416
8.7 416
8.6 417
8.6 416
8.6 416
8.6 414
8.7 413
8.7 412
8.7 412
8.7 408
8.7 407
8.7 406
8.6 406
8.6 407
8.7 407
8.7 408
8.7 409
8.7 407
8.7 406
8.6 407
8.6 407
8.6 406
8.6 406
8.6 406
8.6 406
8.6 405
8.6 406
8.6 407
8.6 407
8.6 409
8.6 408
8.6 408
8.6 405
8.6 406
8.6 406
8.6 406
8.6 405
8.6 405
8.6 405
8.6 405
8.6 405
8.6 407
8.6 408
8.6 408
8.6 408
8.6 409
8.6 410
8.6 410
8.6 412
8.6 413
8.5 414
8.6 414
8.6 415
8.6 415
8.6 416
8.5 416
8.5 414
8.6 413
8.6 411
8.6 407
8.6 404
8.6 403
8.6 402
8.6 401
8.6 399
8.6 398
8.6 399
8.6 399
8.6 398
8.6 397
8.6 396
8.6 396
8.6 396
8.6 395
8.6 395
8.6 396
8.6 394
8.6 393
8.6 393
8.6 392
8.6 392
8.6 391
8.6 391
8.6 391
8.6 391
8.6 392
8.6 393
8.6 393
8.6 394
8.6 395
8.6 394
8.6 395
8.6 396
8.6 396
8.6 396
8.6 397
8.6 399
8.6 398
8.6 398
8.6 398
8.6 399
8.6 399
8.6 399
8.6 400
8.6 399
8.6 401
8.6 401
8.6 402
8.6 402
8.7 402
8.6 401
8.6 401
8.6 400
8.6 402
8.6 403
8.6 403
8.6 404
8.6 402
8.6 401
8.6 398
8.6 396
8.6 394
8.6 394
8.6 394
8.6 394
8.7 393
8.7 393
8.6 393
8.6 393
8.6 393
8.7 394
8.7 395
8.7 394
8.7 390
8.7 388
8.7 386
8.7 386
8.7 386
8.7 387
8.7 386
8.7 385
8.8 386
8.8 384
8.8 383
8.8 385
8.8 385
8.8 385
8.8 385
8.8 385
8.8 386
8.8 386
8.8 385
8.8 385
8.8 385
8.8 386
8.8 386
8.8 386
8.8 387
8.8 387
8.8 387
8.8 387
8.8 387
8.8 387
8.8 386
8.8 385
8.8 385
8.8 383
8.8 382
8.8 380
8.8 379
8.8 378
8.8 376
8.8 373
8.9 373
8.9 374
8.9 374
8.9 373
8.9 371
8.9 369
8.9 368
8.9 368
8.9 369
8.9 369
8.9 369
8.9 368
8.9 367
8.9 367
8.9 366
8.9 364
8.9 363
8.9 360
8.9 361
8.9 359
8.9 361
8.9 363
8.9 365
8.9 367
8.9 364
8.9 361
8.9 358
8.9 358
8.9 359
8.9 360
8.9 360
8.9 360
8.9 361
8.9 363
8.9 366
8.9 366
8.9 367
8.9 368
8.9 368
8.9 368
8.9 368
8.8 369
8.8 372
8.8 373
8.8 374
8.8 375
8.8 376
8.8 377
8.8 377
8.8 378
8.8 380
8.8 381
8.8 382
8.8 383
8.8 384
8.8 385
8.8 386
8.8 387
8.7 388
8.7 388
8.7 389
8.7 389
8.7 390
8.7 390
8.7 391
8.7 391
8.7 391
8.8 393
8.8 394
8.8 396
8.8 396
8.7 398
8.7 400
8.7 400
8.7 401
8.8 402
8.7 403
8.7 404
8.8 405
8.8 406
8.7 406
8.7 407
8.7 408
8.7 408
8.7 409
8.7 410
8.7 410
8.7 410
8.7 410
8.7 411
8.7 411
8.7 411
8.7 411
8.7 412
8.6 412
8.7 412
8.7 412
8.6 412
8.6 413
8.6 413
8.6 413
8.6 412
8.6 413
8.6 413
8.5 413
8.6 412
8.6 412
8.5 412
8.6 411
8.6 411
8.6 412
8.6 413
8.6 412
8.6 413
8.6 413
8.5 414
8.5 414
8.5 412
8.5 410
8.6 411
8.6 412
8.5 413
8.5 413
8.5 413
8.5 413
8.5 412
8.5 411
8.5 413
8.5 411
8.5 412
8.5 410
8.5 411
8.5 411
8.5 408
8.5 407
8.5 408
8.5 408
8.5 408
8.5 407
8.5 409
8.5 410
8.5 411
8.5 410
8.5 406
8.4 407
8.4 408
8.5 409
8.5 410
8.4 413
8.4 415
8.4 415
8.4 415
8.4 415
8.4 415
8.4 416
8.4 417
8.4 416
8.4 414
8.4 414
8.4 411
8.4 411
8.5 413
8.4 415
8.4 416
8.5 417
8.4 417
8.5 417
8.5 418
8.5 418
8.4 419
8.4 420
8.4 419
8.4 419
8.4 419
8.4 419
8.4 419
8.5 420
8.4 421
8.4 420
8.5 421
8.5 422
8.5 422
8.5 422
8.5 420
8.5 418
8.5 414
8.5 409
8.5 405
8.5 400
8.5 397
8.5 396
8.5 394
8.5 392
8.5 395
8.5 397
8.5 396
8.5 396
8.5 394
8.5 391
8.5 392
8.5 393
8.5 395
8.5 397
8.5 398
8.5 400
8.5 401
8.5 401
8.5 401
8.5 400
8.5 401
8.5 404
8.5 404
8.5 406
8.5 408
8.5 408
8.5 407
8.5 409
8.5 411
8.5 412
8.5 413
8.5 413
8.5 414
8.5 414
8.5 414
8.5 413
8.5 413
8.6 411
8.6 411
8.6 410
8.6 410
8.6 410
8.6 408
8.6 407
8.6 407
8.6 406
8.6 405
8.6 403
8.7 402
8.7 401
8.7 400
8.7 400
8.7 399
8.7 400
8.7 400
8.7 400
8.7 398
8.7 398
8.7 397
8.7 397
8.7 396
8.7 396
8.8 395
8.8 394
8.8 393
8.8 392
8.8 391
8.8 390
8.8 390
8.8 390
8.8 390
8.8 390
8.8 388
8.8 388
8.8 387
8.8 386
8.8 386
8.8 386
8.8 385
8.8 385
8.8 383
8.8 383
8.8 383
8.8 383
8.8 383
8.8 383
8.8 383
8.8 384
8.7 387
8.7 389
8.7 391
8.7 391
8.7 390
8.8 392
8.8 391
8.8 392
8.8 390
8.8 388
8.8 386
8.7 385
8.8 385
8.8 384
8.8 384
8.8 383
8.8 378
8.8 374
8.8 372
8.8 371
8.7 371
8.8 371
8.8 370
8.8 369
8.8 368
8.8 368
8.8 369
8.8 369
8.8 369
8.8 369
8.8 368
8.9 366
8.9 364
8.9 363
8.9 362
8.9 361
8.9 360
8.9 359
8.9 360
8.9 360
8.9 360
8.9 362
8.9 362
8.9 363
8.9 363
8.9 364
8.9 364
8.9 365
8.9 366
8.9 367
8.9 368
8.9 370
8.9 371
8.9 372
8.9 372
8.9 372
8.9 372
8.9 373
8.9 374
8.9 375
8.9 376
8.9 377
8.9 379
8.9 381
8.9 381
8.9 382
8.8 383
8.8 384
8.8 386
8.8 388
8.8 388
8.7 389
8.7 390
8.7 392
8.7 392
8.7 392
8.8 391
8.8 392
8.7 395
8.8 395
8.8 394
8.7 396
8.8 397
8.8 398
8.8 398
8.8 398
8.8 400
8.8 401
8.7 402
8.7 402
8.7 402
8.6 414
8.6 412
8.6 413
8.6 414
8.6 414
8.6 415
8.6 415
8.6 415
8.6 415
8.6 415
8.6 416
8.6 416
8.6 416
8.7 415
8.7 415
8.7 416
8.6 417
8.6 418
8.6 418
8.7 419
8.6 420
8.6 421
8.6 420
8.6 421
8.6 421
8.6 422
8.6 422
8.6 423
8.5 422
8.6 420
8.6 420
8.6 422
8.6 422
8.6 420
8.6 421
8.7 421
8.6 422
8.6 424
8.6 423
8.5 422
8.6 422
8.6 422
8.6 424
8.6 423
8.6 421
8.6 422
8.6 422
8.6 422
8.6 425
8.6 423
8.6 421
8.6 421
8.5 421
8.6 416
8.6 414
8.6 414
8.6 414
8.6 414
8.6 414
8.6 414
8.7 413
8.7 413
8.6 413
8.6 412
8.7 411
8.6 412
8.7 412
8.6 413
8.6 413
8.6 414
8.6 414
8.6 414
8.6 414
8.6 412
8.6 414
8.6 415
8.6 414
8.6 413
8.6 414
8.7 411
8.7 408
8.6 408
8.7 406
8.6 406
8.5 408
8.5 408
8.4 409
8.4 409
8.6 405
8.6 406
8.7 405
8.8 402
8.8 401
8.7 401
8.6 402
8.6 400
8.7 398
8.7 396
8.5 396
8.6 394
8.7 392
8.7 390
8.7 390
8.7 387
8.6 387
8.5 388
8.5 388
8.6 385
8.5 384
8.5 382
8.5 381
8.6 379
8.4 382
8.5 381
8.5 378
8.5 378
8.4 378
8.6 378
8.8 378
8.8 382
8.7 387
8.6 391
8.7 393
8.8 393
8.8 396
8.8 396
8.8 397
8.8 398
8.8 399
8.9 399
8.9 399
9.0 398
8.9 400
8.9 401
8.9 403
8.9 395
8.9 395
8.9 398
8.9 398
9.0 397
9.0 398
9.0 398
8.9 402
8.9 403
9.0 400
9.0 402
8.9 403
9.0 404
8.9 405
8.9 407
8.8 408
8.8 408
8.9 407
8.9 403
8.9 402
8.9 403
8.9 405
8.9 403
8.9 403
9.0 403
9.0 402
8.9 403
9.0 403
9.0 403
9.0 402
9.0 403
9.0 404
9.0 405
9.0 404
8.9 408
8.9 408
9.0 408
8.9 410
9.1 405
9.1 402
9.1 400
9.0 402
8.9 408
8.9 409
9.0 408
9.0 408
8.9 409
8.9 409
8.9 409
8.9 410
8.9 411
8.8 413
8.8 413
8.8 414
8.8 412
8.8 411
8.8 413
8.8 414
8.8 413
8.9 410
9.0 409
8.9 409
9.0 408
9.0 405
9.0 408
8.8 411
8.9 411
8.8 411
8.9 411
8.9 409
9.0 405
8.9 408
9.0 405
9.0 402
9.0 404
8.9 406
8.8 410
8.8 411
8.7 413
8.7 414
8.8 414
8.7 411
8.8 412
8.6 414
8.7 414
8.7 412
8.7 412
8.7 413
8.9 410
8.9 410
8.9 407
8.9 406
8.8 406
8.9 406
8.9 405
9.0 406
9.0 405
9.0 404
9.0 404
9.0 405
9.0 405
9.0 405
8.9 407
8.8 410
8.8 412
8.7 415
8.6 415
8.6 414
8.6 413
8.6 414
8.6 414
8.6 415
8.7 415
8.6 414
8.7 415
8.6 416
8.6 416
8.6 416
8.7 416
8.8 414
8.9 412
8.9 412
8.9 412
8.9 412
8.9 414
8.9 414
8.8 415
8.9 416
8.8 416
8.8 418
8.8 419
8.8 420
8.7 421
8.7 422
8.7 421
8.7 423
8.6 423
8.7 422
8.7 422
8.8 420
8.7 420
8.7 418
8.8 418
8.8 418
8.8 417
8.7 418
8.8 417
8.8 416
8.8 416
8.8 417
8.8 416
8.8 416
8.8 415
8.8 417
8.7 417
8.8 418
8.7 418
8.7 420
8.6 422
8.6 422
8.8 420
8.8 418
8.8 420
8.8 420
8.7 420
8.8 419
8.8 419
8.7 421
8.7 422
8.6 424
8.6 424
8.6 424
8.6 421
8.6 419
8.6 418
8.6 419
8.6 419
8.6 421
8.6 422
8.6 424
8.6 424
8.5 424
8.5 424
8.4 426
8.4 427
8.4 428
8.4 427
8.4 425
8.6 424
8.5 425
8.5 425
8.5 426
8.5 424
8.5 424
8.6 424
8.6 424
8.5 425
8.6 425
8.5 425
8.5 425
8.5 424
8.5 424
8.5 422
8.5 420
8.5 420
8.5 419
8.5 418
8.5 416
8.5 417
8.5 418
8.5 417
8.4 417
8.5 416
8.5 415
8.5 415
8.5 416
8.5 413
8.5 409
8.5 409
8.5 411
8.5 412
8.5 413
8.6 415
8.6 416
8.6 417
8.5 419
8.5 419
8.5 420
8.5 420
8.6 420
8.6 420
8.6 420
8.6 421
8.6 421
8.6 422
8.6 422
8.6 421
8.5 424
8.4 426
8.3 429
8.2 431
8.2 431
8.2 431
8.1 430
8.1 431
8.2 431
8.1 431
8.2 432
8.1 431
8.2 431
8.2 432
8.2 433
8.1 434
8.2 434
8.2 434
8.2 435
8.2 435
8.1 435
8.0 437
8.0 438
8.0 439
7.9 439
7.9 438
7.9 435
8.0 434
8.0 435
8.1 436
8.1 437
8.1 438
8.1 439
8.1 439
8.0 441
8.1 441
8.1 441
8.0 442
8.0 442
8.1 442
8.1 442
8.1 441
8.0 439
8.0 440
8.0 441
8.0 441
8.0 442
8.0 442
8.0 443
8.1 443
8.0 444
8.1 444
8.0 444
8.0 446
8.0 446
7.9 445
7.9 446
8.0 446
7.9 447
7.9 447
7.9 448
7.9 448
7.9 442
7.9 443
7.8 444
7.9 444
7.8 444
7.8 444
7.8 444
7.8 443
7.7 444
7.8 444
7.7 444
7.8 444
7.8 445
7.7 445
7.7 444
7.7 442
7.8 441
7.8 440
7.7 441
7.8 440
7.8 438
7.8 438
7.8 437
7.8 437
7.7 437
7.7 436
7.8 436
7.8 435
7.8 434
7.9 433
7.9 434
7.8 433
7.9 433
7.9 433
7.9 430
8.0 429
7.9 430
7.9 431
7.9 431
8.0 431
8.0 429
8.0 429
8.2 429
8.2 427
8.1 428
8.0 429
8.0 430
7.9 429
8.0 427
8.0 426
8.1 425
8.1 425
8.1 426
8.2 425
8.2 426
8.2 428
8.2 429
8.1 429
8.1 430
8.1 431
8.1 431
8.1 432
8.1 432
8.1 432
8.0 433
8.0 434
8.0 434
8.0 435
8.0 434
8.0 434
8.1 434
8.0 432
8.0 433
8.0 434
7.9 436
8.0 435
7.9 434
7.7 438
7.6 438
7.4 437
7.5 435
7.3 436
7.2 437
7.1 439
7.1 439
7.1 440
7.0 441
6.9 442
6.9 442
6.9 442
6.9 442
6.9 439
7.0 438
7.0 438
7.0 437
7.0 436
7.1 436
7.0 438
7.2 437
7.5 437
7.4 438
7.3 441
7.7 438
7.8 438
7.8 438
7.6 440
7.9 439
7.8 439
7.9 438
7.9 440
7.9 440
7.9 440
7.9 440
7.9 441
8.0 441
8.0 442
7.9 442
7.9 443
8.0 442
7.9 444
7.9 444
7.9 445
7.9 444
7.9 445
7.9 445
7.9 445
8.0 446
7.9 446
7.8 446
7.9 446
7.9 446
7.9 446
7.9 446
7.9 446
7.9 446
7.9 447
7.9 447
7.9 447
7.9 447
7.9 447
7.9 448
7.8 448
7.8 448
7.9 447
7.8 447
7.8 446
7.9 447
7.8 448
7.8 448
7.8 446
7.8 442
7.8 442
7.8 442
7.8 443
7.8 444
7.8 445
7.8 445
7.8 445
7.8 445
7.8 446
7.8 445
7.8 445
7.8 446
7.8 447
7.8 447
7.8 447
7.8 445
7.9 446
7.8 446
7.8 447
7.9 448
7.9 448
7.9 449
7.9 449
7.9 450
7.9 450
7.9 450
7.9 451
7.8 451
7.9 451
7.9 451
7.9 451
7.8 451
7.9 451
7.8 451
7.9 451
7.9 451
7.8 450
7.9 450
7.9 450
7.9 449
7.9 449
7.9 450
7.8 450
7.9 450
7.9 449
7.9 450
7.9 449
7.9 450
7.9 450
7.9 450
7.9 451
7.9 451
7.9 451
7.9 451
7.9 451
7.8 452
7.9 451
7.9 450
7.9 448
7.9 449
7.9 448
7.9 448
7.9 448
7.9 448
7.9 447
7.9 447
7.9 447
7.9 448
7.9 449
7.9 449
7.9 450
7.9 449
7.9 448
7.9 448
7.9 448
7.9 448
8.0 446
7.9 446
7.9 446
7.9 446
7.9 447
7.9 448
7.9 448
7.9 447
7.9 447
8.0 447
8.0 448
8.0 448
8.0 449
7.9 450
7.8 450
7.7 452
7.6 452
7.6 451
7.6 451
7.6 450
7.6 450
7.8 450
7.7 451
7.6 452
7.4 453
7.5 451
7.4 451
7.3 451
7.3 452
7.3 452
7.2 452
7.4 451
7.9 447
8.0 444
8.1 439
8.0 435
8.1 434
8.1 431
8.1 432
7.9 438
7.7 439
7.8 440
7.9 441
7.9 443
7.9 443
8.0 442
8.0 442
8.1 441
8.2 439
8.2 437
8.2 436
8.2 434
8.1 434
8.1 433
8.1 431
8.1 429
8.1 425
8.1 421
8.2 418
8.2 417
8.2 416
8.2 415
8.2 415
8.2 414
8.3 412
8.2 412
8.2 412
8.3 411
8.2 412
8.3 411
8.3 409
8.3 410
8.3 410
8.3 408
8.3 408
8.2 408
8.3 407
8.2 408
8.2 408
8.4 406
8.3 406
8.3 404
8.3 404
8.4 404
8.5 404
8.4 404
8.4 404
8.5 404
8.5 403
8.5 400
8.4 401
8.5 402
8.5 402
8.4 407
8.4 408
8.5 410
8.5 410
8.5 410
8.5 410
8.5 411
8.5 410
8.5 411
8.5 413
8.4 415
8.4 417
8.3 418
8.3 419
8.3 422
8.3 424
8.3 426
8.3 424
8.4 423
8.3 424
8.2 427
8.2 429
8.2 430
8.2 431
8.2 433
8.1 431
8.2 433
8.1 435
8.1 436
8.1 436
8.1 438
8.1 440
8.0 442
8.2 441
8.2 442
8.2 442
8.2 442
8.2 443
8.1 444
8.1 446
8.0 446
8.0 448
8.0 449
8.0 448
7.9 450
7.8 451
7.8 451
7.8 451
7.8 452
7.7 453
7.9 452
8.0 451
8.0 450
8.0 451
7.9 451
8.0 451
8.1 450
8.1 451
8.1 451
8.0 452
7.9 452
7.8 452
7.9 451
7.9 450
8.0 449
8.0 448
8.0 447
8.1 447
8.1 447
8.1 448
8.0 448
8.0 448
8.1 448
8.0 448
8.1 448
8.0 448
8.1 448
8.1 450
8.1 450
8.1 451
8.0 452
8.0 452
8.0 453
7.9 452
7.9 453
7.9 453
7.9 451
8.0 449
8.1 448
8.1 446
8.1 446
8.1 446
8.0 447
8.0 448
8.0 449
8.0 449
8.1 450
8.0 450
8.0 450
8.0 450
8.0 451
7.9 452
7.9 451
7.9 451
7.9 451
7.9 450
7.8 449
7.8 448
7.8 448
7.8 445
7.8 445
7.9 445
7.9 446
8.0 445
8.0 445
8.0 447
7.9 446
8.0 446
8.0 446
8.0 446
8.1 446
8.1 446
8.0 447
8.0 448
8.0 447
8.0 448
7.9 448
8.1 448
8.1 448
8.0 449
8.0 449
8.0 449
8.0 449
8.1 449
8.1 449
8.1 450
8.0 451
8.0 451
8.1 450
8.0 451
8.1 451
8.1 452
8.1 452
8.1 453
8.0 454
7.9 454
7.9 454
8.0 451
7.9 452
7.9 453
7.9 452
7.9 453
7.9 452
7.9 454
7.9 453
8.0 453
8.0 456
8.0 454
8.0 452
8.0 448
8.0 448
8.0 449
8.0 449
8.0 449
8.1 450
8.1 451
8.1 452
8.1 452
8.1 452
8.1 453
8.1 453
8.1 455
8.1 455
8.0 456
8.0 456
8.0 456
8.0 455
8.0 452
8.0 451
8.1 452
8.1 452
8.1 453
8.0 455
8.1 455
8.1 455
8.1 458
8.0 459
8.1 458
8.0 454
8.0 455
7.9 455
8.0 453
8.0 452
8.1 452
8.2 450
8.2 446
8.2 445
8.3 443
8.3 441
8.4 440
8.4 438
8.3 439
8.4 436
8.3 435
8.2 432
8.3 429
8.2 426
8.4 423
8.3 422
8.3 422
8.4 420
8.4 418
8.4 417
8.4 416
8.3 418
8.3 417
8.4 415
8.3 412
8.4 412
8.4 411
8.3 410
8.4 410
8.4 408
8.5 401
8.5 398
8.5 394
8.5 392
8.5 390
8.5 388
8.5 386
8.5 386
8.6 385
8.6 385
8.5 385
8.6 385
8.5 386
8.5 386
8.6 387
8.6 387
8.6 387
8.6 388
8.6 388
8.6 388
8.6 387
8.6 387
8.6 387
8.6 388
8.6 389
8.6 390
8.6 392
8.6 393
8.6 394
8.6 395
8.6 395
8.6 394
8.6 394
8.7 395
8.6 394
8.6 392
8.7 388
8.7 386
8.7 385
8.7 384
8.7 383
8.8 382
8.8 380
8.8 379
8.8 380
8.8 380
8.7 380
8.7 380
8.7 381
8.8 380
8.8 381
8.8 382
8.8 381
8.8 381
8.8 381
8.8 381
8.8 382
8.8 382
8.8 382
8.8 381
8.8 382
8.8 382
8.8 383
8.8 383
8.8 384
8.8 385
8.8 386
8.8 388
8.8 389
8.8 390
8.8 391
8.8 393
8.8 395
8.8 397
8.8 397
8.8 398
8.8 399
8.8 401
8.8 402
8.8 403
8.8 405
8.8 405
8.7 407
8.7 408
8.7 409
8.7 411
8.7 411
8.7 413
8.6 416
8.6 417
8.6 418
8.6 416
8.5 417
8.6 416
8.6 416
8.7 417
8.7 419
8.6 421
8.6 422
8.6 422
8.6 423
8.6 425
8.5 426
8.5 426
8.6 424
8.7 423
8.6 423
8.6 425
8.7 424
8.7 424
8.6 424
8.6 427
8.7 426
8.7 426
8.6 428
8.7 427
8.6 428
8.6 429
8.6 428
8.6 430
8.5 433
8.6 430
8.6 431
8.6 431
8.6 431
8.6 431
8.6 432
8.7 431
8.6 432
8.6 432
8.6 433
8.6 433
8.6 433
8.6 434
8.5 435
8.5 435
8.5 435
8.6 434
8.6 434
8.5 435
8.6 436
8.6 436
8.6 436
8.5 436
8.6 436
8.6 436
8.6 436
8.6 437
8.5 437
8.6 437
8.5 437
8.6 438
8.5 438
8.6 438
8.5 438
8.5 438
8.5 440
8.6 440
8.6 440
8.5 439
8.5 440
8.6 440
8.5 440
8.5 440
8.5 441
8.4 443
8.4 442
8.5 442
8.5 442
8.5 443
8.4 443
8.5 443
8.4 444
8.5 444
8.4 444
8.4 444
8.5 445
8.5 444
8.5 444
8.5 444
8.5 444
8.5 444
8.5 444
8.5 445
8.5 446
8.4 446
8.5 447
8.5 445
8.5 446
8.5 447
8.5 447
8.4 448
8.5 447
8.4 447
8.4 447
8.5 447
8.4 448
8.4 447
8.4 448
8.4 446
8.4 446
8.4 446
8.5 446
8.4 447
8.5 447
8.4 448
8.4 449
8.4 448
8.5 448
8.4 449
8.4 448
8.4 448
8.4 449
8.3 450
8.4 449
8.4 449
8.4 449
8.4 449
8.4 452
8.3 450
8.5 450
8.5 448
8.5 450
8.4 450
8.4 450
8.4 451
8.4 450
8.4 450
8.4 451
8.4 450
8.4 451
8.5 450
8.4 450
8.4 450
8.5 450
8.4 450
8.5 448
8.4 448
8.5 449
8.5 448
8.5 447
8.5 447
8.6 446
8.6 446
8.6 445
8.6 445
8.6 447
8.6 443
8.7 442
8.6 441
8.6 441
8.6 441
8.6 440
8.6 438
8.7 439
8.7 438
8.7 437
8.6 438
8.7 437
8.7 436
8.6 436
8.6 436
8.7 435
8.7 433
8.7 432
8.7 432
8.7 432
8.7 431
8.7 431
8.7 431
8.7 431
8.7 430
8.7 429
8.7 429
8.7 429
8.7 429
8.6 429
8.6 430
8.6 430
8.6 429
8.6 427
8.7 427
8.7 425
8.7 425
8.7 426
8.7 426
8.7 427
8.7 426
8.6 426
8.7 425
8.6 426
8.6 424
8.6 425
8.6 427
8.6 427
8.5 428
8.6 426
8.8 424
8.8 424
8.8 423
8.7 425
8.7 426
8.6 429
8.5 430
8.6 429
8.6 430
8.7 428
8.6 430
8.6 432
8.5 435
8.5 436
8.5 438
8.5 438
8.5 440
8.5 441
8.5 443
8.5 444
8.5 445
8.5 446
8.4 447
8.4 448
8.4 449
8.4 450
8.4 450
8.5 450
8.6 444
8.7 442
8.7 440
8.8 439
8.6 441
8.7 438
8.7 435
8.8 434
8.8 432
8.8 430
8.7 431
8.7 431
8.6 432
8.7 432
8.7 432
8.7 433
8.6 434
8.7 433
8.7 435
8.6 437
8.7 436
8.7 435
8.6 438
8.5 443
8.4 446
8.4 448
8.3 449
8.4 449
8.4 447
8.4 449
8.3 450
8.3 451
8.3 451
8.2 452
8.3 451
8.3 452
8.2 452
8.2 452
8.2 454
8.1 455
8.0 456
8.0 457
8.1 455
8.1 454
8.1 454
8.0 456
8.0 456
8.1 455
8.1 455
8.1 455
8.0 456
8.0 457
8.1 456
8.1 456
8.0 457
8.1 457
8.1 457
8.2 457
8.2 458
8.1 458
8.0 459
8.1 460
8.1 460
8.1 460
8.1 459
8.0 460
8.0 460
8.0 459
8.1 459
8.2 458
8.2 458
8.2 459
8.4 458
8.4 457
8.4 459
8.4 459
8.4 460
8.4 461
8.2 460
8.4 458
8.4 455
8.5 456
8.5 455
8.5 456
8.4 455
8.4 455
8.4 456
8.4 456
8.4 457
8.4 458
8.4 459
8.5 458
8.5 458
8.5 458
8.5 460
8.5 460
8.4 461
8.5 461
8.4 462
8.4 462
8.4 462
8.4 462
8.4 461
8.4 461
8.5 461
8.5 462
8.4 462
8.4 462
8.5 462
8.5 462
8.5 463
8.5 463
8.5 463
8.5 464
8.5 464
8.5 465
8.4 465
8.3 467
8.3 468
8.4 467
8.4 466
8.5 466
8.5 466
8.5 466
8.5 466
8.5 467
8.4 467
8.5 468
8.5 468
8.5 467
8.5 467
8.4 467
8.4 467
8.4 468
8.4 468
8.3 470
8.2 471
8.2 470
8.3 469
8.2 468
8.2 468
8.3 466
8.5 464
8.5 464
8.4 465
8.4 466
8.4 466
8.3 466
8.3 465
8.3 465
8.3 465
8.5 464
8.5 464
8.4 465
8.5 466
8.4 466
8.4 466
8.4 467
8.3 467
8.4 467
8.4 466
8.5 465
8.4 465
8.4 465
8.4 468
8.5 467
8.4 468
8.4 467
8.5 468
8.5 468
8.5 469
8.5 468
8.5 469
8.5 469
8.4 469
8.4 469
8.4 469
8.4 470
8.4 469
8.4 469
8.4 470
8.4 472
8.3 472
8.4 469
8.4 469
8.4 470
8.4 469
8.4 469
8.4 468
8.3 469
8.4 468
8.4 467
8.5 466
8.5 466
8.4 466
8.4 468
8.4 467
8.5 466
8.5 466
8.5 467
8.5 468
8.4 468
8.4 467
8.5 466
8.5 466
8.5 466
8.5 465
8.5 466
8.5 466
8.5 466
8.6 467
8.5 466
8.5 465
8.5 465
8.5 465
8.4 465
8.5 464
8.5 463
8.5 463
8.5 462
8.6 462
8.5 461
8.5 461
8.5 461
8.5 460
8.6 460
8.6 459
8.5 459
8.5 459
8.6 458
8.6 458
8.6 458
8.6 458
8.6 459
8.6 459
8.6 460
8.6 460
8.6 461
8.7 460
8.7 460
8.6 460
8.6 459
8.7 458
8.7 458
8.7 457
8.7 456
8.8 456
8.7 456
8.7 455
8.7 455
8.8 454
8.8 454
8.8 452
8.7 452
8.8 452
8.8 451
8.8 451
8.8 451
8.8 450
8.8 450
8.8 450
8.8 450
8.8 448
8.8 448
8.8 447
8.8 445
8.9 446
8.9 445
8.9 444
8.8 445
8.8 445
8.9 446
8.9 445
8.9 444
8.9 443
8.9 443
8.9 442
8.9 442
8.9 442
8.8 443
8.9 442
8.9 440
8.9 439
8.9 438
8.8 439
8.9 439
8.9 438
8.8 438
8.9 439
8.8 439
8.9 440
8.9 440
8.9 442
8.9 441
8.9 441
8.9 440
8.9 439
8.9 438
8.9 438
9.0 437
8.9 436
8.9 436
8.9 438
8.9 437
8.9 438
8.8 439
8.8 440
8.8 440
8.7 441
8.8 439
8.8 441
8.9 439
8.9 439
8.8 438
8.9 438
8.9 439
8.8 440
8.7 443
8.8 440
8.8 440
8.8 442
8.8 443
8.8 442
8.8 441
8.7 445
8.7 444
8.7 445
8.7 446
8.7 447
8.7 448
8.7 448
8.7 450
8.7 449
8.7 450
8.6 448
8.6 448
8.7 446
8.6 447
8.7 448
8.6 448
8.8 446
8.8 446
8.8 446
8.7 446
8.8 447
8.8 446
8.8 448
8.7 449
8.6 451
8.5 451
8.5 451
8.5 453
8.4 454
8.4 454
8.5 454
8.4 454
8.4 454
8.5 454
8.5 452
8.5 450
8.4 452
8.5 451
8.5 450
8.5 449
8.6 446
8.5 447
8.5 448
8.4 448
8.5 448
8.5 447
8.5 448
8.6 447
8.6 446
8.6 447
8.8 447
8.7 449
8.7 447
8.6 450
8.7 449
8.6 451
8.6 451
8.6 451
8.7 451
8.6 453
8.6 453
8.6 452
8.6 452
8.6 452
8.5 454
8.5 455
8.5 454
8.6 455
8.6 455
8.6 453
8.6 455
8.6 455
8.7 455
8.6 457
8.5 458
8.6 456
8.6 454
8.6 454
8.6 456
8.7 455
8.6 458
8.6 457
8.5 459
8.6 457
8.7 454
8.7 454
8.7 455
8.7 455
8.8 454
8.7 455
8.7 456
8.8 454
8.7 455
8.8 455
8.8 456
8.9 455
8.8 456
8.8 456
8.8 456
8.8 458
8.8 458
8.8 458
8.9 458
8.8 460
8.8 460
8.8 460
8.7 461
8.6 464
8.7 462
8.7 461
8.8 460
8.8 460
8.7 461
8.7 462
8.6 462
8.6 462
8.6 462
8.7 460
8.7 459
8.8 459
8.7 459
8.7 460
8.6 459
8.7 462
8.7 461
8.6 461
8.6 461
8.8 461
8.7 460
8.7 461
8.7 462
8.6 463
8.6 464
8.8 462
8.8 462
8.7 463
8.6 463
8.7 465
8.6 465
8.6 464
8.6 464
8.6 463
8.6 462
8.7 462
8.7 462
8.8 462
8.7 464
8.6 465
8.6 465
8.6 464
8.6 462
8.6 463
8.6 463
8.6 463
8.6 464
8.6 464
8.5 464
8.6 463
8.6 463
8.6 464
8.5 464
8.6 462
8.6 462
8.5 462
8.6 463
8.6 462
8.4 464
8.5 463
8.6 463
8.5 463
8.6 462
8.5 462
8.6 462
8.5 463
8.6 463
8.5 462
8.6 461
8.7 460
8.6 460
8.7 461
8.6 460
8.6 461
8.6 462
8.5 461
8.6 461
8.6 461
8.6 460
8.6 459
8.6 460
8.6 461
8.5 461
8.6 460
8.6 460
8.6 459
8.6 459
8.6 460
8.6 461
8.6 460
8.6 460
8.6 461
8.6 460
8.6 461
8.6 462
8.6 461
8.6 460
8.6 460
8.6 462
8.4 464
8.4 464
8.4 463
8.4 463
8.4 462
8.4 461
8.5 460
8.5 459
8.5 456
8.7 454
8.6 456
8.6 457
8.5 459
8.5 457
8.6 456
8.6 456
8.6 457
8.6 458
8.6 457
8.6 457
8.6 457
8.7 456
8.7 456
8.7 457
8.6 458
8.6 457
8.6 456
8.7 455
8.7 454
8.7 454
8.7 456
8.6 456
8.8 454
8.7 454
8.7 455
8.7 454
8.7 453
8.7 454
8.7 454
8.7 453
8.8 453
8.7 453
8.7 453
8.8 452
8.8 451
8.8 450
8.8 452
8.8 452
8.8 452
8.8 451
8.8 450
8.8 450
8.8 451
8.8 451
8.8 451
8.8 450
8.7 451
8.7 450
8.7 450
8.7 450
8.7 450
8.7 450
8.7 450
8.7 451
8.7 451
8.7 450
8.7 450
8.7 450
8.7 451
8.8 451
8.7 451
8.8 451
8.8 451
8.7 451
8.7 452
8.7 453
8.7 453
8.7 454
8.7 454
8.7 456
8.7 458
8.7 458
8.7 460
8.7 462
8.6 465
8.7 463
8.5 468
8.5 469
8.4 470
8.4 472
8.3 475
8.2 476
8.2 476
8.3 477
8.3 476
8.3 478
8.2 479
8.2 481
8.2 481
8.2 480
8.2 481
8.2 482
8.2 481
8.2 478
8.3 478
8.3 472
8.3 477
8.2 478
8.2 477
8.2 476
8.3 476
8.3 476
8.3 477
8.4 477
8.3 478
8.3 479
8.3 480
8.3 480
8.3 480
8.5 480
8.2 470
8.2 470
8.2 470
8.2 471
8.2 470
8.1 472
8.1 472
8.2 472
8.2 473
8.2 474
8.3 474
8.2 476
8.2 476
8.2 476
8.3 476
8.3 479
8.2 480
8.2 480
8.3 479
8.3 480
8.3 481
8.3 481
8.2 482
8.3 482
8.2 484
8.1 484
8.0 485
8.2 484
8.2 484
8.1 485
8.0 486
8.1 486
8.0 487
8.0 486
8.0 486
8.0 485
8.1 485
8.1 485
8.2 484
8.2 484
8.2 485
8.2 484
8.2 485
8.2 485
8.2 486
8.2 487
8.1 487
8.1 487
8.2 486
8.2 486
8.1 486
8.2 486
8.1 487
8.2 487
8.2 487
8.2 488
8.2 488
8.2 489
8.2 488
8.2 488
8.2 490
8.2 490
8.3 490
8.2 490
8.3 490
8.2 491
8.2 491
8.3 490
8.3 490
8.2 490
8.2 491
8.3 491
8.3 490
8.3 491
8.3 489
8.3 489
8.3 489
8.3 490
8.3 489
8.3 488
8.4 487
8.4 487
8.4 487
8.4 488
8.4 488
8.4 487
8.5 487
8.5 487
8.5 487
8.4 486
8.4 486
8.4 486
8.5 486
8.5 486
8.5 485
8.5 483
8.5 482
8.6 481
8.5 481
8.5 480
8.4 480
8.4 480
8.5 478
8.5 479
8.4 478
8.5 478
8.5 477
8.5 476
8.5 475
8.5 474
8.6 472
8.5 473
8.5 472
8.5 472
8.7 469
8.8 470
8.8 465
8.9 462
8.8 460
8.9 460
8.9 459
8.9 458
8.9 455
9.0 453
9.0 451
9.0 449
9.0 446
9.0 442
9.0 441
8.9 439
8.9 436
8.8 433
8.8 431
8.8 427
8.6 427
8.8 426
8.7 421
8.5 422
8.7 418
8.9 408
8.8 402
8.9 400
8.8 400
8.9 396
9.0 394
8.9 392
8.9 385
9.0 380
9.0 376
9.0 373
9.0 375
9.1 376
9.1 376
9.1 374
9.1 370
9.1 369
9.1 372
9.1 376
9.1 376
9.1 378
9.0 382
9.1 383
9.1 386
9.0 388
9.0 391
9.1 393
9.1 395
9.0 398
8.9 405
8.9 410
8.9 414
8.9 416
8.9 419
9.1 417
9.1 412
9.1 412
8.9 418
9.0 418
9.0 424
8.8 428
8.8 433
8.8 434
8.8 437
8.8 439
8.8 441
8.7 443
8.7 446
8.7 448
8.7 448
8.7 449
8.7 450
8.8 451
8.8 449
8.8 448
8.9 448
8.9 447
8.8 449
8.8 452
8.8 453
8.8 454
8.8 455
8.8 456
8.8 457
8.9 456
8.9 455
8.8 456
8.8 455
8.9 453
8.9 453
8.8 454
8.9 456
8.8 455
8.8 458
8.8 460
8.8 462
8.7 463
8.7 464
8.7 465
8.7 466
8.7 465
8.7 466
8.6 467
8.6 468
8.7 466
8.7 467
8.7 467
8.7 468
8.6 470
8.6 468
8.6 467
8.5 469
8.4 470
8.5 470
8.6 468
8.5 467
8.2 468
8.3 467
8.7 466
8.6 464
8.5 465
8.5 464
8.3 466
8.3 465
8.4 464
8.6 461
8.6 459
8.7 456
8.6 458
8.6 460
8.7 459
8.7 457
8.7 460
8.8 459
8.9 456
8.9 453
9.0 451
9.0 451
9.0 450
9.0 452
9.0 450
9.0 448
9.0 450
9.0 451
9.0 448
9.0 445
9.0 448
9.0 448
8.9 447
8.9 449
8.9 450
8.8 451
8.9 451
8.9 451
8.6 454
8.7 455
8.7 455
8.6 457
8.7 456
8.8 452
8.7 453
8.7 454
8.8 454
8.9 451
8.8 453
8.8 454
8.8 453
8.8 454
8.8 454
8.9 453
8.9 454
8.9 454
8.9 454
8.9 454
8.9 452
9.0 454
8.9 454
8.9 455
8.8 456
8.8 456
9.0 456
8.9 457
8.9 457
8.9 458
8.9 458
8.9 458
8.8 460
8.9 458
8.9 459
8.8 462
8.8 464
8.6 469
8.5 471
8.6 470
8.5 472
8.5 472
8.4 472
8.4 474
8.4 472
8.4 473
8.4 473
8.4 472
8.4 472
8.3 474
8.3 474
8.3 474
8.4 473
8.3 473
8.3 474
8.2 476
8.3 475
8.3 474
8.3 475
8.4 475
8.4 475
8.3 476
8.4 476
8.3 477
8.4 477
8.1 480
8.1 479
8.0 479
8.2 477
8.2 476
8.3 476
8.4 474
8.5 473
8.6 472
8.6 471
8.6 470
8.6 468
8.5 471
8.4 472
8.3 472
8.4 469
8.4 469
8.4 469
8.3 473
8.3 474
8.3 474
8.4 474
8.5 474
8.6 473
8.7 472
8.7 472
8.8 471
8.8 471
8.8 469
8.8 470
8.8 471
8.8 471
8.8 469
8.9 468
8.9 468
8.9 467
8.9 468
8.9 467
8.9 466
8.8 466
8.7 468
8.9 466
9.0 464
8.9 461
9.0 462
9.0 459
9.0 460
9.0 460
9.1 459
9.1 457
9.1 456
9.1 454
9.1 451
9.1 448
9.1 451
9.1 453
9.1 454
9.0 457
9.0 458
8.9 463
8.8 465
8.7 466
8.5 470
8.5 470
8.5 469
8.7 465
8.8 460
8.8 460
8.9 458
8.9 458
9.0 456
9.0 455
9.0 453
8.9 453
9.0 453
9.0 453
9.1 453
9.1 453
9.0 453
9.0 452
8.9 454
8.8 455
9.0 453
9.0 453
8.9 454
8.9 455
8.7 456
8.6 458
8.5 460
8.7 457
9.0 454
9.0 452
8.8 453
8.8 455
8.6 458
8.7 458
8.8 455
8.9 452
8.9 451
8.9 450
8.8 452
8.6 456
9.0 452
9.1 450
9.0 450
8.7 451
9.0 446
9.2 436
9.2 429
9.2 422
9.2 422
9.1 422
9.0 425
8.9 427
9.0 426
9.0 422
8.9 425
9.0 426
9.0 423
8.9 429
8.9 428
8.8 427
8.9 427
8.8 429
8.7 432
8.7 433
9.0 427
9.3 418
9.4 412
9.3 405
9.3 402
9.3 403
9.3 407
9.4 411
9.4 411
9.4 403
9.3 405
9.3 409
9.4 408
9.4 410
9.3 413
9.2 420
9.2 423
9.2 422
9.3 422
9.3 421
9.3 421
9.3 422
9.3 419
9.3 422
9.3 420
9.3 423
9.1 430
9.0 438
9.1 437
9.0 442
9.1 442
9.0 444
8.9 449
8.8 453
8.8 456
8.7 464
8.6 468
8.6 469
8.6 471
8.5 474
8.6 474
8.5 476
8.4 476
8.4 478
8.5 479
8.5 479
8.7 474
8.8 470
8.6 474
8.5 480
8.8 478
8.9 474
9.1 465
9.0 467
9.1 465
9.0 463
9.0 464
8.8 469
8.7 477
8.4 481
8.3 488
8.2 492
8.2 493
8.3 494
8.3 495
8.2 496
8.3 497
8.2 498
8.2 498
8.2 498
8.3 498
8.3 499
8.2 500
8.2 499
8.2 500
8.2 500
8.2 500
8.2 502
8.2 500
8.2 502
8.2 501
8.2 501
8.2 500
8.2 500
8.2 501
8.1 502
8.1 502
8.0 502
8.1 502
8.0 502
8.1 502
8.1 501
8.1 502
8.1 502
8.0 503
8.0 504
8.0 503
8.0 503
8.0 502
8.0 502
8.0 501
8.0 502
8.0 502
7.9 503
8.0 504
7.9 504
7.9 504
7.9 504
7.8 505
7.9 505
7.8 505
7.9 506
7.8 506
7.9 507
7.8 509
7.7 510
7.8 510
7.8 510
7.8 511
7.7 512
7.7 511
7.6 513
7.6 513
7.7 513
7.8 512
7.8 511
7.8 511
7.8 512
7.9 512
7.9 512
7.8 512
7.8 513
7.7 514
7.7 514
7.6 515
7.6 515
7.6 515
7.6 516
7.6 516
7.7 515
7.6 515
7.6 514
7.7 514
7.6 514
7.6 514
7.6 515
7.6 515
7.6 515
7.6 515
7.6 515
7.7 514
7.6 515
7.6 514
7.5 510
7.4 510
7.4 511
7.4 511
7.4 511
7.5 511
7.4 512
7.4 511
7.4 510
7.4 510
7.4 510
7.5 510
7.5 510
7.5 509
7.6 510
7.6 512
7.6 512
7.6 513
7.6 510
7.6 510
7.6 510
7.6 510
7.7 510
7.7 508
7.7 508
7.7 507
7.6 507
7.7 507
7.7 506
7.7 506
7.6 506
7.6 504
7.6 505
7.6 504
7.6 505
7.6 505
7.6 506
7.6 506
7.7 505
7.7 504
7.8 503
7.7 504
7.8 505
7.8 505
7.8 506
7.8 505
7.8 506
7.8 506
7.8 506
7.7 506
7.7 506
7.6 508
7.6 508
7.7 508
7.7 508
7.7 509
7.6 510
7.7 510
7.7 510
7.7 511
7.8 510
7.8 510
7.9 509
8.0 509
7.8 510
7.7 511
7.7 511
7.7 512
7.7 512
7.6 512
7.6 514
7.6 514
7.6 514
7.6 514
7.5 516
7.7 514
7.7 515
7.7 514
7.6 514
7.7 514
7.7 513
7.7 512
7.8 512
7.9 511
7.9 510
7.9 510
8.0 509
8.0 509
8.0 508
8.1 508
8.2 507
8.2 507
8.2 506
8.3 505
8.2 505
8.2 506
8.2 507
8.2 506
8.3 506
8.3 505
8.2 504
8.1 504
8.0 502
8.2 499
8.1 497
8.2 496
8.2 494
8.4 493
8.3 493
8.4 491
8.4 490
8.4 490
8.4 489
8.3 488
8.4 487
8.5 487
8.4 486
8.4 485
8.5 485
8.5 485
8.5 484
8.5 483
8.6 482
8.6 480
8.7 479
8.7 479
8.7 478
8.6 478
8.8 476
8.8 476
8.9 476
8.8 475
8.9 475
8.9 475
8.9 475
8.9 475
8.8 475
8.9 475
8.8 476
8.8 476
8.8 476
8.8 476
8.8 478
8.8 477
8.8 476
8.8 476
8.8 476
8.9 476
8.9 475
8.9 475
8.8 475
8.8 475
8.8 476
8.8 474
8.9 474
8.8 475
8.8 475
8.9 474
8.9 473
8.9 473
8.9 474
8.9 474
8.9 473
8.9 473
8.9 475
8.9 474
8.8 475
8.7 475
8.8 475
8.8 475
8.8 475
8.8 474
8.8 473
8.8 474
8.8 475
8.8 475
8.8 477
8.8 477
8.7 480
8.7 481
8.6 483
8.5 485
8.4 487
8.5 487
8.4 490
8.5 489
8.4 490
8.4 491
8.3 493
8.3 493
8.3 493
8.4 493
8.4 492
8.4 492
8.4 492
8.2 495
8.3 494
8.3 494
8.2 494
8.2 494
8.2 494
8.3 492
8.2 494
8.2 493
8.2 493
8.1 494
8.2 493
8.1 494
8.1 494
8.2 494
8.3 494
8.2 496
7.9 497
7.9 496
7.9 494
8.1 492
8.3 490
8.2 489
8.2 490
8.2 490
8.3 490
8.4 489
8.4 489
8.4 489
8.4 488
8.2 490
8.2 490
8.2 489
8.3 488
8.3 490
8.2 488
8.3 489
8.3 490
8.3 489
8.4 488
8.4 490
8.5 489
8.5 488
8.5 487
8.4 488
8.4 491
8.3 491
8.3 493
8.2 493
8.3 493
8.4 492
8.4 492
8.4 491
8.3 494
8.3 494
8.2 494
8.0 496
8.0 495
8.0 495
8.1 493
8.1 492
8.3 491
8.2 493
8.2 494
8.2 494
8.2 493
8.2 494
8.2 495
8.1 494
8.2 494
8.1 498
7.9 500
7.9 500
7.8 500
7.6 500
7.5 500
7.7 498
7.9 495
8.1 493
8.1 494
7.9 497
7.8 497
7.9 495
8.2 495
8.1 495
8.0 496
7.8 498
7.7 498
7.7 497
7.7 496
7.9 495
7.9 494
7.8 495
7.8 495
7.8 496
7.8 496
7.8 496
7.6 496
7.7 495
7.9 494
8.0 493
8.2 492
8.0 493
7.8 495
7.9 493
7.9 492
8.0 491
7.8 492
7.6 493
7.8 491
7.8 491
7.8 490
7.8 490
8.0 492
7.9 492
7.8 493
7.8 493
7.8 493
7.8 493
7.9 492
8.1 489
8.2 486
8.2 486
8.2 488
8.2 490
8.0 492
7.9 494
7.8 494
7.8 494
7.9 492
8.0 491
8.1 491
8.2 491
8.1 492
8.1 493
8.2 492
8.2 494
8.0 494
8.0 494
8.2 491
8.2 491
8.2 491
8.2 490
8.2 490
8.3 488
8.4 487
8.3 486
8.4 485
8.2 487
8.2 487
8.1 487
8.2 485
8.2 484
8.3 482
8.2 483
8.3 482
8.2 481
8.3 480
8.3 479
8.3 480
8.2 482
8.2 478
8.3 475
8.3 474
8.2 473
8.1 475
8.1 474
8.2 472
8.2 472
8.2 472
8.3 469
8.4 468
8.4 467
8.4 466
8.3 468
8.4 467
8.5 467
8.4 468
8.5 468
8.5 466
8.6 464
8.6 464
8.6 466
8.4 470
8.4 473
8.2 477
8.3 478
8.3 480
8.3 478
8.3 479
8.3 478
8.4 476
8.6 472
8.4 473
8.5 472
8.4 474
8.2 476
8.1 476
8.2 475
8.4 473
8.4 472
8.4 470
8.5 468
8.4 467
8.4 469
8.5 470
8.4 471
8.2 472
8.5 468
8.4 469
8.5 468
8.4 469
8.4 471
8.2 474
8.5 471
8.6 469
8.5 473
8.4 474
8.5 472
8.4 474
8.5 474
8.2 476
8.1 476
8.3 476
8.2 477
8.2 476
8.2 476
7.9 478
7.9 477
8.0 476
8.3 474
8.4 470
8.6 468
8.4 471
8.5 470
8.4 470
8.5 469
8.5 468
8.7 467
8.7 465
8.6 466
8.6 466
8.4 468
8.1 472
8.0 471
8.0 471
8.0 469
7.9 471
8.1 468
8.6 461
8.6 459
8.6 460
8.5 460
8.6 462
8.6 462
8.6 463
8.5 466
8.3 468
8.1 471
8.1 470
8.2 470
8.2 470
8.4 469
8.3 469
8.4 468
8.4 467
8.3 469
8.3 471
8.4 471
8.1 475
8.4 471
8.2 472
8.6 469
8.6 468
8.5 467
8.6 468
8.6 468
8.6 468
8.6 469
8.5 469
8.6 468
8.5 468
8.5 469
8.5 470
8.6 468
8.5 468
8.6 467
8.5 468
8.5 466
8.6 465
8.5 468
8.5 467
8.5 466
8.4 470
8.2 475
8.0 478
8.3 475
8.6 474
8.5 473
8.7 471
8.6 472
8.6 474
8.4 476
8.2 479
8.1 481
8.2 479
8.3 479
8.4 477
8.3 479
8.4 477
8.2 480
7.8 483
7.9 482
7.9 481
8.2 475
8.1 478
7.9 482
7.9 480
8.0 481
7.8 482
8.0 480
7.8 480
7.8 482
7.7 483
8.0 482
7.9 481
7.8 482
7.8 481
7.9 481
7.6 482
7.6 482
7.6 482
7.8 478
7.9 479
7.8 480
7.8 480
7.8 479
7.8 480
7.7 481
7.6 482
7.8 482
7.9 480
7.8 480
7.9 480
7.8 480
7.8 481
7.8 481
7.8 481
7.9 481
8.0 480
8.1 479
8.0 480
8.1 480
8.2 478
8.2 478
8.1 479
8.0 481
7.8 482
7.9 480
8.0 480
8.0 481
8.0 481
8.0 482
7.9 483
7.9 482
7.9 482
7.8 484
7.9 483
7.9 483
8.0 483
8.1 482
7.9 484
7.9 484
7.9 484
7.8 486
8.1 485
8.1 483
8.2 483
8.2 484
8.2 484
8.1 485
8.1 485
8.2 484
8.2 483
8.4 481
8.4 481
8.4 482
8.3 482
8.2 483
8.2 483
8.2 482
8.3 481
8.3 480
8.2 480
8.3 481
8.3 482
8.3 482
8.3 483
8.3 484
8.4 480
8.4 480
8.4 478
8.5 476
8.4 476
8.4 478
8.3 480
8.3 483
8.4 481
8.2 485
8.1 485
8.0 486
8.0 486
8.0 483
8.2 480
8.3 477
8.3 477
8.3 478
8.4 477
8.3 478
8.4 476
8.4 476
8.4 474
8.5 474
8.4 475
8.5 475
8.4 474
8.4 474
8.4 476
8.4 476
8.4 475
8.4 478
8.4 478
8.4 477
8.3 479
8.4 478
8.4 478
8.5 478
8.5 478
8.5 478
8.6 476
8.6 475
8.6 476
8.6 476
8.6 475
8.6 477
8.6 476
8.6 476
8.7 476
8.7 475
8.6 475
8.7 473
8.7 472
8.7 471
8.7 471
8.7 472
8.7 471
8.8 470
8.8 468
8.8 466
8.8 465
8.8 465
8.8 463
8.8 461
8.8 460
8.8 460
8.8 458
8.8 455
8.8 452
8.8 449
8.8 448
8.8 446
8.8 441
8.8 439
8.8 438
8.8 436
8.8 435
8.8 434
8.8 435
8.8 435
8.8 436
8.8 435
8.8 436
8.8 437
8.8 439
8.8 440
8.8 440
8.8 440
8.8 441
8.7 441
8.7 444
8.7 445
8.7 447
8.7 448
8.7 451
8.7 451
8.6 454
8.7 454
8.7 454
8.8 454
8.7 455
8.6 457
8.6 461
8.5 462
8.4 465
8.5 465
8.5 466
8.5 465
8.6 465
8.5 466
8.5 464
8.6 465
8.6 464
8.6 464
8.6 466
8.5 469
8.5 468
8.5 469
8.6 468
8.6 466
8.7 461
8.6 465
8.6 465
8.6 466
8.6 465
8.6 467
8.6 465
8.6 465
8.6 468
8.6 469
8.5 469
8.6 469
8.7 466
8.7 465
8.7 462
8.7 462
8.8 462
8.7 462
8.8 460
8.7 460
8.8 460
8.7 460
8.8 458
8.8 460
8.7 459
8.7 461
8.7 459
8.7 459
8.7 459
8.8 459
8.6 463
8.7 462
8.6 463
8.6 462
8.6 462
8.6 461
8.6 464
8.8 459
8.8 456
8.8 453
8.8 452
8.8 450
8.8 449
8.8 449
8.8 448
8.8 447
8.8 446
8.8 445
8.7 446
8.8 445
8.7 447
8.7 448
8.6 449
8.6 450
8.6 452
8.6 453
8.7 454
8.6 455
8.7 455
8.6 457
8.6 458
8.6 459
8.6 460
8.7 460
8.6 462
8.6 462
8.6 464
8.5 466
8.5 467
8.5 467
8.5 468
8.4 469
8.5 468
8.4 469
8.6 468
8.4 471
8.4 472
8.4 472
8.3 474
8.3 478
8.5 476
8.4 476
8.4 478
8.4 478
8.5 476
8.4 478
8.3 480
8.4 480
8.4 478
8.4 478
8.4 478
8.4 479
8.4 479
8.4 478
8.4 478
8.5 480
8.5 477
8.5 482
8.5 478
8.5 479
8.4 481
8.4 480
8.4 481
8.4 480
8.4 482
8.4 482
8.4 481
8.4 482
8.4 485
8.3 486
8.2 485
8.3 485
8.3 486
8.2 489
8.2 487
8.2 488
8.3 488
8.2 489
8.3 489
8.2 489
8.2 488
8.0 489
8.3 487
8.4 488
8.3 488
8.3 487
8.1 492
8.2 491
8.3 489
8.2 488
8.4 486
8.3 488
8.1 491
8.2 491
8.3 491
8.0 493
8.3 490
8.4 489
8.0 494
8.0 494
8.2 493
8.3 492
8.3 492
8.1 495
8.0 495
8.1 493
8.1 490
8.1 489
8.1 491
8.0 491
8.0 490
7.9 492
7.8 492
7.9 491
7.9 490
8.0 489
8.0 488
8.0 488
8.1 488
8.0 488
8.1 487
8.1 488
8.1 488
8.0 489
7.9 487
7.9 486
7.8 484
8.0 482
7.9 479
8.0 477
7.9 481
7.9 480
8.1 477
8.1 478
8.2 472
8.0 474
8.0 476
8.3 471
8.4 472
8.4 473
8.4 474
8.3 476
8.3 478
8.4 477
8.4 477
8.3 480
8.3 480
8.4 478
8.4 480
8.4 480
8.5 477
8.4 475
8.4 472
8.1 475
8.1 472
8.3 469
8.4 463
8.7 458
8.5 457
8.5 459
8.3 458
8.4 458
8.2 461
8.3 458
8.3 457
8.3 453
8.2 450
8.3 446
8.2 441
8.3 437
8.4 434
8.5 428
8.4 430
8.5 432
8.0 438
8.0 437
8.3 429
8.2 429
8.1 433
8.3 427
8.5 424
8.6 422
8.6 419
8.7 421
8.7 423
8.7 427
8.6 432
8.6 436
8.4 446
8.4 451
8.2 456
8.3 460
8.1 464
8.2 461
8.0 463
8.1 462
8.3 461
8.2 461
8.2 462
8.2 464
8.2 465
8.5 460
8.6 460
8.6 459
8.6 460
8.7 458
8.7 459
8.7 460
8.7 459
8.8 457
8.9 457
8.8 458
8.8 458
8.7 460
8.7 462
8.7 462
8.7 464
8.8 465
8.7 466
8.7 467
8.7 468
8.6 471
8.6 472
8.6 473
8.6 474
8.6 474
8.6 475
8.6 477
8.6 477
8.6 476
8.5 477
8.6 478
8.6 478
8.5 478
8.5 477
8.6 476
8.7 475
8.7 475
8.7 474
8.6 473
8.7 473
8.6 475
8.6 474
8.6 475
8.6 475
8.7 469
8.7 467
8.6 473
8.5 472
8.5 478
8.8 474
8.8 472
8.8 470
8.7 470
8.7 469
8.4 474
8.5 471
8.5 472
8.3 476
8.2 476
8.2 475
8.4 472
8.4 471
8.4 473
8.5 473
8.6 471
8.5 470
8.4 472
8.4 472
8.4 473
8.3 473
8.3 474
8.4 473
8.4 472
8.2 474
8.2 474
8.4 475
8.4 472
8.5 473
8.4 474
8.6 472
8.7 465
8.7 464
8.7 470
8.6 472
8.4 473
8.4 475
8.3 477
8.4 475
8.3 477
8.4 477
8.4 476
8.3 478
8.5 478
8.5 477
8.5 476
8.5 479
8.5 475
8.6 472
8.5 474
8.5 476
8.6 475
8.6 478
8.6 475
8.5 478
8.3 484
8.2 486
8.1 489
8.1 489
8.1 490
8.2 488
8.3 488
8.4 488
8.3 489
8.7 478
8.8 460
8.7 452
8.7 445
8.8 437
8.8 432
8.8 431
8.8 430
8.8 429
8.8 428
8.8 424
8.8 423
8.8 422
8.8 421
8.8 423
8.7 425
8.7 427
8.7 430
8.7 432
8.7 434
8.7 436
8.7 436
8.7 437
8.7 439
8.7 441
8.7 442
8.7 444
8.6 447
8.7 449
8.6 451
8.6 453
8.7 454
8.6 457
8.6 459
8.5 464
8.5 465
8.4 467
8.5 466
8.4 469
8.4 470
8.5 469
8.4 470
8.3 476
8.5 472
8.5 470
8.3 475
8.0 479
8.1 478
8.4 476
8.2 479
8.0 480
8.2 477
8.2 478
8.1 481
8.5 476
8.5 474
8.6 473
8.5 474
8.4 474
8.5 474
8.4 475
8.3 474
8.2 475
8.2 475
8.3 476
8.3 471
8.3 470
8.2 471
8.2 466
8.3 466
8.2 469
8.2 469
8.2 470
8.3 470
8.2 474
8.2 476
8.2 477
8.3 476
8.1 478
8.0 479
8.5 466
8.6 462
8.6 456
8.6 451
8.6 450
8.5 448
8.5 446
8.5 447
8.5 446
8.5 445
8.5 442
8.5 440
8.5 439
8.5 437
8.5 437
8.4 437
8.4 438
8.4 439
8.3 441
8.3 443
8.3 444
8.2 446
8.4 445
8.3 447
8.3 449
8.4 450
8.3 451
8.4 452
8.4 452
8.3 454
8.3 456
8.3 457
8.3 458
8.3 460
8.3 461
8.3 462
8.2 464
8.3 464
8.3 463
8.3 465
8.3 466
8.3 466
8.3 468
8.3 468
8.3 467
8.4 467
8.3 468
8.4 468
8.4 469
8.4 470
8.4 471
8.4 471
8.4 472
8.4 473
8.4 472
8.4 474
8.4 474
8.4 475
8.4 477
8.4 478
8.4 478
8.4 479
8.4 478
8.4 479
8.4 479
8.4 479
8.4 480
8.4 479
8.4 479
8.4 480
8.4 480
8.5 481
8.4 480
8.3 481
8.4 480
8.3 481
8.3 480
8.2 479
8.3 477
8.3 477
8.4 476
8.4 475
8.4 474
8.5 473
8.3 474
8.5 473
8.4 476
8.3 473
8.3 473
8.3 473
8.3 472
8.2 472
8.3 470
8.4 470
8.3 472
8.4 472
8.5 471
8.5 471
8.5 473
8.5 475
8.4 475
8.4 476
8.5 477
8.4 478
8.4 479
8.4 481
8.4 482
8.3 484
8.3 484
8.4 483
8.5 480
8.5 480
8.5 480
8.5 479
8.5 480
8.5 481
8.5 482
8.4 483
8.3 487
8.3 486
8.3 487
8.3 487
8.3 487
8.3 488
8.3 487
8.4 487
8.4 486
8.4 487
8.3 487
8.3 488
8.3 487
8.3 486
8.4 486
8.3 487
8.4 486
8.3 486
8.4 487
8.4 487
8.4 485
8.4 485
8.4 487
8.4 485
8.4 485
8.4 485
8.3 486
8.4 487
8.3 487
8.2 488
8.3 487
8.3 488
8.3 489
8.3 490
8.3 492
8.3 492
8.3 492
8.3 494
8.3 493
8.3 492
8.3 492
8.3 492
8.2 494
8.2 495
8.2 496
8.2 498
8.1 497
8.2 497
7.6 492
7.7 492
7.7 494
7.7 495
7.8 495
7.8 496
7.7 496
7.6 496
7.6 496
7.5 496
7.4 497
7.5 496
7.5 494
7.6 494
7.6 494
7.5 494
7.6 494
7.6 494
7.6 494
7.6 493
7.5 494
7.5 494
7.6 495
7.5 494
7.5 495
7.4 495
7.5 495
7.7 496
7.7 496
7.7 496
7.6 496
7.6 496
7.6 497
7.5 498
7.5 498
7.6 498
7.7 497
7.6 498
7.6 498
7.4 499
7.3 499
7.4 497
7.4 497
7.4 496
7.5 497
7.2 497
6.9 496
7.1 495
7.4 492
7.5 492
7.6 491
7.7 491
7.8 492
7.7 492
7.8 492
7.7 493
7.8 493
7.7 494
7.6 496
7.7 494
7.5 496
7.5 494
7.6 491
7.6 489
7.5 489
7.6 487
7.5 486
7.6 484
7.6 484
7.4 484
7.4 486
7.4 487
7.3 489
7.4 490
7.3 493
7.2 494
7.0 494
7.0 495
6.8 494
6.9 494
6.8 494
6.8 494
6.6 495
6.4 493
6.3 492
6.3 491
6.4 488
6.3 489
6.4 489
6.4 490
6.5 490
6.5 491
6.4 492
6.4 492
6.4 492
6.4 492
6.4 491
6.3 491
6.3 492
6.6 490
6.6 489
6.6 490
6.6 490
6.6 491
6.6 491
6.6 491
6.7 491
6.8 490
6.8 490
6.9 490
7.0 490
7.0 490
7.1 489
7.0 490
6.9 491
6.8 492
6.7 492
6.7 491
6.8 491
6.8 491
6.9 490
6.8 490
6.9 490
7.0 490
6.9 490
6.9 490
6.9 490
7.1 489
7.1 489
7.1 489
7.1 489
7.2 489
7.2 489
7.2 490
7.1 490
6.9 491
7.0 490
7.1 490
7.0 491
6.9 490
6.8 491
6.8 490
6.8 489
6.8 488
6.7 489
6.6 490
6.6 490
6.5 491
6.6 490
6.6 491
6.5 491
6.4 491
6.5 491
6.4 490
6.3 490
6.3 490
6.2 489
6.1 489
6.1 488
6.1 487
6.1 486
6.1 486
6.6 483
6.8 483
6.8 484
6.8 486
6.7 486
6.7 487
6.4 488
6.3 489
6.4 490
6.4 490
6.3 491
6.3 492
6.3 492
6.2 493
6.3 493
6.2 494
6.3 494
6.1 495
6.2 495
6.2 495
6.1 496
6.1 496
6.0 496
6.1 496
6.0 496
6.0 496
6.0 496
6.0 496
6.0 497
6.0 497
6.0 496
5.9 497
5.8 497
5.8 497
5.7 497
5.7 496
5.7 496
5.6 496
5.7 496
5.7 496
5.5 496
5.6 496
5.7 496
5.7 496
5.7 497
5.5 498
5.6 498
5.6 498
5.5 498
5.5 498
5.6 497
5.6 497
5.6 497
5.6 498
5.6 497
5.6 497
5.4 497
5.5 497
5.5 496
5.7 495
5.7 495
5.6 495
5.8 494
5.9 494
5.8 494
5.7 495
5.8 495
5.8 494
5.9 495
5.9 494
6.2 492
6.3 492
5.8 494
5.6 496
5.6 496
6.0 494
6.0 495
6.2 494
6.3 493
6.6 492
6.5 491
6.4 492
6.6 491
6.6 490
6.6 488
6.6 487
6.8 485
6.8 485
6.8 485
6.9 484
6.9 484
6.9 484
6.9 484
6.9 483
7.0 475
7.0 469
7.0 462
7.0 458
7.0 455
6.9 455
6.9 454
6.9 454
6.8 453
6.9 449
6.9 446
6.8 443
6.8 440
6.9 438
6.8 438
6.8 439
6.7 440
6.8 441
6.8 442
6.8 443
6.8 442
6.8 442
6.8 441
6.8 440
6.9 439
6.9 437
7.0 436
7.0 436
6.9 430
7.0 418
7.0 418
7.0 416
7.0 414
7.0 415
7.0 416
6.9 418
6.9 421
6.9 421
7.0 423
7.1 421
7.1 418
7.1 420
7.0 420
7.0 421
6.9 423
7.0 424
6.9 426
6.9 426
6.8 428
6.9 429
6.9 430
6.8 432
6.8 432
6.9 434
6.9 434
6.8 436
6.7 438
6.6 439
6.6 440
6.7 439
6.6 440
6.6 439
6.7 440
6.6 441
6.8 442
6.8 443
6.9 443
6.9 445
6.8 446
6.7 447
6.6 448
6.6 448
6.6 447
6.8 447
6.7 448
6.5 449
6.5 450
6.4 451
6.6 451
6.6 452
6.6 455
6.5 452
6.5 451
6.5 451
6.6 450
6.6 450
6.5 450
6.5 449
6.6 448
6.6 446
6.7 445
6.7 446
6.6 447
6.6 447
6.7 446
6.7 446
6.7 446
6.7 447
6.7 448
6.7 448
6.8 448
6.8 448
6.8 448
6.8 446
6.9 446
6.9 448
6.9 450
6.8 451
6.9 452
6.8 453
6.8 454
6.8 454
6.8 456
6.8 456
6.8 457
6.8 457
6.9 458
6.8 458
6.8 459
6.6 460
6.6 460
6.6 460
6.6 460
6.7 460
6.5 460
6.4 458
6.5 459
6.5 458
6.5 459
6.5 458
6.5 458
6.5 457
6.5 457
6.5 456
6.4 455
6.4 455
6.7 454
6.6 454
6.6 454
6.8 454
6.8 455
6.7 456
6.9 455
7.3 454
7.3 453
7.4 453
7.4 454
7.4 453
7.5 451
7.5 448
7.5 443
7.5 439
7.5 435
7.5 430
7.6 424
7.6 416
7.6 410
7.6 405
7.7 399
7.7 397
7.7 398
7.7 398
7.7 397
7.7 398
7.7 399
7.7 400
7.7 401
7.7 403
7.7 405
7.7 406
7.7 406
7.7 406
7.8 405
7.8 405
7.8 404
7.8 404
7.8 404
7.8 405
7.8 404
7.8 404
7.8 402
7.8 400
7.8 397
7.8 395
7.8 395
7.8 395
7.8 396
7.8 395
7.8 396
7.8 397
7.8 398
7.8 399
7.8 400
7.8 400
7.8 402
7.8 403
7.9 404
7.9 404
7.8 405
7.8 406
7.8 407
7.8 408
7.8 409
7.8 409
7.8 410
7.8 411
7.8 412
7.8 413
7.9 412
7.9 412
7.9 410
7.9 409
7.8 409
7.9 409
7.9 409
7.9 408
7.9 408
7.9 409
7.9 410
7.9 409
8.0 409
8.0 409
8.0 408
8.0 409
8.0 409
8.0 409
8.0 408
8.0 409
8.0 408
8.0 410
8.0 411
8.0 411
8.0 410
8.0 411
8.0 410
8.0 411
8.0 411
8.0 412
8.0 412
8.0 413
7.9 414
7.9 416
7.9 418
7.8 420
7.9 420
7.9 420
7.9 420
7.9 420
7.9 420
7.9 420
7.9 420
7.9 421
7.9 421
7.9 422
7.9 423
7.9 424
7.9 424
7.9 425
7.9 426
7.9 427
7.9 428
7.9 429
7.9 430
7.8 431
7.8 433
7.8 434
7.8 436
7.7 437
7.8 438
7.8 440
7.7 442
7.6 443
7.6 444
7.6 445
7.6 446
7.5 447
7.3 449
7.3 448
7.4 449
7.4 450
7.4 450
7.3 450
7.2 452
7.3 450
7.3 450
7.3 450
7.3 449
7.4 449
7.4 450
7.3 450
7.4 448
7.3 449
7.4 448
7.4 448
7.4 449
7.5 450
7.5 450
7.5 451
7.4 452
7.4 453
7.3 454
7.3 456
7.3 455
7.3 455
7.4 452
7.3 452
7.1 454
7.1 455
7.0 457
6.8 457
7.0 457
7.1 456
7.1 458
7.1 458
7.1 458
7.1 459
7.1 459
7.0 460
7.0 460
7.1 460
7.0 460
7.1 460
7.1 461
7.1 461
7.1 462
7.0 462
7.0 462
7.0 462
7.1 463
7.1 463
7.1 464
7.0 464
7.1 463
7.0 464
7.0 464
7.0 464
7.0 464
6.9 464
7.0 464
6.9 464
7.0 464
7.0 464
6.9 465
6.9 464
6.9 465
6.8 465
6.8 465
6.8 465
6.9 465
7.0 464
7.1 464
6.9 464
7.1 464
7.3 462
7.1 464
7.0 464
7.0 464
6.9 465
6.8 464
6.9 463
6.9 463
6.9 464
6.9 463
6.9 464
6.9 461
6.9 456
6.9 458
6.9 457
6.9 451
6.9 449
6.8 448
6.8 450
6.8 450
6.8 440
6.9 435
6.9 432
6.9 431
6.9 430
6.9 428
6.8 428
6.8 424
6.7 424
6.7 426
6.7 425
6.5 425
6.4 427
6.6 425
6.8 427
6.9 427
6.8 428
6.6 432
6.5 434
6.4 435
6.4 435
6.3 436
6.6 436
7.1 435
7.3 436
7.3 438
7.4 440
7.3 441
7.1 445
7.2 446
7.2 446
7.3 446
7.3 447
7.3 448
7.3 449
7.4 449
7.4 451
7.4 451
7.3 450
7.4 450
7.3 450
7.4 451
7.4 452
7.3 453
7.2 453
7.2 453
7.2 452
7.4 452
7.5 452
7.5 452
7.5 454
7.5 453
7.6 452
7.7 448
7.8 436
7.9 419
7.9 408
7.9 400
7.9 394
7.9 392
8.0 390
8.0 388
8.0 387
7.9 385
7.9 383
8.0 382
8.0 383
8.0 382
8.0 382
8.0 383
8.0 384
8.0 385
8.0 388
7.9 393
7.8 396
7.9 397
7.8 398
7.9 400
7.9 403
7.9 406
7.9 408
7.9 411
7.7 414
7.7 415
7.6 418
7.7 418
7.7 419
7.8 418
7.8 418
7.8 420
7.6 423
7.7 424
7.7 425
7.7 422
7.5 424
7.9 418
8.0 412
7.9 410
8.1 407
8.1 405
8.0 404
8.1 402
8.1 401
8.0 401
8.1 401
8.1 399
8.1 398
8.1 398
8.0 398
8.0 402
7.9 407
7.8 410
8.0 408
7.8 411
7.8 414
7.8 416
7.7 418
7.9 416
7.9 416
7.8 418
7.8 422
7.6 423
7.6 424
7.8 423
7.9 423
8.0 421
8.0 422
8.0 424
7.9 426
7.7 427
7.6 429
7.6 430
7.5 432
7.6 432
7.6 432
7.6 432
7.4 434
7.4 434
7.5 435
7.5 435
7.4 436
7.5 435
7.4 436
7.3 437
7.3 437
7.4 436
7.7 435
8.1 431
8.2 429
8.1 431
8.0 431
8.3 428
8.3 426
8.3 426
8.2 426
8.1 428
8.2 426
8.3 425
8.3 425
8.3 424
8.3 424
8.2 424
8.2 426
8.1 426
8.2 428
8.1 426
8.2 426
8.3 425
8.2 426
8.3 425
8.2 426
8.2 428
8.0 432
7.8 436
7.9 434
8.0 436
7.8 438
8.0 436
7.8 439
7.8 439
7.6 441
7.5 443
7.5 442
7.3 443
7.5 443
7.4 444
7.2 445
7.2 444
7.5 443
7.4 444
7.4 442
7.4 445
7.8 442
7.8 441
7.9 441
8.0 437
8.0 439
8.0 442
7.9 442
7.9 444
7.8 446
7.7 446
7.7 446
7.7 446
7.5 448
7.5 447
7.5 448
7.4 448
7.5 447
7.7 444
7.7 447
7.6 447
7.5 448
7.6 448
7.6 448
7.6 449
7.5 450
7.5 450
7.5 451
7.4 452
7.4 452
7.3 454
7.3 455
7.1 456
7.1 455
7.1 453
7.2 452
7.4 450
7.4 450
7.4 450
7.5 450
7.6 449
7.7 449
7.7 450
7.7 450
7.9 449
7.8 450
7.6 451
7.9 448
8.0 448
7.9 448
8.0 448
8.0 449
8.0 449
8.0 450
8.0 450
8.0 450
8.0 453
8.0 453
8.0 454
7.9 455
8.0 455
7.9 457
7.9 456
7.9 457
7.9 456
7.9 457
7.8 458
7.9 456
7.9 455
7.9 457
7.9 457
7.7 460
7.5 460
7.5 460
7.7 457
7.5 462
7.4 462
7.5 462
7.3 462
7.4 462
7.5 458
7.6 460
7.4 459
7.3 460
7.2 460
7.0 462
6.9 462
6.8 464
6.8 459
6.6 458
6.7 457
6.9 454
6.8 452
6.9 453
7.2 452
7.3 451
7.0 450
7.0 447
7.0 443
7.0 443
6.9 440
6.8 441
6.8 443
6.8 442
6.7 441
6.8 440
6.8 441
6.8 439
6.9 436
7.4 435
7.6 436
7.6 439
7.8 440
7.8 442
7.8 443
7.8 445
7.6 446
7.6 449
7.4 449
7.4 450
7.6 451
7.6 453
7.4 454
7.5 455
7.5 456
7.6 456
7.6 457
7.4 458
7.2 459
7.3 458
7.4 457
7.6 456
7.6 458
7.6 460
7.6 458
7.5 461
7.7 460
7.6 459
7.6 461
7.4 462
7.3 463
7.4 461
7.2 462
7.2 462
7.1 461
7.2 460
7.2 460
7.1 461
6.8 461
6.8 460
6.8 456
6.8 456
7.2 454
7.1 457
7.0 458
6.7 459
6.9 456
7.0 455
7.3 453
7.4 453
7.5 455
7.2 457
7.1 456
7.3 456
7.3 457
7.1 458
6.9 459
6.7 458
6.8 457
6.9 456
6.8 457
6.8 456
6.7 458
6.8 457
6.9 456
7.2 454
7.3 453
7.2 455
7.3 455
7.2 455
7.2 456
7.2 458
7.2 456
7.3 457
7.2 458
7.1 459
7.1 459
7.1 460
7.2 460
7.1 461
7.4 460
7.7 459
7.6 460
7.8 459
8.0 458
8.0 458
8.1 459
8.1 461
8.1 462
8.1 463
8.2 463
8.1 465
8.1 465
8.1 467
8.2 464
8.2 464
8.1 465
8.2 462
7.9 465
8.1 466
8.1 464
8.2 462
8.3 462
8.3 462
8.5 458
8.5 456
8.2 462
8.0 461
8.3 451
8.2 449
8.3 449
8.5 443
8.6 438
8.7 435
8.7 433
8.6 433
8.6 432
8.5 432
8.5 437
8.4 438
8.6 441
8.5 440
8.4 440
8.5 440
8.7 440
8.6 440
8.7 442
8.5 448
8.5 450
8.4 455
8.2 459
7.9 461
7.7 460
7.8 457
7.6 458
7.5 458
7.5 459
7.6 458
7.4 458
7.4 460
7.4 460
7.3 461
7.2 462
7.3 462
7.6 463
7.7 465
7.5 467
7.5 468
7.8 467
7.9 467
7.9 468
7.9 470
7.9 472
8.0 472
8.0 474
8.0 475
8.0 476
8.2 474
8.1 477
7.9 481
7.7 484
7.7 485
7.7 487
7.7 486
7.4 486
7.2 483
7.1 482
7.0 478
6.9 478
6.9 477
6.7 477
6.7 474
6.7 474
6.6 475
6.6 475
6.6 474
6.8 474
7.0 475
7.0 474
7.1 477
7.1 477
7.1 473
7.0 475
7.0 474
6.9 474
6.9 475
6.9 476
6.8 476
7.2 477
7.3 478
7.4 480
7.4 482
7.5 483
7.5 485
7.5 487
7.6 488
7.5 489
7.5 490
7.6 490
7.6 492
7.6 492
7.5 493
7.5 494
7.6 494
7.6 493
7.6 493
7.7 494
7.7 494
7.6 495
7.6 495
7.5 496
7.6 496
7.4 496
7.5 495
7.6 496
7.5 497
7.5 497
7.4 499
7.1 500
7.3 498
7.3 497
7.2 497
7.9 488
7.8 491
7.5 494
7.4 493
7.4 492
7.7 488
7.8 486
7.7 485
7.9 485
8.0 486
7.9 488
7.9 488
8.0 488
7.9 489
8.1 490
7.9 490
7.8 491
7.9 492
7.6 494
7.6 493
7.6 491
7.6 491
7.8 491
7.6 495
7.5 497
7.4 497
7.4 498
7.4 500
7.1 500
7.0 498
7.2 496
7.3 494
7.3 494
7.2 495
7.2 495
7.1 494
7.5 491
7.5 493
7.5 495
7.5 497
7.5 497
7.5 498
7.5 499
7.4 499
7.5 498
7.5 497
7.6 497
7.5 498
7.5 498
7.5 497
7.5 498
7.5 498
7.5 500
7.4 499
7.5 498
7.4 498
7.5 498
7.4 498
7.5 498
7.5 499
7.5 499
7.5 500
7.2 501
7.3 499
7.4 499
7.4 500
7.4 501
7.3 501
7.2 502
7.2 501
7.4 500
7.4 501
7.2 502
7.2 502
7.2 501
7.2 501
7.2 500
7.4 500
7.4 501
7.5 501
7.5 502
7.4 503
7.5 503
7.5 505
7.5 505
7.4 507
7.3 509
7.3 508
7.2 508
7.2 509
7.2 508
7.2 509
7.2 508
7.0 509
7.0 507
7.2 508
7.1 507
7.3 507
7.3 507
7.2 508
7.0 508
6.8 509
6.9 507
6.9 506
7.2 505
7.0 506
7.0 504
7.0 503
7.0 503
6.8 502
6.9 501
6.8 501
6.7 502
6.8 500
6.6 501
6.6 501
6.5 500
6.5 500
6.5 500
6.9 496
7.0 491
7.2 491
7.3 492
7.0 494
7.1 496
7.2 496
7.3 496
7.4 497
7.5 498
7.5 498
7.6 498
7.6 500
7.6 500
7.6 502
7.6 502
7.6 503
7.7 504
7.6 506
7.6 508
7.5 509
7.5 509
7.5 510
7.5 510
7.6 510
7.5 510
7.6 510
7.5 511
7.6 510
7.5 509
7.5 508
7.4 508
7.1 502
7.1 501
6.9 501
6.9 501
6.9 500
7.0 500
6.9 500
6.9 500
6.9 499
7.0 498
6.9 498
6.9 496
6.9 494
7.0 492
7.0 488
7.0 487
7.0 485
6.9 485
7.0 484
6.9 488
6.8 490
6.6 493
6.9 493
7.0 495
6.9 498
6.8 499
6.8 500
6.8 501
6.8 503
6.9 504
6.8 506
6.9 507
6.9 508
6.9 510
6.9 511
6.9 511
6.9 512
7.0 514
7.0 515
6.9 515
6.9 516
7.0 516
6.9 516
6.9 517
7.0 518
6.9 518
6.9 518
6.9 518
6.9 519
6.9 519
6.9 519
6.8 520
6.9 520
6.8 520
6.8 519
6.9 519
6.9 520
6.9 520
6.9 521
6.8 521
6.8 521
6.8 521
6.9 521
6.9 521
6.9 522
6.9 522
7.0 522
7.0 522
7.0 522
7.0 523
6.9 523
6.9 522
6.9 522
6.9 523
6.9 523
6.9 522
7.0 522
6.9 522
6.9 521
6.9 521
6.9 521
6.9 522
6.9 522
6.8 521
6.7 520
6.7 519
6.5 520
6.4 518
6.5 518
6.6 517
6.7 516
6.7 517
6.8 516
6.8 517
6.8 518
6.6 515
6.5 512
6.4 511
6.4 512
6.4 512
6.4 510
6.4 511
6.4 511
6.4 511
6.4 511
6.4 512
6.4 512
6.4 511
6.4 510
6.4 510
6.5 510
6.5 511
6.4 511
6.3 511
6.3 510
6.4 510
6.4 510
6.4 509
6.4 510
6.4 510
6.4 511
6.4 511
6.4 511
6.4 511
6.3 510
6.3 510
6.1 510
5.9 508
5.8 506
5.8 503
6.0 503
6.0 504
5.8 505
5.8 505
5.9 502
6.0 501
6.1 502
6.1 503
6.3 504
6.4 504
6.4 506
6.3 506
6.3 507
6.2 507
6.2 508
6.2 508
6.3 508
6.2 508
6.0 509
6.0 509
6.0 508
6.0 507
6.0 506
6.0 504
6.1 503
6.1 503
6.0 502
6.0 503
6.0 503
5.9 501
5.9 499
6.2 500
6.2 501
6.3 502
6.2 504
6.3 504
6.2 505
6.3 504
6.3 505
6.4 505
6.3 506
6.3 506
6.3 507
6.3 506
6.4 506
6.3 505
6.3 506
6.3 506
6.4 506
6.3 507
6.2 506
6.1 506
6.1 506
6.0 506
6.1 507
6.0 507
6.1 506
6.1 506
6.1 506
6.1 506
5.8 507
5.7 506
5.7 506
5.7 505
5.7 505
5.7 504
5.8 504
5.8 504
5.8 504
5.7 504
5.7 503
5.4 503
5.4 502
5.3 503
5.1 505
5.1 505
5.2 502
5.2 502
5.4 503
5.3 503
5.1 502
5.1 502
5.0 502
5.1 501
5.1 500
5.0 500
5.0 500
5.2 499
5.0 498
5.1 498
5.0 499
5.2 498
5.3 497
5.6 493
5.8 489
5.8 487
5.9 481
6.0 468
5.9 457
5.8 448
6.1 442
6.0 440
6.0 439
6.0 438
6.1 436
6.1 436
6.1 437
6.0 439
5.9 441
6.0 443
6.0 443
6.2 444
6.2 445
6.2 445
6.2 445
6.3 445
6.3 446
6.2 447
6.2 449
6.3 450
6.3 451
6.3 452
6.2 454
6.4 454
6.4 455
6.4 456
6.3 457
6.3 457
6.3 458
6.4 459
6.2 460
6.2 462
6.4 462
6.3 463
6.4 463
6.5 464
6.5 464
6.5 465
6.5 465
6.6 466
6.6 467
6.6 469
6.5 470
6.4 471
6.5 472
6.7 471
6.7 471
6.7 470
6.8 471
6.6 472
6.6 472
6.6 474
6.6 474
6.6 475
6.5 477
6.4 478
6.6 477
6.6 476
6.6 476
6.6 477
6.5 478
6.4 479
6.3 480
6.4 480
6.3 479
6.3 480
6.3 480
6.3 482
6.2 482
6.4 483
6.4 483
6.4 484
6.4 484
6.4 485
6.4 485
6.3 486
6.3 486
6.3 486
6.2 487
6.3 487
6.3 487
6.1 489
6.0 490
5.9 490
5.9 490
6.0 489
5.8 490
5.8 490
5.8 490
5.8 489
5.8 489
6.0 489
6.0 490
6.1 489
6.1 489
6.2 488
6.2 489
6.2 488
6.2 488
6.4 488
6.3 488
6.2 488
6.3 488
6.3 488
6.3 489
6.3 488
6.3 489
6.3 489
6.3 488
6.3 489
6.4 489
6.4 489
6.3 490
6.3 490
6.3 490
6.3 490
6.3 489
6.3 489
6.3 488
6.4 489
6.3 489
6.4 488
6.4 489
6.4 489
6.4 489
6.4 488
6.4 488
6.4 488
6.4 488
6.5 487
6.5 487
6.5 486
6.6 485
6.7 485
6.6 486
6.4 488
6.5 487
6.7 485
6.8 485
6.8 484
6.8 485
6.7 487
6.5 488
6.5 488
6.5 489
6.5 489
6.4 490
6.4 491
6.3 491
6.3 491
6.4 491
6.4 491
6.4 492
6.4 492
6.4 492
6.4 493
6.3 493
6.3 493
6.3 493
6.4 492
6.4 493
6.4 493
6.4 493
6.3 492
6.3 491
6.3 491
6.4 492
6.4 491
6.4 492
6.5 492
6.6 492
6.6 493
6.6 493
6.6 493
6.5 494
6.5 495
6.5 495
6.4 495
6.4 496
6.4 495
6.4 496
6.4 496
6.4 496
6.4 496
6.4 496
6.4 497
6.4 497
6.4 496
6.3 497
6.4 497
6.4 496
6.5 496
6.4 497
6.4 497
6.3 497
6.3 497
6.3 497
6.3 498
6.2 498
6.3 497
6.2 498
6.1 498
6.0 497
6.1 496
6.2 496
6.2 495
6.2 496
6.2 496
6.2 496
6.2 496
6.2 495
6.2 496
6.2 495
6.2 496
6.1 497
6.2 496
6.2 497
6.2 496
6.3 496
6.2 496
6.2 495
6.2 494
6.2 494
6.2 494
6.2 495
5.8 497
5.9 497
5.8 497
5.8 497
5.7 498
5.9 497
5.6 499
5.6 499
5.6 499
5.5 499
5.5 499
5.4 499
5.4 498
5.6 498
5.9 496
5.9 497
5.8 497
5.9 497
6.0 497
6.0 497
5.9 498
6.0 498
6.0 498
6.0 498
5.9 499
5.9 498
5.8 499
5.8 498
5.8 498
5.8 499
5.8 499
5.7 498
5.9 498
5.9 498
5.9 498
5.9 498
5.9 498
5.9 498
5.9 498
5.8 499
5.7 499
5.7 498
5.8 498
5.8 498
5.9 498
5.9 498
6.0 497
6.0 497
6.0 497
6.0 497
6.1 496
6.2 497
6.0 498
6.0 498
6.0 499
5.9 499
6.0 499
6.0 499
6.0 500
6.2 500
6.1 500
6.1 500
6.2 500
6.2 500
6.3 500
6.3 500
6.4 499
6.4 499
6.4 499
6.4 499
6.4 498
6.4 498
6.4 497
6.5 497
6.6 496
6.5 496
6.6 495
6.6 495
6.6 494
6.6 494
6.6 493
6.6 494
6.6 493
6.6 493
6.6 493
6.6 492
6.6 492
6.6 492
6.6 492
6.6 492
6.7 492
6.7 492
6.8 493
6.8 493
6.8 492
6.8 493
6.8 493
6.7 493
6.8 492
6.8 492
6.8 492
6.8 492
6.9 492
6.9 492
7.0 491
7.0 491
7.1 491
7.1 491
7.0 492
7.0 493
7.0 493
7.0 493
6.8 493
6.6 494
6.6 494
6.8 494
6.7 494
6.6 495
6.5 496
6.4 497
6.4 496
6.4 496
6.5 496
6.7 495
6.8 494
6.8 494
7.2 492
7.2 491
7.2 488
7.2 486
7.0 487
6.8 485
7.0 477
7.3 464
7.5 449
7.4 445
7.4 446
7.3 446
7.3 445
7.2 445
7.1 446
7.1 447
7.2 446
7.2 446
7.2 447
7.2 448
7.2 449
7.3 448
7.3 446
7.2 447
7.2 449
7.2 450
7.2 452
7.1 455
7.1 457
7.1 458
7.1 459
7.1 459
7.2 460
7.2 460
7.2 461
7.2 462
7.2 463
7.1 464
7.1 466
7.1 467
7.1 468
7.2 468
7.2 468
7.2 468
7.2 469
7.2 470
7.1 471
7.2 470
7.1 471
7.1 471
7.1 471
7.0 472
7.1 471
7.1 470
7.2 471
7.2 469
7.2 470
7.1 470
7.1 470
7.2 470
7.2 470
7.2 471
7.2 471
7.2 472
7.2 474
7.3 472
7.3 473
7.3 474
7.2 475
7.2 475
7.2 496
7.2 496
7.2 496
7.1 497
7.1 497
7.1 496
7.2 496
7.2 497
7.2 497
7.2 498
7.2 497
7.2 498
7.2 498
7.2 498
7.2 499
7.2 498
7.2 499
7.2 499
7.1 500
7.1 499
7.2 500
7.1 500
7.2 500
7.1 500
7.1 500
7.1 500
7.1 501
7.1 501
7.1 501
7.1 502
7.0 502
7.0 503
7.1 502
7.1 502
7.1 502
7.1 503
7.1 503
7.0 504
7.0 504
7.0 503
7.1 503
7.1 504
7.1 504
7.1 504
7.0 504
7.1 504
7.1 504
7.1 505
7.1 504
7.0 505
7.0 505
7.0 505
7.0 505
7.1 505
7.0 506
7.0 505
7.0 506
7.1 505
7.0 506
7.0 506
7.0 506
7.1 506
7.0 506
7.0 506
7.0 506
7.0 507
7.0 507
7.0 506
7.0 506
7.0 506
7.1 506
7.1 505
7.1 506
7.0 506
7.0 506
7.0 505
6.9 505
6.9 504
6.9 505
6.9 504
6.9 504
7.0 503
7.0 504
7.0 504
7.1 503
7.0 504
7.1 504
7.1 504
7.0 504
7.0 505
7.0 504
7.0 504
7.0 504
7.0 505
7.0 504
7.0 505
7.0 505
7.0 505
7.0 505
7.0 505
7.0 505
7.0 505
7.0 504
7.0 505
7.0 505
7.0 505
7.0 504
7.0 504
7.0 504
7.0 504
7.0 504
7.0 505
6.9 504
7.0 504
7.0 504
7.0 504
7.0 504
7.0 503
7.0 503
7.0 503
7.0 504
6.9 503
7.0 503
7.0 502
7.0 502
7.0 503
7.0 502
7.0 502
7.0 502
7.0 503
7.0 502
7.0 503
7.0 502
7.1 502
7.1 502
7.1 502
7.1 502
7.1 502
7.1 503
7.0 503
7.0 502
7.1 502
7.1 501
7.1 501
7.0 501
7.1 501
7.1 501
7.1 502
6.9 503
7.0 501
7.1 502
7.1 501
7.1 502
7.1 502
7.0 502
7.0 503
7.1 502
7.0 503
7.0 502
7.1 502
7.1 502
7.2 502
7.1 502
7.1 502
7.2 502
7.1 502
7.1 501
7.1 502
7.1 502
7.2 501
7.1 502
7.2 502
7.1 502
7.1 502
7.1 502
7.1 502
7.1 502
7.0 502
7.0 502
7.1 502
7.0 503
7.0 502
7.0 502
7.0 502
7.1 502
7.1 502
7.1 502
7.1 502
7.0 503
7.1 502
7.1 503
7.0 503
7.0 503
6.9 504
7.0 502
7.0 502
7.0 503
7.0 503
7.0 502
7.1 502
7.0 502
7.1 502
7.2 502
7.1 502
7.1 503
7.0 503
7.1 503
7.0 503
6.9 504
7.0 503
7.0 503
7.0 502
7.0 502
7.0 502
7.0 503
7.0 502
7.0 503
7.0 504
7.0 503
7.0 503
7.0 503
7.0 504
7.0 504
7.0 504
7.1 504
7.0 504
7.0 504
7.0 504
7.0 504
7.0 505
7.0 505
7.0 505
6.9 506
7.0 505
6.8 506
6.8 505
7.0 505
6.9 506
7.0 505
7.0 506
6.9 507
6.8 507
6.9 506
6.9 506
6.9 507
6.9 507
6.8 506
6.9 505
6.9 506
7.0 506
7.0 506
6.9 506
6.9 506
6.9 505
6.9 507
6.8 507
6.8 506
6.8 506
6.9 505
6.8 506
6.7 506
6.8 505
6.8 505
6.8 505
6.7 505
6.7 506
6.6 505
6.8 504
6.9 504
6.9 504
6.9 505
6.8 505
6.8 505
6.8 504
6.8 505
6.9 505
6.9 505
6.8 505
6.8 506
6.8 505
6.8 506
6.9 505
6.8 506
6.8 506
6.8 505
6.8 505
6.8 505
6.9 505
6.8 506
6.8 507
6.8 506
6.8 506
6.7 506
6.7 506
6.7 506
6.8 505
6.7 506
6.8 506
6.7 506
6.7 506
6.8 506
6.7 507
6.7 506
6.7 507
6.9 506
6.9 507
6.9 507
6.8 508
6.9 508
6.8 508
6.8 508
6.8 508
6.8 508
6.7 509
6.7 509
6.7 508
6.8 505
6.8 505
6.8 506
6.8 506
6.8 507
6.8 507
6.8 507
6.7 508
6.7 508
6.8 508
6.8 508
6.8 508
6.8 508
6.8 508
6.8 509
6.8 510
6.8 510
6.8 510
6.8 509
6.8 509
6.8 509
6.8 510
6.8 510
6.8 510
6.7 510
6.6 510
6.6 510
6.7 509
6.7 509
6.7 509
6.7 510
6.7 509
6.7 509
6.7 510
6.7 510
6.6 510
6.7 510
6.7 510
6.6 511
6.6 511
6.5 507
6.5 505
6.6 505
6.6 506
6.6 506
6.6 507
6.6 507
6.6 508
6.6 508
6.5 509
6.4 508
6.4 508
6.4 507
6.4 507
6.4 507
6.5 507
6.5 508
6.6 507
6.7 507
6.7 508
6.6 504
6.7 504
6.7 505
6.7 506
6.7 507
6.6 508
6.6 508
6.6 508
6.6 508
6.5 508
6.5 507
6.4 507
6.4 507
6.3 507
6.3 507
6.3 507
6.3 507
6.3 507
6.2 508
6.2 507
6.2 507
6.2 507
6.2 506
6.3 506
6.2 506
6.2 506
6.4 506
6.3 507
6.3 505
6.3 505
6.4 504
6.5 505
6.4 506
6.3 507
6.4 506
6.6 506
6.6 508
6.6 508
6.6 508
6.6 508
6.6 507
6.6 507
6.6 507
6.6 507
6.6 508
6.6 508
6.6 509
6.4 510
6.3 510
6.4 510
6.4 510
6.4 510
6.4 511
6.4 511
6.4 511
6.4 512
6.4 512
6.4 512
6.3 513
6.2 513
6.1 513
6.1 512
6.1 512
6.1 512
6.0 512
6.0 512
5.9 512
5.9 512
5.9 512
5.9 511
6.0 511
6.0 510
6.0 510
6.0 511
5.9 511
5.9 510
5.9 510
6.0 509
5.9 509
5.8 509
5.9 508
6.0 507
6.1 507
6.2 507
6.2 506
6.2 507
6.2 507
6.2 506
6.2 507
6.4 506
6.4 506
6.4 507
6.4 507
6.4 508
6.4 508
6.4 508
6.5 508
6.4 509
6.4 510
6.5 510
6.6 509
6.5 509
6.4 510
6.5 510
6.4 509
6.3 510
6.3 509
6.2 508
6.2 508
6.1 508
6.2 506
6.3 505
6.4 506
6.4 506
6.3 507
6.2 508
6.2 508
6.2 508
6.2 508
6.2 507
6.2 508
6.3 506
6.4 506
6.5 506
6.7 506
6.8 506
6.8 505
6.8 506
6.8 506
6.9 506
6.9 507
6.7 507
6.7 507
6.7 507
6.6 507
6.6 507
6.7 507
6.7 507
6.7 507
6.8 507
6.7 507
6.7 507
6.6 508
6.5 508
6.5 508
6.6 508
6.6 508
6.4 509
6.3 509
6.2 509
6.1 508
6.2 507
6.4 505
6.4 504
6.3 504
6.2 505
6.1 504
6.2 503
6.2 502
6.2 501
6.1 498
6.1 497
6.1 496
6.1 496
6.0 497
5.8 499
5.8 500
6.0 499
6.0 500
6.4 499
6.6 499
6.5 500
6.4 501
6.3 501
6.4 500
6.5 500
6.6 500
6.6 500
6.6 501
6.7 501
6.7 502
6.7 502
6.8 502
6.9 502
6.9 502
7.0 503
7.0 504
7.0 504
7.0 505
7.0 505
7.0 505
7.0 506
7.0 506
7.0 506
6.9 507
6.8 507
6.8 507
6.8 508
6.8 508
6.9 508
6.9 508
6.9 508
6.9 508
6.8 508
6.9 508
7.0 509
6.9 509
6.7 510
6.6 510
6.6 510
6.6 510
6.7 510
6.6 511
6.6 511
6.7 510
6.8 510
6.7 510
6.7 511
6.8 511
6.7 512
6.6 512
6.6 512
6.6 512
6.7 512
6.8 512
6.8 512
6.9 512
6.8 512
6.9 512
6.8 512
6.8 512
6.9 512
6.9 513
6.8 513
6.9 513
6.9 513
6.8 514
6.8 514
6.6 515
6.5 515
6.5 515
6.5 514
6.6 514
6.7 514
6.7 513
6.8 513
6.8 514
7.0 513
6.8 513
6.7 515
6.7 517
6.8 517
6.9 517
6.8 513
6.6 514
7.0 511
7.0 512
6.9 513
6.9 516
6.9 517
6.8 518
6.9 514
7.0 512
6.9 513
6.9 512
6.9 512
7.1 512
7.2 511
7.2 511
7.1 512
7.2 511
7.2 511
7.2 511
7.3 510
7.3 510
7.3 510
7.2 510
7.2 510
7.3 509
7.2 509
7.2 508
7.3 507
7.4 504
7.4 504
7.4 502
7.4 501
7.4 500
7.5 499
7.5 497
7.5 496
7.4 497
7.3 496
7.2 496
7.1 496
7.4 492
7.6 490
7.6 489
7.6 488
7.6 488
7.6 487
7.6 488
7.6 488
7.6 488
7.6 487
7.7 487
7.7 487
7.6 488
7.6 489
7.6 490
7.6 490
7.6 490
7.7 489
7.6 490
7.7 490
7.6 490
7.8 490
7.8 489
7.8 489
7.8 487
7.9 485
7.9 482
7.9 478
7.9 474
7.9 472
7.9 469
7.8 468
7.9 467
7.9 467
7.9 466
7.9 464
7.9 463
7.9 462
7.9 462
8.0 460
8.0 459
8.0 459
8.0 458
8.0 458
7.9 458
7.9 457
7.9 456
7.9 454
7.8 456
7.8 456
7.8 459
7.6 464
7.4 468
7.5 469
7.3 472
7.5 472
7.8 471
7.8 472
7.9 472
8.0 473
8.0 473
8.0 472
7.9 473
7.8 474
7.7 478
7.6 482
7.6 486
7.6 489
7.6 490
7.6 492
7.6 495
7.6 497
7.6 498
7.6 500
7.6 502
7.5 503
7.5 504
7.5 506
7.4 506
7.4 507
7.5 507
7.6 508
7.6 508
7.5 509
7.5 509
7.4 508
7.4 508
7.3 509
7.3 509
7.2 510
7.1 510
7.0 510
7.0 510
7.0 510
7.1 509
7.1 508
7.3 508
7.2 508
7.2 509
7.2 509
7.5 507
7.4 508
7.3 509
7.2 508
7.2 508
7.3 507
7.4 506
7.5 504
7.6 504
7.5 504
7.5 504
7.5 504
7.5 506
7.5 506
7.4 506
7.3 507
7.2 507
7.4 505
7.8 501
7.9 501
8.0 500
8.1 500
8.1 502
8.1 502
7.8 505
7.9 505
7.9 504
7.9 506
8.0 506
8.1 505
8.1 506
8.1 506
8.0 507
8.0 509
8.0 509
8.0 509
8.0 510
7.9 510
8.0 508
8.0 509
7.9 510
8.0 510
7.9 510
7.7 511
7.8 512
7.9 510
8.0 510
7.8 511
7.7 512
8.0 509
8.1 508
8.1 509
7.9 510
7.8 512
7.8 511
7.8 512
7.8 510
7.6 513
7.4 513
7.3 514
7.3 514
7.2 513
7.2 511
7.2 512
7.3 510
7.7 504
8.0 503
8.2 501
8.2 503
8.2 504
8.2 504
8.3 504
8.3 504
8.3 505
8.2 506
8.0 508
8.1 506
8.2 506
8.2 505
8.2 504
8.2 505
8.2 508
8.1 508
8.0 511
8.0 511
8.0 513
8.0 513
8.0 512
8.0 511
8.0 511
8.0 510
8.0 510
8.0 511
7.9 512
8.0 512
8.1 510
8.1 509
8.1 510
8.2 512
8.2 512
8.2 513
8.1 513
8.1 514
8.1 515
8.1 516
8.2 516
8.2 517
8.1 517
8.1 518
8.1 518
8.0 519
8.0 519
8.1 520
8.1 520
8.1 519
8.0 520
8.0 521
8.1 521
8.0 520
8.0 522
7.8 523
7.6 524
7.6 524
7.7 522
7.8 520
7.8 520
7.9 518
7.8 519
7.8 518
7.8 518
7.7 519
7.6 518
7.6 518
7.6 517
7.8 516
7.8 516
7.9 516
7.9 518
7.8 518
7.8 519
7.8 519
7.8 521
7.8 520
7.8 521
7.8 521
7.8 522
7.8 521
7.8 523
7.8 523
7.7 524
7.7 523
7.6 523
7.5 523
7.4 522
7.4 522
7.4 521
7.3 521
7.4 520
7.4 521
7.4 520
7.4 520
7.2 521
7.1 521
7.0 520
7.3 517
7.7 513
7.9 512
7.9 512
7.9 513
8.0 513
8.0 513
8.0 513
8.0 512
8.0 513
7.9 513
8.0 513
8.0 514
8.0 515
8.0 516
8.0 516
8.1 516
8.1 517
8.1 517
8.1 516
8.1 517
8.1 517
8.1 516
8.1 515
8.1 515
8.2 514
8.2 513
8.2 514
8.1 514
7.9 516
7.8 517
7.7 518
7.6 518
7.8 517
7.9 516
7.9 516
7.9 516
7.9 516
7.8 517
7.8 518
7.8 518
7.8 519
7.8 520
7.8 520
7.6 520
7.6 520
7.5 517
7.5 515
7.6 515
7.6 515
7.6 515
7.6 515
7.6 515
7.6 516
7.5 517
7.5 519
7.5 518
7.4 520
7.3 521
7.3 518
7.4 519
7.5 519
7.7 518
7.7 518
7.7 519
7.8 518
7.9 516
7.9 516
7.9 516
7.9 514
7.9 515
7.8 514
8.0 514
8.0 512
8.0 514
8.0 513
8.1 511
8.3 506
8.4 505
8.5 500
8.5 498
8.7 495
8.6 494
8.6 494
8.4 498
8.3 498
8.5 488
8.4 491
8.4 488
8.4 490
8.3 492
8.3 492
8.3 492
8.4 492
8.4 495
8.7 486
8.8 482
8.8 482
8.8 480
8.7 480
8.5 489
8.3 493
8.3 494
8.4 496
8.2 499
8.1 504
8.2 504
8.5 502
8.7 497
8.8 492
8.9 486
8.8 486
8.6 488
8.6 487
8.5 490
8.4 492
8.3 495
8.2 498
8.4 495
8.6 491
8.7 488
8.6 489
8.6 489
8.5 492
8.4 492
8.4 492
8.3 495
8.2 499
8.0 501
8.0 500
8.2 500
8.2 500
8.1 502
8.0 503
7.8 502
8.0 503
7.9 500
7.9 501
7.9 502
8.0 495
8.2 494
8.3 494
8.4 495
8.5 492
8.6 490
8.6 490
8.7 484
8.8 480
8.8 481
8.7 482
8.8 472
8.8 462
8.7 457
8.7 456
8.7 454
8.8 451
8.8 449
8.7 449
8.7 448
8.7 447
8.8 448
8.8 448
8.8 450
8.8 448
8.8 447
8.8 445
8.8 446
8.8 446
8.6 453
8.6 455
8.4 459
8.3 463
8.4 462
8.6 461
8.5 461
8.5 463
8.6 462
8.7 460
8.7 457
8.7 456
8.7 455
8.7 454
8.7 453
8.7 454
8.8 454
8.8 451
8.8 451
8.8 451
8.8 451
8.8 450
8.7 451
8.7 452
8.7 454
8.7 455
8.6 457
8.6 460
8.6 460
8.6 460
8.6 460
8.6 460
8.6 460
8.6 462
8.5 464
8.6 464
8.5 466
8.4 470
8.5 468
8.6 466
8.6 466
8.5 468
8.4 471
8.4 473
8.4 474
8.4 474
8.5 472
8.5 472
8.6 470
8.6 468
8.6 468
8.7 468
8.7 467
8.7 467
8.6 472
8.5 477
8.5 477
8.5 478
8.6 477
8.5 477
8.5 477
8.6 476
8.6 475
8.6 474
8.6 475
8.6 475
8.6 475
8.7 474
8.6 474
8.6 474
8.7 475
8.7 476
8.6 476
8.7 476
8.7 476
8.7 476
8.7 476
8.7 477
8.6 478
8.6 480
8.5 483
8.5 483
8.5 485
8.5 485
8.5 487
8.5 488
8.4 489
8.4 491
8.3 492
8.3 493
8.3 493
8.1 494
8.2 494
8.1 493
8.1 494
8.1 496
8.0 493
8.2 489
8.2 488
8.2 489
8.2 489
8.1 489
8.1 489
8.2 487
8.2 486
8.2 486
8.2 486
8.1 487
8.2 485
8.1 486
8.2 484
8.2 485
8.0 487
8.2 486
8.1 488
8.0 488
8.2 486
8.2 485
8.2 484
8.3 482
8.3 482
8.4 482
8.4 482
8.5 482
8.3 482
8.4 485
8.5 482
8.5 482
8.5 480
8.4 480
8.5 480
8.6 480
8.6 477
8.6 476
8.6 476
8.6 475
8.6 473
8.6 472
8.7 470
8.7 470
8.7 469
8.7 467
8.7 465
8.7 463
8.7 462
8.7 463
8.7 461
8.7 460
8.7 459
8.7 458
8.8 455
8.8 453
8.8 451
8.8 449
8.8 448
8.8 446
8.8 443
8.8 438
8.9 434
8.8 430
8.9 427
8.8 426
8.8 426
8.8 424
8.8 421
8.8 416
8.8 413
8.8 412
8.8 411
8.8 410
8.8 409
8.8 408
8.8 406
8.8 402
8.8 400
8.8 397
8.9 395
8.8 396
8.9 388
8.9 383
8.9 379
8.9 376
8.9 375
8.8 376
8.8 375
8.8 371
8.8 370
8.8 369
8.8 367
8.9 363
8.8 361
8.8 358
8.9 355
8.8 352
8.8 352
8.8 353
8.8 351
8.8 350
8.9 354
8.8 355
8.8 354
8.9 353
8.8 352
8.8 350
8.8 347
8.8 346
8.8 344
8.8 343
8.8 344
8.8 344
8.8 345
8.8 350
8.8 356
8.8 355
8.9 354
8.9 348
8.9 346
8.8 344
8.8 342
8.8 342
8.8 343
8.8 344
8.8 346
8.8 351
8.8 355
8.8 354
8.8 353
8.8 356
8.8 354
8.8 354
8.8 357
8.8 360
8.8 360
8.8 361
8.8 360
8.8 362
8.8 368
8.8 370
8.8 372
8.8 372
8.8 375
8.8 379
8.8 378
8.8 380
8.7 384
8.7 388
8.8 389
8.8 390
8.8 390
8.8 390
8.8 391
8.8 392
8.8 392
8.8 393
8.8 396
8.8 397
8.8 398
8.8 398
8.8 398
8.8 397
8.8 399
8.8 400
8.8 399
8.8 402
8.8 405
8.8 403
8.7 405
8.7 405
8.7 408
8.7 410
8.7 411
8.7 411
8.7 412
8.7 413
8.7 414
8.7 416
8.7 417
8.6 418
8.5 421
8.2 427
8.0 431
8.0 433
8.1 432
8.2 431
8.2 430
8.3 430
8.4 430
8.5 426
8.6 424
8.4 426
8.4 431
8.3 432
8.3 434
8.2 433
8.3 434
8.4 436
8.3 438
8.3 438
8.4 436
8.5 434
8.4 436
8.4 436
8.3 439
8.3 439
8.4 434
8.5 433
8.2 439
8.4 441
8.4 440
8.3 441
8.3 442
8.3 441
8.2 443
8.4 441
8.4 439
8.3 444
8.3 445
8.4 444
8.5 444
8.6 440
8.6 437
8.5 438
8.5 442
8.5 444
8.5 445
8.5 444
8.5 444
8.5 445
8.6 443
8.6 443
8.5 445
8.6 443
8.5 446
8.5 448
8.6 446
8.5 449
8.5 449
8.5 450
8.4 452
8.5 452
8.5 451
8.4 452
8.3 454
8.4 455
8.5 450
8.5 453
8.4 454
8.4 454
8.4 455
8.2 456
8.2 458
8.3 457
8.3 454
8.3 458
8.1 456
8.2 450
8.3 453
8.3 450
8.1 457
8.1 458
8.1 457
8.2 458
8.1 459
8.2 460
8.3 459
8.2 460
8.2 461
8.2 461
7.9 464
8.0 462
8.1 461
8.2 459
8.2 458
8.0 462
7.9 462
8.0 461
7.9 462
8.0 462
8.2 459
8.3 457
8.2 460
8.2 461
8.0 464
8.0 462
7.9 465
7.8 465
7.9 465
8.0 464
7.9 464
7.9 463
8.2 462
8.2 461
8.2 460
8.1 462
8.0 464
7.9 466
8.0 464
8.1 464
8.0 464
7.9 467
7.8 467
7.9 465
8.0 465
7.9 465
8.0 466
8.2 462
8.2 460
8.2 461
8.3 459
8.2 459
8.2 459
8.4 456
8.5 452
8.5 449
8.6 448
8.6 447
8.6 446
8.6 452
8.6 445
8.6 443
8.6 442
8.6 440
8.6 442
8.6 438
8.6 438
8.6 441
8.6 438
8.6 439
8.5 438
8.5 438
8.5 436
8.5 436
8.5 434
8.5 428
8.4 433
8.5 433
8.4 434
8.4 433
8.5 433
8.4 431
8.4 433
8.4 429
8.4 426
8.5 423
8.5 417
8.6 414
8.6 407
8.6 406
8.6 402
8.6 398
8.6 393
8.6 392
8.6 387
8.7 383
8.7 382
8.7 377
8.7 370
8.7 370
8.7 368
8.7 368
8.6 368
8.8 366
8.7 363
8.7 362
8.6 364
8.7 363
8.7 366
8.7 363
8.7 362
8.7 363
8.7 363
8.7 361
8.7 355
8.7 350
8.7 346
8.7 348
8.7 348
8.7 345
8.7 351
8.7 350
8.8 342
8.8 339
8.7 336
8.7 334
8.8 332
8.7 331
8.7 331
8.7 329
8.7 327
8.7 328
8.7 329
8.7 329
8.7 330
8.7 330
8.7 326
8.7 324
8.7 322
8.8 320
8.8 321
8.8 321
8.8 328
8.8 325
8.7 325
8.7 323
8.8 325
8.8 329
8.7 335
8.7 331
8.7 327
8.7 330
8.6 335
8.6 342
8.6 352
8.7 351
8.6 361
8.5 364
8.5 370
8.5 374
8.3 376
8.2 384
8.2 387
8.0 390
8.1 392
8.0 395
7.9 399
8.0 397
8.2 397
8.2 398
8.2 397
8.2 400
8.1 399
8.2 400
8.2 399
8.3 398
8.2 397
8.2 400
8.4 398
8.4 392
8.5 386
8.6 381
8.6 381
8.6 383
8.6 381
8.6 379
8.6 382
8.6 383
8.5 387
8.4 392
8.4 397
8.4 396
8.4 398
8.4 398
8.4 401
8.4 402
8.4 404
8.3 405
8.4 405
8.2 410
8.1 413
8.0 415
8.1 415
8.2 413
8.3 411
8.2 411
8.2 414
8.1 417
8.1 417
8.1 415
8.1 416
7.9 420
7.9 420
8.1 418
8.0 419
7.9 421
8.0 416
8.2 417
8.2 415
8.3 415
8.2 418
8.0 420
8.0 424
8.0 424
8.0 422
8.1 422