8.0 607
8.0 607
8.0 607
7.9 607
7.9 607
7.9 607
7.9 607
7.9 608
7.9 608
7.9 608
7.9 608
7.9 608
7.8 608
7.8 608
7.8 608
7.8 608
7.8 608
7.8 608
7.8 608
7.8 608
7.8 608
7.8 608
7.8 608
7.8 604
7.8 605
7.8 606
7.8 604
7.8 603
7.8 603
7.8 603
7.8 604
7.8 604
7.8 604
7.8 604
7.8 603
7.8 603
7.8 604
7.8 604
7.8 604
7.8 604
7.8 604
7.8 605
7.8 604
7.8 604
7.8 605
7.8 605
7.8 605
7.8 605
7.8 604
7.8 606
7.8 603
7.8 604
7.8 604
7.9 605
7.8 605
7.8 604
7.8 605
7.9 604
7.9 605
7.9 603
7.9 604
7.9 603
8.0 613
8.0 609
8.0 606
8.0 606
8.0 605
8.0 605
8.0 605
8.0 606
8.0 606
8.0 606
8.0 606
8.0 606
8.0 605
8.0 606
8.0 606
8.0 605
8.0 606
8.0 606
8.0 607
8.0 607
8.0 607
8.0 607
8.0 607
8.0 607
8.0 607
8.0 607
8.0 607
8.0 607
8.0 607
8.0 608
8.0 608
8.0 608
8.0 608
7.9 608
7.9 608
7.9 608
7.9 608
7.9 608
7.9 608
7.9 608
7.9 608
7.9 608
7.9 608
7.9 608
7.9 608
7.9 608
7.8 609
7.8 609
7.8 609
7.8 608
7.8 608
7.8 608
7.8 609
7.8 609
7.8 609
7.8 609
7.8 609
7.8 607
7.8 607
7.8 607
7.8 607
7.8 607
7.8 607
7.8 607
7.8 607
7.8 607
7.8 606
7.8 607
7.8 606
7.8 606
7.8 607
7.8 607
7.8 607
7.8 607
7.8 607
7.8 607
7.8 607
7.8 608
7.8 608
7.8 608
7.8 609
7.8 608
7.8 608
7.8 609
7.8 609
7.9 609
7.9 609
7.9 609
7.9 609
7.9 609
7.9 607
7.9 608
7.9 608
7.9 608
7.9 607
7.9 609
7.9 607
7.9 607
7.9 606
7.9 607
8.0 607
8.0 608
7.9 607
8.0 608
8.0 607
8.0 608
8.0 606
8.0 607
8.0 607
8.0 608
8.0 606
8.0 608
8.0 607
8.0 610
8.0 610
8.0 610
8.0 610
8.0 610
8.0 610
8.0 610
8.0 610
8.0 610
8.0 610
8.0 610
8.0 610
8.0 610
8.0 610
8.0 610
8.0 610
8.0 610
8.0 610
8.0 611
8.0 611
7.9 611
7.9 611
7.9 611
7.9 611
7.9 611
7.9 611
7.9 611
7.9 611
7.9 611
7.9 611
7.8 611
7.8 611
7.8 606
7.8 611
7.8 611
7.8 611
7.8 611
7.8 611
7.8 611
7.8 611
7.8 609
7.8 608
7.8 607
7.8 607
7.8 608
7.8 607
7.8 605
7.8 606
7.8 607
7.8 606
7.8 606
7.8 606
7.8 606
7.8 606
7.8 607
7.8 606
7.8 606
7.8 607
7.8 605
7.8 606
7.8 606
7.8 607
7.8 606
7.8 606
7.8 607
7.8 605
7.8 605
7.8 605
7.9 607
7.8 607
7.8 607
7.9 607
7.9 606
7.9 606
7.9 607
7.9 609
7.9 606
7.9 606
7.9 604
8.0 607
8.0 607
7.9 607
8.0 607
8.0 607
8.0 607
8.0 606
8.0 605
8.0 606
8.0 606
8.0 607
8.0 606
8.0 606
8.0 606
8.0 606
8.0 604
8.0 606
8.1 609
8.1 610
8.1 610
8.1 610
8.1 610
8.0 610
8.0 610
8.1 610
8.0 610
8.0 610
8.0 610
8.0 610
8.0 610
8.0 610
8.0 610
8.0 610
8.0 611
8.0 611
8.0 611
8.0 611
8.0 611
8.0 611
8.0 611
7.9 611
7.9 612
7.9 612
7.9 612
7.9 612
7.9 612
7.9 612
7.9 612
7.9 614
7.9 612
7.8 612
7.8 612
7.8 612
7.8 612
7.8 612
7.8 612
7.8 612
7.8 608
7.8 608
7.8 608
7.8 609
7.8 608
7.8 609
7.8 609
7.8 608
7.8 609
7.8 609
7.8 608
7.8 608
7.8 610
7.8 606
7.8 608
7.8 608
7.8 609
7.8 610
7.8 609
7.8 609
7.8 609
7.8 610
7.8 610
7.8 608
7.8 609
7.8 610
7.8 609
7.8 609
7.8 610
7.8 609
7.8 607
7.8 609
7.9 606
7.9 606
7.9 607
7.9 607
7.9 607
7.9 608
7.9 608
7.9 607
8.0 610
8.0 612
8.0 607
8.0 606
8.0 607
8.0 608
8.0 608
8.0 607
8.0 607
8.0 608
8.0 608
8.0 608
8.0 608
8.0 608
8.0 608
8.0 608
8.0 608
8.0 609
8.0 608
8.0 608
8.0 607
8.0 607
8.0 608
8.0 608
8.0 608
8.0 608
7.9 608
7.9 608
7.9 608
7.9 608
7.9 608
7.9 608
7.9 608
7.9 607
7.9 605
7.9 604
7.9 605
7.8 607
7.8 607
7.8 607
7.8 608
7.8 608
7.8 607
7.8 606
7.8 607
7.8 607
7.8 608
7.8 608
7.8 608
7.8 608
7.8 607
7.8 607
7.8 607
7.8 607
7.8 605
7.8 601
7.8 599
7.8 601
7.8 603
7.8 603
7.8 603
7.8 603
7.8 604
7.8 604
7.8 604
7.8 604
7.7 604
7.7 603
7.7 603
7.7 602
7.8 603
7.8 603
7.8 602
7.8 603
7.8 603
7.8 604
7.8 604
7.8 604
7.8 604
7.8 604
7.8 604
7.8 604
7.8 604
7.8 605
7.8 606
7.9 605
7.9 606
7.9 606
7.9 606
7.9 606
8.0 606
8.0 605
8.0 605
8.0 604
8.0 603
8.0 604
8.0 604
8.0 604
8.0 604
8.0 604
8.0 604
8.0 605
8.0 604
8.0 604
7.9 603
7.9 604
7.9 604
7.9 604
7.9 604
7.9 603
7.9 603
7.9 603
7.9 604
7.9 604
7.9 603
7.9 603
7.9 603
7.9 603
7.8 602
7.8 602
7.8 602
7.8 601
7.8 601
7.8 601
7.8 600
7.8 600
7.8 599
7.8 599
7.8 598
7.8 598
7.8 597
7.8 597
7.8 596
7.8 595
7.8 595
7.8 594
7.8 594
7.7 593
7.7 593
7.7 592
7.7 592
7.7 591
7.7 591
7.7 591
7.7 591
7.7 590
7.7 590
7.7 589
7.7 589
7.7 589
7.7 589
7.7 589
7.7 588
7.7 588
7.7 588
7.7 588
7.7 588
7.7 588
7.7 588
7.7 587
7.7 588
7.7 587
7.7 587
7.7 588
7.7 587
7.7 588
7.7 590
7.8 590
7.8 589
7.8 589
7.8 589
7.8 590
7.8 589
7.8 590
7.8 591
7.8 591
7.8 591
7.8 591
7.8 591
7.8 592
7.8 592
7.8 592
7.9 592
7.9 592
7.9 593
7.9 593
7.9 593
7.9 594
7.9 594
7.9 594
7.9 595
7.9 595
8.0 595
8.0 596
8.0 596
8.0 596
8.0 596
8.0 596
8.0 597
8.0 597
8.0 598
8.0 597
8.0 597
8.0 597
8.0 598
8.0 597
8.0 598
8.0 598
8.0 599
8.0 600
8.0 600
8.0 600
8.0 600
8.0 601
8.0 601
7.9 601
7.9 601
7.9 602
7.9 602
7.9 602
7.9 601
7.9 602
7.9 602
7.9 602
7.9 602
7.9 602
7.9 603
7.8 603
7.8 603
7.8 603
7.8 603
7.8 602
7.8 602
7.8 603
7.8 602
7.8 602
7.8 602
7.8 602
7.8 602
7.8 602
7.8 602
7.8 602
7.8 602
7.8 602
7.8 602
7.8 602
7.8 602
7.8 602
7.8 601
7.8 601
7.8 601
7.8 601
7.8 601
7.8 601
7.8 601
7.8 600
7.8 600
7.8 601
7.8 601
7.8 601
7.8 601
7.8 601
7.8 601
7.8 601
7.8 602
7.8 602
7.8 601
7.8 602
7.8 602
7.8 602
7.8 592
7.8 600
7.8 603
7.8 603
7.8 604
7.8 604
7.8 604
7.9 604
7.9 605
7.9 605
7.9 605
7.9 605
7.9 603
7.9 606
7.9 605
7.9 605
8.0 605
8.0 605
8.0 605
7.9 605
8.0 605
8.0 605
8.0 605
8.0 604
8.0 605
8.0 604
8.0 604
8.0 604
8.0 604
8.0 604
8.0 605
8.0 604
8.0 604
8.0 605
8.0 606
8.0 606
8.0 606
8.0 606
8.0 606
8.0 606
8.0 606
8.0 606
8.0 606
8.0 607
8.0 607
8.0 607
8.0 607
7.9 607
7.9 607
7.9 607
7.9 607
7.9 607
7.9 607
7.9 607
7.9 607
7.9 607
7.9 607
7.8 607
7.8 607
7.8 607
7.8 607
7.8 607
7.8 607
7.8 607
7.8 606
7.8 606
7.8 606
7.8 606
7.8 606
7.8 606
7.8 606
7.8 606
7.8 606
7.8 605
7.8 604
7.8 603
7.8 603
7.8 604
7.8 603
7.8 604
7.8 604
7.8 603
7.8 603
7.8 603
7.8 602
7.8 603
7.8 604
7.8 604
7.8 603
7.8 604
7.8 605
7.8 606
7.8 604
7.8 605
7.8 606
7.8 607
7.8 605
7.8 605
7.8 605
7.8 606
7.8 606
7.8 606
7.8 606
7.8 606
7.9 606
7.9 607
7.9 607
7.9 609
7.9 607
7.9 609
7.9 607
7.9 607
7.9 608
7.9 607
8.0 607
8.0 607
8.0 606
8.0 605
8.0 606
8.0 607
8.0 607
8.0 607
8.0 606
8.0 606
8.0 606
8.0 606
8.0 606
8.0 605
8.0 606
8.0 605
8.0 608
8.0 607
8.0 608
8.0 608
8.0 608
8.0 608
8.0 608
8.0 608
8.0 608
8.0 608
8.0 608
8.0 608
8.0 608
7.9 608
7.9 608
7.9 608
7.9 608
7.9 608
7.9 608
7.9 608
7.9 608
7.8 608
7.8 608
7.8 608
7.8 608
7.8 608
7.8 607
7.8 607
7.8 607
7.8 607
7.8 607
7.8 607
7.8 607
7.8 606
7.8 607
7.8 606
7.8 606
7.8 606
7.8 606
7.8 606
7.8 604
7.8 604
7.8 604
7.8 605
7.8 605
7.8 605
7.8 604
7.8 605
7.8 605
7.8 606
7.8 606
7.8 605
7.8 605
7.8 606
7.8 605
7.8 607
7.8 607
7.8 605
7.8 607
7.8 606
7.8 607
7.8 608
7.8 609
7.8 609
7.8 608
7.8 609
7.8 608
7.8 610
7.8 609
7.9 609
7.8 609
7.9 611
7.9 612
7.9 609
7.9 610
7.9 611
7.9 610
7.9 610
7.9 610
7.9 609
7.9 610
7.9 609
8.0 609
8.0 609
8.0 609
8.0 609
8.0 608
8.0 608
8.0 609
8.0 609
8.0 609
8.0 608
8.0 609
8.0 608
8.0 608
8.0 608
8.0 611
8.0 611
8.0 611
8.0 611
8.0 611
8.0 611
8.0 611
8.0 611
8.0 612
8.0 612
8.0 612
8.0 612
8.0 612
8.0 612
8.0 612
7.9 612
7.9 612
7.9 612
7.9 612
7.9 613
7.9 613
7.9 613
7.9 613
7.9 613
7.9 613
7.8 613
7.8 613
7.8 613
7.8 613
7.8 613
7.8 613
7.8 613
7.8 613
7.8 613
7.8 613
7.8 613
7.8 613
7.8 613
7.8 613
7.8 613
7.8 612
7.8 611
7.8 612
7.8 611
7.8 610
7.8 610
7.8 610
7.8 610
7.8 610
7.8 609
7.8 610
7.8 610
7.8 611
7.8 610
7.8 610
7.8 610
7.8 611
7.8 610
7.8 611
7.8 612
7.8 612
7.8 613
7.8 612
7.8 613
7.8 613
7.8 613
7.8 613
7.8 614
7.8 616
7.8 613
7.8 614
7.8 615
7.8 613
7.8 615
7.8 613
7.8 612
7.9 614
7.8 614
7.9 615
7.9 614
7.9 614
7.9 613
7.9 614
7.9 615
7.9 614
7.9 614
7.9 613
7.9 612
7.9 613
7.9 613
8.0 613
8.0 613
8.0 612
8.0 612
8.0 612
8.0 612
8.0 615
8.0 615
8.0 615
8.0 615
8.0 615
8.0 615
8.0 615
8.0 615
8.0 615
8.0 615
8.0 613
8.0 615
8.0 615
7.9 616
8.0 616
8.0 616
7.9 616
7.9 616
7.9 616
7.9 616
7.9 616
7.9 616
7.9 616
7.9 616
7.9 618
7.9 617
7.9 616
7.9 616
7.9 616
7.8 616
7.8 617
7.8 616
7.8 617
7.8 617
7.8 616
7.8 616
7.8 616
7.8 616
7.8 616
7.8 616
7.8 614
7.8 614
7.8 613
7.8 614
7.8 614
7.8 614
7.8 614
7.8 613
7.8 614
7.8 614
7.8 613
7.8 613
7.8 613
7.8 613
7.8 614
7.8 615
7.8 614
7.8 614
7.8 614
7.8 615
7.8 615
7.8 615
7.8 616
7.8 616
7.8 616
7.8 616
7.8 615
7.8 616
7.8 617
7.8 617
7.8 618
7.8 617
7.8 617
7.8 618
7.9 620
7.9 617
7.9 618
7.8 617
7.9 618
7.9 617
7.9 617
7.9 617
7.9 617
7.9 617
7.9 617
7.9 617
7.9 616
7.9 616
8.0 616
7.9 615
8.0 616
8.0 615
8.0 615
8.0 616
8.0 615
8.0 615
8.0 617
8.0 617
8.0 617
8.0 617
8.0 617
8.0 617
8.0 617
8.0 617
8.0 617
8.0 617
8.0 617
8.0 618
8.0 618
8.0 618
8.0 618
8.0 618
8.0 618
8.0 618
8.0 618
8.0 618
8.0 618
7.9 618
7.9 619
7.9 619
7.9 619
7.9 619
7.9 619
7.9 619
7.9 619
7.9 619
7.9 619
7.9 619
7.9 619
7.9 619
7.9 619
7.9 619
7.8 619
7.8 619
7.8 620
7.8 619
7.8 617
7.8 617
7.8 617
7.8 617
7.8 616
7.8 616
7.8 616
7.8 616
7.9 616
7.9 615
7.9 615
7.8 615
7.8 616
7.8 616
7.8 616
7.8 615
7.8 617
7.8 616
7.8 617
7.8 617
7.8 617
7.8 618
7.8 618
7.8 618
7.8 618
7.8 618
7.9 619
7.8 618
7.8 618
7.8 618
7.9 619
7.9 619
7.9 619
7.9 621
7.9 618
7.9 619
7.9 618
7.9 619
8.0 618
8.0 618
8.0 618
8.0 617
8.0 619
8.0 617
8.0 617
8.0 618
8.0 617
8.0 617
8.0 617
8.0 616
8.0 615
8.0 616
8.0 616
8.0 616
8.0 616
8.0 616
8.0 619
8.0 619
8.0 618
8.0 618
8.0 618
8.0 618
8.0 618
8.0 618
8.0 618
8.0 618
8.0 618
8.0 618
8.0 618
8.0 618
8.0 618
8.0 618
8.0 618
8.0 618
8.0 618
8.0 618
8.0 619
8.0 619
8.0 619
8.0 619
8.0 619
7.9 619
7.9 619
8.0 619
7.9 619
7.9 619
7.9 619
7.9 619
7.9 619
7.9 619
7.9 619
7.9 619
7.9 620
7.9 619
7.9 620
7.9 620
7.8 618
7.8 618
7.8 617
7.8 619
7.8 618
7.8 618
7.8 617
7.8 617
7.9 616
7.9 617
7.9 616
7.9 617
7.9 615
7.9 617
7.9 617
7.9 618
7.9 618
7.9 618
7.9 621
7.8 618
7.8 619
7.8 620
7.8 621
7.9 621
7.9 622
7.9 623
7.9 622
7.9 623
7.9 622
7.9 622
7.9 624
7.9 623
7.9 623
7.9 622
7.9 622
7.9 623
7.9 622
7.9 622
7.9 622
7.9 621
7.9 621
7.9 621
7.9 620
7.9 620
8.0 620
8.0 620
7.9 619
8.0 619
8.0 618
8.0 618
8.0 618
8.0 617
8.0 617
8.0 618
8.0 618
8.0 617
8.0 620
8.0 620
8.0 620
8.0 620
8.0 620
8.0 620
8.0 620
8.0 620
8.0 619
8.0 620
8.0 620
8.0 619
8.0 620
8.0 620
8.0 620
8.0 620
8.0 620
8.0 620
8.0 620
8.0 620
8.0 620
8.0 620
8.0 620
8.0 620
8.0 620
8.0 620
8.0 620
7.9 620
7.9 620
7.9 620
7.9 621
7.9 620
7.9 620
7.9 621
7.9 620
7.9 620
7.9 620
7.9 620
7.9 620
7.9 620
7.8 619
7.8 618
7.8 619
7.8 618
7.8 618
7.9 618
7.9 618
7.8 617
7.8 619
7.9 617
7.9 617
7.8 616
7.8 615
7.8 617
7.8 618
7.8 617
7.9 619
7.8 619
7.8 618
7.8 617
7.8 620
7.9 619
7.9 621
7.9 620
7.9 621
7.9 621
7.9 622
7.9 622
7.9 622
7.9 623
7.9 621
7.9 623
7.9 622
7.9 623
7.9 623
7.9 622
7.9 622
7.9 622
7.9 622
7.9 621
7.9 621
7.9 620
7.9 620
7.9 619
7.9 620
7.9 619
7.9 619
7.9 619
7.9 619
7.9 619
7.9 618
8.0 617
8.0 617
7.9 618
8.0 617
8.0 617
8.0 619
8.0 619
8.0 620
8.0 619
8.0 620
8.0 620
8.0 620
8.0 620
8.0 620
8.0 620
8.0 620
8.0 620
8.0 620
8.0 620
8.0 620
8.0 620
8.0 620
8.0 620
8.0 620
8.0 620
8.0 620
8.0 621
8.0 620
8.0 620
8.0 620
8.0 621
7.9 620
7.9 620
7.9 621
7.9 620
7.9 621
7.9 620
7.9 620
7.9 620
7.9 621
7.9 621
7.9 621
7.9 621
7.9 621
7.9 621
7.8 619
7.8 619
7.8 618
7.8 618
7.8 617
7.8 618
7.8 619
7.8 617
7.8 617
7.8 616
7.8 616
7.8 617
7.8 617
7.8 617
7.8 616
7.8 618
7.8 618
7.8 619
7.8 619
7.8 619
7.8 619
7.8 620
7.8 621
7.8 620
7.8 622
7.9 621
7.8 622
7.9 622
7.9 620
7.9 623
7.9 623
7.9 622
7.9 622
7.9 622
7.9 623
7.9 622
7.9 623
7.9 623
7.9 622
7.9 621
7.9 621
7.9 621
7.9 620
7.9 620
7.9 620
7.9 618
7.9 619
7.9 619
7.9 619
7.9 619
7.9 618
7.9 617
7.9 618
7.9 617
7.9 617
7.9 617
8.0 620
7.9 620
8.0 620
8.0 619
8.0 619
7.9 620
7.9 620
7.9 620
8.0 620
7.9 619
7.9 620
7.9 620
7.9 620
7.9 620
7.9 620
7.9 620
7.9 620
7.9 620
7.9 620
7.9 620
7.9 620
7.9 620
7.9 620
7.9 620
7.9 620
7.9 620
7.9 620
7.9 620
7.9 620
7.9 620
7.9 620
7.9 620
7.9 620
7.9 620
7.9 620
7.9 620
7.9 620
7.9 620
7.9 620
7.8 620
7.8 618
7.8 617
7.8 620
7.8 618
7.8 617
7.8 617
7.8 617
7.8 616
7.8 617
7.8 617
7.8 616
7.8 616
7.8 616
7.8 617
7.8 618
7.8 618
7.8 618
7.8 620
7.8 620
7.8 618
7.8 619
7.8 620
7.8 620
7.8 620
7.8 615
7.8 621
7.8 620
7.8 621
7.8 621
7.8 621
7.8 621
7.8 621
7.9 622
7.8 622
7.9 620
7.9 621
7.9 620
7.9 621
7.9 620
7.9 620
7.9 620
7.9 619
7.9 620
7.9 618
7.9 619
7.9 619
7.9 618
7.9 618
7.9 619
7.9 619
7.9 618
7.9 617
7.9 617
7.9 618
7.9 618
7.9 617
8.0 620
7.9 620
7.9 620
7.9 620
7.9 620
7.9 620
7.9 620
7.9 620
7.9 620
7.9 620
7.9 620
7.9 620
7.9 620
7.9 620
7.9 620
7.9 620
7.9 620
7.9 620
7.9 620
7.9 620
7.9 620
7.9 620
7.9 620
7.9 620
7.9 621
7.9 620
7.9 620
7.9 621
7.9 621
7.9 621
7.9 621
7.9 621
7.9 621
7.9 621
7.9 621
7.9 621
7.9 621
7.9 621
7.8 621
7.8 621
7.8 619
7.8 619
7.8 619
7.8 619
7.8 619
7.8 619
7.8 620
7.8 618
7.8 618
7.8 618
7.8 618
7.8 618
7.8 619
7.8 619
7.8 620
7.8 619
7.8 619
7.8 618
7.8 619
7.8 618
7.8 619
7.8 619
7.8 619
7.8 619
7.9 620
7.8 619
7.8 620
7.9 620
7.9 621
7.9 621
7.9 621
7.9 621
7.9 621
7.9 621
7.9 622
7.9 620
7.9 621
7.9 621
7.9 621
7.9 621
7.9 621
7.9 621
7.9 620
7.9 620
7.9 620
7.9 620
7.9 620
7.9 620
7.9 620
7.9 620
7.9 619
7.9 618
7.9 619
7.9 619
7.9 619
7.9 619
8.0 621
8.0 621
8.0 621
8.0 621
8.0 620
8.0 620
8.0 620
8.0 620
8.0 621
8.0 620
8.0 620
8.0 620
8.0 620
8.0 620
8.0 620
8.0 620
8.0 620
8.0 620
8.0 620
8.0 620
8.0 620
8.0 620
8.0 620
8.0 620
8.0 621
8.0 621
8.0 621
7.9 621
7.9 621
7.9 621
7.9 621
7.9 621
7.9 621
7.9 621
7.9 621
7.9 621
7.9 621
7.9 621
7.9 622
7.9 622
7.9 619
7.8 619
7.8 619
7.8 619
7.8 621
7.8 619
7.8 617
7.8 618
7.8 619
7.8 619
7.8 618
7.8 618
7.8 619
7.8 619
7.8 619
7.8 619
7.8 619
7.8 619
7.8 620
7.8 620
7.8 619
7.8 621
7.8 620
7.8 621
7.8 621
7.8 621
7.8 623
7.8 622
7.8 623
7.8 622
7.9 623
7.9 624
7.9 625
7.9 623
7.9 623
7.9 622
7.9 622
7.9 623
7.9 622
7.9 622
7.9 621
7.9 622
7.9 622
7.9 621
7.9 621
7.9 621
7.9 620
7.9 620
7.9 620
7.9 620
7.9 620
7.9 619
7.9 619
7.9 620
7.9 619
7.9 619
8.0 621
8.0 621
8.0 621
8.0 621
8.0 621
8.0 621
8.0 621
8.0 621
8.0 621
8.0 621
8.0 621
8.0 621
8.0 621
8.0 621
8.0 621
8.0 621
8.0 621
8.0 621
8.0 622
8.0 622
8.0 621
8.0 621
8.0 621
8.0 621
8.0 621
8.0 621
8.0 621
7.9 621
7.9 622
7.9 622
7.9 622
7.9 622
7.9 622
7.9 622
7.9 622
7.9 622
7.9 622
7.9 622
7.9 622
7.9 622
7.9 620
7.9 619
7.8 619
7.8 620
7.8 621
7.8 620
7.8 620
7.8 619
7.8 620
7.8 619
7.8 618
7.8 619
7.8 619
7.8 620
7.8 621
7.8 619
7.8 622
7.8 621
7.8 620
7.8 620
7.8 621
7.8 621
7.8 622
7.8 622
7.8 623
7.8 623
7.8 623
7.8 623
7.8 624
7.8 624
7.8 625
7.8 624
7.8 624
7.8 623
7.8 624
7.8 623
7.9 622
7.9 623
7.9 625
7.9 623
7.9 622
7.9 622
7.9 623
7.9 622
7.9 622
7.9 621
7.9 622
7.9 622
7.9 622
7.9 622
7.9 622
7.9 621
7.9 622
7.9 623
7.9 622
7.9 621
8.0 623
7.9 623
7.9 623
7.9 623
7.9 623
7.9 623
7.9 623
7.9 622
7.9 623
8.0 622
8.0 622
8.0 622
8.0 622
8.0 622
8.0 622
8.0 623
7.9 623
8.0 623
7.9 623
8.0 623
8.0 623
7.9 623
7.9 624
7.9 624
7.9 623
7.9 623
7.9 623
7.9 623
7.9 623
7.9 623
7.9 623
7.9 623
7.9 624
7.9 623
7.9 624
7.9 623
7.9 624
7.9 624
7.9 624
7.9 624
7.9 622
7.9 620
7.9 621
7.9 620
7.9 620
7.9 621
7.9 620
7.8 620
7.8 617
7.8 620
7.8 619
7.8 621
7.8 622
7.8 623
7.8 622
7.8 622
7.8 622
7.8 623
7.8 622
7.8 622
7.8 623
7.8 623
7.8 622
7.8 621
7.8 620
7.8 622
7.8 624
7.8 624
7.8 623
7.8 623
7.8 624
7.8 624
7.8 624
7.8 624
7.8 623
7.8 624
7.8 624
7.8 624
7.9 624
7.9 624
7.9 624
7.9 624
7.9 626
7.9 624
7.9 626
7.9 625
7.9 624
7.9 623
7.9 623
7.9 624
7.9 623
7.9 623
7.9 621
7.9 622
7.9 623
7.9 624
7.9 627
7.9 626
7.8 626
7.9 626
7.8 627
7.8 626
7.9 625
7.9 625
7.9 625
7.9 625
7.9 626
7.9 625
7.9 626
7.9 625
7.9 626
7.9 626
7.9 625
7.9 626
7.9 625
7.9 625
7.9 625
7.9 626
7.9 626
7.9 625
7.9 625
7.9 625
7.9 625
7.9 625
7.9 625
7.9 625
7.9 625
7.9 624
7.9 625
7.9 624
7.9 624
7.9 624
7.9 624
7.9 624
7.9 624
7.9 624
7.9 620
7.9 614
7.8 607
7.9 606
7.9 606
7.9 595
7.9 605
7.9 609
7.9 614
7.9 618
8.0 620
8.0 622
7.9 623
7.9 623
7.9 624
7.9 623
7.9 624
7.8 629
7.8 627
7.8 628
7.8 628
7.8 630
7.8 629
7.8 629
7.9 630
7.9 630
7.8 630
8.0 629
8.0 629
7.9 628
7.9 629
7.9 628
7.9 628
7.9 627
7.9 627
8.0 627
7.9 627
7.9 627
7.9 626
7.9 626
8.0 625
7.9 627
7.9 626
7.9 626
7.9 625
7.9 626
7.9 625
7.9 625
7.9 624
7.9 624
7.9 625
7.9 625
7.9 627
7.9 628
7.9 628
7.9 628
7.9 629
7.9 629
7.9 629
7.9 629
7.9 629
7.9 628
7.9 629
7.9 628
7.9 628
7.9 629
7.9 628
7.9 629
7.9 628
7.9 628
7.9 628
7.9 628
7.9 628
7.9 628
7.9 628
7.9 628
7.9 628
7.9 628
7.9 628
7.9 627
7.9 627
7.9 627
7.9 627
7.9 626
7.9 626
7.9 626
7.9 626
7.9 625
7.9 626
7.9 626
7.9 626
7.9 626
7.9 623
7.9 622
7.9 622
7.9 621
7.9 621
7.9 619
7.9 618
7.9 615
7.9 616
7.9 620
8.0 621
8.0 624
8.0 624
7.9 626
7.9 626
7.9 627
7.9 627
7.8 624
7.8 623
7.8 624
7.8 623
7.8 623
7.8 625
7.8 624
7.8 624
7.8 625
7.8 626
7.8 624
7.8 626
7.8 626
7.8 625
7.8 625
7.8 626
7.8 626
7.8 626
7.8 624
7.8 625
7.9 625
7.9 626
7.9 626
7.9 624
7.9 624
7.9 625
7.9 625
7.9 625
7.9 624
7.9 624
7.9 624
7.9 624
7.9 624
7.9 624
7.9 623
7.9 623
7.9 622
7.9 624
7.9 623
7.9 626
7.9 626
7.9 626
7.9 626
7.9 626
7.9 626
7.9 626
7.9 626
7.9 627
7.9 627
7.9 627
7.9 626
7.9 627
7.9 626
7.9 626
7.9 627
7.9 627
7.9 627
7.9 627
7.9 627
7.9 627
7.9 627
7.9 627
7.9 627
7.9 626
7.9 627
7.9 627
7.9 627
7.9 626
7.9 626
7.9 627
7.9 627
7.9 626
7.9 626
7.9 626
7.9 626
7.9 627
7.9 627
7.9 627
7.9 627
7.8 622
7.8 623
7.8 624
7.8 624
7.8 624
7.8 624
7.8 624
7.8 624
7.8 624
7.8 624
7.8 623
7.8 622
7.8 623
7.8 623
7.8 625
7.8 625
7.8 623
7.8 623
7.8 624
7.8 624
7.8 624
7.8 626
7.8 624
7.8 626
7.8 626
7.8 625
7.8 627
7.8 627
7.8 626
7.8 626
7.8 627
7.8 627
7.8 627
7.8 627
7.8 626
7.8 628
7.8 626
7.8 626
7.8 626
7.9 626
7.9 627
7.9 627
7.9 626
7.9 626
7.9 625
7.9 625
7.9 626
7.9 625
7.9 624
7.9 625
7.9 624
7.9 624
7.9 623
7.9 624
7.9 625
7.9 625
7.9 627
7.9 627
7.9 627
7.9 626
7.9 627
7.9 627
7.9 627
7.9 628
7.9 628
7.9 628
7.9 628
7.9 628
7.9 628
7.9 628
7.9 628
7.9 628
7.9 628
7.9 628
7.9 628
7.9 628
7.9 628
7.9 623
7.9 608
7.9 600
7.9 509
7.9 451
7.9 439
7.9 499
7.9 462
7.9 466
7.9 573
7.9 614
7.9 624
7.9 628
7.9 628
7.9 628
7.9 628
7.9 628
7.9 628
7.9 627
7.8 626
7.8 623
7.8 617
7.8 621
7.8 619
7.8 620
7.8 621
7.8 622
7.8 623
7.8 624
7.8 623
7.8 623
7.8 624
7.8 624
7.8 625
7.8 625
7.8 625
7.8 625
7.8 626
7.8 625
7.8 626
7.8 626
7.8 627
7.8 627
7.8 627
7.8 627
7.8 628
7.8 628
7.8 628
7.8 628
7.8 627
7.8 628
7.8 627
7.8 627
7.8 627
7.8 626
7.8 627
7.8 620
7.8 624
7.9 622
7.8 622
7.9 620
7.9 620
7.9 620
7.9 618
7.9 621
7.9 617
7.9 619
7.9 618
7.9 617
7.9 615
7.9 618
7.9 615
7.9 616
7.9 618
7.9 618
7.9 622
7.9 622
7.9 623
7.9 622
7.9 623
7.9 627
7.9 627
7.9 628
7.9 628
7.9 628
7.9 628
7.9 627
7.9 628
7.9 628
7.9 628
7.9 628
7.9 629
7.9 628
7.9 628
7.9 628
7.9 628
7.9 629
7.9 628
7.9 628
7.9 628
7.9 628
7.9 628
7.9 628
7.9 627
7.9 628
7.9 627
7.9 628
7.9 627
7.9 627
7.9 623
7.9 621
7.9 622
7.9 621
7.9 624
7.9 625
7.9 621
7.9 605
7.9 594
7.9 564
7.9 556
7.9 530
7.9 566
7.9 575
7.9 597
7.9 609
8.0 618
7.9 618
7.8 621
7.8 623
7.8 624
7.8 624
7.8 623
7.8 624
7.8 625
7.8 625
7.8 626
7.8 626
7.8 624
7.8 627
7.8 625
7.8 624
7.9 624
7.9 623
7.9 625
7.8 623
7.9 621
7.9 620
7.8 614
7.8 620
7.9 617
7.9 614
8.0 623
7.9 619
7.8 608
7.8 606
7.9 618
7.9 623
7.8 623
7.9 618
7.9 615
7.9 622
7.9 615
7.9 616
7.9 616
7.9 616
7.9 616
7.9 612
7.9 615
7.9 614
7.9 619
7.9 621
7.8 622
7.8 624
7.8 623
7.8 623
7.9 624
7.9 622
7.9 623
7.9 628
7.9 629
7.9 629
7.9 628
7.9 628
7.9 628
7.9 628
7.9 628
7.9 629
7.9 629
7.9 629
7.9 629
7.9 629
7.9 629
7.9 629
7.9 628
7.9 627
7.9 627
7.9 629
7.9 628
7.9 628
7.9 628
7.9 627
7.9 627
7.9 625
7.9 619
7.9 625
7.9 625
7.9 623
7.9 623
7.9 626
7.9 627
7.9 626
7.8 623
7.9 610
7.8 575
7.9 506
7.9 483
7.9 473
7.8 550
7.8 583
7.8 596
7.8 610
7.9 618
7.9 622
7.8 624
7.8 624
7.8 624
7.8 624
7.8 625
7.8 625
7.8 626
7.8 624
7.8 625
7.9 623
7.9 622
7.9 625
7.9 624
7.9 623
7.9 621
7.9 615
8.0 617
7.9 619
7.9 621
8.0 620
8.0 613
7.9 604
7.9 591
7.9 600
7.9 592
7.9 602
7.9 595
8.0 599
7.9 619
7.9 600
7.9 605
8.0 607
8.0 605
8.0 601
8.0 606
8.0 596
7.9 602
7.9 613
7.9 613
7.9 604
7.9 616
7.9 612
7.9 616
7.9 614
7.9 620
7.9 622
7.9 622
7.9 624
7.9 623
7.9 623
7.9 625
7.9 625
7.9 621
7.9 619
7.9 610
7.9 623
7.9 624
7.9 626
7.9 629
7.9 628
7.9 628
7.9 626
7.9 626
7.9 625
7.9 629
7.9 629
7.9 629
7.9 621
7.9 623
7.9 628
7.9 628
7.9 628
7.9 627
7.9 629
7.9 628
7.9 628
7.9 622
7.9 622
7.9 628
7.9 628
7.9 627
7.9 628
7.9 626
7.9 599
7.8 586
7.9 588
7.8 585
7.8 588
7.8 589
7.8 543
7.8 570
7.8 588
7.8 606
7.8 596
7.9 617
7.9 618
7.9 621
7.9 621
7.8 622
7.8 623
7.8 624
7.9 623
7.9 626
7.8 626
7.9 625
7.9 625
8.0 619
8.1 624
8.0 623
8.0 623
8.1 623
8.1 622
8.1 616
8.1 616
8.1 611
8.1 601
8.0 597
8.0 601
8.0 598
8.0 598
8.0 579
7.9 590
7.9 591
7.9 594
7.9 589
7.9 578
7.9 550
7.9 560
7.9 565
7.9 569
7.9 564
7.9 482
7.9 473
7.9 521
7.9 504
7.9 552
7.9 580
7.9 584
7.9 594
7.9 610
7.9 610
7.9 616
7.9 622
7.9 621
7.9 621
7.9 621
7.9 612
7.9 600
7.9 619
7.9 617
7.9 621
7.9 625
7.9 626
7.9 625
7.9 627
7.9 625
7.9 625
7.9 625
7.9 624
7.9 625
7.9 616
7.9 627
7.9 624
7.9 626
7.9 626
7.9 622
7.9 623
7.9 623
7.9 622
7.9 599
7.9 599
7.9 582
7.9 579
7.9 586
7.9 580
7.9 575
7.9 592
7.9 579
7.9 563
7.9 575
7.9 563
7.9 562
7.8 586
7.9 592
7.8 588
7.9 590
7.8 588
7.8 602
7.8 606
7.8 605
7.9 615
7.9 617
7.9 617
7.9 620
7.9 621
7.9 620
7.9 617
7.8 617
7.8 619
7.9 616
7.8 618
7.9 612
7.8 603
8.0 608
7.9 607
7.9 610
8.0 594
7.9 602
8.0 605
7.9 613
8.0 595
8.0 567
7.9 556
7.9 547
8.0 515
7.9 499
7.9 472
7.9 508
7.9 512
8.0 477
8.0 456
7.9 446
8.0 482
8.0 443
8.0 432
8.0 439
8.0 449
8.0 471
7.9 486
7.9 497
7.9 504
7.9 485
7.9 469
7.9 562
7.9 545
7.8 581
7.9 586
7.9 595
7.9 594
7.9 597
7.9 605
7.9 606
7.9 615
7.9 619
7.9 619
7.9 611
7.9 607
7.9 620
7.9 620
7.9 622
7.9 623
7.9 622
7.9 624
7.9 626
7.9 623
7.9 622
8.0 616
7.9 611
7.9 600
7.9 590
7.9 616
7.9 599
7.9 591
7.9 606
7.9 607
7.9 610
7.9 614
7.9 596
7.9 603
7.9 575
7.9 562
7.9 545
7.9 496
7.9 495
7.9 554
7.9 517
7.8 576
7.8 547
7.8 436
7.8 499
7.8 424
7.8 435
7.8 437
7.8 428
7.8 455
7.9 424
7.9 446
7.9 474
7.9 508
7.8 589
7.9 595
7.9 591
7.9 603
7.9 609
7.9 603
8.0 610
7.9 611
8.0 606
8.0 611
8.1 601
8.0 603
8.0 592
8.1 600
8.2 601
8.2 602
8.1 594
8.1 591
8.1 574
8.2 578
8.0 583
8.0 586
8.0 568
8.0 558
8.0 558
8.0 564
8.0 555
7.9 528
7.9 478
7.9 541
7.9 523
7.9 478
7.9 427
8.0 431
8.0 443
7.9 424
7.9 441
7.9 445
7.9 466
7.9 467
7.9 448
7.9 517
7.9 510
7.9 456
7.9 431
7.9 491
7.9 537
7.8 556
7.9 551
7.9 583
7.9 610
7.9 616
7.9 615
7.9 627
7.9 632
7.9 628
7.9 627
7.9 628
7.9 626
7.9 628
7.9 632
7.9 632
7.9 631
7.9 631
7.9 630
7.9 630
7.9 630
7.9 630
7.9 630
7.9 630
7.9 630
7.9 630
7.9 630
7.9 630
7.9 631
7.9 631
7.9 630
7.9 631
7.9 631
7.9 630
7.9 605
7.9 514
7.9 129
8.0 93
8.0 124
7.9 130
7.8 439
7.9 488
7.9 509
7.9 449
7.9 448
7.9 430
8.0 432
7.9 437
7.9 480
7.9 483
7.9 450
7.9 441
7.9 474
7.9 432
7.9 428
7.9 429
7.9 509
7.9 495
7.9 491
7.9 434
7.8 507
7.8 513
7.8 496
7.8 504
7.8 492
7.8 478
7.8 484
7.8 510
7.9 471
7.8 472
7.8 398
7.8 452
7.9 450
7.8 240
7.8 423
7.8 462
7.8 435
7.9 495
7.8 496
7.9 516
7.9 427
7.9 441
7.8 444
7.9 495
7.9 561
7.9 593
7.9 615
7.9 623
7.9 616
7.9 599
7.9 599
7.9 610
7.9 619
7.9 621
7.9 616
7.9 603
7.9 587
7.9 596
7.9 597
7.9 580
7.9 579
7.9 600
7.9 606
7.9 606
7.9 615
7.9 619
7.9 621
7.9 608
7.9 600
7.9 593
7.9 604
7.9 581
7.9 486
7.9 518
7.9 446
7.9 489
7.9 257
7.9 430
7.9 592
7.8 597
7.8 580
7.8 564
7.8 595
7.8 487
7.8 480
7.8 492
7.8 490
7.8 443
7.8 495
7.8 479
7.8 278
7.8 500
7.8 424
7.8 436
7.8 539
7.8 579
7.8 564
7.8 580
7.8 567
7.8 514
7.8 579
7.8 589
7.8 592
7.8 577
7.8 584
7.9 575
7.9 555
8.0 547
7.9 463
7.9 561
7.9 503
7.9 459
7.8 437
7.8 427
7.9 443
7.9 438
7.8 453
7.8 522
7.8 453
7.8 454
7.9 487
7.8 471
7.8 513
7.9 622
7.8 630
7.8 623
7.8 508
7.9 515
7.9 500
7.9 438
7.9 440
7.9 467
7.9 425
7.9 425
7.9 476
7.9 523
7.9 576
7.9 581
7.9 557
7.9 544
7.9 563
7.9 538
7.9 564
7.9 585
7.9 598
7.9 591
7.9 602
7.9 595
7.9 598
7.9 617
7.9 620
7.9 624