4.90 19.2
4.89 19.4
4.85 19.6
4.70 19.6
4.43 18.5
4.07 18.8
3.69 18.6
3.27 18.1
2.79 17.5
2.33 17.3
1.80 17.1
1.26 16.8
0.69 16.8
0.10 16.6
-0.53 16.6
-1.19 16.5
-1.80 16.6
-2.35 16.6
-2.80 16.6
-3.18 16.4
-3.53 16.4
-3.82 16.5
-4.07 16.5
-4.29 16.5
-4.49 16.5
-4.62 16.4
-4.64 16.4
-4.52 16.5
-4.30 16.5
-3.90 16.5
-3.42 16.5
-2.95 16.6
-2.45 16.6
-1.94 16.6
-1.48 16.7
-1.05 16.7
-0.63 16.6
-0.20 16.6
0.23 16.6
0.64 16.6
1.01 16.6
1.38 16.4
1.75 16.4
2.07 16.5
2.35 16.5
2.56 16.9
2.72 17.0
2.83 17.1
2.88 17.2
2.91 17.2
2.91 17.3
2.86 17.3
2.73 16.9
2.54 16.7
2.26 16.9
1.91 16.6
1.49 16.7
1.04 16.4
0.55 16.4
0.00 16.5
-0.53 16.6
-1.05 16.5
-1.53 16.4
-1.98 16.3
-2.42 16.4
-2.81 16.6
-3.15 16.6
-3.48 16.4
-3.77 16.6
-4.03 16.7
-4.21 17.0
-4.37 16.7
-4.48 16.6
-4.54 16.6
-4.52 16.7
-4.44 16.6
-4.28 16.5
-4.05 16.6
-3.71 16.6
-3.28 16.6
-2.80 16.6
-2.25 16.6
-1.68 16.6
-1.13 16.6
-0.57 16.5
-0.03 16.6
0.49 16.5
1.02 16.0
1.56 16.1
2.04 16.6
2.49 16.9
2.85 17.3
3.15 17.5
3.42 17.4
3.64 17.5
3.85 17.7
4.02 17.8
4.16 18.4
4.27 18.5
4.35 18.6
4.37 18.6
4.35 18.6
4.24 18.6
4.04 18.3
3.75 18.3
3.39 18.3
3.02 17.8
2.60 17.7
2.13 17.4
1.66 16.9
1.13 17.0
0.55 16.7
-0.05 16.9
-0.66 16.7
-1.28 16.6
-1.85 16.6
-2.36 16.7
-2.78 16.6
-3.15 16.5
-3.50 16.7
-3.79 16.6
-4.00 16.2
-4.15 16.5
-4.23 15.8
-4.27 16.7
-4.22 16.8
-4.09 16.8
-3.86 16.7
-3.56 16.8
-3.20 16.8
-2.78 16.7
-2.34 16.6
-1.91 16.8
-1.50 16.7
-1.14 16.8
-0.76 16.8
-0.37 16.8
0.07 16.9
0.44 16.9
0.79 16.8
1.10 16.8
1.39 16.7
1.69 16.7
1.92 16.8
2.15 16.9
2.31 16.9
2.45 17.0
2.55 17.3
2.63 17.2
2.65 17.4
2.63 17.4
2.57 17.4
2.46 17.4
2.26 17.2
2.00 16.9
1.68 16.9
1.30 16.8
0.86 16.8
0.40 16.7
-0.05 16.6
-0.51 16.9
-0.97 17.0
-1.38 16.9
-1.78 16.9
-2.17 16.7
-2.52 16.3
-2.79 16.7
-3.06 16.8
-3.29 16.9
-3.49 16.7
-3.63 16.7
-3.74 16.0
-3.81 16.8
-3.80 17.0
-3.72 16.6
-3.59 16.6
-3.42 16.8
-3.19 17.0
-2.86 16.9
-2.48 16.9
-2.08 16.6
-1.65 17.1
-1.19 17.0
-0.71 17.0
-0.24 17.1
0.24 17.0
0.72 17.1
1.19 16.9
1.64 16.8
2.06 17.2
2.43 17.3
2.76 17.8
3.04 17.7
3.24 18.4
3.43 18.1
3.60 17.9
3.76 18.3
3.89 18.5
3.99 18.8
4.06 19.0
4.06 18.9
4.02 19.4
3.90 19.5
3.71 18.7
3.44 18.6
3.10 18.2
2.76 18.1
2.34 17.8
1.87 17.5
1.42 17.5
0.89 17.3
0.33 17.4
-0.25 17.0
-0.84 16.8
-1.38 16.6
-1.86 16.9
-2.23 17.0
-2.51 16.4
-2.77 17.1
-3.01 16.9
-3.19 16.8
-3.30 16.8
-3.35 16.7
-3.41 17.0
-3.44 17.0
-3.43 17.1
-3.33 17.1
-3.17 16.9
-2.94 16.8
-2.62 16.8
-2.26 16.9
-1.88 16.8
-1.55 16.9
-1.24 16.8
-0.90 17.0
-0.61 17.1
-0.26 17.2
0.09 17.1
0.42 17.3
0.73 17.3
1.06 17.2
1.35 17.4
1.65 17.5
1.91 17.6
2.16 17.5
2.33 17.4
2.49 17.9
2.61 17.9
2.65 18.1
2.66 18.3
2.65 18.3
2.52 17.8
2.40 17.5
2.21 17.4
1.91 17.5
1.61 17.0
1.20 16.6
0.80 16.6
0.36 16.5
-0.06 16.6
-0.43 16.5
-0.71 16.6
-1.03 16.6
-1.36 16.4
-1.68 16.2
-1.99 16.4
-2.31 16.3
-2.59 16.2
-2.82 16.1
-3.05 16.2
-3.21 16.0
-3.38 16.0
-3.44 16.0
-3.42 15.9
-3.38 16.2
-3.24 16.2
-3.12 16.1
-2.92 16.3
-2.74 15.7
-2.53 16.2
-2.25 16.1
-1.87 16.0
-1.52 16.2
-1.15 15.8
-0.73 16.2
-0.27 16.6
0.16 16.7
0.63 16.6
1.04 16.6
1.42 16.1
1.79 16.9
2.14 17.2
2.43 17.3
2.66 17.5
2.85 17.9
3.01 18.2
3.15 18.3
3.24 18.5
3.30 18.6
3.33 18.7
3.30 18.2
3.22 18.6
3.10 18.1
2.87 18.3
2.58 18.3
2.20 18.0
1.81 17.3
1.40 16.5
0.92 16.7
0.40 16.2
-0.21 15.5
-0.76 15.4
-1.26 16.2
-1.66 15.8
-1.98 15.4
-2.19 16.2
-2.46 15.9
-2.72 15.5
-2.95 15.6
-3.13 15.4
-3.30 15.0
-3.42 15.2
-3.57 15.3
-3.67 15.4
-3.75 15.4
-3.80 15.3
-3.77 15.3
-3.59 15.7
-3.31 15.7
-2.88 15.6
-2.45 15.9
-2.06 15.9
-1.79 15.8
-1.53 15.9
-1.20 15.9
-0.88 14.9
-0.53 15.0
-0.17 16.4
0.19 16.5
0.50 16.7
0.81 16.9
1.15 17.3
1.45 17.4
1.79 17.6
2.01 17.8
2.15 17.9
2.31 17.7
2.39 17.9
2.42 18.1
2.39 18.2
2.34 18.0
2.25 18.1
2.11 17.5
1.94 17.2
1.78 17.6
1.56 17.6
1.25 17.4
0.95 17.4
0.62 17.2
0.22 17.1
-0.15 16.8
-0.49 16.7
-0.81 16.3
-1.10 16.2
-1.41 16.1
-1.72 16.1
-2.05 16.1
-2.36 16.2
-2.61 16.1
-2.84 16.1
-3.01 16.0
-3.14 15.1
-3.31 15.1
-3.47 15.8
-3.57 15.7
-3.55 15.8
-3.43 15.8
-3.13 16.0
-2.84 16.1
-2.51 16.1
-2.19 16.1
-1.85 16.1
-1.36 16.2
-0.86 16.3
-0.38 16.4
-0.02 16.7
0.37 17.2
0.71 17.5
1.04 17.6
1.38 17.8
1.69 17.8
1.99 17.7
2.25 18.3
2.50 18.5
2.70 18.7
2.86 18.6
2.95 18.7
3.01 19.0
3.04 19.1
3.07 18.9
3.04 19.3
2.96 19.1
2.78 18.8
2.55 18.7
2.23 18.6
1.90 18.6
1.52 18.2
1.13 17.9
0.70 17.4
0.20 17.3
-0.29 17.1
-0.69 16.9
-1.06 16.6
-1.40 16.6
-1.67 16.4
-1.99 16.2
-2.23 16.1
-2.54 16.2
-2.77 16.3
-2.98 16.0
-3.11 16.2
-3.19 16.0
-3.27 16.0
-3.35 16.0
-3.36 15.9
-3.29 16.1
-3.15 16.3
-2.98 16.4
-2.81 16.5
-2.55 16.4
-2.21 16.1
-1.87 16.3
-1.51 16.4
-1.18 16.6
-0.86 16.6
-0.49 16.8
-0.12 17.1
0.70 17.4
1.09 17.4
1.38 17.4
2.27 18.8
2.41 19.5
2.52 19.5
2.64 19.7
2.68 19.7
2.73 19.9
2.71 19.9
2.66 19.8
2.52 19.6
2.37 19.4
2.09 19.0
1.81 19.0
1.49 18.9
1.08 18.7
0.64 18.6
0.21 17.8
-0.20 17.5
-0.59 17.3
-0.90 17.1
-1.24 17.1
-1.52 17.0
-1.78 16.9
-2.01 16.9
-2.24 16.8
-2.47 16.7
-2.68 16.6
-2.90 16.5
-3.08 16.5
-3.17 16.4
-3.22 16.4
-3.26 16.4
-3.33 16.3
-3.33 16.3
-3.23 16.7
-2.95 17.1
-2.52 17.1
-2.07 17.0
-1.63 17.1
-1.24 17.1
-0.86 17.2
-0.54 17.6
-0.17 18.2
0.20 18.4
0.58 18.4
0.95 18.6
1.34 18.5
1.69 19.1
1.99 19.3
2.24 19.7
2.53 20.1
2.69 20.2
2.83 20.3
2.89 20.4
2.92 20.4
2.91 20.4
2.89 20.4
2.78 20.1
2.63 19.9
2.48 19.9
2.25 19.9
1.95 19.9
1.53 19.7
1.12 19.3
0.67 18.3
0.24 18.0
-0.15 17.9
-0.55 17.6
-0.84 17.5
-1.09 17.4
-1.36 17.3
-1.69 17.2
-2.04 17.2
-2.35 17.1
-2.63 17.1
-2.87 17.0
-3.08 16.7
-3.29 16.7
-3.37 16.7
-3.40 16.7
-3.37 16.7
-3.31 16.7
-3.22 17.0
-3.07 17.0
-2.94 17.0
-2.80 17.0
-2.59 17.1
-2.30 17.4
-1.98 17.5
-1.61 17.4
-1.21 17.3
-0.79 17.5
-0.30 17.9
0.10 18.5
0.51 18.8
0.85 18.7
1.21 19.0
1.55 19.5
1.77 19.9
1.98 20.0
2.19 20.1
2.35 20.1
2.44 20.4
2.53 20.4
2.60 20.3
2.64 20.5
2.67 20.4
2.66 20.5
2.61 20.5
2.53 20.4
2.35 19.9
2.10 20.0
1.82 19.7
1.51 19.9
1.19 19.7
0.81 19.5
0.43 19.2
0.05 18.6
-0.30 18.2
-0.63 18.0
-0.96 18.0
-1.26 17.8
-1.56 17.7
-1.84 17.6
-2.13 17.5
-2.38 17.4
-2.60 17.2
-2.78 17.2
-2.94 17.1
-3.07 17.2
-3.17 17.1
-3.16 17.0
-3.06 17.0
-2.89 17.8
-2.72 17.7
-2.60 17.6
-2.40 17.9
-2.10 17.8
-1.71 17.9
-1.27 17.8
-0.86 18.0
-0.44 18.1
-0.03 18.3
0.38 19.3
0.80 19.7
1.18 19.1
1.50 19.7
1.77 20.3
2.06 20.5
2.30 20.6
2.51 20.8
2.65 20.9
2.75 21.0
2.88 21.1
2.94 21.2
2.96 21.2
2.91 21.2
2.84 21.1
2.73 20.7
2.52 20.8
2.20 20.8
1.87 20.7
1.54 20.4
1.12 19.7
0.68 19.3
0.22 19.0
-0.24 18.5
-0.65 18.4
-0.97 18.2
-1.28 18.1
-1.58 17.9
-1.92 17.8
-2.24 17.7
-2.53 17.7
-2.77 17.6
-2.97 17.4
-3.15 17.4
-3.29 17.4
-3.44 17.3
-3.54 17.2
-3.59 17.3
-3.56 17.2
-3.40 17.1
-3.14 17.5
-2.89 17.4
-2.62 17.4
-2.27 17.5
-1.88 17.6
-1.50 17.8
-1.04 17.9
-0.62 18.4
-0.28 19.0
0.10 19.2
0.43 18.7
0.72 19.2
1.06 19.6
1.43 19.9
1.72 19.7
2.02 19.9
2.30 20.3
2.51 20.3
2.69 20.6
2.82 20.7
2.95 21.0
3.00 21.1
3.04 21.2
3.07 21.3
3.06 21.4
2.97 21.4
2.85 20.9
2.67 20.9
2.42 20.8
2.09 20.7
1.74 20.4
1.41 19.8
0.99 19.3
0.52 19.0
0.13 18.4
-0.31 18.4
-0.71 18.2
-1.07 17.9
-1.39 17.7
-1.72 17.7
-2.00 17.6
-2.27 17.5
-2.48 17.4
-2.61 17.2
-2.73 17.2
-2.86 17.1
-2.96 17.0
-3.03 17.0
-3.00 17.0
-3.00 17.4
-2.99 17.2
-2.95 17.0
-2.72 17.7
-2.35 17.8
-1.96 17.9
-1.50 18.0
-1.06 17.8
-0.63 18.2
-0.24 18.8
0.21 19.0
0.60 19.1
1.00 19.4
1.33 19.6
1.64 19.9
1.90 20.2
2.15 20.2
2.38 20.5
2.55 20.6
2.70 20.8
2.81 21.0
2.87 21.2
2.90 21.2
2.92 21.3
2.87 21.4
2.79 21.2
2.66 20.6
2.45 20.7
2.09 20.7
1.70 20.6
1.28 20.3
0.83 19.5
0.39 19.1
-0.06 18.5
-0.50 18.4
-0.90 18.2
-1.24 17.9
-1.61 17.9
-2.00 17.8
-2.37 17.7
-2.71 17.7
-2.97 17.6
-3.17 17.5
-3.31 17.2
-3.45 17.1
-3.51 17.0
-3.51 17.0
-3.43 17.3
-3.33 17.5
-3.22 17.6
-3.13 17.6
-2.94 17.6
-2.68 17.7
-2.25 17.9
-1.77 17.6
-1.30 17.7
-0.84 17.8
-0.44 18.0
-0.10 18.4
0.27 18.9
0.67 19.5
1.07 19.5
1.41 19.9
1.78 20.2
2.14 20.3
2.48 20.4
2.75 20.9
2.98 21.4
3.21 21.6
3.37 21.7
3.55 21.7
3.71 21.7
3.75 21.7
3.73 21.6
3.72 21.7
3.58 21.6
3.41 21.4
3.19 21.5
2.91 21.1
2.62 20.6
2.27 20.1
1.93 19.7
1.54 19.4
1.07 18.6
0.58 18.2
0.06 17.7
-0.54 17.4
-1.00 17.2
-1.39 17.0
-1.77 16.9
-2.13 16.8
-2.47 16.7
-2.67 16.7
-2.77 16.6
-2.84 16.7
-2.90 16.5
-3.05 16.5
-3.15 16.6
-3.23 16.5
-3.25 16.4
-3.28 16.5
-3.19 16.6
-3.02 17.0
-2.63 17.0
-2.25 17.0
-1.79 17.2
-1.34 17.2
-0.98 17.3
-0.55 17.6
-0.22 17.8
0.11 18.1
0.41 18.1
0.74 18.3
1.06 18.6
1.37 19.0
1.58 19.0
1.78 19.5
1.96 18.9
2.09 19.3
2.13 19.6
2.17 20.1
2.22 20.0
2.25 20.1
2.17 20.1
2.10 19.7
1.97 19.0
1.86 18.6
1.65 18.4
1.35 18.7
0.97 18.9
0.61 18.9
0.14 18.6
-0.34 18.2
-0.75 17.9
-1.12 17.5
-1.49 17.1
-1.81 16.9
-2.16 16.8
-2.50 16.8
-2.80 16.5
-3.06 16.5
-3.22 16.2
-3.30 16.1
-3.37 16.3
-3.54 16.0
-3.73 16.1
-3.91 16.0
-3.97 15.6
-3.82 16.4
-3.46 16.6
-3.02 16.6
-2.66 17.0
-2.20 17.1
-1.75 16.8
-1.39 16.9
-0.99 17.4
-0.60 17.8
-0.11 17.7
0.33 18.5
0.79 19.2
1.20 19.3
1.61 19.5
2.05 19.5
2.44 19.8
2.74 20.1
2.94 20.6
3.14 20.8
3.28 20.8
3.43 20.9
3.56 20.9
3.64 21.0
3.70 21.1
3.73 21.1
3.69 21.2
3.58 21.2
3.43 20.9
3.17 20.9
2.85 20.8
2.55 20.7
2.15 20.4
1.66 19.8
1.18 19.3
0.66 19.1
0.11 18.4
-0.40 18.1
-0.86 18.0
-1.25 17.7
-1.54 17.4
-1.77 17.3
-2.02 17.2
-2.31 17.0
-2.62 16.9
-2.86 16.8
-3.07 16.8
-3.32 16.5
-3.46 16.5
-3.33 16.6
-3.13 16.6
-2.93 17.1
-3.02 17.1
-3.18 16.3
-3.25 16.3
-3.03 17.0
-2.60 17.2
-2.12 17.4
-1.60 17.7
-0.99 17.7
-0.49 17.7
-0.03 18.2
0.38 18.6
0.77 18.5
1.05 19.0
1.36 19.2
1.64 19.5
1.88 19.6
2.11 19.9
2.34 20.0
2.48 20.2
2.63 20.4
2.71 20.5
2.75 20.6
2.73 20.7
2.72 20.8
2.61 20.5
2.42 20.1
2.19 20.2
1.88 20.1
1.54 20.0
1.10 19.7
0.62 18.7
0.17 18.4
-0.27 17.8
-0.66 17.7
-0.98 17.4
-1.32 17.2
-1.72 16.9
-2.10 16.8
-2.40 16.6
-2.80 16.5
-3.10 16.1
-3.32 16.1
-3.50 15.9
-3.67 15.9
-3.83 15.7
-3.84 15.6
-3.68 15.9
-3.42 16.0
-3.16 16.4
-2.82 16.4
-2.54 15.9
-2.12 16.8
-1.76 16.3
-1.37 16.7
-0.81 16.8
-0.24 17.3
0.31 17.8
0.81 18.3
1.30 18.9
1.67 19.2
1.99 19.6
2.38 19.9
2.67 20.2
2.95 20.6
3.19 20.9
3.36 20.9
3.53 20.9
3.71 20.8
3.84 20.8
3.93 21.0
4.01 21.2
4.07 21.4
4.12 21.4
4.09 21.5
4.02 21.7
3.89 21.4
3.67 21.0
3.37 21.0
3.01 20.8
2.63 20.7
2.26 20.5
1.85 20.1
1.42 19.8
0.92 19.4
0.43 18.4
-0.11 18.1
-0.62 17.7
-1.06 17.4
-1.46 17.2
-1.74 17.0
-1.93 17.0
-2.12 16.9
-2.30 16.7
-2.56 16.5
-2.77 16.5
-2.89 16.4
-2.84 16.6
-2.75 16.7
-2.52 17.0
-2.35 17.2
-2.25 17.3
-2.05 17.1
-1.76 17.6
-1.42 17.6
-0.95 17.8
-0.57 17.7
-0.16 17.8
0.16 18.0
0.51 18.3
0.83 18.5
1.22 18.8
1.63 19.0
2.05 19.3
2.33 19.6
2.54 19.9
2.71 20.2
2.85 20.2
2.97 20.3
3.07 20.6
3.13 20.6
3.17 20.7
3.21 20.8
3.14 20.9
3.10 20.7
2.90 20.2
2.66 20.3
2.32 20.2
1.94 20.0
1.55 19.3
1.15 18.7
0.66 18.1
0.19 17.9
-0.31 17.5
-0.74 17.3
-1.10 17.1
-1.42 16.9
-1.72 16.8
-1.97 16.7
-2.27 16.6
-2.52 16.4
-2.68 16.2
-2.78 16.1
-2.82 16.1
-2.83 15.9
-2.87 15.9
-2.85 15.9
-2.83 15.9
-2.69 15.8
-2.48 16.0
-2.20 16.2
-1.78 16.3
-1.33 16.8
-0.95 16.9
-0.49 17.2
-0.08 17.5
0.38 17.9
0.80 18.3
1.20 18.5
1.59 18.8
1.95 19.0
2.31 19.3
2.63 19.9
2.84 20.3
3.07 20.7
3.26 20.9
3.44 21.0
3.61 21.0
3.80 21.1
3.91 21.1
4.01 21.2
4.10 21.3
4.17 21.4
4.17 21.5
4.09 21.5
3.92 21.4
3.74 21.1
3.49 21.1
3.15 21.0
2.78 20.9
2.38 20.5
2.00 20.1
1.59 19.2
1.19 18.9
0.74 18.3
0.26 18.0
-0.25 17.5
-0.72 17.3
-1.18 17.2
-1.57 17.1
-1.91 16.9
-2.14 16.9
-2.38 16.8
-2.55 16.7
-2.67 16.5
-2.70 16.4
-2.69 16.6
-2.74 16.4
-2.75 16.1
-2.66 16.4
-2.43 16.8
-2.05 16.6
-1.57 16.7
-1.10 17.1
-0.57 17.3
-0.17 17.5
0.17 17.6
0.46 17.7
0.69 17.9
0.97 18.1
1.25 18.3
1.53 18.3
1.85 18.6
2.10 18.8
2.40 19.1
2.57 19.5
2.72 19.7
2.83 19.9
2.88 20.1
2.97 20.3
3.02 20.5
2.98 20.6
2.95 20.6
2.90 19.8
2.74 19.7
2.56 19.6
2.29 19.5
1.87 19.3
1.43 19.0
1.08 18.0
0.66 17.7
0.24 17.3
-0.17 16.9
-0.51 16.7
-0.84 16.5
-1.16 16.4
-1.53 16.0
-1.87 15.8
-2.15 15.4
-2.38 15.4
-2.54 15.2
-2.73 14.9
-2.84 14.8
-2.96 14.7
-3.13 14.3
-3.31 14.0
-3.25 14.2
-3.07 14.6
-2.79 14.3
-2.44 14.6
-2.05 14.7
-1.49 15.5
-1.00 15.9
-0.62 16.4
-0.26 16.8
0.12 17.0
0.65 17.3
1.07 17.7
1.53 18.0
1.84 18.7
2.14 19.0
2.42 19.3
2.72 19.7
2.91 20.1
3.13 20.5
3.33 20.6
3.51 20.7
3.65 20.7
3.76 20.7
3.84 20.7
3.91 20.8
3.90 20.8
3.87 21.0
3.80 20.9
3.63 20.7
3.40 20.6
3.10 20.6
2.76 20.5
2.35 20.2
1.94 19.3
1.47 19.0
1.03 17.9
0.50 17.3
-0.10 16.6
-0.67 16.5
-1.19 16.2
-1.66 16.0
-2.07 15.8
-2.40 15.6
-2.71 15.5
-3.00 15.3
-3.26 14.9
-3.51 14.7
-3.61 14.5
-3.72 14.5
-3.72 14.4
-3.67 15.0
-3.52 15.5
-3.26 15.5
-2.97 15.5
-2.64 15.8
-2.22 16.1
-1.78 16.2
-1.35 16.4
-0.96 16.7
-0.65 17.0
-0.27 17.3
0.05 17.5
0.45 18.0
0.83 18.3
1.16 18.4
1.51 18.7
1.84 19.0
2.08 19.4
2.26 19.5
2.42 19.8
2.54 19.8
2.60 19.9
2.62 20.1
2.64 20.1
2.52 20.1
2.38 19.6
2.21 19.4
1.98 19.3
1.65 19.5
1.27 19.4
0.82 19.2
0.31 18.3
-0.20 17.7
-0.64 16.8
-1.04 16.3
-1.38 16.2
-1.68 16.0
-1.92 15.8
-2.19 15.4
-2.41 15.2
-2.64 15.1
-2.87 15.0
-3.13 14.7
-3.36 14.6
-3.49 14.6
-3.53 14.8
-3.47 15.2
-3.43 15.7
-3.35 15.5
-3.14 15.7
-2.83 16.2
-2.56 16.4
-2.18 16.5
-1.86 16.7
-1.52 16.7
-1.07 17.0
-0.60 16.7
-0.08 16.8
0.48 18.2
1.07 17.9
1.57 19.0
2.01 19.3
2.39 19.4
2.73 19.7
2.98 20.0
3.16 20.4
3.33 20.3
3.47 20.4
3.62 20.3
3.72 20.3
3.81 20.4
3.89 20.5
3.91 20.5
3.90 20.6
3.82 20.6
3.68 20.5
3.46 20.3
3.14 20.3
2.81 20.2
2.44 20.1
2.05 19.6
1.64 19.2
1.19 18.4
0.69 18.0
0.17 17.4
-0.38 16.8
-0.90 16.7
-1.35 16.5
-1.75 16.3
-2.12 16.2
-2.49 16.1
-2.84 16.0
-3.13 15.9
-3.38 15.4
-3.57 15.2
-3.72 15.2
-3.75 15.1
-3.78 15.0
-3.79 15.3
-3.77 15.2
-3.70 16.0
-3.50 16.0
-3.19 16.0
-2.82 16.1
-2.39 16.2
-1.94 16.4
-1.55 16.6
-1.15 16.9
-0.78 17.2
-0.43 17.0
-0.07 17.7
0.26 18.0
0.58 18.0
0.87 18.4
1.13 18.5
1.41 18.8
1.65 19.1
1.87 19.0
2.04 19.3
2.17 19.4
2.29 19.4
2.34 19.6
2.35 19.7
2.29 19.7
2.18 19.3
2.00 19.0
1.71 19.0
1.37 19.1
1.02 19.1
0.63 18.9
0.20 18.5
-0.22 18.0
-0.63 17.6
-1.00 17.1
-1.32 16.9
-1.62 16.7
-1.92 16.3
-2.21 16.2
-2.49 16.0
-2.81 15.7
-3.10 15.5
-3.36 15.4
-3.52 15.1
-3.64 15.0
-3.69 14.9
-3.68 14.8
-3.62 14.7
-3.46 15.2
-3.22 14.9
-2.87 14.8
-2.45 15.1
-2.04 15.5
-1.57 16.0
-1.11 16.3
-0.65 16.9
-0.20 17.4
0.25 17.7
0.70 18.2
1.13 18.6
1.53 19.0
1.90 19.4
2.23 19.6
2.55 19.9
2.79 20.1
3.02 20.3
3.19 20.4
3.35 20.4
3.47 20.3
3.58 20.4
3.65 20.4
3.69 20.6
3.69 20.7
3.63 20.7
3.53 20.8
3.36 20.4
3.09 20.3
2.79 20.3
2.44 20.3
2.03 20.0
1.58 19.5
1.13 18.6
0.66 18.1
0.12 17.6
-0.38 17.2
-0.87 17.0
-1.32 16.8
-1.71 16.6
-2.05 16.4
-2.36 16.4
-2.67 16.3
-2.94 16.1
-3.19 15.6
-3.41 15.6
-3.59 15.6
-3.71 15.2
-3.80 15.3
-3.76 15.4
-3.62 16.3
-3.39 16.3
-3.09 16.3
-2.76 16.4
-2.42 16.7
-2.08 16.8
-1.75 16.8
-1.40 17.0
-1.07 17.5
-0.75 17.9
-0.43 18.0
-0.06 18.4
0.29 18.5
0.61 18.9
0.91 19.2
1.18 19.1
1.38 19.3
1.59 19.3
1.76 19.5
1.86 19.6
1.95 19.7
1.96 19.8
2.01 19.8
1.98 19.7
1.94 19.8
1.80 19.6
1.61 18.8
1.36 18.7
1.04 18.9
0.73 19.1
0.43 18.3
0.10 17.6
-0.20 17.6
-0.55 17.5
-0.93 17.3
-1.31 17.2
-1.69 17.1
-2.05 16.7
-2.37 16.7
-2.62 16.4
-2.91 16.4
-3.22 16.1
-3.47 16.0
-3.66 15.9
-3.76 15.8
-3.79 15.7
-3.70 16.1
-3.61 17.3
-3.42 17.2
-3.19 17.6
-2.88 17.2
-2.53 17.3
-2.21 17.2
-1.87 17.3
-1.54 17.5
-1.14 17.6
-0.70 17.3
-0.31 18.1
0.12 17.7
0.56 18.1
0.94 18.7
1.32 19.2
1.65 19.6
1.98 19.8
2.26 19.8
2.46 20.0
2.67 20.3
2.82 20.5
2.98 20.4
3.10 20.6
3.19 20.7
3.23 20.8
3.25 20.8
3.25 20.8
3.18 20.8
3.02 20.7
2.79 20.6
2.48 20.6
2.15 20.4
1.76 20.1
1.30 19.2
0.83 19.2
0.33 18.7
-0.18 18.1
-0.65 17.9
-1.08 17.5
-1.50 17.3
-1.90 17.2
-2.27 17.0
-2.63 17.0
-2.95 16.9
-3.24 16.7
-3.48 16.5
-3.68 16.4
-3.84 16.3
-4.00 16.2
-4.11 16.1
-4.18 16.0
-4.12 16.1
-4.02 17.0
-3.87 17.0
-3.52 17.0
-3.13 16.9
-2.69 17.1
-2.24 16.9
-1.85 16.9
-1.44 17.1
-1.10 17.3
-0.78 17.7
-0.43 18.1
-0.11 18.5
0.19 18.9
0.49 19.2
0.76 19.6
1.02 19.6
1.30 19.8
1.53 19.9
1.74 20.0
1.92 20.1
2.01 20.0
2.05 20.2
2.06 20.3
1.98 20.2
1.87 19.8
1.66 19.8
1.40 19.5
1.11 19.6
0.80 19.7
0.45 19.2
0.10 19.0
-0.25 18.9
-0.60 18.6
-0.97 18.4
-1.25 18.3
-1.53 17.8
-1.80 17.5
-2.03 17.5
-2.31 17.2
-2.64 17.1
-2.94 17.0
-3.23 16.8
-3.44 16.8
-3.55 16.7
-3.64 16.6
-3.70 16.5
-3.64 17.1
-3.52 18.1
-3.32 18.3
-3.04 18.5
-2.72 18.4
-2.43 18.1
-2.17 18.1
-1.89 18.0
-1.56 18.0
-1.25 18.3
-0.88 18.9
-0.45 19.0
-0.02 19.3
0.41 19.6
0.84 20.1
1.25 19.3
1.62 20.1
1.96 20.5
2.22 20.5
2.48 20.5
2.68 20.7
2.86 20.9
3.00 21.1
3.12 21.2
3.21 21.2
3.25 21.2
3.25 21.1
3.23 21.2
3.14 21.2
3.02 21.2
2.79 21.1
2.51 21.0
2.19 21.0
1.83 20.7
1.41 20.0
0.97 19.7
0.48 19.2
-0.06 18.7
-0.58 18.6
-1.02 18.3
-1.47 18.1
-1.87 18.0
-2.20 17.8
-2.54 17.8
-2.83 17.7
-3.11 17.6
-3.39 17.2
-3.63 17.1
-3.76 17.1
-3.89 17.1
-3.97 17.0
-4.03 16.9
-3.98 16.9
-3.80 17.6
-3.55 17.7
-3.28 17.6
-2.93 17.7
-2.59 17.9
-2.25 17.9
-1.94 17.9
-1.65 18.2
-1.37 18.2
-1.04 18.8
-0.72 19.0
-0.32 19.1
0.04 19.4
0.40 19.5
0.74 19.7
0.97 20.0
1.18 20.2
1.43 20.5
1.57 20.4
1.67 20.6
1.73 20.7
1.73 20.6
1.68 20.5
1.58 20.4
1.43 20.1
1.24 19.8
1.04 19.7
0.77 19.9
0.45 19.8
0.19 19.5
-0.14 19.5
-0.45 18.7
-0.74 19.0
-1.07 18.7
-1.37 18.6
-1.66 18.2
-1.97 18.3
-2.29 18.0
-2.63 18.2
-2.91 17.8
-3.18 17.7
-3.35 17.6
-3.47 17.6
-3.53 17.7
-3.58 17.6
-3.58 17.5
-3.51 19.2
-3.39 19.5
-3.21 19.1
-3.03 19.4
-2.81 19.2
-2.55 19.2
-2.28 19.1
-1.99 19.1
-1.65 19.1
-1.27 19.1
-0.87 19.1
-0.42 19.4
0.01 20.1
0.45 20.4
0.81 21.0
1.21 20.2
1.52 20.7
1.82 21.1
2.05 21.5
2.26 21.5
2.50 21.6
2.67 21.7
2.81 21.8
2.90 21.9
2.96 22.1
2.99 22.1
2.97 22.1
2.90 22.2
2.82 21.8
2.66 21.7
2.43 21.6
2.15 21.6
1.83 21.7
1.40 21.4
0.96 20.7
0.51 19.8
0.01 19.9
-0.45 19.6
-0.89 19.3
-1.31 19.1
-1.73 18.9
-2.11 18.7
-2.43 18.7
-2.66 18.6
-2.79 18.4
-2.96 18.3
-3.12 18.1
-3.29 18.1
-3.40 18.0
-3.51 18.0
-3.57 17.9
-3.70 17.9
-3.72 17.9
-3.68 18.1
-3.57 18.8
-3.30 18.8
-3.02 18.7
-2.74 18.8
-2.46 18.9
-2.16 19.0
-1.78 19.1
-1.39 19.3
-1.04 19.7
-0.64 19.9
-0.24 20.3
0.10 20.3
0.47 20.4
0.76 20.6
1.05 20.7
1.28 20.7
1.48 21.5
1.64 21.9
1.75 22.0
1.85 22.1
1.91 22.3
1.89 22.2
1.87 22.2
1.79 21.9
1.61 21.2
1.34 21.1
1.05 20.8
0.74 21.0
0.38 20.9
0.05 20.5
-0.29 20.3
-0.60 19.5
-0.89 19.4
-1.21 19.4
-1.52 19.4
-1.85 19.1
-2.14 19.0
-2.41 18.8
-2.63 18.7
-2.92 18.5
-3.13 18.4
-3.33 18.4
-3.47 18.2
-3.57 18.2
-3.63 18.1
-3.65 18.2
-3.61 18.4
-3.51 19.9
-3.36 19.7
-3.10 19.9
-2.84 19.6
-2.59 19.6
-2.29 19.4
-1.91 19.6
-1.47 19.7
-0.97 19.6
-0.57 20.0
-0.23 20.9
0.19 21.2
0.55 21.0
0.89 22.0
1.20 21.5
1.55 21.8
1.79 22.7
2.06 22.4
2.29 22.4
2.47 22.9
2.65 23.1
2.74 23.1
2.81 22.7
2.88 23.0
2.87 23.4
2.87 23.3
2.74 23.3
2.58 22.5
2.38 22.5
2.11 22.5
1.80 22.6
1.47 22.6
1.10 22.1
0.70 21.4
0.27 20.9
-0.13 20.5
-0.53 20.3
-0.92 20.2
-1.30 20.0
-1.68 19.8
-2.05 19.7
-2.40 19.6
-2.70 19.4
-2.91 19.2
-3.08 19.1
-3.19 18.7
-3.32 18.7
-3.40 18.8
-3.41 18.9
-3.40 19.1
-3.34 19.1
-3.32 18.9
-3.24 19.1
-3.08 19.5
-2.88 19.6
-2.60 20.1
-2.31 19.9
-2.00 20.1
-1.63 20.3
-1.28 20.2
-0.92 20.6
-0.57 20.7
-0.19 21.3
0.16 21.5
0.52 21.8
0.80 21.6
1.12 21.5
1.42 22.7
1.69 22.9
1.94 22.7
2.11 22.9
2.24 23.1
2.33 23.3
2.37 23.6
2.38 23.6
2.33 23.1
2.21 23.0
2.03 22.7
1.80 22.1
1.57 21.8
1.25 21.8
0.90 21.8
0.49 21.5
0.10 21.5
-0.30 21.3
-0.68 20.8
-0.99 20.7
-1.29 20.8
-1.57 20.2
-1.85 20.0
-2.11 19.8
-2.32 19.7
-2.49 19.7
-2.65 19.6
-2.81 19.4
-2.99 19.1
-3.13 19.1
-3.23 19.0
-3.20 19.0
-3.18 19.8
-3.11 19.3
-3.05 19.0
-2.90 19.9
-2.65 19.7
-2.31 19.9
-1.95 20.1
-1.55 20.3
-1.13 20.4
-0.71 20.6
-0.28 20.8
0.16 21.0
0.51 21.3
0.88 21.7
1.21 22.1
1.52 22.2
1.79 22.5
2.02 22.7
2.21 22.6
2.42 22.7
2.58 23.0
2.68 23.1
2.76 23.1
2.81 23.3
2.86 23.4
2.89 23.5
2.86 23.5
2.79 23.4
2.69 23.0
2.50 22.8
2.25 22.8
1.91 22.8
1.54 22.7
1.09 22.4
0.63 21.6
0.13 21.2
-0.34 20.8
-0.75 20.7
-1.12 20.4
-1.43 20.3
-1.77 20.2
-2.08 20.0
-2.38 19.7
-2.63 19.7
-2.84 19.6
-3.03 19.6
-3.21 19.5
-3.39 19.4
-3.53 19.2
-3.62 19.3
-3.68 19.2
-3.68 19.1
-3.66 19.4
-3.52 19.8
-3.27 20.0
-2.93 20.0
-2.55 20.2
-2.13 20.3
-1.77 20.4
-1.37 20.8
-0.95 20.7
-0.53 21.2
-0.09 21.1
0.32 21.4
0.68 21.7
1.04 22.0
1.34 22.3
1.68 22.5
1.95 22.7
2.18 22.8
2.38 22.9
2.51 23.0
2.60 23.0
2.69 22.9
2.71 23.1
2.70 23.2
2.65 23.1
2.53 22.9
2.32 22.7
2.09 22.8
1.74 22.8
1.40 22.8
1.06 22.7
0.68 22.4
0.31 22.1
-0.05 21.7
-0.42 21.6
-0.78 21.5
-1.07 21.2
-1.38 20.9
-1.74 20.8
-2.06 20.3
-2.34 20.2
-2.57 20.3
-2.80 20.2
-2.97 19.9
-3.11 19.9
-3.16 19.9
-3.16 19.9
-3.15 19.9
-3.13 19.9
-3.08 20.4
-3.01 20.2
-2.85 20.3
-2.63 20.3
-2.35 20.3
-2.06 20.5
-1.69 20.6
-1.28 20.8
-0.91 21.1
-0.54 21.3
-0.15 21.2
0.24 21.4
0.62 21.7
0.97 22.0
1.28 22.0
1.59 22.2
1.85 22.1
2.09 22.4
2.32 22.6
2.49 22.6
2.61 22.7
2.70 22.9
2.76 22.9
2.77 22.8
2.72 22.9
2.65 23.0
2.53 22.7
2.35 22.6
2.09 22.6
1.80 22.6
1.44 22.5
1.03 22.2
0.59 21.8
0.15 21.5
-0.26 21.3
-0.68 21.0
-1.08 20.9
-1.44 20.8
-1.80 20.6
-2.14 20.6
-2.44 20.5
-2.76 20.4
-3.06 20.2
-3.35 20.1
-3.61 20.1
-3.88 20.1
-4.14 19.9
-4.35 19.7
-4.47 19.6
-4.53 19.7
-4.48 19.6
-4.38 19.9
-4.19 20.1
-3.95 20.0
-3.68 20.1
-3.32 20.1
-2.89 20.1
-2.43 20.4
-1.94 20.3
-1.46 20.7
-0.97 21.0
-0.42 21.4
0.14 21.6
0.62 22.0
1.05 22.0
1.42 21.9
1.71 22.0
1.96 22.2
2.19 22.3
2.36 22.4
2.53 22.5
2.68 22.6
2.74 22.6
2.77 22.8
2.76 22.9
2.71 22.9
2.61 22.9
2.44 22.6
2.21 22.6
1.87 22.6
1.49 22.5
1.05 22.4
0.56 22.1
0.05 22.0
-0.47 21.7
-0.94 21.5
-1.29 21.3
-1.62 21.1
-1.95 21.1
-2.29 21.0
-2.62 20.9
-2.91 20.7
-3.13 20.6
-3.31 20.4
-3.44 20.3
-3.52 20.2
-3.64 20.2
-3.79 20.1
-3.92 20.0
-3.98 20.1
-3.87 20.2
-3.70 20.7
-3.44 20.8
-3.13 20.7
-2.83 20.8
-2.51 20.8
-2.16 20.9
-1.74 20.9
-1.30 20.9
-0.88 21.1
-0.45 21.3
-0.01 21.6
0.43 21.7
0.83 21.9
1.18 22.0
1.53 22.1
1.83 22.1
2.09 22.1
2.28 22.2
2.45 22.3
2.58 22.5
2.67 22.5
2.70 22.4
2.71 22.7
2.67 22.8
2.60 22.7
2.49 22.5
2.29 22.3
2.03 22.3
1.68 22.2
1.30 22.1
0.87 22.0
0.40 21.8
-0.05 21.7
-0.45 21.5
-0.79 21.4
-1.10 21.4
-1.44 21.1
-1.79 21.0
-2.16 20.9
-2.53 20.9
-2.89 20.9
-3.18 20.8
-3.44 20.6
-3.68 20.4
-3.96 20.1
-4.17 20.0
-4.31 20.0
-4.41 20.1
-4.39 20.1
-4.36 20.2
-4.20 20.4
-3.94 20.7
-3.56 20.8
-3.16 20.6
-2.71 20.6
-2.27 20.7
-1.79 20.9
-1.24 21.0
-0.67 21.3
-0.08 21.6
0.45 21.9
0.96 22.1
1.48 22.3
1.90 22.2
2.27 22.2
2.59 22.3
2.85 22.8
3.07 23.2
3.24 23.4
3.36 23.6
3.46 23.7
3.54 23.7
3.60 23.7
3.65 23.8
3.63 23.8
3.56 23.8
3.41 23.8
3.20 23.7
2.91 23.6
2.54 23.6
2.14 23.5
1.70 22.9
1.22 22.8
0.68 22.6
0.12 22.3
-0.43 22.0
-0.97 21.8
-1.44 21.6
-1.86 21.5
-2.19 21.4
-2.52 21.3
-2.86 21.2
-3.16 21.1
-3.44 21.1
-3.68 21.0
-3.85 20.9
-3.95 20.8
-3.98 20.8
-4.01 20.8
-3.97 20.8
-3.86 20.7
-3.60 20.9
-3.25 21.1
-2.85 21.1
-2.46 21.1
-2.07 21.2
-1.67 21.3
-1.22 21.5
-0.81 21.6
-0.46 21.7
-0.11 21.8
0.34 21.9
0.71 22.1
1.09 22.2
1.42 22.4
1.76 22.4
2.06 22.5
2.31 22.7
2.50 22.9
2.66 22.9
2.78 23.1
2.88 23.2
2.87 23.2
2.88 23.2
2.83 23.2
2.71 23.2
2.57 22.9
2.36 22.9
2.00 22.7
1.62 22.6
1.23 22.4
0.78 22.3
0.27 22.1
-0.23 22.0
-0.71 21.8
-1.15 21.7
-1.58 21.6
-1.98 21.5
-2.43 21.3
-2.84 21.2
-3.19 21.2
-3.49 21.2
-3.72 21.1
-3.98 21.0
-4.23 20.9
-4.41 20.9
-4.55 20.8
-4.63 20.8
-4.67 20.8
-4.67 20.8
-4.54 20.9
-4.25 20.9
-3.80 21.0
-3.28 21.0
-2.73 21.1
-2.14 21.2
-1.56 21.2
-0.96 21.6
-0.35 21.8
0.25 22.1
0.81 22.2
1.32 22.1
1.81 22.1
2.29 22.3
2.75 22.7
3.07 22.9
3.33 22.9
3.58 23.0
3.81 23.4
4.00 23.6
4.18 23.9
4.32 24.1
4.41 24.3
4.43 24.4
4.40 24.5
4.28 24.4
4.04 24.0
3.74 24.0
3.36 23.9
2.97 23.7
2.57 23.3
2.10 23.1
1.58 22.8
1.05 22.6
0.48 22.4
-0.11 22.2
-0.72 22.1
-1.30 22.0
-1.83 22.0
-2.26 21.8
-2.58 21.8
-2.87 21.8
-3.15 21.7
-3.43 21.7
-3.67 21.6
-3.89 21.6
-4.06 21.6
-4.20 21.5
-4.27 21.4
-4.21 21.4
-4.05 21.4
-3.73 21.5
-3.31 21.5
-2.81 21.6
-2.29 21.6
-1.83 21.8
-1.37 21.8
-0.97 22.0
-0.58 22.1
-0.18 22.1
0.23 22.1
0.66 22.2
1.08 22.3
1.46 22.2
1.81 22.0
2.13 22.4
2.40 22.5
2.66 22.8
2.83 22.8
2.94 22.9
3.05 22.9
3.11 22.9
3.15 23.0
3.15 23.0
3.13 23.1
3.07 23.1
2.91 23.0
2.73 22.8
2.43 22.8
2.06 22.6
1.66 22.5
1.21 22.3
0.67 22.2
0.13 22.2
-0.44 22.1
-0.95 21.9
-1.38 22.0
-1.84 21.9
-2.25 21.9
-2.69 21.8
-3.07 21.7
-3.44 21.6
-3.79 21.6
-4.07 21.6
-4.26 21.5
-4.40 21.4
-4.53 21.5
-4.63 21.4
-4.62 21.4
-4.46 21.5
-4.09 21.4
-3.64 21.5
-3.09 21.5
-2.50 21.7
-1.86 21.9
-1.21 21.9
-0.63 22.0
-0.09 22.1
0.49 22.2
1.05 22.3
1.63 22.2
2.18 22.2
2.64 22.5
3.01 22.6
3.35 22.5
3.66 22.7
3.94 23.0
4.20 23.2
4.43 23.5
4.65 23.8
4.84 24.1
4.98 24.4
5.06 24.6
5.12 24.8
5.10 24.9
5.00 25.2
4.83 24.7
4.58 24.4
4.23 24.3
3.85 24.1
3.39 23.7
2.95 23.3
2.46 23.0
1.95 22.9
1.47 22.8
0.97 22.6
0.38 22.5
-0.18 22.4
-0.77 22.3
-1.34 22.2
-1.81 22.2
-2.20 22.2
-2.50 22.1
-2.79 22.1
-3.16 22.1
-3.49 22.1
-3.68 22.0
-3.80 22.0
-3.82 22.0
-3.77 22.0
-3.65 22.0
-3.42 22.0
-3.20 22.0
-2.81 22.0
-2.35 22.1
-1.82 22.1
-1.33 22.1
-0.93 22.2
-0.45 22.3
0.08 22.3
0.57 22.3
1.04 22.2
1.53 22.1
1.90 22.1
2.27 22.0
2.62 22.2
2.88 22.1
3.12 22.4
3.32 22.6
3.51 22.7
3.69 22.8
3.82 22.9
3.92 23.0
3.97 23.2
3.99 23.2
3.92 23.2
3.76 23.2
3.49 22.8
3.10 22.8
2.66 22.6
2.17 22.4
1.69 22.3
1.12 22.1
0.57 22.1
-0.03 22.1
-0.65 22.1
-1.28 22.0
-1.89 22.1
-2.42 22.1
-2.89 22.0
-3.31 22.1
-3.70 22.1
-4.03 22.1
-4.34 22.1
-4.59 22.0
-4.75 22.0
-4.84 22.0
-4.80 22.0
-4.72 21.9
-4.62 22.0
-4.35 22.0
-3.87 22.0
-3.25 22.0
-2.56 22.0
-1.93 22.0
-1.22 22.0
-0.59 21.9
0.04 21.8
0.61 21.5
1.17 20.8
1.66 20.3
2.24 20.8
2.71 21.4
3.09 21.7
3.50 21.9
3.81 22.0
4.12 22.1
4.35 22.5
4.60 22.9
4.80 23.2
4.96 23.5
5.05 23.8
5.10 23.9
5.10 24.2
5.05 24.3
4.88 24.3
4.61 23.9
4.26 23.7
3.87 23.4
3.43 23.0
2.97 22.4
2.52 21.9
2.03 21.7
1.50 21.4
0.98 21.1
0.50 20.9
-0.13 20.9
-0.75 20.8
-1.37 20.8
-1.97 20.7
-2.49 20.6
-2.95 20.6
-3.34 20.6
-3.67 20.6
-3.92 20.4
-4.13 20.5
-4.42 20.3
-4.66 20.3
-4.70 20.2
-4.52 20.2
-4.31 20.3
-4.01 20.4
-3.60 20.4
-3.02 20.4
-2.39 20.5
-1.74 20.6
-1.19 20.8
-0.72 20.9
-0.28 20.9
0.08 20.9
0.44 20.8
0.79 20.7
1.13 20.8
1.51 20.5
1.93 20.1
2.33 20.4
2.65 20.8
2.89 20.8
3.07 20.7
3.23 20.8
3.37 20.9
3.49 21.2
3.56 21.3
3.56 21.5
3.50 21.5
3.36 21.5
3.11 21.2
2.77 21.1
2.33 20.9
1.82 20.7
1.28 20.6
0.71 20.5
0.12 20.5
-0.50 20.5
-1.06 20.4
-1.62 20.5
-2.13 20.2
-2.61 20.3
-3.09 20.3
-3.56 20.4
-4.00 20.3
-4.34 20.3
-4.59 20.3
-4.85 20.1
-5.08 20.1
-5.23 19.8
-5.28 19.8
-5.28 19.9
-5.15 20.0
-4.94 19.7
-4.55 19.9
-3.99 19.9
-3.39 20.0
-2.79 20.4
-2.21 20.4
-1.56 20.4
-0.81 20.5
-0.03 20.3
0.65 19.7
1.37 19.5
2.04 19.4
2.62 19.9
3.09 20.0
3.47 20.3
3.78 20.8
4.08 21.2
4.37 21.3
4.63 21.6
4.88 22.0
5.10 22.5
5.28 22.9
5.41 23.1
5.50 23.2
5.51 23.3
5.41 23.4
5.24 23.5
4.94 22.9
4.57 22.9
4.18 22.7
3.77 22.0
3.34 21.5
2.88 21.1
2.36 20.9
1.84 20.7
1.29 20.5
0.74 20.3
0.13 20.2
-0.50 20.1
-1.17 20.1
-1.82 19.9
-2.40 20.0
-2.89 20.0
-3.27 19.9
-3.56 19.9
-3.81 19.9
-4.03 19.9
-4.20 19.9
-4.31 19.9
-4.32 19.9
-4.16 19.9
-3.89 19.9
-3.49 19.9
-2.97 19.9
-2.39 20.0
-1.88 20.1
-1.38 20.2
-0.89 20.2
-0.42 20.2
0.09 20.2
0.59 20.1
1.03 19.8
1.49 19.8
1.92 19.9
2.30 19.8
2.69 20.1
3.00 20.0
3.24 20.3
3.44 20.5
3.62 20.7
3.77 20.9
3.87 21.0
3.97 21.1
4.01 21.2
4.02 21.3
3.95 21.3
3.79 21.4
3.53 20.9
3.21 20.8
2.82 20.6
2.38 20.5
1.88 20.2
1.37 20.0
0.80 19.9
0.21 19.9
-0.43 19.9
-1.06 19.9
-1.66 19.9
-2.17 19.9
-2.62 19.9
-3.03 19.8
-3.42 19.8
-3.80 19.8
-4.12 19.9
-4.41 19.8
-4.62 19.8
-4.76 19.7
-4.83 19.7
-4.79 19.8
-4.64 19.8
-4.39 19.8
-3.94 19.7
-3.45 19.8
-2.89 19.8
-2.28 19.9
-1.61 19.9
-0.95 20.0
-0.30 19.9
0.37 19.6
1.07 19.2
1.73 18.8
2.32 19.1
2.80 19.6
3.25 19.9
3.59 20.1
3.90 20.5
4.19 20.8
4.47 21.2
4.74 21.5
5.00 21.9
5.21 22.4
5.39 22.7
5.52 23.0
5.58 23.2
5.57 23.3
5.48 23.4
5.22 23.5
4.87 23.1
4.48 22.8
4.09 22.5
3.65 21.7
3.15 21.2
2.66 20.7
2.09 20.3
1.53 20.0
0.93 19.8
0.29 19.6
-0.35 19.5
-0.95 19.3
-1.58 19.4
-2.18 19.4
-2.68 19.4
-3.07 19.4
-3.40 19.3
-3.74 19.3
-4.03 19.3
-4.26 19.3
-4.45 19.4
-4.64 19.4
-4.77 19.4
-4.76 19.3
-4.51 19.3
-3.97 19.3
-3.35 19.4
-2.70 19.4
-2.15 19.5
-1.62 19.6
-1.13 19.6
-0.57 19.6
0.03 19.7
0.57 19.5
1.04 19.3
1.44 19.3
1.87 19.4
2.24 19.4
2.54 19.4
2.82 19.6
3.05 19.7
3.24 20.0
3.41 20.1
3.52 20.3
3.60 20.4
3.62 20.4
3.58 20.5
3.48 20.5
3.31 20.4
3.01 20.2
2.67 20.2
2.24 20.0
1.74 19.7
1.19 19.5
0.61 19.4
0.02 19.3
-0.56 19.3
-1.14 19.4
-1.65 19.2
-2.10 19.3
-2.51 19.3
-2.94 19.4
-3.35 19.4
-3.74 19.4
-4.11 19.4
-4.38 19.3
-4.60 19.3
-4.76 19.4
-4.92 19.3
-5.06 19.2
-5.13 19.1
-5.04 19.1
-4.82 19.2
-4.38 19.2
-3.83 19.2
-3.42 19.2
-3.13 19.2
-2.69 19.2
-2.04 19.3
-1.25 19.3
-0.48 19.3
0.24 19.2
0.89 18.6
1.52 18.6
2.13 18.6
2.63 19.0
3.01 19.6
3.33 19.5
3.62 19.5
3.91 20.0
4.13 20.4
4.35 20.7
4.54 21.0
4.71 21.2
4.82 21.3
4.90 21.4
4.90 21.5
4.80 21.7
4.63 21.6
4.38 21.1
4.04 21.1
3.66 21.0
3.24 20.6
2.79 20.1
2.32 19.8
1.82 19.5
1.30 19.3
0.74 19.2
0.16 19.1
-0.49 19.1
-1.17 19.1
-1.80 19.0
-2.35 18.9
-2.80 19.0
-3.16 18.9
-3.51 18.9
-3.86 18.9
-4.21 18.9
-4.52 18.9
-4.75 18.8
-4.86 18.8
-4.87 18.8
-4.82 18.8
-4.65 18.8
-4.37 18.8
-4.00 18.9
-3.57 18.9
-3.12 18.9
-2.57 18.9
-1.97 19.0
-1.42 19.0
-0.87 19.1
-0.35 19.1
0.14 19.1
0.67 18.8
1.19 18.8
1.63 18.5
2.05 18.9
2.38 18.8
2.66 19.3
2.87 19.2
3.04 19.3
3.15 19.4
3.23 19.4
3.28 19.5
3.28 19.6
3.25 19.6
3.12 19.6
2.93 19.3
2.63 19.3
2.29 19.3
1.87 19.2
1.43 18.9
0.90 18.8
0.37 18.8
-0.21 18.8
-0.78 18.9
-1.32 18.9
-1.79 18.9
-2.25 18.9
-2.68 18.9
-3.09 18.9
-3.50 18.9
-3.89 18.8
-4.25 18.8
-4.59 18.8
-4.83 18.8
-5.04 18.8
-5.14 18.8
-5.10 18.7
-4.96 18.6
-4.72 18.7
-4.40 18.7
-3.99 18.7
-3.49 18.7
-2.95 18.8
-2.38 18.8
-1.82 18.9
-1.24 18.9
-0.64 18.9
0.09 18.9
0.67 18.7
1.24 18.5
1.80 18.2
2.02 18.5
2.36 18.6
2.63 18.9
2.93 19.2
3.15 19.4
3.36 19.5
3.49 19.5
3.75 19.7
3.93 19.9
4.07 20.2
4.20 20.4
4.27 20.7
4.31 20.8
4.19 20.8
3.96 20.8
3.78 20.6
3.46 20.4
3.01 20.0
2.60 19.7
2.15 19.4
1.63 19.2
1.09 18.5
0.52 17.9
-0.02 18.2
-0.60 18.3
-1.14 18.2
-1.66 18.1
-2.17 18.1
-2.67 18.1
-3.16 18.0
-3.59 18.0
-3.87 18.0
-4.10 18.0
-4.36 17.9
-4.59 17.9
-4.77 17.8
-4.85 17.9
-4.82 17.9
-4.63 17.9
-4.38 17.9
-4.03 18.0
-3.60 18.0
-3.09 18.0
-2.60 18.1
-2.13 18.2
-1.69 18.3
-1.32 18.3
-0.91 18.3
-0.44 18.4
0.06 18.5
0.50 18.6
0.91 18.5
1.27 18.5
1.63 18.5
1.94 18.7
2.19 18.7
2.34 18.9
2.53 19.0
2.67 19.2
2.78 19.3
2.83 19.4
2.80 19.5
2.77 19.6
2.66 19.6
2.47 19.3
2.19 19.2
1.88 19.1
1.44 18.9
0.94 18.8
0.43 18.7
-0.11 18.6
-0.63 18.5
-1.14 18.5
-1.58 18.4
-2.03 18.3
-2.47 18.3
-2.94 18.3
-3.40 18.3
-3.77 18.2
-4.05 18.2
-4.30 18.1
-4.49 18.1
-4.60 17.8
-4.65 17.9
-4.68 17.9
-4.72 17.9
-4.67 17.9
-4.46 17.9
-4.12 17.9
-3.66 18.0
-3.26 17.9
-2.87 18.0
-2.36 18.1
-1.80 18.2
-1.21 18.4
-0.63 18.4
-0.05 18.5
0.34 18.7
0.83 18.7
1.26 18.8
1.75 18.7
2.21 18.8
2.70 19.0
2.97 19.6
3.21 19.9
3.42 20.0
3.62 20.1
3.73 20.3
3.83 20.5
3.91 20.5
3.94 20.8
3.92 20.8
3.78 21.1
3.60 20.7
3.31 20.5
2.91 20.3
2.45 20.0
2.05 19.8
1.63 19.7
1.14 19.4
0.66 19.1
0.06 18.7
-0.53 18.6
-1.10 18.4
-1.64 18.3
-2.14 18.3
-2.54 18.2
-2.87 18.2
-3.24 18.2
-3.61 18.0
-3.97 18.0
-4.20 18.0
-4.27 17.9
-4.36 17.9
-4.50 17.9
-4.60 17.7
-4.57 17.8
-4.43 17.8
-4.22 17.9
-3.82 17.9
-3.40 18.0
-2.93 18.1
-2.47 18.2
-2.00 18.3
-1.61 18.4
-1.28 18.5
-1.03 18.5
-0.71 18.5
-0.30 18.6
0.18 18.8
0.61 19.0
1.04 19.0
1.40 19.1
1.73 19.1
2.01 19.3
2.24 19.4
2.44 19.5
2.65 19.7
2.75 19.8
2.78 20.0
2.80 20.1
2.76 20.3
2.62 20.2
2.38 19.9
2.11 19.7
1.82 19.6
1.47 19.5
1.03 19.4
0.66 19.3
0.20 19.2
-0.18 19.1
-0.63 19.1
-1.02 19.0
-1.40 18.6
-1.79 18.7
-2.24 18.5
-2.67 18.5
-3.02 18.4
-3.32 18.4
-3.54 18.3
-3.75 18.3
-3.83 18.3
-3.85 18.0
-3.88 18.0
-3.96 18.1
-4.03 18.0
-4.06 18.0
-3.94 18.1
-3.64 18.2
-3.26 18.3
-2.85 18.2
-2.46 18.3
-1.97 18.3
-1.51 18.4
-0.98 18.6
-0.52 18.7
-0.10 18.8
0.35 18.9
0.80 19.2
1.25 19.4
1.65 19.5
2.03 19.4
2.35 19.8
2.59 19.9