6.16 0.1
6.33 0.1
6.51 0.1
6.70 0.1
6.87 0.1
7.05 0.1
7.22 0.1
7.39 0.1
7.54 0.1
7.67 0.1
7.82 0.1
7.94 0.1
8.05 0.1
8.15 0.1
8.22 0.1
8.29 0.1
8.34 0.1
8.38 0.1
8.41 0.1
8.43 0.1
8.42 0.1
8.37 0.1
8.30 0.1
8.18 0.1
8.01 0.1
7.83 0.1
7.62 0.1
7.39 0.1
7.18 0.1
6.97 0.1
6.78 0.1
6.61 0.1
6.42 0.1
6.25 0.1
6.07 0.1
5.91 0.1
5.76 0.1
5.58 0.1
5.48 0.1
5.30 0.1
5.17 0.1
5.00 0.1
4.79 0.1
4.64 0.1
4.52 0.1
4.37 0.1
4.23 0.1
4.06 0.1
3.92 0.1
3.81 0.1
3.67 0.1
3.63 0.1
3.51 0.1
3.48 0.1
3.47 0.1
3.48 0.1
3.62 0.1
3.67 0.1
3.95 0.1
4.17 0.1
4.45 0.1
4.76 0.1
5.07 0.1
5.32 0.1
5.55 0.1
5.72 0.1
5.86 0.1
6.00 0.1
6.13 0.1
6.24 0.1
6.35 0.1
6.46 0.1
6.56 0.1
6.64 0.1
6.71 0.1
6.78 0.1
6.82 0.1
6.86 0.1
6.88 0.1
6.90 0.1
6.90 0.1
6.88 0.1
6.85 0.1
6.79 0.1
6.72 0.1
6.62 0.1
6.52 0.1
6.41 0.1
6.29 0.1
6.20 0.1
6.12 0.1
6.06 0.1
6.00 0.1
5.97 0.1
5.95 0.1
5.97 0.1
5.97 0.1
6.03 0.1
6.07 0.1
6.15 0.1
6.26 0.1
6.38 0.1
6.52 0.1
6.69 0.1
6.81 0.1
6.94 0.1
7.07 0.1
7.21 0.1
7.33 0.1
7.45 0.1
7.55 0.1
7.67 0.1
7.76 0.1
7.84 0.1
7.92 0.1
7.99 0.1
8.02 0.1
8.05 0.1
8.06 0.1
8.05 0.1
8.02 0.1
7.97 0.1
7.90 0.1
7.78 0.1
7.63 0.1
7.45 0.1
7.24 0.1
7.04 0.1
6.83 0.1
6.63 0.1
6.43 0.1
6.31 0.1
6.14 0.1
6.00 0.1
5.82 0.1
5.72 0.1
5.55 0.1
5.35 0.1
5.17 0.1
5.08 0.1
4.78 0.1
4.76 0.1
4.61 0.1
4.41 0.1
4.27 0.1
4.10 0.1
3.94 0.1
3.81 0.1
3.67 0.1
3.57 0.1
3.44 0.1
3.37 0.1
3.33 0.1
3.25 0.1
3.32 0.1
3.33 0.1
3.49 0.1
3.63 0.1
3.86 0.1
4.08 0.1
4.36 0.1
4.67 0.1
4.95 0.1
5.20 0.1
5.42 0.1
5.59 0.1
5.72 0.1
5.85 0.1
5.99 0.1
6.11 0.1
6.23 0.1
6.34 0.1
6.44 0.1
6.52 0.1
6.60 0.1
6.67 0.1
6.73 0.1
6.78 0.1
6.82 0.1
6.85 0.1
6.85 0.1
6.85 0.1
6.83 0.1
6.78 0.1
6.70 0.1
6.62 0.1
6.53 0.1
6.42 0.1
6.32 0.1
6.22 0.1
6.11 0.1
6.01 0.1
5.94 0.1
5.90 0.1
5.84 0.1
5.82 0.1
5.80 0.1
5.78 0.1
5.81 0.1
5.86 0.1
5.94 0.1
6.02 0.1
6.11 0.1
6.21 0.1
6.34 0.1
6.48 0.1
6.57 0.1
6.71 0.1
6.81 0.1
6.93 0.1
7.04 0.1
7.14 0.1
7.24 0.1
7.33 0.1
7.40 0.1
7.46 0.1
7.51 0.1
7.55 0.1
7.58 0.1
7.56 0.1
7.55 0.1
7.49 0.1
7.44 0.1
7.34 0.1
7.21 0.1
7.04 0.1
6.87 0.1
6.70 0.1
6.51 0.1
6.34 0.1
6.17 0.1
5.97 0.1
5.86 0.1
5.64 0.1
5.52 0.1
5.31 0.1
5.17 0.1
5.02 0.1
4.83 0.1
4.72 0.1
4.58 0.1
4.39 0.1
4.29 0.1
4.11 0.1
3.99 0.1
3.84 0.1
3.72 0.1
3.59 0.1
3.44 0.1
3.35 0.1
3.28 0.1
3.16 0.1
3.21 0.1
3.14 0.1
3.19 0.1
3.31 0.1
3.44 0.1
3.58 0.1
3.83 0.1
4.08 0.1
4.36 0.1
4.63 0.1
4.90 0.1
5.11 0.1
5.28 0.1
5.43 0.1
5.57 0.1
5.70 0.1
5.83 0.1
5.96 0.1
6.07 0.1
6.18 0.1
6.29 0.1
6.38 0.1
6.47 0.1
6.55 0.1
6.61 0.1
6.66 0.1
6.69 0.1
6.70 0.1
6.71 0.1
6.71 0.1
6.69 0.1
6.65 0.1
6.59 0.1
6.51 0.1
6.41 0.1
6.30 0.1
6.17 0.1
6.05 0.1
5.94 0.1
5.83 0.1
5.72 0.1
5.64 0.1
5.57 0.1
5.52 0.1
5.48 0.1
5.43 0.1
5.43 0.1
5.44 0.1
5.39 0.1
5.44 0.1
5.48 0.1
5.53 0.1
5.61 0.1
5.71 0.1
5.83 0.1
5.96 0.1
6.11 0.1
6.22 0.1
6.33 0.1
6.44 0.1
6.54 0.1
6.64 0.1
6.69 0.1
6.78 0.1
6.83 0.1
6.87 0.1
6.92 0.1
6.94 0.1
6.94 0.1
6.92 0.1
6.88 0.1
6.82 0.1
6.73 0.1
6.61 0.1
6.47 0.1
6.31 0.1
6.15 0.1
5.99 0.1
5.83 0.1
5.68 0.1
5.52 0.1
5.38 0.1
5.20 0.1
5.07 0.1
4.90 0.1
4.76 0.1
4.59 0.1
4.45 0.1
4.30 0.1
4.16 0.1
3.98 0.1
3.85 0.1
3.69 0.1
3.54 0.1
3.42 0.1
3.31 0.1
3.23 0.1
3.14 0.1
3.06 0.1
3.06 0.1
3.04 0.1
3.06 0.1
3.16 0.1
3.28 0.1
3.44 0.1
3.65 0.1
3.88 0.1
4.15 0.1
4.43 0.1
4.69 0.1
4.90 0.1
5.09 0.1
5.26 0.1
5.41 0.1
5.58 0.1
5.73 0.1
5.89 0.1
6.03 0.1
6.17 0.1
6.29 0.1
6.40 0.1
6.50 0.1
6.59 0.1
6.67 0.1
6.74 0.1
6.80 0.1
6.84 0.1
6.86 0.1
6.87 0.1
6.85 0.1
6.80 0.1
6.74 0.1
6.65 0.1
6.54 0.1
6.42 0.1
6.29 0.1
6.15 0.1
6.00 0.1
5.87 0.1
5.77 0.1
5.66 0.1
5.56 0.1
5.46 0.1
5.38 0.1
5.30 0.1
5.24 0.1
5.20 0.1
5.17 0.1
5.16 0.1
5.15 0.1
5.16 0.1
5.20 0.1
5.25 0.1
5.34 0.1
5.44 0.1
5.56 0.1
5.67 0.1
5.79 0.1
5.91 0.1
6.03 0.1
6.14 0.1
6.24 0.1
6.33 0.1
6.39 0.1
6.46 0.1
6.53 0.1
6.56 0.1
6.59 0.1
6.59 0.1
6.57 0.1
6.55 0.1
6.48 0.1
6.42 0.1
6.30 0.1
6.21 0.1
6.07 0.1
5.92 0.1
5.77 0.1
5.61 0.1
5.45 0.1
5.31 0.1
5.18 0.1
5.04 0.1
4.87 0.1
4.71 0.1
4.55 0.1
4.39 0.1
4.23 0.1
4.09 0.1
3.94 0.1
3.80 0.1
3.66 0.1
3.52 0.1
3.40 0.1
3.28 0.1
3.18 0.1
3.09 0.1
3.03 0.1
2.99 0.1
2.96 0.1
2.99 0.1
3.05 0.1
3.15 0.1
3.30 0.1
3.52 0.1
3.76 0.1
4.04 0.1
4.31 0.1
4.57 0.1
4.81 0.1
5.02 0.1
5.20 0.1
5.39 0.1
5.56 0.1
5.75 0.1
5.92 0.1
6.08 0.1
6.24 0.1
6.38 0.1
6.50 0.1
6.60 0.1
6.70 0.1
6.79 0.1
6.85 0.1
6.91 0.1
6.96 0.1
6.98 0.1
6.98 0.1
6.95 0.1
6.91 0.1
6.84 0.1
6.74 0.1
6.63 0.1
6.50 0.1
6.36 0.1
6.21 0.1
6.06 0.1
5.91 0.1
5.77 0.1
5.65 0.1
5.53 0.1
5.43 0.1
5.32 0.1
5.23 0.1
5.15 0.1
5.08 0.1
5.03 0.1
4.99 0.1
4.97 0.1
4.98 0.1
4.99 0.1
5.01 0.1
5.05 0.1
5.13 0.1
5.22 0.1
5.36 0.1
5.49 0.1
5.64 0.1
5.78 0.1
5.92 0.1
6.05 0.1
6.17 0.1
6.37 0.1
6.47 0.1
6.54 0.1
6.61 0.1
6.67 0.1
6.72 0.1
6.75 0.1
6.77 0.1
6.76 0.1
6.74 0.1
6.69 0.1
6.63 0.1
6.53 0.1
6.42 0.1
6.29 0.1
6.15 0.1
5.99 0.1
5.85 0.1
5.70 0.1
5.56 0.1
5.40 0.1
5.30 0.1
5.14 0.1
4.97 0.1
4.81 0.1
4.68 0.1
4.55 0.1
4.48 0.1
4.33 0.1
4.17 0.1
4.17 0.1
4.03 0.1
3.90 0.1
3.81 0.1
3.82 0.1
3.82 0.1
3.85 0.1
3.87 0.1
3.96 0.1
4.06 0.1
4.24 0.1
4.50 0.1
4.70 0.1
4.96 0.1
5.18 0.1
5.40 0.1
5.61 0.1
5.78 0.1
5.98 0.1
6.17 0.1
6.34 0.1
6.49 0.1
6.65 0.1
6.81 0.1
6.93 0.1
7.05 0.1
7.15 0.1
7.25 0.1
7.31 0.1
7.38 0.1
7.42 0.1
7.44 0.1
7.45 0.1
7.44 0.1
7.40 0.1
7.33 0.1
7.21 0.1
7.07 0.1
6.91 0.1
6.72 0.1
6.55 0.1
6.37 0.1
6.22 0.1
6.05 0.1
5.88 0.1
5.79 0.1
5.61 0.1
5.48 0.1
5.33 0.1
5.22 0.1
5.09 0.1
5.01 0.1
4.92 0.1
4.80 0.1
4.80 0.1
4.72 0.1
4.65 0.1
4.66 0.1
4.69 0.1
4.71 0.1
4.81 0.1
4.93 0.1
5.05 0.1
5.23 0.1
5.45 0.1
5.65 0.1
5.83 0.1
6.01 0.1
6.15 0.1
6.28 0.1
6.40 0.1
6.50 0.1
6.59 0.1
6.68 0.1
6.75 0.1
6.80 0.1
6.84 0.1
6.85 0.1
6.86 0.1
6.83 0.1
6.78 0.1
6.70 0.1
6.61 0.1
6.49 0.1
6.34 0.1
6.19 0.1
6.03 0.1
5.88 0.1
5.72 0.1
5.56 0.1
5.43 0.1
5.28 0.1
5.16 0.1
5.03 0.1
4.85 0.1
4.72 0.1
4.57 0.1
4.46 0.1
4.30 0.1
4.25 0.1
4.21 0.1
4.09 0.1
4.00 0.1
3.97 0.1
3.93 0.1
3.94 0.1
4.06 0.1
4.12 0.1
4.25 0.1
4.42 0.1
4.67 0.1
4.92 0.1
5.18 0.1
5.44 0.1
5.64 0.1
5.85 0.1
6.03 0.1
6.19 0.1
6.36 0.1
6.51 0.1
6.65 0.1
6.78 0.1
6.91 0.1
7.01 0.1
7.10 0.1
7.19 0.1
7.25 0.1
7.29 0.1
7.32 0.1
7.35 0.1
7.34 0.1
7.32 0.1
7.26 0.1
7.17 0.1
7.04 0.1
6.88 0.1
6.69 0.1
6.49 0.1
6.29 0.1
6.10 0.1
5.92 0.1
5.75 0.1
5.58 0.1
5.44 0.1
5.28 0.1
5.13 0.1
5.00 0.1
4.88 0.1
4.76 0.1
4.65 0.1
4.53 0.1
4.44 0.1
4.33 0.1
4.27 0.1
4.17 0.1
4.09 0.1
4.06 0.1
4.03 0.1
4.05 0.1
4.09 0.1
4.18 0.1
4.33 0.1
4.50 0.1
4.72 0.1
4.94 0.1
5.17 0.1
5.38 0.1
5.56 0.1
5.72 0.1
5.85 0.1
5.96 0.1
6.06 0.1
6.16 0.1
6.25 0.1
6.33 0.1
6.38 0.1
6.42 0.1
6.44 0.1
6.45 0.1
6.43 0.1
6.39 0.1
6.32 0.1
6.23 0.1
6.11 0.1
5.97 0.1
5.82 0.1
5.66 0.1
5.50 0.1
5.35 0.1
5.22 0.1
5.08 0.1
4.95 0.1
4.82 0.1
4.69 0.1
4.54 0.1
4.43 0.1
4.34 0.1
4.22 0.1
4.13 0.1
4.04 0.1
3.99 0.1
3.94 0.1
3.96 0.1
3.96 0.1
4.01 0.1
4.11 0.1
4.22 0.1
4.39 0.1
4.62 0.1
4.84 0.1
5.10 0.1
5.32 0.1
5.54 0.1
5.73 0.1
5.90 0.1
6.07 0.1
6.23 0.1
6.39 0.1
6.54 0.1
6.68 0.1
6.82 0.1
6.92 0.1
7.02 0.1
7.09 0.1
7.16 0.1
7.21 0.1
7.24 0.1
7.25 0.1
7.24 0.1
7.21 0.1
7.13 0.1
7.01 0.1
6.86 0.1
6.69 0.1
6.49 0.1
6.28 0.1
6.08 0.1
5.88 0.1
5.70 0.1
5.53 0.1
5.36 0.1
5.20 0.1
5.03 0.1
4.88 0.1
4.73 0.1
4.59 0.1
4.45 0.1
4.32 0.1
4.19 0.1
4.06 0.1
3.95 0.1
3.82 0.1
3.72 0.1
3.64 0.1
3.57 0.1
3.53 0.1
3.53 0.1
3.56 0.1
3.62 0.1
3.73 0.1
3.90 0.1
4.09 0.1
4.32 0.1
4.56 0.1
4.79 0.1
5.01 0.1
5.21 0.1
5.38 0.1
5.52 0.1
5.64 0.1
5.77 0.1
5.88 0.1
5.99 0.1
6.09 0.1
6.17 0.1
6.23 0.1
6.27 0.1
6.29 0.1
6.29 0.1
6.26 0.1
6.22 0.1
6.16 0.1
6.08 0.1
5.97 0.1
5.84 0.1
5.70 0.1
5.54 0.1
5.39 0.1
5.24 0.1
5.11 0.1
4.98 0.1
4.86 0.1
4.73 0.1
4.61 0.1
4.50 0.1
4.40 0.1
4.31 0.1
4.25 0.1
4.20 0.1
4.17 0.1
4.18 0.1
4.20 0.1
4.25 0.1
4.34 0.1
4.45 0.1
4.60 0.1
4.79 0.1
5.01 0.1
5.24 0.1
5.46 0.1
5.67 0.1
5.86 0.1
6.03 0.1
6.19 0.1
6.36 0.1
6.51 0.1
6.66 0.1
6.80 0.1
6.92 0.1
7.04 0.1
7.13 0.1
7.21 0.1
7.27 0.1
7.31 0.1
7.32 0.1
7.32 0.1
7.30 0.1
7.24 0.1
7.15 0.1
7.04 0.1
6.88 0.1
6.68 0.1
6.46 0.1
6.25 0.1
6.04 0.1
5.85 0.1
5.68 0.1
5.52 0.1
5.35 0.1
5.19 0.1
5.01 0.1
4.83 0.1
4.69 0.1
4.52 0.1
4.39 0.1
4.23 0.1
4.12 0.1
4.00 0.1
3.90 0.1
3.77 0.1
3.67 0.1
3.56 0.1
3.49 0.1
3.41 0.1
3.36 0.1
3.39 0.1
3.45 0.1
3.50 0.1
3.68 0.1
3.86 0.1
4.12 0.1
4.36 0.1
4.62 0.1
4.86 0.1
5.09 0.1
5.28 0.1
5.44 0.1
5.59 0.1
5.72 0.1
5.84 0.1
5.96 0.1
6.06 0.1
6.15 0.1
6.23 0.1
6.30 0.1
6.35 0.1
6.38 0.1
6.39 0.1
6.40 0.1
6.38 0.1
6.35 0.1
6.29 0.1
6.22 0.1
6.12 0.1
5.99 0.1
5.85 0.1
5.71 0.1
5.57 0.1
5.43 0.1
5.31 0.1
5.18 0.1
5.08 0.1
4.97 0.1
4.87 0.1
4.80 0.1
4.75 0.1
4.71 0.1
4.66 0.1
4.66 0.1
4.68 0.1
4.74 0.1
4.85 0.1
4.99 0.1
5.15 0.1
5.33 0.1
5.54 0.1
5.74 0.1
5.93 0.1
6.12 0.1
6.28 0.1
6.44 0.1
6.59 0.1
6.73 0.1
6.88 0.1
7.02 0.1
7.15 0.1
7.26 0.1
7.35 0.1
7.43 0.1
7.48 0.1
7.54 0.1
7.57 0.1
7.57 0.1
7.57 0.1
7.53 0.1
7.45 0.1
7.33 0.1
7.17 0.1
6.99 0.1
6.77 0.1
6.55 0.1
6.33 0.1
6.12 0.1
5.94 0.1
5.75 0.1
5.57 0.1
5.39 0.1
5.23 0.1
5.04 0.1
4.89 0.1
4.72 0.1
4.60 0.1
4.47 0.1
4.32 0.1
4.20 0.1
4.07 0.1
3.92 0.1
3.81 0.1
3.70 0.1
3.60 0.1
3.49 0.1
3.39 0.1
3.34 0.1
3.33 0.1
3.34 0.1
3.43 0.1
3.54 0.1
3.74 0.1
3.95 0.1
4.24 0.1
4.51 0.1
4.78 0.1
5.02 0.1
5.22 0.1
5.39 0.1
5.53 0.1
5.68 0.1
5.83 0.1
5.96 0.1
6.09 0.1
6.19 0.1
6.27 0.1
6.33 0.1
6.39 0.1
6.45 0.1
6.50 0.1
6.52 0.1
6.53 0.1
6.54 0.1
6.52 0.1
6.47 0.1
6.42 0.1
6.35 0.1
6.23 0.1
6.09 0.1
5.95 0.1
5.82 0.1
5.70 0.1
5.57 0.1
5.44 0.1
5.32 0.1
5.23 0.1
5.17 0.1
5.08 0.1
5.05 0.1
5.01 0.1
4.97 0.1
5.02 0.1
5.06 0.1
5.14 0.1
5.26 0.1
5.42 0.1
5.58 0.1
5.79 0.1
5.98 0.1
6.17 0.1
6.35 0.1
6.51 0.1
6.67 0.1
6.82 0.1
6.96 0.1
7.10 0.1
7.22 0.1
7.33 0.1
7.42 0.1
7.51 0.1
7.58 0.1
7.63 0.1
7.67 0.1
7.68 0.1
7.67 0.1
7.65 0.1
7.58 0.1
7.48 0.1
7.35 0.1
7.19 0.1
7.00 0.1
6.80 0.1
6.58 0.1
6.38 0.1
6.17 0.1
5.97 0.1
5.79 0.1
5.61 0.1
5.43 0.1
5.27 0.1
5.11 0.1
4.97 0.1
4.83 0.1
4.75 0.1
4.64 0.1
4.44 0.1
4.32 0.1
4.16 0.1
4.02 0.1
3.88 0.1
3.77 0.1
3.64 0.1
3.53 0.1
3.44 0.1
3.37 0.1
3.33 0.1
3.31 0.1
3.35 0.1
3.44 0.1
3.55 0.1
3.83 0.1
4.03 0.1
4.32 0.1
4.65 0.1
4.93 0.1
5.16 0.1
5.39 0.1
5.56 0.1
5.71 0.1
5.84 0.1
5.96 0.1
6.07 0.1
6.17 0.1
6.27 0.1
6.35 0.1
6.42 0.1
6.48 0.1
6.53 0.1
6.58 0.1
6.61 0.1
6.63 0.1
6.63 0.1
6.62 0.1
6.58 0.1
6.53 0.1
6.44 0.1
6.32 0.1
6.17 0.1
6.06 0.1
5.95 0.1
5.81 0.1
5.68 0.1
5.57 0.1
5.46 0.1
5.41 0.1
5.36 0.1
5.31 0.1
5.27 0.1
5.27 0.1
5.30 0.1
5.37 0.1
5.47 0.1
5.60 0.1
5.75 0.1
5.91 0.1
6.10 0.1
6.27 0.1
6.45 0.1
6.61 0.1
6.77 0.1
6.92 0.1
7.05 0.1
7.19 0.1
7.32 0.1
7.44 0.1
7.54 0.1
7.63 0.1
7.70 0.1
7.76 0.1
7.79 0.1
7.80 0.1
7.80 0.1
7.79 0.1
7.75 0.1
7.67 0.1
7.57 0.1
7.42 0.1
7.25 0.1
7.05 0.1
6.83 0.1
6.61 0.1
6.40 0.1
6.21 0.1
6.02 0.1
5.83 0.1
5.64 0.1
5.46 0.1
5.29 0.1
5.12 0.1
5.00 0.1
4.85 0.1
4.72 0.1
4.58 0.1
4.43 0.1
4.29 0.1
4.14 0.1
4.01 0.1
3.85 0.1
3.71 0.1
3.57 0.1
3.48 0.1
3.37 0.1
3.28 0.1
3.21 0.1
3.17 0.1
3.16 0.1
3.20 0.1
3.29 0.1
3.43 0.1
3.63 0.1
3.89 0.1
4.17 0.1
4.46 0.1
4.73 0.1
4.97 0.1
5.17 0.1
5.34 0.1
5.49 0.1
5.63 0.1
5.76 0.1
5.89 0.1
5.98 0.1
6.09 0.1
6.19 0.1
6.28 0.1
6.34 0.1
6.38 0.1
6.40 0.1
6.42 0.1
6.43 0.1
6.43 0.1
6.41 0.1
6.37 0.1
6.30 0.1
6.21 0.1
6.11 0.1
5.99 0.1
5.87 0.1
5.74 0.1
5.63 0.1
5.54 0.1
5.46 0.1
5.40 0.1
5.35 0.1
5.33 0.1
5.33 0.1
5.34 0.1
5.36 0.1
5.42 0.1
5.50 0.1
5.61 0.1
5.74 0.1
5.89 0.1
6.05 0.1
6.21 0.1
6.36 0.1
6.50 0.1
6.64 0.1
6.77 0.1
6.90 0.1
7.03 0.1
7.14 0.1
7.25 0.1
7.36 0.1
7.44 0.1
7.52 0.1
7.58 0.1
7.62 0.1
7.64 0.1
7.64 0.1
7.62 0.1
7.58 0.1
7.49 0.1
7.38 0.1
7.24 0.1
7.06 0.1
6.88 0.1
6.67 0.1
6.46 0.1
6.26 0.1
6.07 0.1
5.89 0.1
5.70 0.1
5.53 0.1
5.34 0.1
5.18 0.1
5.03 0.1
4.87 0.1
4.71 0.1
4.57 0.1
4.42 0.1
4.29 0.1
4.14 0.1
3.97 0.1
3.85 0.1
3.71 0.1
3.58 0.1
3.45 0.1
3.35 0.1
3.22 0.1
3.14 0.1
3.06 0.1
3.03 0.1
2.97 0.1
3.03 0.1
3.10 0.1
3.23 0.1
3.40 0.1
3.64 0.1
3.92 0.1
4.22 0.1
4.51 0.1
4.77 0.1
4.98 0.1
5.16 0.1
5.32 0.1
5.45 0.1
5.59 0.1
5.73 0.1
5.86 0.1
5.97 0.1
6.06 0.1
6.14 0.1
6.20 0.1
6.26 0.1
6.31 0.1
6.34 0.1
6.37 0.1
6.39 0.1
6.39 0.1
6.36 0.1
6.32 0.1
6.26 0.1
6.20 0.1
6.12 0.1
6.02 0.1
5.91 0.1
5.81 0.1
5.70 0.1
5.61 0.1
5.54 0.1
5.50 0.1
5.47 0.1
5.46 0.1
5.46 0.1
5.48 0.1
5.53 0.1
5.61 0.1
5.72 0.1
5.84 0.1
5.97 0.1
6.12 0.1
6.26 0.1
6.41 0.1
6.56 0.1
6.69 0.1
6.81 0.1
6.94 0.1
7.05 0.1
7.16 0.1
7.26 0.1
7.36 0.1
7.46 0.1
7.53 0.1
7.58 0.1
7.62 0.1
7.65 0.1
7.65 0.1
7.62 0.1
7.57 0.1
7.50 0.1
7.39 0.1
7.25 0.1
7.09 0.1
6.91 0.1
6.72 0.1
6.52 0.1
6.33 0.1
6.15 0.1
5.96 0.1
5.78 0.1
5.59 0.1
5.41 0.1
5.24 0.1
5.08 0.1
4.92 0.1
4.77 0.1
4.62 0.1
4.47 0.1
4.32 0.1
4.17 0.1
4.04 0.1
3.89 0.1
3.77 0.1
3.64 0.1
3.49 0.1
3.34 0.1
3.24 0.1
3.16 0.1
3.11 0.1
3.04 0.1
2.99 0.1
3.03 0.1
3.06 0.1
3.20 0.1
3.35 0.1
3.59 0.1
3.84 0.1
4.13 0.1
4.42 0.1
4.67 0.1
4.89 0.1
5.08 0.1
5.24 0.1
5.39 0.1
5.53 0.1
5.67 0.1
5.80 0.1
5.92 0.1
6.02 0.1
6.12 0.1
6.20 0.1
6.27 0.1
6.34 0.1
6.38 0.1
6.42 0.1
6.45 0.1
6.48 0.1
6.49 0.1
6.48 0.1
6.45 0.1
6.41 0.1
6.35 0.1
6.27 0.1
6.18 0.1
6.09 0.1
6.00 0.1
5.92 0.1
5.85 0.1
5.81 0.1
5.79 0.1
5.79 0.1
5.80 0.1
5.83 0.1
5.88 0.1
5.94 0.1
6.01 0.1
6.10 0.1
6.21 0.1
6.32 0.1
6.45 0.1
6.58 0.1
6.70 0.1
6.82 0.1
6.94 0.1
7.06 0.1
7.16 0.1
7.27 0.1
7.37 0.1
7.46 0.1
7.54 0.1
7.62 0.1
7.66 0.1
7.70 0.1
7.73 0.1
7.74 0.1
7.73 0.1
7.70 0.1
7.64 0.1
7.56 0.1
7.44 0.1
7.29 0.1
7.13 0.1
6.91 0.1
6.76 0.1
6.58 0.1
6.40 0.1
6.22 0.1
6.06 0.1
5.86 0.1
5.67 0.1
5.51 0.1
5.32 0.1
5.17 0.1
5.03 0.1
4.90 0.1
4.75 0.1
4.59 0.1
4.43 0.1
4.30 0.1
4.14 0.1
4.00 0.1
3.86 0.1
3.72 0.1
3.58 0.1
3.49 0.1
3.37 0.1
3.26 0.1
3.20 0.1
3.21 0.1
3.13 0.1
3.19 0.1
3.27 0.1
3.38 0.1
3.53 0.1
3.73 0.1
3.98 0.1
4.23 0.1
4.51 0.1
4.76 0.1
4.98 0.1
5.16 0.1
5.32 0.1
5.45 0.1
5.60 0.1
5.74 0.1
5.86 0.1
5.98 0.1
6.08 0.1
6.18 0.1
6.27 0.1
6.33 0.1
6.38 0.1
6.43 0.1
6.46 0.1
6.49 0.1
6.50 0.1
6.50 0.1
6.49 0.1
6.46 0.1
6.42 0.1
6.38 0.1
6.34 0.1
6.28 0.1
6.22 0.1
6.17 0.1
6.12 0.1
6.08 0.1
6.05 0.1
6.03 0.1
6.04 0.1
6.06 0.1
6.09 0.1
6.11 0.1
6.16 0.1
6.23 0.1
6.32 0.1
6.41 0.1
6.50 0.1
6.60 0.1
6.73 0.1
6.85 0.1
6.94 0.1
7.03 0.1
7.14 0.1
7.25 0.1
7.33 0.1
7.41 0.1
7.47 0.1
7.53 0.1
7.58 0.1
7.63 0.1
7.66 0.1
7.70 0.1
7.72 0.1
7.72 0.1
7.69 0.1
7.63 0.1
7.56 0.1
7.44 0.1
7.33 0.1
7.16 0.1
6.95 0.1
6.82 0.1
6.68 0.1
6.52 0.1
6.35 0.1
6.22 0.1
6.00 0.1
5.86 0.1
5.70 0.1
5.49 0.1
5.35 0.1
5.29 0.1
5.07 0.1
4.94 0.1
4.81 0.1
4.65 0.1
4.49 0.1
4.32 0.1
4.30 0.1
4.17 0.1
3.95 0.1
3.82 0.1
3.75 0.1
3.60 0.1
3.56 0.1
3.53 0.1
3.49 0.1
3.54 0.1
3.51 0.1
3.56 0.1
3.72 0.1
3.92 0.1
4.08 0.1
4.33 0.1
4.63 0.1
4.85 0.1
5.07 0.1
5.29 0.1
5.47 0.1
5.63 0.1
5.77 0.1
5.92 0.1
6.02 0.1
6.14 0.1
6.24 0.1
6.32 0.1
6.39 0.1
6.46 0.1
6.51 0.1
6.56 0.1
6.60 0.1
6.63 0.1
6.66 0.1
6.68 0.1
6.68 0.1
6.68 0.1
6.66 0.1
6.63 0.1
6.59 0.1
6.52 0.1
6.43 0.1
6.34 0.1
6.24 0.1
6.16 0.1
6.07 0.1
6.01 0.1
5.95 0.1
5.91 0.1
5.89 0.1
5.86 0.1
5.85 0.1
5.87 0.1
5.90 0.1
5.97 0.1
6.04 0.1
6.09 0.1
6.18 0.1
6.28 0.1
6.38 0.1
6.47 0.1
6.57 0.1
6.66 0.1
6.74 0.1
6.82 0.1
6.90 0.1
6.97 0.1
7.03 0.1
7.09 0.1
7.13 0.1
7.15 0.1
7.17 0.1
7.17 0.1
7.14 0.1
7.10 0.1
7.04 0.1
6.95 0.1
6.85 0.1
6.73 0.1
6.58 0.1
6.43 0.1
6.28 0.1
6.12 0.1
5.97 0.1
5.82 0.1
5.67 0.1
5.48 0.1
5.34 0.1
5.17 0.1
4.98 0.1
4.82 0.1
4.71 0.1
4.50 0.1
4.36 0.1
4.17 0.1
4.01 0.1
3.83 0.1
3.74 0.1
3.62 0.1
3.42 0.1
3.29 0.1
3.14 0.1
3.05 0.1
2.98 0.1
2.92 0.1
2.87 0.1
2.82 0.1
2.81 0.1
2.88 0.1
3.01 0.1
3.11 0.1
3.31 0.1
3.54 0.1
3.81 0.1
4.03 0.1
4.29 0.1
4.51 0.1
4.71 0.1
4.89 0.1
5.04 0.1
5.19 0.1
5.33 0.1
5.47 0.1
5.60 0.1
5.72 0.1
5.84 0.1
5.94 0.1
6.03 0.1
6.10 0.1
6.18 0.1
6.24 0.1
6.30 0.1
6.35 0.1
6.37 0.1
6.39 0.1
6.40 0.1
6.39 0.1
6.37 0.1
6.33 0.1
6.27 0.1
6.20 0.1
6.12 0.1
6.04 0.1
5.96 0.1
5.90 0.1
5.84 0.1
5.78 0.1
5.73 0.1
5.71 0.1
5.69 0.1
5.66 0.1
5.66 0.1
5.66 0.1
5.68 0.1
5.71 0.1
5.74 0.1
5.81 0.1
5.88 0.1
5.97 0.1
6.05 0.1
6.12 0.1
6.20 0.1
6.26 0.1
6.34 0.1
6.41 0.1
6.48 0.1
6.54 0.1
6.59 0.1
6.65 0.1
6.69 0.1
6.72 0.1
6.74 0.1
6.74 0.1
6.72 0.1
6.68 0.1
6.62 0.1
6.54 0.1
6.45 0.1
6.33 0.1
6.19 0.1
6.04 0.1
5.89 0.1
5.75 0.1
5.61 0.1
5.45 0.1
5.29 0.1
5.12 0.1
4.93 0.1
4.77 0.1
4.62 0.1
4.43 0.1
4.30 0.1
4.14 0.1
4.01 0.1
3.87 0.1
3.69 0.1
3.54 0.1
3.37 0.1
3.27 0.1
3.14 0.1
3.03 0.1
2.92 0.1
2.86 0.1
2.81 0.1
2.68 0.1
2.73 0.1
2.74 0.1
2.82 0.1
2.89 0.1
3.03 0.1
3.20 0.1
3.42 0.1
3.66 0.1
3.95 0.1
4.16 0.1
4.38 0.1
4.57 0.1
4.76 0.1
4.92 0.1
5.09 0.1
5.26 0.1
5.43 0.1
5.58 0.1
5.71 0.1
5.85 0.1
5.96 0.1
6.06 0.1
6.15 0.1
6.24 0.1
6.31 0.1
6.38 0.1
6.43 0.1
6.46 0.1
6.50 0.1
6.51 0.1
6.50 0.1
6.48 0.1
6.44 0.1
6.38 0.1
6.31 0.1
6.22 0.1
6.13 0.1
6.02 0.1
5.91 0.1
5.81 0.1
5.71 0.1
5.62 0.1
5.55 0.1
5.49 0.1
5.43 0.1
5.37 0.1
5.32 0.1
5.30 0.1
5.28 0.1
5.27 0.1
5.28 0.1
5.31 0.1
5.37 0.1
5.43 0.1
5.51 0.1
5.58 0.1
5.68 0.1
5.77 0.1
5.86 0.1
5.95 0.1
6.04 0.1
6.11 0.1
6.18 0.1
6.24 0.1
6.30 0.1
6.34 0.1
6.37 0.1
6.38 0.1
6.38 0.1
6.36 0.1
6.33 0.1
6.28 0.1
6.21 0.1
6.11 0.1
5.72 0.1
5.58 0.1
5.44 0.1
5.29 0.1
5.14 0.1
5.00 0.1
4.84 0.1
4.67 0.1
4.49 0.1
4.34 0.1
4.19 0.1
4.03 0.1
3.86 0.1
3.72 0.1
3.61 0.1
3.45 0.1
3.32 0.1
3.18 0.1
3.08 0.1
2.98 0.1
2.86 0.1
2.82 0.1
2.74 0.1
2.73 0.1
2.75 0.1
2.78 0.1
2.82 0.1
2.97 0.1
3.17 0.1
3.34 0.1
3.58 0.1
3.87 0.1
4.14 0.1
4.39 0.1
4.59 0.1
4.78 0.1
4.96 0.1
5.13 0.1
5.32 0.1
5.49 0.1
5.65 0.1
5.80 0.1
5.93 0.1
6.05 0.1
6.17 0.1
6.27 0.1
6.36 0.1
6.44 0.1
6.51 0.1
6.56 0.1
6.60 0.1
6.61 0.1
6.60 0.1
6.57 0.1
6.53 0.1
6.46 0.1
6.37 0.1
6.26 0.1
6.12 0.1
5.96 0.1
5.81 0.1
5.65 0.1
5.51 0.1
5.38 0.1
5.26 0.1
5.16 0.1
5.08 0.1
4.99 0.1
4.88 0.1
4.80 0.1
4.74 0.1
4.66 0.1
4.64 0.1
4.62 0.1
4.62 0.1
4.63 0.1
4.66 0.1
4.71 0.1
4.78 0.1
4.88 0.1
5.01 0.1
5.14 0.1
5.28 0.1
5.42 0.1
5.55 0.1
5.67 0.1
5.77 0.1
5.86 0.1
5.95 0.1
6.05 0.1
6.11 0.1
6.15 0.1
6.18 0.1
6.21 0.1
6.22 0.1
6.20 0.1
6.17 0.1
6.11 0.1
6.02 0.1
5.91 0.1
5.78 0.1
5.64 0.1
5.48 0.1
5.32 0.1
5.17 0.1
5.03 0.1
4.88 0.1
4.73 0.1
4.58 0.1
4.41 0.1
4.25 0.1
4.09 0.1
3.93 0.1
3.81 0.1
3.68 0.1
3.50 0.1
3.40 0.1
3.30 0.1
3.19 0.1
3.07 0.1
2.97 0.1
2.93 0.1
2.94 0.1
2.93 0.1
2.91 0.1
2.98 0.1
3.14 0.1
3.29 0.1
3.52 0.1
3.78 0.1
4.06 0.1
4.35 0.1
4.60 0.1
4.84 0.1
5.04 0.1
5.24 0.1
5.43 0.1
5.62 0.1
5.79 0.1
5.96 0.1
6.12 0.1
6.26 0.1
6.38 0.1
6.49 0.1
6.59 0.1
6.67 0.1
6.73 0.1
6.80 0.1
6.85 0.1
6.87 0.1
6.87 0.1
6.86 0.1
6.81 0.1
6.74 0.1
6.64 0.1
6.50 0.1
6.35 0.1
6.17 0.1
5.99 0.1
5.80 0.1
5.63 0.1
5.45 0.1
5.30 0.1
5.15 0.1
5.01 0.1
4.89 0.1
4.76 0.1
4.64 0.1
4.51 0.1
4.41 0.1
4.28 0.1
4.22 0.1
4.14 0.1
4.08 0.1
4.05 0.1
4.05 0.1
4.05 0.1
4.09 0.1
4.17 0.1
4.29 0.1
4.43 0.1
4.61 0.1
4.80 0.1
4.97 0.1
5.15 0.1
5.32 0.1
5.47 0.1
5.60 0.1
5.72 0.1
5.83 0.1
5.93 0.1
6.01 0.1
6.09 0.1
6.15 0.1
6.19 0.1
6.21 0.1
6.21 0.1
6.20 0.1
6.16 0.1
6.08 0.1
5.99 0.1
5.87 0.1
5.73 0.1
5.58 0.1
5.44 0.1
5.27 0.1
5.11 0.1
4.95 0.1
4.82 0.1
4.69 0.1
4.55 0.1
4.35 0.1
4.26 0.1
4.14 0.1
4.03 0.1
3.94 0.1
3.82 0.1
3.73 0.1
3.71 0.1
3.56 0.1
3.54 0.1
3.50 0.1
3.57 0.1
3.58 0.1
3.67 0.1
3.80 0.1
3.92 0.1
4.12 0.1
4.35 0.1
4.63 0.1
4.88 0.1
5.15 0.1
5.38 0.1
5.58 0.1
5.79 0.1
6.00 0.1
6.18 0.1
6.35 0.1
6.49 0.1
6.61 0.1
6.75 0.1
6.88 0.1
6.99 0.1
7.07 0.1
7.14 0.1
7.20 0.1
7.26 0.1
7.30 0.1
7.30 0.1
7.29 0.1
7.24 0.1
7.17 0.1
7.05 0.1
6.90 0.1
6.71 0.1
6.51 0.1
6.31 0.1
6.10 0.1
5.91 0.1
5.72 0.1
5.51 0.1
5.36 0.1
5.16 0.1
5.04 0.1
4.90 0.1
4.75 0.1
4.61 0.1
4.50 0.1
4.35 0.1
4.21 0.1
4.12 0.1
4.06 0.1
3.93 0.1
3.87 0.1
3.81 0.1
3.75 0.1
3.71 0.1
3.75 0.1
3.84 0.1
3.90 0.1
4.05 0.1
4.27 0.1
4.48 0.1
4.73 0.1
4.97 0.1
5.19 0.1
5.38 0.1
5.55 0.1
5.68 0.1
5.80 0.1
5.92 0.1
6.03 0.1
6.12 0.1
6.20 0.1
6.26 0.1
6.30 0.1
6.32 0.1
6.32 0.1
6.29 0.1
6.25 0.1
6.17 0.1
6.08 0.1
5.96 0.1
5.82 0.1
5.66 0.1
5.49 0.1
5.31 0.1
5.15 0.1
5.00 0.1
4.85 0.1
4.71 0.1
4.58 0.1
4.44 0.1
4.30 0.1
4.18 0.1
4.04 0.1
4.02 0.1
3.88 0.1
3.81 0.1
3.79 0.1
3.73 0.1
3.77 0.1
3.81 0.1
3.93 0.1
4.05 0.1
4.28 0.1
4.54 0.1
4.80 0.1
5.08 0.1
5.33 0.1
5.59 0.1
5.80 0.1
6.00 0.1
6.18 0.1
6.36 0.1
6.54 0.1
6.70 0.1
6.86 0.1
6.99 0.1
7.11 0.1
7.21 0.1
7.30 0.1
7.39 0.1
7.46 0.1
7.51 0.1
7.56 0.1
7.57 0.1
7.56 0.1
7.52 0.1
7.45 0.1
7.33 0.1
7.18 0.1
6.99 0.1
6.76 0.1
6.51 0.1
6.27 0.1
6.05 0.1
5.84 0.1
5.66 0.1
5.48 0.1
5.31 0.1
5.14 0.1
4.98 0.1
4.84 0.1
4.66 0.1
4.56 0.1
4.39 0.1
4.26 0.1
4.15 0.1
3.99 0.1
3.88 0.1
3.77 0.1
3.67 0.1
3.57 0.1
3.47 0.1
3.44 0.1
3.37 0.1
3.38 0.1
3.44 0.1
3.53 0.1
3.72 0.1
3.92 0.1
4.22 0.1
4.50 0.1
4.79 0.1
5.04 0.1
5.26 0.1
5.45 0.1
5.61 0.1
5.75 0.1
5.88 0.1
6.00 0.1
6.11 0.1
6.21 0.1
6.28 0.1
6.34 0.1
6.37 0.1
6.38 0.1
6.38 0.1
6.36 0.1
6.31 0.1
6.25 0.1
6.16 0.1
6.05 0.1
5.92 0.1
5.75 0.1
5.59 0.1
5.43 0.1
5.27 0.1
5.12 0.1
5.00 0.1
4.86 0.1
4.79 0.1
4.67 0.1
4.58 0.1
4.46 0.1
4.40 0.1
4.34 0.1
4.26 0.1
4.27 0.1
4.25 0.1
4.30 0.1
4.48 0.1
4.63 0.1
4.82 0.1
5.06 0.1
5.33 0.1
5.61 0.1
5.87 0.1
6.11 0.1
6.33 0.1
6.52 0.1
6.71 0.1
6.89 0.1
7.05 0.1
7.20 0.1
7.34 0.1
7.45 0.1
7.54 0.1
7.64 0.1
7.72 0.1
7.79 0.1
7.86 0.1
7.92 0.1
7.93 0.1
7.93 0.1
7.90 0.1
7.83 0.1
7.71 0.1
7.54 0.1
7.33 0.1
7.09 0.1
6.84 0.1
6.58 0.1
6.35 0.1
6.13 0.1
5.95 0.1
5.74 0.1
5.59 0.1
5.41 0.1
5.26 0.1
5.10 0.1
4.94 0.1
4.74 0.1
4.61 0.1
4.49 0.1
4.31 0.1
4.20 0.1
4.07 0.1
3.87 0.1
3.81 0.1
3.64 0.1
3.57 0.1
3.46 0.1
3.33 0.1
3.26 0.1
3.19 0.1
3.26 0.1
3.27 0.1
3.41 0.1
3.60 0.1
3.82 0.1
4.06 0.1
4.43 0.1
4.71 0.1
4.99 0.1
5.24 0.1
5.45 0.1
5.62 0.1
5.76 0.1
5.90 0.1
6.02 0.1
6.13 0.1
6.22 0.1
6.31 0.1
6.38 0.1
6.43 0.1
6.48 0.1
6.50 0.1
6.51 0.1
6.51 0.1
6.49 0.1
6.46 0.1
6.39 0.1
6.29 0.1
6.17 0.1
6.02 0.1
5.85 0.1
5.69 0.1
5.52 0.1
5.37 0.1
5.20 0.1
5.08 0.1
4.99 0.1
4.92 0.1
4.85 0.1
4.82 0.1
4.79 0.1
4.79 0.1
4.90 0.1
4.95 0.1
4.99 0.1
5.20 0.1
5.41 0.1
5.62 0.1
5.89 0.1
6.12 0.1
6.37 0.1
6.58 0.1
6.80 0.1
6.99 0.1
7.17 0.1
7.33 0.1
7.46 0.1
7.60 0.1
7.73 0.1
7.84 0.1
7.91 0.1
8.01 0.1
8.09 0.1
8.16 0.1
8.20 0.1
8.23 0.1
8.24 0.2
8.23 0.2
8.17 0.2
8.07 0.2
7.93 0.2
7.74 0.2
7.51 0.2
7.23 0.2
6.96 0.2
6.71 0.2
6.48 0.2
6.28 0.2
6.09 0.2
5.90 0.2
5.75 0.2
5.58 0.1
5.40 0.1
5.26 0.1
5.05 0.1
4.92 0.1
4.78 0.1
4.61 0.1
4.48 0.1
4.33 0.1
4.16 0.1
4.08 0.1
3.86 0.1
3.80 0.1
3.63 0.1
3.44 0.1
3.37 0.1
3.32 0.1
3.21 0.1
3.14 0.1
3.18 0.1
3.29 0.1
3.38 0.1
3.56 0.1
3.80 0.1
4.13 0.1
4.45 0.1
4.77 0.1
5.07 0.1
5.31 0.1
5.51 0.1
5.68 0.1
5.82 0.1
5.95 0.1
6.07 0.1
6.18 0.1
6.28 0.1
6.36 0.1
6.42 0.1
6.48 0.1
6.52 0.1
6.55 0.1
6.56 0.1
6.55 0.1
6.53 0.1
6.50 0.1
6.43 0.1
6.34 0.1
6.23 0.1
6.08 0.1
5.92 0.1
5.77 0.1
5.62 0.1
5.50 0.1
5.38 0.1
5.29 0.1
5.20 0.1
5.11 0.1
5.02 0.1
5.01 0.1
4.99 0.1
5.01 0.1
5.06 0.1
5.18 0.1
5.29 0.1
5.50 0.1
5.72 0.1
5.97 0.1
6.22 0.1
6.45 0.1
6.67 0.1
6.87 0.1
7.05 0.1
7.23 0.1
7.40 0.1
7.55 0.1
7.71 0.1
7.81 0.1
7.91 0.1
8.00 0.1
8.08 0.1
8.15 0.1
8.21 0.1
8.25 0.2
8.27 0.2
8.27 0.2
8.24 0.2
8.17 0.2
8.08 0.2
7.92 0.3
7.71 0.3
7.47 0.3
7.22 0.3
6.96 0.3
6.71 0.3
6.49 0.3
6.28 0.2
6.10 0.2
5.90 0.2
5.71 0.2
5.54 0.1
5.37 0.1
5.22 0.1
5.06 0.1
4.91 0.1
4.75 0.1
4.61 0.1
4.44 0.1
4.30 0.1
4.14 0.1
3.98 0.1
3.80 0.1
3.65 0.1
3.51 0.1
3.39 0.1
3.28 0.1
3.15 0.1
3.07 0.1
3.02 0.1
3.03 0.1
3.07 0.1
3.18 0.1
3.36 0.1
3.61 0.1
3.94 0.1
4.30 0.1
4.61 0.1
4.93 0.1
5.21 0.1
5.43 0.1
5.61 0.1
5.75 0.1
5.88 0.1
6.01 0.1
6.13 0.1
6.25 0.1
6.34 0.1
6.42 0.1
6.49 0.1
6.56 0.1
6.61 0.1
6.66 0.1
6.69 0.1
6.71 0.1
6.70 0.1
6.67 0.1
6.62 0.1
6.55 0.1
6.46 0.1
6.35 0.1
6.22 0.1
6.07 0.1
5.93 0.1
5.79 0.1
5.67 0.1
5.50 0.1
5.42 0.1
5.37 0.1
5.36 0.1
5.36 0.1
5.40 0.1
5.50 0.1
5.63 0.1
5.79 0.1
6.02 0.1
6.26 0.1
6.50 0.1
6.72 0.1
6.94 0.1
7.15 0.1
7.33 0.1
7.51 0.1
7.67 0.1
7.82 0.1
7.96 0.1
8.08 0.1
8.19 0.1
8.27 0.1
8.36 0.2
8.44 0.2
8.47 0.2
8.50 0.2
8.51 0.3
8.51 0.3
8.47 0.3
8.41 0.3
8.31 0.4
8.16 0.4
7.97 0.4
7.76 0.4
7.50 0.4
7.26 0.4
7.02 0.3
6.77 0.3
6.58 0.3
6.39 0.3
6.19 0.3
6.06 0.2
5.89 0.2
5.72 0.2
5.53 0.1
5.41 0.1
5.24 0.1
5.08 0.1
4.89 0.1
4.75 0.1
4.53 0.1
4.44 0.1
4.25 0.1
4.05 0.1
3.92 0.1
3.81 0.1
3.64 0.1
3.45 0.1
3.46 0.1
3.31 0.1
3.25 0.1
3.22 0.1
3.26 0.1
3.31 0.1
3.43 0.1
3.63 0.1
3.89 0.1
4.24 0.1
4.59 0.1
4.90 0.1
5.16 0.1
5.41 0.1
5.62 0.1
5.78 0.1
5.92 0.1
6.06 0.1
6.18 0.1
6.28 0.1
6.39 0.1
6.48 0.1
6.58 0.1
6.65 0.1
6.71 0.1
6.76 0.1
6.81 0.1
6.84 0.1
6.85 0.1
6.85 0.1
6.82 0.1
6.76 0.1
6.68 0.1
6.58 0.1
6.45 0.1
6.31 0.1
6.16 0.1
6.03 0.1
5.90 0.1
5.79 0.1
5.69 0.1
5.60 0.1
5.58 0.1
5.54 0.1
5.54 0.1
5.60 0.1
5.66 0.1
5.74 0.1
5.86 0.1
6.01 0.1
6.20 0.1
6.40 0.1
6.61 0.1
6.82 0.1
7.00 0.1
7.18 0.1
7.35 0.1
7.50 0.1
7.65 0.1
7.78 0.1
7.90 0.1
8.00 0.1
8.10 0.1
8.19 0.2
8.24 0.2
8.30 0.2
8.34 0.2
8.36 0.3
8.36 0.3
8.34 0.3
8.27 0.3
8.16 0.3
8.01 0.3
7.83 0.3
7.61 0.3
7.36 0.3
7.13 0.3
6.90 0.3
6.67 0.3
6.47 0.3
6.30 0.3
6.11 0.3
5.93 0.2
5.75 0.2
5.59 0.1
5.45 0.1
5.27 0.1
5.02 0.1
4.94 0.1
4.78 0.1
4.59 0.1
4.44 0.1
4.33 0.1
4.16 0.1
3.95 0.1
3.83 0.1
3.65 0.1
3.56 0.1
3.47 0.1
3.26 0.1
3.16 0.1
3.05 0.1
3.08 0.1
3.00 0.1
3.08 0.1
3.15 0.1
3.36 0.1
3.60 0.1
3.87 0.1
4.23 0.1
4.56 0.1
4.86 0.1
5.13 0.1
5.35 0.1
5.53 0.1
5.68 0.1
5.82 0.1
5.96 0.1
6.09 0.1
6.21 0.1
6.32 0.1
6.40 0.1
6.48 0.1
6.54 0.1
6.60 0.1
6.63 0.1
6.66 0.1
6.68 0.1
6.68 0.1
6.66 0.1
6.63 0.1
6.56 0.1
6.48 0.1
6.37 0.1
6.25 0.1
6.12 0.1
5.98 0.1
5.85 0.1
5.74 0.1
5.64 0.1
5.57 0.1
5.52 0.1
5.49 0.1
5.43 0.1
5.45 0.1
5.47 0.1
5.51 0.1
5.63 0.1
5.75 0.1
5.91 0.1
6.09 0.1
6.29 0.1
6.48 0.1
6.67 0.1
6.83 0.1
6.99 0.1
7.13 0.1
7.28 0.1
7.41 0.1
7.55 0.1
7.66 0.1
7.77 0.1
7.86 0.1
7.92 0.1
7.97 0.1
8.02 0.2
8.05 0.2
8.05 0.2
8.03 0.2
8.00 0.3
7.91 0.3
7.80 0.3
7.63 0.3
7.43 0.3
7.21 0.3
6.97 0.3
6.73 0.3
6.51 0.3
6.30 0.2
6.11 0.2
5.92 0.2
5.73 0.1
5.55 0.1
5.38 0.1
5.24 0.1
5.05 0.1
4.91 0.1
4.75 0.1
4.61 0.1
4.46 0.1
4.31 0.1
4.15 0.1
3.99 0.1
3.83 0.1
3.69 0.1
3.54 0.1
3.39 0.1
3.26 0.1
3.16 0.1
3.05 0.1
2.98 0.1
2.94 0.1
2.94 0.1
2.98 0.1
3.09 0.1
3.27 0.1
3.52 0.1
3.83 0.1
4.17 0.1
4.50 0.1
4.80 0.1
5.05 0.1
5.27 0.1
5.44 0.1
5.59 0.1
5.74 0.1
5.88 0.1
6.02 0.1
6.14 0.1
6.25 0.1
6.36 0.1
6.44 0.1
6.52 0.1
6.58 0.1
6.63 0.1
6.67 0.1
6.69 0.1
6.70 0.1
6.70 0.1
6.67 0.1
6.63 0.1
6.55 0.1
6.45 0.1
6.34 0.1
6.21 0.1
6.09 0.1
5.95 0.1
5.84 0.1
5.73 0.1
5.65 0.1
5.58 0.1
5.52 0.1
5.49 0.1
5.47 0.1
5.47 0.1
5.50 0.1
5.54 0.1
5.60 0.1
5.71 0.1
5.82 0.1
5.97 0.1
6.12 0.1
6.28 0.1
6.44 0.1
6.59 0.1
6.74 0.1
6.88 0.1
7.01 0.1
7.15 0.1
7.28 0.1
7.39 0.1
7.49 0.1
7.57 0.1
7.64 0.1
7.70 0.1
7.73 0.1
7.75 0.1
7.75 0.2
7.73 0.2
7.68 0.2
7.59 0.2
7.46 0.2
7.29 0.2
7.11 0.2
6.91 0.2
6.70 0.2
6.50 0.2
6.30 0.2
6.10 0.2
5.90 0.1
5.71 0.1
5.53 0.1
5.33 0.1
5.18 0.1
5.01 0.1
4.86 0.1
4.73 0.1
4.50 0.1
4.42 0.1
4.27 0.1
4.10 0.1
3.97 0.1
3.83 0.1
3.70 0.1
3.55 0.1
3.44 0.1
3.32 0.1
3.22 0.1
3.13 0.1
3.06 0.1
3.05 0.1
3.09 0.1
3.13 0.1
3.23 0.1
3.46 0.1
3.68 0.1
3.98 0.1
4.29 0.1
4.59 0.1
4.86 0.1
5.10 0.1
5.30 0.1
5.47 0.1
5.63 0.1
5.79 0.1
5.93 0.1
6.07 0.1
6.19 0.1
6.30 0.1
6.40 0.1
6.50 0.1
6.58 0.1
6.65 0.1
6.71 0.1
6.76 0.1
6.80 0.1
6.82 0.1
6.84 0.1
6.84 0.1
6.81 0.1
6.76 0.1
6.69 0.1
6.61 0.1
6.51 0.1
6.37 0.1
6.22 0.1
6.08 0.1
5.96 0.1
5.86 0.1
5.78 0.1
5.72 0.1