14600 10.1
14400 10.1
13400 10.1
11800 10.0
11100 10.0
9960 10.0
9270 10.0
8140 10.0
8740 10.0
8680 10.0
8520 10.0
8820 10.0
9130 10.0
9800 10.0
8960 10.0
10600 10.0
12000 10.0
12500 10.0
12500 9.9
13500 10.0
14600 9.9
15400 9.9
14800 9.9
15200 9.9
14700 9.9
16000 9.9
17100 9.9
17400 9.9
17000 9.9
18000 9.9
17700 9.9
18800 9.9
18300 10.0
18300 10.0
18400 10.0
18900 10.0
17900 10.0
18200 10.0
18200 10.0
18100 10.0
18500 10.0
18800 10.0
18400 10.0
18000 10.0
17700 10.0
17500 10.0
17600 10.1
16700 10.1
17700 10.1
16700 10.1
16900 10.1
16100 10.1
15700 10.1
14500 10.1
14200 10.1
13800 10.1
12600 10.1
12400 10.1
11500 10.1
10900 10.1
10600 10.1
10800 10.1
10400 10.1
10100 10.1
10700 10.1
10700 10.1
12800 10.1
11900 10.1
12400 10.1
13200 10.1
14000 10.1
12900 10.1
13700 10.1
14400 10.1
14700 10.0
15100 10.0
15600 10.0
15900 10.0
16000 10.0
16700 10.0
15800 10.0
16600 10.0
16100 10.0
16400 10.0
17100 10.0
17100 10.0
17000 10.0
17000 10.0
16500 10.0
17000 10.0
17300 10.0
16900 10.0
16800 10.0
16400 10.0
17000 10.0
15800 10.0
15600 10.0
15300 10.0
14600 10.0
13800 10.0
12900 10.0
13100 10.0
12200 10.0
10500 10.0
9770 10.0
8740 10.0
9260 10.0
7390 10.0
8150 10.0
7830 10.0
8120 10.0
8250 10.0
8190 9.9
8280 9.9
8620 9.9
9320 9.9
10400 9.9
10100 9.9
10900 9.9
12200 9.9
13500 9.9
14100 9.9
13600 9.9
13800 9.8
13700 9.8
14200 9.8
14800 9.8
15700 9.8
16200 9.8
17000 9.8
18500 9.8
18500 9.8
18300 9.9
19000 9.9
18700 9.9
18900 9.9
18400 9.9
18200 9.9
17300 9.9
17000 10.0
17500 10.0
17700 10.0
17000 10.0
17400 10.0
17300 10.0
17500 10.0
16800 10.0
16700 10.0
16200 10.0
15900 10.0
16000 10.0
14800 10.0
14500 10.0
13600 10.0
12600 10.0
11500 10.0
11000 10.0
11000 10.0
10900 10.0
9180 10.0
9660 10.0
9690 10.0
9540 10.0
9920 10.0
10400 10.0
10100 10.0
10600 10.0
10300 10.0
10600 10.0
12600 10.0
12100 10.0
13000 10.0
13100 10.0
13600 10.0
14600 10.0
14300 10.0
14600 10.0
14600 10.0
15100 10.0
15700 9.9
15500 9.9
14900 9.9
15800 10.0
15800 10.0
15100 10.0
15200 10.0
15000 10.0
16600 10.0
15800 10.0
16000 10.0
15400 9.9
15500 9.9
15600 9.9
14600 9.9
15000 9.9
15200 9.9
14600 9.9
13600 9.9
13300 9.9
12500 9.9
11900 9.9
9650 9.9
9440 9.9
7970 9.9
7670 9.9
7240 9.9
6540 9.9
6010 9.9
5950 9.9
6040 9.9
6360 9.9
6200 9.8
6610 9.8
6890 9.8
7960 9.8
8350 9.8
9800 9.8
10500 9.8
10800 9.8
12500 9.8
12400 9.8
13100 9.8
13100 9.7
13500 9.7
14800 9.7
14400 9.7
14600 9.7
15200 9.7
15000 9.7
15700 9.7
15500 9.7
15500 9.7
15700 9.7
15400 9.7
16200 9.7
16000 9.7
16300 9.7
16400 9.8
16000 9.8
15800 9.8
16100 9.8
16700 9.8
15900 9.8
15800 9.8
16000 9.8
15500 9.8
15200 9.8
15300 9.8
14500 9.8
13400 9.8
13500 9.8
13000 9.8
11700 9.8
11800 9.8
9940 9.8
9240 9.8
9590 9.8
8350 9.8
8420 9.8
7890 9.8
8200 9.8
7850 9.8
8450 9.8
7900 9.8
9150 9.8
9630 9.8
10200 9.8
9690 9.8
11300 9.8
11900 9.8
11900 9.8
13000 9.7
13400 9.7
13800 9.7
14300 9.7
14400 9.7
15000 9.7
14900 9.7
15100 9.7
16300 9.6
15400 9.6
15600 9.6
15600 9.6
15800 9.6
15700 9.6
16000 9.6
16600 9.6
16700 9.6
17000 9.6
16000 9.5
17000 9.5
16500 9.5
16700 9.5
16500 9.5
15500 9.5
15900 9.5
15300 9.5
15000 9.5
14200 9.4
13800 9.4
12800 9.4
12600 9.4
12400 9.4
11300 9.4
10400 9.4
9740 9.4
9150 9.4
8200 9.4
8360 9.4
8110 9.4
8030 9.4
8130 9.4
8470 9.4
9380 9.3
9470 9.3
10200 9.3
9900 9.3
11500 9.3
11500 9.3
12000 9.3
13100 9.3
12600 9.3
13200 9.3
13000 9.3
14500 9.3
13900 9.3
14900 9.3
14900 9.3
15700 9.2
16400 9.3
16200 9.3
16300 9.3
16900 9.3
16400 9.3
17100 9.3
16600 9.3
17200 9.4
18000 9.4
17400 9.4
17400 9.4
18300 9.3
17600 9.3
17800 9.3
17900 9.3
17400 9.3
18200 9.3
17800 9.3
17200 9.3
17000 9.3
16800 9.3
15300 9.4
15900 9.4
14900 9.4
14600 9.4
13400 9.4
12900 9.3
12100 9.3
12700 9.3
10800 9.3
10900 9.3
10600 9.3
10600 9.2
11500 9.2
11100 9.2
10800 9.2
11900 9.2
12500 9.2
12600 9.2
14100 9.2
12700 9.2
14100 9.2
15000 9.2
15700 9.2
15500 9.2
16200 9.2
16600 9.2
17100 9.2
17200 9.2
17700 9.2
18100 9.2
19200 9.2
18800 9.2
18500 9.2
18900 9.2
18600 9.2
19400 9.2
20100 9.2
19700 9.2
19300 9.2
19400 9.2
18700 9.2
18800 9.2
19200 9.2
19700 9.2
18500 9.2
19300 9.1
19200 9.1
19300 9.1
18500 9.1
17900 9.1
17800 9.1
16300 9.1
16900 9.1
15100 9.1
15900 9.1
15500 9.1
14400 9.1
14400 9.1
14000 9.1
13800 9.1
13300 9.1
14100 9.1
12800 9.1
12300 9.1
29200 9.4
28700 9.5
30900 9.5
30000 9.5
30200 9.4
30500 9.5
30400 9.5
31100 9.5
31400 9.5
31500 9.5
31500 9.5
32000 9.5
33200 9.5
32900 9.5
32900 9.5
32400 9.5
33100 9.5
33800 9.5
34500 9.4
35000 9.4
33500 9.4
34100 9.5
35600 9.5
34800 9.5
33800 9.5
34800 9.5
35200 9.5
35400 9.5
35800 9.5
35600 9.5
36100 9.5
34500 9.5
35500 9.5
34500 9.5
34100 9.5
34100 9.5
34700 9.5
34900 9.6
33300 9.6
34600 9.6
34700 9.6
35000 9.6
34700 9.6
35100 9.6
34400 9.6
34900 9.6
33900 9.6
34600 9.6
34800 9.6
34800 9.6
35300 9.6
35800 9.6
36100 9.7
36300 9.7
37900 9.7
36700 9.7
38100 9.7
38100 9.7
37300 9.7
36800 9.7
38200 9.7
37800 9.7
37900 9.8
39700 9.8
37700 9.8
39300 9.8
39200 9.8
40100 9.8
39700 9.8
39200 9.8
38600 9.8
39000 9.8
38800 9.8
39600 9.8
39000 9.8
40600 9.9
39200 9.9
39600 9.9
40400 9.9
37000 9.9
38800 9.9
38700 9.9
37900 9.9
37900 9.9
38600 9.9
38900 9.9
36500 9.9
38200 9.9
38700 9.9
37900 9.9
37500 9.9
37800 9.9
37400 10.0
37000 10.0
37500 10.0
36800 10.0
36500 10.0
37700 10.0
37300 10.0
38200 10.0
37500 10.0
38200 10.0
37800 10.0
37300 10.0
38100 10.0
38500 10.0
37500 10.0
38300 10.0
37900 10.0
38600 10.0
40400 10.0
36800 10.0
38500 10.0
38400 10.0
38700 10.0
38900 10.0
37700 10.0
38100 10.0
39500 10.0
38500 10.0
39100 10.0
38200 10.0
38800 10.0
39000 10.0
37000 10.0
39400 10.0
39800 10.0
38800 10.0
38700 10.0
39000 10.0
38900 10.0
40300 10.0
37500 10.0
38500 10.0
37000 10.0
36900 10.0
37600 10.0
38000 10.0
37500 10.1
37700 10.0
38600 10.1
37400 10.1
37500 10.1
37400 10.1
38100 10.1
37500 10.1
37800 10.1
38300 10.1
37400 10.1
38100 10.1
37700 10.1
37400 10.1
37400 10.1
38000 10.1
37200 10.1
38000 10.1
37800 10.1
37100 10.1
37400 10.1
37300 10.1
37300 10.1
38300 10.1
37900 10.1
37200 10.1
38200 10.1
36700 10.0
37400 10.0
36600 10.0
38900 10.0
36700 10.0
37400 10.0
37500 10.0
38100 10.0
37500 10.0
37200 10.0
35600 10.0
36600 10.0
38000 10.0
36200 10.0
38400 10.3
38400 10.3
41100 10.3
39700 10.3
38700 10.3
39100 10.3
38400 10.3
38900 10.3
39000 10.3
39800 10.3
38800 10.4
41100 10.4
38900 10.4
40200 10.4
38400 10.4
39700 10.4
39800 10.4
39000 10.4
39700 10.4
39300 10.4
39800 10.4
39800 10.4
41800 10.4
40100 10.4
39800 10.4
40800 10.4
41000 10.4
40700 10.4
41900 10.4
41900 10.4
41100 10.4
41100 10.4
42300 10.4
40300 10.4
41600 10.4
41400 10.4
43800 10.4
42500 10.4
42200 10.4
43400 10.4
43200 10.4
43000 10.4
44900 10.4
42400 10.4
42400 10.4
42000 10.4
42100 10.4
43500 10.4
42900 10.4
42900 10.4
42200 10.4
44700 10.4
42900 10.4
43000 10.4
47400 10.4
47300 10.4
46900 10.4
47700 10.4
48700 10.4
48100 10.4
46700 10.4
47400 10.4
46700 10.4
48200 10.4
48700 10.4
47000 10.4
49200 10.4
46900 10.4
47400 10.4
47500 10.4
47300 10.4
46100 10.4
47200 10.4
47900 10.4
45600 10.4
47300 10.4
47400 10.4
47000 10.4
46000 10.4
46400 10.4
47400 10.4
46500 10.4
45400 10.4
46900 10.4
46500 10.4
46900 10.4
46300 10.4
46500 10.4
46100 10.4
45500 10.4
44800 10.4
45900 10.4
46500 10.4
45700 10.4
45300 10.4
47200 10.4
45100 10.4
46000 10.4
45700 10.4
44600 10.4
45700 10.4
45500 10.4
43800 10.4
44900 10.4
45900 10.4
45000 10.4
45100 10.4
44200 10.4
43900 10.4
44600 10.4
44200 10.4
44800 10.3
43500 10.3
42900 10.4
44300 10.3
43700 10.3
43900 10.3
43800 10.3
44200 10.3
43500 10.3
44300 10.3
43700 10.3
43600 10.3
44900 10.3
42800 10.3
44700 10.3
44800 10.3
44000 10.3
44700 10.3
43200 10.3
43100 10.3
43600 10.3
44000 10.2
46000 10.3
44100 10.2
43400 10.2
43800 10.2
44000 10.2
44400 10.2
42000 10.2
44000 10.2
43200 10.2
43600 10.2
43800 10.2
44800 10.2
43200 10.2
42500 10.2
43100 10.2
43900 10.2
42900 10.2
43800 10.2
42000 10.1
43400 10.1
41900 10.1
42900 10.1
42500 10.1
41800 10.1
41600 10.1
42200 10.1
41000 10.1
41500 10.1
41000 10.1
43400 10.1
40900 10.1
41200 10.1
41200 10.1
40300 10.1
41300 10.0
40300 10.0
41100 10.0
40400 10.0
40600 10.1
41100 10.0
40700 10.0
41400 10.0
40200 10.0
40000 10.0
40200 10.0
41800 10.0
40200 10.0
40800 10.1
40900 10.0
40700 10.1
40600 10.0
41600 10.0
40600 10.0
41200 10.0
41100 10.0
38800 10.0
40700 10.0
39800 10.0
40200 10.0
39500 10.0
38900 10.0
39800 10.0
38800 10.0
40400 10.0
39800 10.0
38400 10.0
39000 10.0
38100 10.0
38900 10.0
37600 10.0
38700 10.0
37800 10.0
37300 10.0
36900 10.0
37400 10.0
37700 10.0
35800 10.0
37400 10.0
37400 10.0
37100 10.0
37400 10.0
37700 10.0
37600 10.0
36400 10.0
37700 10.0
37600 10.1
36400 10.1
37900 10.0
37300 10.0
36800 10.0
37200 10.1
37600 10.1
37100 10.1
36600 10.1
37300 10.1
35900 10.0
36900 10.1
37000 10.1
36800 10.0
36300 10.0
36500 10.0
36100 10.0
35500 10.0
35700 10.0
36100 10.0
36700 10.0
36100 10.0
35600 10.0
36200 10.0
36900 10.0
34500 10.0
35100 9.9
35100 9.9
36200 9.9
35300 9.9
36200 9.9
35000 9.9
34400 9.9
33800 9.9
34600 9.9
33100 9.9
33900 9.8
33200 9.9
33300 9.8
32800 9.8
34100 9.8
34500 9.8
34100 9.8
32600 9.8
34200 9.8
33500 9.8
33300 9.8
33300 9.8
32100 9.8
33300 9.8
32700 9.8
33100 9.8
33000 9.8
33000 9.8
34000 9.8
33600 9.8
32400 9.8
32900 9.8
32800 9.8
32800 9.8
32600 9.8
32400 9.8
33100 9.8
32900 9.8
32900 9.8
31400 9.8
31600 9.8
32200 9.7
31900 9.7
32100 9.7
32400 9.7
32000 9.7
32300 9.7
31100 9.7
31200 9.7
31000 9.7
32200 9.7
30800 9.7
23900 9.2
24400 9.2
24000 9.2
23900 9.2
22600 9.2
22800 9.2
23400 9.2
21800 9.2
22900 9.2
21100 9.2
22000 9.2
21600 9.2
20900 9.2
21300 9.2
21200 9.2
20100 9.2
21400 9.2
21100 9.2
22000 9.2
21700 9.2
21400 9.3
22600 9.3
22800 9.3
22000 9.3
23500 9.3
23400 9.3
22800 9.3
23500 9.4
23900 9.4
23400 9.4
24000 9.4
24100 9.4
24200 9.4
25100 9.4
24000 9.4
23900 9.4
24500 9.4
23900 9.4
24400 9.4
23500 9.4
24300 9.4
24000 9.4
23900 9.4
24500 9.4
24200 9.4
24200 9.4
23500 9.3
22800 9.3
23000 9.3
22400 9.3
22400 9.3
23000 9.2
21300 9.2
21500 9.2
20400 9.2
21300 9.2
19900 9.2
20400 9.2
19500 9.2
19100 9.2
19400 9.2
20300 9.2
19300 9.2
19400 9.2
19500 9.2
20000 9.2
19400 9.2
19800 9.2
20000 9.2
20500 9.2
20600 9.2
21000 9.2
21600 9.2
22300 9.2
23400 9.3
23000 9.3
23000 9.3
23800 9.3
23800 9.3
23700 9.3
24400 9.3
24400 9.3
24400 9.3
23500 9.3
24900 9.4
24300 9.4
24300 9.3
24100 9.3
23600 9.3
24500 9.3
23700 9.3
24600 9.3
24000 9.3
23800 9.3
24000 9.3
24700 9.3
23400 9.3
23800 9.3
23800 9.3
23900 9.3
24000 9.3
23100 9.3
22200 9.2
22000 9.2
21900 9.2
21300 9.2
21400 9.1
20200 9.1
20600 9.1
19900 9.1
19800 9.1
19300 9.1
19100 9.1
18300 9.1
18600 9.1
19100 9.1
19400 9.1
20200 9.1
20000 9.1
19400 9.1
20700 9.0
20100 9.0
19900 8.9
18400 8.9
19800 8.9
18600 8.9
19200 8.9
18200 8.9
18900 8.8
18700 8.8
18500 8.8
19200 8.8
18800 8.8
18900 8.8
19300 8.8
20400 8.9
20300 8.8
20700 8.9
20400 8.9
20900 8.9
21700 8.9
21700 8.9
23700 9.0
22900 9.0
22900 9.0
23100 9.0
22700 9.0
22800 9.0
24100 9.0
23100 9.0
23300 9.0
23400 9.0
24200 9.0
23300 9.0
22900 9.0
23100 9.0
21800 9.0
23700 9.0
23500 9.0
22900 9.0
22800 9.0
23000 9.0
22400 9.0
23500 8.9
21700 8.9
21600 8.9
21500 8.8
21700 8.8
21200 8.8
21000 8.8
20000 8.8
20500 8.8
18600 8.8
18400 8.8
18000 8.8
17800 8.8
16500 8.8
18200 8.8
18000 8.8
18800 8.8
18700 8.7
19400 8.8
18900 8.8
19200 8.8
19400 8.8
20200 8.8
21300 8.8
19900 8.8
21200 8.8
22200 8.8
21800 8.8
21900 8.8
23200 8.8
22400 8.8
23200 8.8
24000 8.9
23800 8.9
22800 8.9
23600 8.9
23400 8.9
24700 8.9
24600 8.9
24300 8.9
26400 9.2
25600 9.2
26900 9.2
26800 9.2
27300 9.2
26400 9.2
27100 9.2
27400 9.2
26900 9.2
27900 9.2
27800 9.2
27200 9.2
28200 9.2
27200 9.2
27100 9.2
28000 9.2
27400 9.2
28100 9.2
26800 9.2
26800 9.2
28200 9.2
26700 9.2
27800 9.2
24800 9.2
27500 9.2
27600 9.2
26100 9.2
26500 9.2
26000 9.2
25700 9.2
26000 9.2
25500 9.2
25000 9.2
25500 9.2
24700 9.2
24600 9.2
23400 9.2
23000 9.2
23500 9.2
23200 9.2
23800 9.2
24100 9.2
23300 9.2
23700 9.2
24100 9.2
24700 9.2
23400 9.2
24400 9.2
25500 9.2
25800 9.2
26500 9.2
26400 9.2
27100 9.2
26700 9.2
27400 9.2
28000 9.2
27400 9.2
27600 9.2
28600 9.2
27800 9.2
28700 9.3
28100 9.3
28500 9.3
28100 9.3
28800 9.3
28300 9.3
27200 9.3
28200 9.3
28400 9.3
29000 9.3
28600 9.3
28200 9.3
28300 9.3
27800 9.3
28400 9.3
27200 9.3
26700 9.3
26100 9.3
27000 9.3
25800 9.3
26600 9.3
25600 9.4
25000 9.3
25600 9.4
25000 9.3
24800 9.4
22700 9.4
22900 9.4
23600 9.4
24100 9.4
23900 9.4
23800 9.4
24100 9.4
24200 9.4
23800 9.4
24000 9.4
24300 9.4
25100 9.4
26400 9.4
27400 9.4
26800 9.4
27000 9.4
27800 9.4
27300 9.4
27400 9.4
27000 9.4
27600 9.4
28400 9.4
27700 9.4
27300 9.4
28200 9.4
27800 9.4
27800 9.4
26800 9.4
27800 9.4
27600 9.5
27900 9.5
27000 9.5
27700 9.5
27700 9.5
27300 9.5
26900 9.5
27700 9.5
27300 9.5
26700 9.5
26200 9.5
26900 9.5
25400 9.5
25400 9.5
25000 9.5
24300 9.5
24800 9.4
24000 9.4
24100 9.4
23600 9.4
22900 9.4
22800 9.4
22000 9.4
22500 9.4
22500 9.4
21700 9.4
22800 9.4
21200 9.4
22800 9.4
23000 9.4
22300 9.4
23400 9.4
24500 9.4
24500 9.4
24100 9.4
25400 9.4
25300 9.4
25900 9.4
26300 9.4
25800 9.4
26400 9.5
26000 9.5
27000 9.5
27400 9.5
26600 9.5
26700 9.5
26400 9.5
26800 9.5
26400 9.5
27800 9.5
25600 9.5
26700 9.5
26000 9.5
26400 9.5
26300 9.5
26500 9.5
26800 9.5
26400 9.5
25900 9.5
24700 9.5
26100 9.5
25000 9.5
25000 9.5
24900 9.5
23400 9.5
22400 9.5
21900 9.4
21900 9.4
22600 9.4
20400 9.4
21200 9.4
21500 9.4
20300 9.4
21500 9.4
20200 9.4
20900 9.4
20500 9.4
21200 9.4
22000 9.4
22100 9.4
23000 9.4
22600 9.4
23200 9.5
23700 9.5
24300 9.5
25300 9.5
26600 9.5
26000 9.6
25800 9.6
26200 9.6
27300 9.6
27400 9.6
25900 9.6
27300 9.6
27400 9.6
26100 9.6
27200 9.6
26000 9.6
26800 9.6
27200 9.6
27600 9.6
26200 9.6
27000 9.6
25800 9.6
26100 9.6
25800 9.6
25200 9.6
24800 9.6
25800 9.7
24300 9.7
23400 9.6
22900 9.6
22600 9.6
22200 9.6
20900 9.6
21000 9.6
20400 9.6
19900 9.6
19600 9.6
17900 9.6
19500 9.5
18100 9.5
18300 9.5
18400 9.5
18000 9.5
18100 9.5
18600 9.5
18000 9.5
19600 9.5
20500 9.5
20800 9.5
21000 9.6
21500 9.6
22800 9.6
23600 9.6
23500 9.6
23300 9.6
25100 9.6
25100 9.7
24500 9.7
24800 9.7
24400 9.7
25900 9.7
25500 9.7
25800 9.7
24600 9.7
25700 9.7
25800 9.7
26000 9.7
25700 9.7
25500 9.6
25800 9.7
25500 9.7
25900 9.7
24300 9.7
25800 9.7
24500 9.7
23900 9.7
24200 9.7
24100 9.6
25200 9.6
23300 9.6
23800 9.6
22600 9.5
22200 9.5
22400 9.5
22100 9.5
21500 9.5
20800 9.6
21200 9.6
21100 9.6
21200 9.5
21600 9.5
20000 9.5
20400 9.6
19600 9.6
20400 9.6
20600 9.6
20700 9.6
20800 9.6
20100 9.6
22700 9.6
21900 9.6
23200 9.6
23000 9.6
24100 9.6
24000 9.6
23700 9.6
24300 9.7
24700 9.7
25800 9.7
24800 9.7
25500 9.7
25300 9.8
24900 9.8
25800 9.8
25500 9.8
25300 9.8
24900 9.8
25700 9.8
25500 9.8
25100 9.8
25300 9.8
24100 9.8
24500 9.8
24800 9.8
23900 9.8
23700 9.7
24500 9.7
23100 9.7
21900 9.7
22400 9.7
21000 9.7
20900 9.7
20100 9.7
18200 9.7
17300 9.7
18100 9.7
16600 9.7
17000 9.7
16400 9.7
16400 9.7
15700 9.7
17300 9.7
18100 9.7
18900 9.7
18600 9.7
20900 9.7
20100 9.7
21000 9.7
21700 9.7
23200 9.7
24300 9.7
24700 9.7
25100 9.7
26100 9.8
27300 9.8
26600 9.8
27000 9.8
28300 9.8
28500 9.8
27400 9.8
28400 9.8
28400 9.8
28400 9.8
28400 9.8
29600 9.8
30100 9.8
29600 9.8
29900 9.8
29600 9.8
30100 9.8
28700 9.8
29700 9.8
29500 9.8
29600 9.8
29300 9.8
29400 9.9
29000 9.9
29100 9.9
27500 9.9
29000 9.9
26700 9.9
27300 9.9
26700 9.9
26900 9.9
25400 9.9
24800 9.9
25000 9.9
23400 9.9
24500 9.9
25900 9.9
24000 9.9
24300 9.9
23800 9.9
25400 9.9
24900 9.9
25100 10.0
25300 10.0
24600 10.0
26400 10.0
26900 10.0
27500 10.0
26800 10.0
27200 10.0
28100 10.0
29100 10.0
28700 10.0
28700 10.1
28200 10.1
27300 10.1
28900 10.1
29100 10.1
28600 10.1
29900 10.1
28600 10.1
28100 10.1
28500 10.1
27800 10.1
28900 10.1
28200 10.1
29000 10.1
29000 10.1
28600 10.1
27900 10.1
28600 10.1
28300 10.1
28600 10.1
27500 10.2
27800 10.2
25600 10.2
24900 10.2
26700 10.2
24900 10.2
24700 10.2
23500 10.2
21800 10.2
22600 10.2
22700 10.2
21600 10.1
21900 10.2
21600 10.2
21400 10.2
22200 10.1
21800 10.2
22400 10.1
22700 10.2
23500 10.2
23800 10.2
24400 10.2
25200 10.2
25600 10.2
26300 10.2
26000 10.2
27500 10.2
27800 10.2
27700 10.2
27400 10.2
27600 10.2
28500 10.3
29300 10.3
28800 10.3
29300 10.3
28900 10.3
29800 10.3
29700 10.3
29200 10.3
28900 10.3
28800 10.3
29400 10.3
29300 10.3
29000 10.3
29500 10.3
28500 10.3
27500 10.3
27600 10.3
27500 10.4
28500 10.4
27200 10.4
27500 10.4
27700 10.4
27100 10.4
27100 10.4
27300 10.4
26500 10.4
26500 10.4
25200 10.4
25800 10.4
25700 10.4
25600 10.4
24800 10.4
24300 10.4
25000 10.4
24200 10.4
24300 10.4
23500 10.4
24100 10.4
24200 10.4
24500 10.4
25000 10.4
24600 10.4
24900 10.4
24800 10.4
25900 10.4
26300 10.4
25600 10.4
26600 10.4
27400 10.4
27400 10.4
27300 10.4
26800 10.4
26700 10.4
27800 10.4
27900 10.4
26900 10.4
27700 10.4
27100 10.4
27100 10.4
27700 10.4
27200 10.4
26100 10.4
27700 10.4
27500 10.4
27500 10.4
27000 10.4
26800 10.4
26200 10.4
26000 10.4
25400 10.3
25800 10.3
25500 10.3
24500 10.3
24500 10.3
24000 10.3
23100 10.3
21500 10.3
21700 10.3
21000 10.3
20400 10.3
19500 10.3
20000 10.3
20000 10.3
20700 10.3
20000 10.3
21100 10.3
21500 10.3
22200 10.3
21700 10.3
23800 10.3
23000 10.3
25100 10.3
24600 10.3
24900 10.3
25400 10.3
24600 10.3
26100 10.3
26700 10.3
25400 10.3
28000 10.3
26500 10.4
26600 10.4
26400 10.4
28100 10.4
26400 10.4
27900 10.4
26900 10.4
27100 10.4
27100 10.4
26800 10.4
27000 10.4
28300 10.4
27800 10.4
27100 10.4
26200 10.4
27700 10.4
26900 10.4
26500 10.4
26400 10.4
26900 10.4
26200 10.4
26100 10.4
25700 10.4
24900 10.4
25500 10.4
25100 10.4
24900 10.4
24700 10.4
23300 10.4
23200 10.4
23500 10.4
22600 10.4
22700 10.4
22500 10.4
22700 10.4
22800 10.4
22600 10.4
22500 10.4
22200 10.4
23200 10.4
22300 10.4
23100 10.4
23400 10.4
23800 10.4
23900 10.4
24300 10.4
24800 10.4
24100 10.4
25800 10.4
26200 10.4
24600 10.4
25500 10.4
24300 10.4
25600 10.4
23900 10.4
24800 10.4
24100 10.4
24500 10.4
25900 10.4
25300 10.4
25500 10.4
25200 10.4
25400 10.4
25100 10.4
24700 10.4
24700 10.4
24600 10.4
23600 10.4
23500 10.4
23500 10.4
22300 10.4
21700 10.3
21700 10.3
20700 10.3
19800 10.3
18700 10.3
17900 10.3
17900 10.3
17600 10.3
17300 10.3
17600 10.3
17300 10.3
16500 10.3
16800 10.3
17500 10.3
18700 10.3
18700 10.3
19000 10.3
19500 10.3
20800 10.3
21000 10.3
21500 10.3
22100 10.3
22200 10.3
21900 10.3
23600 10.3
23200 10.3
22900 10.3
23300 10.3
23900 10.3
24000 10.3
23300 10.3
23900 10.3
24000 10.4
24400 10.4
24200 10.4
24900 10.4
23500 10.4
24400 10.4
25300 10.4
24600 10.4
24900 10.4
24400 10.4
24100 10.4
24200 10.4
24300 10.4
24500 10.4
23700 10.4
24200 10.4
23600 10.4
24300 10.3
23300 10.3
22700 10.3
21800 10.3
21800 10.3
22000 10.3
20900 10.3
20000 10.3
18500 10.3
18900 10.2
19300 10.2
18400 10.2
17800 10.2
18000 10.2
18200 10.2
18100 10.2
17900 10.2
18400 10.2
17900 10.2
18800 10.2
19100 10.2
19500 10.2
20000 10.2
20100 10.2
20900 10.2
20500 10.2
21500 10.2
22100 10.2
21100 10.2
21100 10.2
21800 10.3
21100 10.3
20900 10.3
21200 10.3
21800 10.3
21900 10.3
20700 10.3
21900 10.3
21100 10.3
21200 10.3
21500 10.3
20900 10.3
20800 10.2
21400 10.2
21100 10.2
20800 10.2
20800 10.2
20100 10.2
19400 10.2
19400 10.2
18200 10.1
17500 10.1
16000 10.1
15600 10.1
14400 10.1
13700 10.1
13400 10.0
12700 10.0
13200 10.0
11800 10.0
11600 10.0
12700 10.0
12300 10.0
12800 10.0
13500 10.0
14700 10.0
14400 10.0
14900 10.0
16500 10.0
17400 10.0
17500 10.0
18300 10.0
18700 10.0
20000 10.0
20400 10.0
20200 10.0
19600 10.0
20400 10.0
20900 10.0
20300 10.0
21500 10.1
20300 10.1
22400 10.1
21400 10.0
22000 10.0
21900 10.1
22000 10.0
21500 10.0
21500 10.0
21500 10.0
21500 10.0
21400 10.0
21300 10.0
21100 10.0
20700 10.0
19800 10.0
20700 10.0
21000 10.1
20900 10.1
20700 10.0
19000 10.0
20300 10.0
18600 10.0
17700 10.0
17400 10.0
16600 10.0
16400 10.0
16300 10.0
14700 10.0
14200 10.0
14000 10.0
14100 10.0
14300 9.9
14100 9.9
15000 9.9
15300 9.9
15400 9.9
16100 9.9
17100 9.9
16600 9.9
17400 9.9
17400 9.9
18800 9.9
18000 9.9
18800 9.9
19200 9.9
19200 9.9
19600 10.0
19600 10.0
20600 10.0
20200 10.0
19900 10.0
19900 10.0
20900 10.0
19600 10.0
19600 10.0
21000 10.0
21000 10.0
20300 10.0
19600 10.0
20500 10.0
19700 10.0
19100 10.0
19400 10.0
19700 10.0
18600 10.0
18500 10.0
17500 10.0
17700 10.0
16500 10.0
15600 10.0
14400 10.0
13100 10.0
12400 9.9
10200 9.9
10800 9.9
9430 9.9
9190 9.9
9650 9.9
9350 9.9
9710 9.9
9610 9.9
9950 9.8
10800 9.8
11100 9.8
12500 9.8
13600 9.8
14400 9.8
14800 9.8
16300 9.7
16500 9.7
16400 9.7
17800 9.7
18400 9.7
18800 9.7
19300 9.7
18600 9.7
19600 9.7
19400 9.7
18600 9.7
19500 9.7
20000 9.8
20100 9.8
20700 9.8
20200 9.8
20200 9.8
21000 9.8
19200 9.8
20200 9.8
20800 9.8
19400 9.8
19600 9.8
19500 9.8
19800 9.8
19600 9.8
19200 9.8
18700 9.8
17800 9.8
18000 9.8
17500 9.8
17300 9.8
16200 9.8
14600 9.8
15000 9.8
13800 9.8
12200 9.8
12700 9.8
10100 9.8
10800 9.7
9840 9.7
11000 9.7
10700 9.7
10700 9.7
10600 9.7
11500 9.7
12600 9.7
12800 9.7
13300 9.7
14700 9.6
15000 9.6
15400 9.6
15300 9.6
16600 9.6
16100 9.6
16000 9.6
18000 9.6
17100 9.6
18400 9.6
17300 9.6
17700 9.6
18200 9.6
19000 9.6
17800 9.6
18200 9.7
18300 9.7
18300 9.7
18100 9.7
18500 9.7
18600 9.7
17000 9.7
17600 9.7
17200 9.7
16600 9.7
16100 9.7
16300 9.7
16200 9.7
15900 9.7
14400 9.6
13600 9.6
13100 9.6
10500 9.6
9920 9.6
7640 9.6
6890 9.6
6710 9.6
5960 9.6
5350 9.6
5040 9.6
5270 9.6
5510 9.6
5990 9.6
6890 9.6
7130 9.6
8800 9.6
9260 9.6
9470 9.5
10900 9.5
11600 9.5
14200 9.5
14300 9.4
15400 9.4
15800 9.4
16600 9.4
17400 9.4
16400 9.4
17300 9.4
19000 9.4
17300 9.4
18000 9.4
18500 9.4
18800 9.4
18500 9.4
18600 9.4
18400 9.4
19200 9.4
18900 9.5
19100 9.5
20400 9.5
18900 9.5
18500 9.5
19100 9.5
19400 9.5
18800 9.5
18200 9.5
18100 9.5
17000 9.5
16800 9.5
17400 9.5
16000 9.5
16300 9.5
14500 9.5
14100 9.5
13000 9.5
12000 9.5
9710 9.5
9740 9.5
9060 9.5
8100 9.5
7850 9.5
7070 9.5
7870 9.5
8450 9.5
7840 9.5
8930 9.5
8040 9.5
9810 9.5
11600 9.5
11800 9.5
11900 9.5
13400 9.5
14600 9.5
15300 9.4
15300 9.4
15100 9.4
15800 9.4
15600 9.4
16900 9.4
17600 9.4
17700 9.4
17100 9.4
17800 9.4
18300 9.4
17300 9.4
18400 9.4
17600 9.4
17000 9.4
17900 9.4
17700 9.4
17000 9.4
17300 9.5
17400 9.4
16800 9.4
16600 9.4
15800 9.4
15200 9.4
14200 9.4
13400 9.4
12500 9.4
11600 9.4
9180 9.4
8370 9.4
6080 9.4
4460 9.4
3350 9.4
3040 9.3
3240 9.3
2850 9.3
2100 9.3
1050 9.3
2540 9.3
2670 9.3
3850 9.3
3040 9.3
4460 9.3
5030 9.3
7140 9.3
9450 9.3
10700 9.3
12500 9.3
13500 9.3
14200 9.3
14900 9.3
15600 9.2
16400 9.2
16600 9.2
16600 9.2
17800 9.2
18300 9.2
18300 9.1
18900 9.2
18600 9.2
19200 9.1
18500 9.1
19100 9.1
19000 9.1
19500 9.1
19300 9.1
19600 9.1
20000 9.1
20400 9.2
19100 9.2
19400 9.2
18500 9.2
18700 9.2
17700 9.1
16300 9.1
16400 9.1
14600 9.1
14400 9.1
14000 9.1
13300 9.1
12100 9.1
11000 9.1
12200 9.1
10400 9.1
9830 9.1
9190 9.1
9660 9.1
9730 9.1
7990 9.1
9640 9.1
11600 9.1
11000 9.1
13100 9.1
14600 9.1
15400 9.1
15500 9.1
15500 9.1
16500 9.1
17100 9.0
18400 9.0
18200 9.0
19000 9.0
20100 9.0
20300 9.0
20000 9.0
19400 9.0
21500 8.9
22300 9.0
20800 9.0
21000 9.0
21500 9.0
21500 9.0
21900 9.0
22000 9.0
22100 9.1
22700 9.1
22400 9.1
21600 9.0
22100 9.0
21500 9.0