-9.9 1.3910
-9.9 1.3920
-10.4 1.3910
-9.4 1.3920
-8.3 1.3910
-8.0 1.3900
-7.8 1.3900
-6.9 1.3890
-6.9 1.3860
-6.6 1.3870
-6.3 1.3860
-5.7 1.3880
-4.2 1.3880
-3.8 1.3870
-2.9 1.3860
-2.0 1.3940
-2.2 1.3940
-3.4 1.3980
-4.3 1.3980
-4.8 1.3990
-4.7 1.4000
-4.2 1.4010
-3.8 1.3990
-3.9 1.3970
-4.8 1.3970
-5.0 1.3950
-4.3 1.3970
-3.8 1.3980
-3.5 1.4070
-3.0 1.4100
-2.7 1.4100
-2.3 1.4070
-2.0 1.4050
-1.7 1.4030
-0.8 1.4010
-0.2 1.4030
0.1 1.4040
0.5 1.4050
0.8 1.4020
0.7 1.4010
0.3 1.4000
0.2 1.4010
-0.1 1.4000
0.2 1.3990
0.0 1.3980
0.0 1.3980
-0.5 1.3970
-1.0 1.3960
-1.6 1.3980
-1.1 1.3950
-2.0 1.3950
-2.4 1.3950
-2.4 1.3940
-2.2 1.3950
-1.6 1.3940
-1.6 1.3940
-1.4 1.3900
-1.4 1.3910
1.5 1.3880
2.7 1.3850
4.3 1.3820
5.1 1.3800
5.5 1.3760
5.6 1.3730
5.2 1.3720
3.6 1.3720
1.1 1.3720
0.2 1.3740
0.1 1.3750
-1.2 1.3700
-0.9 1.3730
0.3 1.3700
-1.0 1.3720
-0.6 1.3710
-2.1 1.3680
-3.2 1.3690
-3.4 1.3690
-3.3 1.3680
-3.6 1.3680
-4.0 1.3680
-4.2 1.3680
-3.2 1.3660
0.5 1.3640
3.6 1.3620
4.2 1.3630
4.0 1.3620
4.2 1.3610
3.5 1.3590
2.5 1.3590
1.0 1.3600
-0.9 1.3570
-1.5 1.3580
-3.0 1.3580
-3.7 1.3580
-3.6 1.3570
-3.8 1.3570
-3.3 1.3560
-3.3 1.3550
-3.6 1.3560
-3.1 1.3550
-3.3 1.3560
-4.5 1.3550
-3.2 1.3540
-3.8 1.3530
-4.8 1.3520
-3.9 1.3520
-2.2 1.3520
-1.1 1.3520
-0.5 1.3510
-0.5 1.3490
-0.1 1.3440
-0.0 1.3250
-0.5 1.3050
-1.1 1.2980
-1.9 1.2990
-2.3 1.2990
-2.4 1.3010
-2.6 1.3000
-2.6 1.3000
-2.6 1.3000
-2.9 1.3000
-2.8 1.2970
-3.1 1.2970
-3.5 1.2970
-3.9 1.2970
-5.0 1.2960
-5.8 1.2950
-6.4 1.2950
-6.7 1.2950
-5.5 1.2950
-3.0 1.2940
-1.5 1.2940
0.7 1.2930
1.2 1.2920
2.2 1.2920
2.0 1.2950
1.4 1.2920
0.2 1.2910
-2.2 1.2900
-2.2 1.2900
-1.4 1.2890
-1.7 1.2900
-1.5 1.2900
-1.7 1.2910
-1.9 1.2890
-2.5 1.2900
-2.9 1.2870
-2.9 1.2890
-2.9 1.2890
-3.0 1.2880
-3.4 1.2890
-3.4 1.2890
-3.3 1.2890
-3.0 1.2880
-1.9 1.2870
-0.5 1.2860
2.3 1.2850
2.3 1.2800
3.0 1.2770
3.0 1.2790
2.5 1.2760
1.5 1.2750
-0.3 1.2750
-1.2 1.2770
-1.5 1.2750
-1.9 1.2740
-1.9 1.2750
-2.1 1.2750
-2.8 1.2760
-3.1 1.2760
-3.9 1.2760
-6.0 1.2830
-9.6 1.2940
-11.1 1.3150
-11.2 1.3150
-11.2 1.3380
-10.7 1.3500
-10.0 1.3500
-8.9 1.3500
-7.9 1.3690
-7.4 1.4160
-7.2 1.4230
-6.8 1.4220
-6.5 1.4200
-6.6 1.4160
-6.9 1.4140
-7.3 1.4140
-7.7 1.4100
-8.4 1.4070
-9.0 1.4080
-9.6 1.4190
-10.7 1.4400
-11.7 1.4450
-12.1 1.4530
-12.8 1.4350
-13.5 1.4450
-14.0 1.4640
-14.3 1.4610
-15.3 1.4570
-17.0 1.4550
-17.4 1.4510
-15.5 1.4520
-12.9 1.4450
-11.6 1.4420
-10.1 1.4420
-9.0 1.4380
-7.8 1.4350
-7.5 1.4330
-7.3 1.4290
-8.0 1.4270
-11.0 1.4250
-12.0 1.4230
-11.4 1.4240
-11.0 1.4210
-10.9 1.4210
-11.2 1.4180
-12.2 1.4160
-10.9 1.4120
-10.6 1.4140
-9.9 1.4110
-9.4 1.4140
-9.8 1.4100
-10.1 1.4100
-9.8 1.4090
-10.6 1.4030
-9.7 1.4030
-6.9 1.4010
-6.4 1.4000
-6.0 1.3980
-5.6 1.3960
-5.5 1.3940
-5.3 1.3920
-6.0 1.3900
-7.8 1.3910
-8.8 1.3900
-8.9 1.3880
-8.8 1.3860
-8.8 1.3860
-8.6 1.3860
-8.9 1.3850
-10.3 1.3810
-10.5 1.3810
-9.7 1.3820
-11.2 1.3810
-12.4 1.3790
-13.0 1.3790
-12.9 1.3790
-12.5 1.3780
-12.1 1.3770
-10.0 1.3770
-8.4 1.3760
-8.0 1.3750
-7.4 1.3730
-6.9 1.3710
-7.4 1.3660
-7.9 1.3650
-8.4 1.3660
-9.8 1.3660
-10.6 1.3640
-11.1 1.3680
-11.4 1.3710
-11.7 1.3780
-12.4 1.3780
-12.3 1.3850
-15.1 1.4210
-15.8 1.4260
-16.1 1.4280
-16.3 1.4290
-17.7 1.4330
-18.6 1.4330
-19.1 1.4350
-19.8 1.4350
-20.2 1.4340
-20.3 1.4340
-20.1 1.4330
-19.3 1.4310
-17.2 1.4300
-17.9 1.4290
-18.3 1.4300
-18.7 1.4310
-19.1 1.4350
-19.4 1.4390
-19.8 1.4400
-20.4 1.4390
-20.8 1.4380
-20.8 1.4370
-20.8 1.4360
-20.7 1.4350
-20.6 1.4350
-21.5 1.4320
-23.1 1.4300
-23.6 1.4300
-22.0 1.4290
-21.4 1.4300
-22.1 1.4270
-23.1 1.4270
-22.8 1.4260
-21.4 1.4240
-16.6 1.4210
-12.1 1.4240
-8.7 1.4220
-7.1 1.4190
-5.5 1.4180
-6.8 1.4190
-7.6 1.4180
-6.8 1.4170
-6.2 1.4170
-6.2 1.4160
-6.7 1.4220
-6.5 1.4340
-6.5 1.4390
-6.6 1.4440
-6.5 1.4480
-6.4 1.4540
-6.4 1.4630
-6.7 1.4750
-6.7 1.4860
-6.7 1.4930
-6.8 1.4980
-7.3 1.5030
-7.1 1.5100
-7.3 1.5310
-6.9 1.5620
-5.7 1.5730
-4.9 1.5760
-5.5 1.5800
-5.9 1.5770
-5.9 1.5830
-7.1 1.5950
-7.8 1.6010
-8.1 1.6040
-8.2 1.6170
-8.6 1.6450
-9.0 1.6670
-9.0 1.6680
-9.3 1.6670
-9.9 1.6640
-10.7 1.6610
-10.0 1.6580
-9.9 1.6570
-10.0 1.6640
-10.0 1.6620
-10.2 1.6610
-10.3 1.6600
-9.9 1.6630
-9.0 1.6650
-8.0 1.6620
-8.5 1.6790
-8.2 1.6800
-8.4 1.6830
-8.4 1.6880
-9.1 1.6920
-10.2 1.6970
-10.8 1.7200
-11.3 1.7340
-12.1 1.7890
-12.5 1.7890
-13.0 1.7890
-13.5 1.7890
-14.5 1.7890
-15.7 1.7890
-16.3 1.7890
-17.0 1.7890
-17.3 1.7890
-17.5 1.7890
-16.5 1.7890
-17.3 1.7890
-16.0 1.7890
-16.3 1.7890
-13.8 1.7890
-12.0 1.7890
-10.1 1.7890
-7.6 1.7890
-6.6 1.7570
-5.8 1.7540
-5.8 1.7570
-8.4 1.7680
-9.1 1.7940
-8.4 1.7940
-7.9 1.7940
-8.0 1.8170
-8.3 1.8500
-8.3 1.8750
-8.2 1.8860
-8.2 1.8860
-8.2 1.8900
-7.8 1.8930
-7.7 1.8960
-7.7 1.8950
-8.0 1.8970
-8.1 1.8970
-7.8 1.9020
-7.5 1.9050
-7.4 1.9120
-7.2 1.9230
-7.0 1.9200
-6.9 1.9130
-6.8 1.9140
-6.6 1.9210
-7.0 1.9180
-7.3 1.9250
-7.4 1.9250
-8.1 1.9210
-8.8 1.9170
-9.3 1.9220
-9.4 1.9530
-9.6 1.9690
-10.0 1.9690
-10.4 1.9690
-10.7 1.9690
-11.4 1.9690
-11.7 1.9690
-11.7 1.9690
-11.6 1.9560
-12.0 1.9560
-12.2 1.9600
-12.0 1.9660
-11.1 1.9610
-10.4 1.9540
-9.9 1.9480
-9.3 1.9480
-8.8 1.9470
-9.2 1.9450
-9.1 1.9410
-9.5 1.9370
-10.6 1.9340
-11.6 1.9300
-12.2 1.9270
-11.6 1.9220
-11.5 1.9160
-11.4 1.9150
-11.3 1.9100
-11.4 1.9120
-11.6 1.9150
-11.7 1.9160
-11.9 1.9160
-12.1 1.9160
-12.5 1.9160
-13.1 1.9160
-13.3 1.9160
-13.0 1.9150
-12.8 1.9150
-9.7 1.9150
-8.3 1.9110
-6.6 1.8930
-6.4 1.8900
-6.3 1.8900
-5.9 1.8820
-6.3 1.8770
-7.1 1.8740
-8.7 1.8700
-10.0 1.8670
-10.5 1.8640
-10.8 1.8600
-11.2 1.8560
-12.6 1.8530
-12.6 1.8510
-10.9 1.8480
-10.2 1.8440
-9.8 1.8510
-10.1 1.8500
-11.2 1.8460
-11.8 1.8410
-12.1 1.8410
-11.1 1.8410
-9.0 1.8390
-6.1 1.8450
-3.6 1.8410
-2.6 1.8400
-2.5 1.8390
-3.6 1.8340
-6.1 1.8370
-6.9 1.8540
-7.2 1.8970
-7.7 1.9330
-8.2 1.9280
-8.3 1.9260
-8.8 1.9230
-9.2 1.9200
-9.5 1.9200
-9.7 1.9170
-9.9 1.9160
-10.0 1.9140
-10.0 1.9110
-10.1 1.9100
-10.1 1.9140
-10.2 1.9230
-10.3 1.9270
-10.3 1.9250
-9.5 1.9250
-8.9 1.9210
-7.8 1.9190
-7.2 1.9140
-6.6 1.9140
-6.8 1.9140
-6.4 1.9140
-6.7 1.9140
-7.4 1.9140
-8.2 1.9140
-9.0 1.9140
-10.5 1.9140
-10.8 1.9110
-10.6 1.8990
-10.1 1.8960
-11.6 1.8910
-13.2 1.8900
-13.9 1.8870
-13.9 1.8860
-13.9 1.8830
-15.4 1.8810
-15.1 1.8790
-15.3 1.8770
-15.1 1.8750
-14.2 1.8730
-11.5 1.8710
-7.5 1.8680
-2.5 1.8560
-2.4 1.8560
-1.8 1.8550
-1.7 1.8540
-4.2 1.8530
-7.8 1.8530
-9.4 1.8490
-10.8 1.8440
-11.5 1.8390
-12.2 1.8380
-12.3 1.8380
-12.4 1.8360
-12.9 1.8350
-13.0 1.8340
-12.7 1.8330
-12.6 1.8330
-10.8 1.8310
-10.4 1.8300
-10.8 1.8280
-10.7 1.8250
-12.4 1.8220
-11.5 1.8200
-6.6 1.8150
-4.1 1.8130
-2.6 1.8130
-1.7 1.8100
-0.0 1.8090
0.4 1.8030
-0.7 1.7960
-2.3 1.8010
-4.7 1.8020
-6.5 1.8020
-5.7 1.8010
-4.5 1.8000
-5.4 1.7970
-4.8 1.7960
-4.9 1.7950
-4.9 1.7930
-5.0 1.7910
-5.0 1.7900
-4.5 1.7890
-4.3 1.7860
-4.2 1.7850
-4.5 1.7830
-4.4 1.7800
-3.9 1.7800
-3.1 1.7780
-1.4 1.7720
0.0 1.7680
0.6 1.7670
1.1 1.7660
-0.0 1.7650
-0.6 1.7610
-1.5 1.7570
-2.9 1.7560
-4.2 1.7560
-5.7 1.7540
-6.5 1.7560
-7.1 1.7540
-7.6 1.7530
-7.7 1.7520
-8.0 1.7490
-8.0 1.7470
-8.2 1.7430
-8.3 1.7410
-7.8 1.7410
-6.3 1.7390
-5.4 1.7350
-5.0 1.7380
-3.9 1.7390
-1.7 1.7390
-0.1 1.7410
-0.0 1.7420
-0.1 1.7410
0.9 1.7390
1.3 1.7370
-0.6 1.7360
-0.9 1.7340
-2.1 1.7300
-2.8 1.7290
-3.2 1.7270
-4.3 1.7290
-7.3 1.7290
-9.4 1.7270
-11.0 1.7260
-12.1 1.7250
-12.4 1.7230
-11.9 1.7230
-11.3 1.7240
-12.5 1.7240
-14.1 1.7210
-14.9 1.7210
-15.0 1.7170
-12.7 1.7160
-9.6 1.7170
-8.1 1.7140
-7.7 1.7130
-5.9 1.7130
-5.9 1.7130
-5.9 1.7120
-6.8 1.7120
-7.4 1.7120
-9.0 1.7110
-12.4 1.7110
-14.0 1.7100
-13.9 1.7090
-14.7 1.7080
-15.5 1.7070
-16.1 1.7080
-16.3 1.7060
-16.2 1.7060
-15.9 1.7030
-15.8 1.7030
-16.1 1.7000
-16.0 1.7020
-15.5 1.7000
-14.6 1.7010
-12.8 1.6980
-8.5 1.6970
-2.7 1.6910
0.4 1.6970
1.1 1.7000
1.6 1.7010
1.5 1.6990
0.2 1.6980
-1.6 1.6980
-4.7 1.6970
-7.7 1.6960
-8.8 1.6980
-9.6 1.6960
-9.9 1.6960
-10.0 1.6950
-10.1 1.6950
-10.3 1.6930
-10.6 1.6930
-10.7 1.6910
-10.8 1.6910
-10.9 1.6910
-11.0 1.6900
-11.3 1.6880
-11.2 1.6890
-9.8 1.6860
-5.4 1.6840
0.2 1.6840
3.6 1.6820
4.2 1.6820
4.4 1.6820
4.6 1.6790
3.2 1.6770
0.3 1.6750
-3.6 1.6760
-5.4 1.6750
-6.6 1.6760
-7.5 1.6750
-7.9 1.6750
-8.0 1.6750
-8.0 1.6730
-8.4 1.6740
-8.9 1.6750
-9.4 1.6710
-9.7 1.6720
-10.0 1.6710
-10.3 1.6700
-10.2 1.6710
-9.9 1.6700
-7.5 1.6670
-2.5 1.6630
1.7 1.6640
3.9 1.6650
4.7 1.6640
5.7 1.6620
6.0 1.6590
4.8 1.6570
1.4 1.6560
-3.1 1.6590
-4.3 1.6560
-4.8 1.6550
-4.6 1.6540
-3.6 1.6580
-3.1 1.6540
-2.6 1.6580
-3.5 1.6590
-5.3 1.6560
-5.2 1.6550
-6.1 1.6520
-7.0 1.6540
-6.6 1.6520
-6.7 1.6530
-6.2 1.6510
-4.6 1.6470
0.7 1.6430
3.1 1.6480
4.2 1.6480
4.5 1.6480
5.0 1.6460
4.8 1.6360
3.8 1.6350
2.4 1.6390
-1.4 1.6410
-3.5 1.6410
-4.1 1.6400
-4.6 1.6400
-4.5 1.6390
-4.0 1.6410
-3.7 1.6380
-3.3 1.6360
-3.9 1.6360
-3.8 1.6370
-4.1 1.6360
-4.5 1.6360
-6.9 1.6330
-7.8 1.6340
-7.6 1.6330
-6.9 1.6330
-2.7 1.6290
-1.5 1.6270
-0.5 1.6250
-0.8 1.6260
-0.8 1.6260
-1.9 1.6250
-1.9 1.6240
-3.3 1.6260
-4.9 1.6260
-7.5 1.6370
-7.9 1.6730
-8.0 1.7280
-8.2 1.7600
-8.3 1.7720
-8.4 1.7890
-8.5 1.8050
-8.6 1.8240
-8.7 1.8380
-8.8 1.8620
-8.9 1.8840
-9.1 1.9100
-9.3 1.9300
-9.1 1.9540
-8.3 1.9610
-8.2 1.9650
-8.2 1.9740
-7.2 1.9870
-6.2 1.9860
-6.7 1.9860
-7.8 2.0030
-8.3 2.0250
-8.8 2.0250
-9.8 2.0330
-10.5 2.0340
-10.6 2.0370
-10.6 2.0370
-10.6 2.0370
-10.8 2.0370
-10.8 2.0380
-10.5 2.0440
-10.3 2.0390
-10.3 2.0370
-10.2 2.0370
-10.1 2.0370
-10.2 2.0370
-10.7 2.0370
-10.8 2.0370
-9.1 2.0370
-8.0 2.0300
-6.4 2.0210
-6.2 2.0210
-5.4 2.0150
-3.8 2.0050
-4.3 1.9960
-4.2 1.9960
-4.4 1.9960
-5.0 1.9880
-5.5 1.9850
-5.9 1.9830
-6.0 1.9860
-5.7 1.9870
-5.1 1.9910
-4.8 1.9970
-4.9 2.0100
-4.9 2.0110
-4.9 2.0200
-4.8 2.0200
-4.6 2.0190
-4.9 2.0190
-5.3 2.0190
-4.9 2.0070
-3.6 2.0010
-3.1 1.9990
-2.5 1.9980
-3.1 1.9950
-3.5 1.9930
-4.2 1.9960
-4.3 2.0340
-3.9 2.0310
-4.9 2.0280
-5.9 2.0270
-7.2 2.0230
-7.9 2.0240
-9.0 2.0390
-10.1 2.0400
-10.9 2.0440
-11.6 2.0460
-12.3 2.0480
-13.3 2.0430
-13.1 2.0440
-12.6 2.0450
-12.4 2.0480
-12.5 2.0470
-12.7 2.0430
-12.2 2.0420
-10.8 2.0410
-9.8 2.0410
-8.5 2.0410
-8.4 2.0410
-7.3 2.0360
-7.0 2.0240
-7.5 2.0260
-7.0 2.0240
-8.0 2.0210
-9.0 2.0250
-10.0 2.0260
-11.2 2.0250
-13.2 2.0230
-13.3 2.0210
-11.6 2.0170
-11.8 2.0120
-12.3 2.0090
-12.8 2.0060
-14.2 2.0020
-15.4 1.9980
-16.0 1.9990
-16.3 1.9960
-16.6 1.9930
-16.7 1.9870
-13.6 1.9850
-8.0 1.9850
-5.9 1.9850
-4.9 1.9760
-4.4 1.9730
-3.9 1.9710
-3.8 1.9670
-4.2 1.9650
-5.8 1.9640
-8.1 1.9640
-10.8 1.9600
-12.0 1.9560
-13.0 1.9550
-13.4 1.9550
-13.8 1.9530
-14.1 1.9520
-13.8 1.9500
-14.1 1.9490
-14.2 1.9470
-14.1 1.9450
-13.9 1.9440
-13.8 1.9420
-13.7 1.9390
-13.2 1.9380
-11.0 1.9350
-5.9 1.9310
-1.1 1.9220
0.4 1.9170
1.1 1.9190
1.8 1.9160
1.8 1.9140
1.1 1.9120
-1.9 1.9120
-5.1 1.9140
-6.8 1.9130
-7.9 1.9100
-8.2 1.9080
-8.4 1.9020
-8.3 1.8980
-8.9 1.8960
-9.4 1.8930
-9.7 1.8950
-10.5 1.8970
-10.8 1.8980
-10.8 1.8950
-10.7 1.8920
-10.3 1.8940
-10.0 1.8920
-7.6 1.8920
-2.8 1.8870
0.4 1.8910
2.0 1.8840
2.9 1.8850
3.4 1.8840
2.9 1.8800
2.2 1.8720
0.0 1.8720
-3.6 1.8730
-5.7 1.8750
-6.9 1.8750
-7.5 1.8750
-7.8 1.8740
-8.3 1.8730
-9.1 1.8710
-7.8 1.8700
-8.4 1.8690
-9.4 1.8670
-10.6 1.8660
-10.8 1.8630
-10.5 1.8640
-9.2 1.8590
-6.9 1.8580
-4.0 1.8600
-1.6 1.8590
-0.1 1.8590
0.9 1.8550
1.7 1.8510
2.1 1.8410
1.6 1.8400
0.9 1.8400
-0.3 1.8400
-1.6 1.8410
-2.9 1.8460
-4.1 1.8440
-5.3 1.8450
-6.0 1.8420
-6.3 1.8420
-6.5 1.8420
-7.3 1.8420
-7.8 1.8390
-8.7 1.8420
-9.5 1.8410
-10.2 1.8410
-9.9 1.8400
-9.8 1.8390
-8.7 1.8380
-6.4 1.8350
-3.2 1.8310
-2.7 1.8330
-1.4 1.8310
-1.5 1.8290
0.8 1.8300
1.5 1.8240
1.2 1.8220
0.1 1.8220
-2.4 1.8210
-3.8 1.8220
-4.4 1.8200
-4.8 1.8190
-6.2 1.8200
-7.0 1.8200
-8.5 1.8180
-9.0 1.8200
-7.5 1.8180
-6.9 1.8180
-7.3 1.8170
-6.5 1.8180
-6.1 1.8170
-6.1 1.8150
-7.5 1.8130
-5.1 1.8130
-2.6 1.8120
-1.0 1.8100
0.4 1.8080
1.4 1.8060
1.1 1.8020
1.1 1.7880
1.0 1.7800
0.5 1.7930
-1.4 1.7940
-2.4 1.7880
-3.4 1.7890
-4.2 1.7880
-5.1 1.7870
-6.6 1.7850
-6.7 1.7870
-8.7 1.7890
-8.8 1.7900
-9.4 1.7880
-9.2 1.7910
-8.4 1.8050
-8.8 1.8220
-9.5 1.8240
-9.5 1.8240
-9.7 1.8310
-10.0 1.8460
-9.8 1.8600
-9.6 1.8630
-8.7 1.8610
-8.9 1.8680
-9.2 1.8700
-10.2 1.8730
-11.1 1.8710
-11.3 1.8740
-11.9 1.8800
-12.4 1.8790
-13.2 1.8770
-12.8 1.8790
-12.9 1.8840
-13.1 1.8760
-13.9 1.8610
-14.0 1.8610
-14.1 1.8650
-13.9 1.8860
-13.9 1.8860
-13.9 1.8850
-13.8 1.8910
-13.4 1.8960
-12.4 1.8990
-11.6 1.9050
-10.3 1.9020
-10.4 1.8980
-9.3 1.8950
-9.5 1.8930
-9.5 1.8900
-9.6 1.8900
-10.1 1.8900
-11.1 1.8880
-11.8 1.8880
-12.5 1.9230
-12.7 1.9420
-12.8 1.9430
-12.7 1.9440
-12.9 1.9490
-13.2 1.9520
-13.4 1.9510
-13.5 1.9440
-13.6 1.9450
-13.4 1.9470
-13.4 1.9470
-13.2 1.9500
-12.4 1.9560
-11.3 1.9560
-9.6 1.9560
-8.0 1.9560
-6.9 1.9560
-5.7 1.9560
-4.5 1.9510
-3.6 1.9240
-2.9 1.9130
-3.4 1.9200
-5.5 1.9190
-8.2 1.9190
-9.4 1.9170
-8.7 1.9130
-9.3 1.9090
-8.9 1.9080
-7.4 1.9060
-7.2 1.9060
-7.1 1.9060
-9.0 1.9050
-8.9 1.9030
-9.3 1.9030
-9.2 1.9010
-6.3 1.9010
-5.6 1.8990
-3.8 1.8960
-1.2 1.8980
0.2 1.8970
0.0 1.8940
0.1 1.8920
0.5 1.8900
-0.0 1.8890
0.4 1.8870
-1.2 1.8860
-3.0 1.8820
-4.1 1.8740
-4.0 1.8730
-4.3 1.8750
-4.8 1.8750
-4.4 1.8730
-4.8 1.8720
-5.2 1.8700
-5.5 1.8660
-4.5 1.8650
-4.4 1.8710
-4.6 1.8710
-5.1 1.8710
-5.7 1.8690
-5.2 1.8690
-5.1 1.8700
-4.7 1.8700
-3.8 1.8680
-4.9 1.8680
-7.9 1.8680
-8.3 1.8960
-8.0 1.9050
-8.9 1.9080
-9.9 1.9210
-10.7 1.9440
-11.6 1.9660
-12.0 1.9660
-12.5 1.9810
-12.8 2.0000
-13.1 2.0280
-13.4 2.0400
-13.7 2.0420
-13.9 2.0620
-14.2 2.0750
-15.1 2.0750
-15.6 2.0700
-15.4 2.0710
-15.2 2.0740
-14.6 2.0740
-13.4 2.0760
-12.5 2.0760
-11.6 2.0750
-10.0 2.0640
-8.8 2.0680
-10.1 2.0660
-11.7 2.0630
-12.4 2.0600
-12.4 2.0540
-13.1 2.0500
-15.6 2.0470
-17.8 2.0460
-18.7 2.0460
-19.0 2.0460
-19.3 2.0460
-19.5 2.0430
-19.5 2.0360
-19.6 2.0340
-19.7 2.0310
-19.4 2.0240
-19.2 2.0230
-18.7 2.0210
-17.9 2.0090
-15.8 2.0090
-11.8 2.0070
-8.5 2.0010
-6.1 2.0000
-5.1 2.0000
-6.2 2.0000
-4.7 1.9970
-4.6 1.9910
-6.6 1.9870
-7.9 1.9850
-8.4 1.9840
-10.9 1.9810
-11.8 1.9790
-11.6 1.9790
-11.4 1.9760
-10.6 1.9760
-10.7 1.9750
-10.8 1.9740
-10.8 1.9770
-10.7 1.9720
-11.3 1.9450
-12.3 1.9840
-12.1 1.9860
-12.2 1.9860
-12.3 1.9860
-11.0 1.9860
-9.8 1.9860
-7.8 1.9860
-6.1 1.9830
-5.0 1.9830
-4.4 1.9830
-4.7 1.9830
-5.0 1.9790
-5.4 1.9600
-6.7 1.9570
-9.2 1.9580
-10.2 1.9570
-10.7 1.9540
-10.7 1.9530
-8.4 1.9520
-7.7 1.9520
-7.6 1.9510
-7.6 1.9470
-7.5 1.9510
-7.4 1.9700
-6.8 1.9730
-6.9 1.9720
-7.1 1.9890
-6.7 1.9920
-6.3 2.0170
-6.0 2.0430
-5.2 2.0790
-4.5 2.0920
-4.2 2.0920
-3.8 2.0890
-4.5 2.0830
-4.7 2.0800
-5.0 2.0780
-5.0 2.0780
-5.6 2.0720
-5.8 2.0710
-5.7 2.0880
-5.8 2.0830
-6.5 2.0810
-6.9 2.0780
-7.4 2.0750
-7.8 2.0720
-8.2 2.0670
-8.4 2.0650
-8.9 2.0670
-10.6 2.0630
-11.5 2.0610
-10.0 2.0590
-6.6 2.0590
-5.1 2.0590
-3.6 2.0520
-2.2 2.0440
-0.7 2.0250
0.2 2.0160
0.6 2.0050
0.1 1.9930
-1.1 1.9920
-1.8 1.9930
-2.7 1.9930
-3.9 1.9930
-4.8 1.9910
-5.0 1.9910
-4.8 1.9890
-4.3 1.9870
-4.1 1.9850
-4.1 1.9830
-4.3 1.9820
-4.4 1.9730
-4.1 1.9680
-4.2 1.9650
-4.4 1.9660
-4.0 1.9630
-2.7 1.9600
-0.6 1.9620
1.3 1.9600
2.3 1.9580
3.2 1.9480
3.8 1.9380
3.9 1.9270
3.5 1.9140
2.3 1.9150
1.5 1.9160
0.7 1.9150
0.1 1.9140
0.0 1.9140
-0.1 1.9110
-0.7 1.9110
-1.2 1.9100
-1.7 1.9080
-2.2 1.9080
-2.4 1.9060
-3.0 1.9060
-3.6 1.9040
-4.7 1.9030
-5.9 1.9000
-4.9 1.8960
-0.8 1.8910
2.0 1.8950
3.6 1.8930
4.7 1.8850
5.6 1.8800
6.1 1.8730
6.3 1.8680
6.3 1.8630
4.7 1.8630
2.2 1.8620
-1.4 1.8610
-2.5 1.8590
-3.0 1.8570
-3.3 1.8570
-3.4 1.8540
-3.7 1.8550
-2.4 1.8540
-1.9 1.8560
-2.1 1.8540
-2.8 1.8540
-3.7 1.8530
-4.2 1.8520
-4.3 1.8510
-2.8 1.8480
3.6 1.8490
6.5 1.8480
7.9 1.8440
8.6 1.8370
8.9 1.8270
9.1 1.8190
9.0 1.8150
8.5 1.8070
6.8 1.8100
3.7 1.8060
0.9 1.8020
-0.5 1.8010
-1.2 1.8010
-1.4 1.8000
-1.5 1.7990
-1.3 1.7990
-1.9 1.7970
-2.1 1.7960
-2.6 1.7960
-2.9 1.7950
-2.9 1.7940
-3.2 1.7930
-2.6 1.7940
-0.4 1.7910
4.6 1.7880
6.8 1.7890
6.8 1.7870
7.8 1.7870
7.1 1.7870
7.7 1.7810
8.1 1.7730
7.8 1.7710
6.8 1.7730
5.6 1.7690
2.8 1.7720
1.3 1.7720
0.3 1.7710
-0.6 1.7700
-1.9 1.7690
-1.8 1.7680
-0.9 1.7670
-1.4 1.7670
-1.7 1.7690
-2.5 1.7650
-2.5 1.7660
-1.5 1.7640
-1.2 1.7650
1.2 1.7630
4.0 1.7620
5.0 1.7620
5.4 1.7530
6.7 1.7530
5.1 1.7530
3.7 1.7530
4.0 1.7520
4.2 1.7450
3.5 1.7370
1.7 1.7390
-1.5 1.7410
-2.5 1.7500
-2.7 1.7580
-2.8 1.7570
-2.9 1.7570
-3.1 1.7570
-3.3 1.7580
-3.4 1.7630
-3.8 1.7650
-4.0 1.7750
-4.2 1.7830
-4.7 1.7790
-5.2 1.7780
-4.1 1.7770
-2.9 1.7760
-2.0 1.7720
-1.7 1.7730
-0.5 1.7680
0.6 1.7530
1.7 1.7450
1.6 1.7540
1.6 1.7520
0.5 1.7520
-0.7 1.7520
-3.4 1.7520
-4.6 1.7880
-4.8 1.7870
-5.2 1.7850
-5.8 1.7840
-6.1 1.7820
-7.1 1.7810
-7.3 1.7800
-7.3 1.7760
-7.6 1.7760
-7.0 1.7760
-7.0 1.7760
-7.1 1.7760
-6.5 1.7760
-5.7 1.7760
-4.8 1.7760
-3.8 1.7700
-1.7 1.7610
-0.6 1.7530
-0.6 1.7390
-1.2 1.7390
-2.4 1.7450
-4.6 1.7500
-5.5 1.7520
-6.4 1.7530
-7.3 1.7510
-7.3 1.7610
-7.7 1.7690
-8.3 1.7680
-9.1 1.7640
-8.9 1.7590
-8.2 1.7590
-7.6 1.7610
-7.1 1.7640
-7.3 1.7640
-7.7 1.7650
-6.9 1.7640
-5.3 1.7630
-3.5 1.7590
-1.9 1.7580
-1.0 1.7560
-0.3 1.7590
0.0 1.7570
-0.6 1.7590
-1.1 1.7580
-2.1 1.7550
-2.7 1.7550
-3.1 1.7550
-3.6 1.7560
-3.6 1.7550
-3.7 1.7550
-4.1 1.7530