8.87 39.2
9.69 34.3
9.20 34.8
9.82 34.7
8.24 34.3
9.30 34.5
9.44 35.6
8.90 34.4
8.99 34.7
9.12 35.0
8.97 34.7
8.68 33.3
8.84 34.6
8.82 35.4
8.52 34.2
8.44 34.3
7.89 35.0
8.32 33.7
8.23 35.0
7.75 38.8
7.96 34.1
7.94 33.7
7.82 34.1
7.86 34.4
7.98 35.9
7.67 35.0
7.15 34.7
6.85 31.7
6.65 35.8
6.99 34.5
6.53 39.2
6.41 34.6
6.16 34.7
6.18 35.1
6.09 34.3
6.25 34.6
6.18 34.2
6.00 35.9
6.10 36.5
6.19 37.1
6.25 35.7
6.15 35.5
6.19 35.5
6.39 34.6
6.18 34.2
6.34 35.7
6.38 34.2
6.41 34.5
6.58 36.2
6.62 34.6
6.70 34.9
6.90 33.5
6.97 35.1
7.49 34.3
7.32 33.6
7.56 34.6
7.47 34.5
7.94 34.5
7.96 34.8
8.16 35.7
8.49 34.2
8.74 34.2
9.36 35.9
9.11 34.3
9.01 34.8
9.22 35.4
9.39 34.2
9.72 35.5
10.15 35.1
10.09 34.8
10.20 34.9
10.43 35.4
10.08 34.4
10.17 34.8
10.23 32.3
10.42 34.1
11.01 34.3
10.87 34.3
10.56 33.4
10.84 34.3
13.73 33.3
12.34 34.2
11.54 35.0
11.55 33.6
11.29 33.6
10.65 34.0
12.49 33.9
11.15 33.9
10.40 34.3
11.17 33.6
10.63 33.5
10.94 33.2
10.42 35.2
10.41 33.0
10.03 33.9
9.80 33.8
9.75 33.7
10.20 33.4
9.68 32.8
9.60 33.6
9.58 32.7
9.90 33.5
9.17 33.2
8.61 33.1
9.05 34.1
9.41 33.1
9.26 33.1
8.93 32.9
9.08 33.0
8.64 33.0
8.38 33.6
8.64 32.6
8.43 32.8
8.29 32.9
8.18 32.9
7.95 34.0
7.83 33.0
7.66 33.1
7.70 34.1
7.87 33.0
7.94 34.1
8.03 34.0
6.99 35.2
6.95 33.8
6.34 33.6
6.55 34.2
6.28 34.3
6.18 34.6
6.13 34.9
6.14 33.8
6.23 34.6
6.16 33.1
6.12 35.0
6.02 34.3
5.96 34.0
6.09 35.2
6.28 33.7
6.24 35.2
6.19 34.0
6.18 34.3
6.34 34.9
6.47 34.8
6.71 34.5
6.89 33.5
6.78 43.3
6.96 33.3
7.10 35.7
7.22 34.4
7.31 33.6
7.43 30.1
7.70 34.6
7.72 33.5
7.87 35.0
8.17 35.6
8.41 34.8
8.52 34.0
8.52 34.6
8.75 34.2
9.18 34.6
9.34 33.2
9.51 34.2
9.78 28.9
9.83 34.1
10.26 33.8
10.29 33.5
10.44 33.8
9.94 34.6
10.51 34.2
10.54 33.8
11.47 34.4
10.71 32.4
9.37 33.6
10.64 34.3
10.58 33.0
11.26 33.3
11.38 35.4
11.06 33.3
11.66 32.8
11.51 33.7
11.16 33.3
10.13 33.2
10.75 31.6
11.63 33.4
10.66 32.0
11.54 32.6
10.46 32.7
10.22 34.6
10.51 33.1
10.58 32.8
11.60 32.0
9.96 33.6
10.05 33.0
9.14 33.0
9.49 33.0
9.71 32.8
11.06 33.8
9.64 32.6
9.47 32.8
9.59 31.9
9.43 32.9
8.96 33.9
9.18 32.4
8.93 33.4
9.12 33.5
8.64 33.4
8.41 32.6
8.62 32.8
8.39 33.0
8.08 33.3
8.21 34.0
8.12 34.4
8.06 37.3
8.09 32.6
7.74 33.9
7.63 34.9
7.88 34.3
8.02 34.8
7.91 34.4
7.94 34.6
6.90 35.0
7.00 36.6
6.77 34.8
6.70 34.9
7.84 34.9
6.17 35.5
6.40 37.6
6.30 36.1
6.47 36.3
6.54 33.4
6.54 36.1
6.17 41.0
6.57 36.4
6.61 36.4
6.79 36.2
6.85 36.8
6.74 37.3
6.92 36.6
7.11 36.8
7.14 37.5
7.59 36.1
7.46 36.8
7.56 37.2
7.57 38.9
7.77 37.0
7.98 36.0
7.97 36.2
8.12 37.1
8.16 38.2
8.28 37.3
8.56 37.2
8.80 36.6
8.72 37.4
9.15 37.6
8.94 39.2
9.34 36.4
9.61 37.3
9.76 37.9
10.60 36.2
10.08 36.7
10.16 38.8
10.63 36.9
11.35 37.0
10.32 36.7
10.30 37.8
10.63 36.2
10.33 36.4
11.08 36.0
10.30 37.0
9.83 36.6
10.21 37.0
10.06 36.8
10.89 37.7
10.41 36.4
11.53 35.7
11.27 36.6
11.70 35.8
10.49 35.6
10.17 36.2
9.98 36.2
10.09 35.4
9.66 35.1
9.40 35.4
9.91 37.3
9.25 35.9
9.30 34.4
8.87 39.9
8.98 36.8
8.39 36.8
8.78 37.4
7.93 37.2
8.40 36.1
8.17 36.0
7.89 35.4
7.94 36.2
7.81 35.8
8.02 38.3
7.58 36.5
8.08 36.2
7.73 35.5
7.89 35.1
7.45 36.6
7.73 36.7
7.12 35.2
7.62 35.2
7.95 36.4
6.98 35.9
7.88 35.5
7.00 35.6
6.95 35.7
7.53 33.9
7.07 36.5
7.37 36.0
7.13 36.3
7.01 36.5
8.37 35.8
6.12 36.5
6.38 36.1
6.03 36.1
5.91 36.9
5.74 37.8
5.80 36.9
5.74 36.6
6.00 36.7
6.02 36.0
5.60 36.3
5.77 36.0
5.52 37.8
5.39 37.3
5.50 36.8
5.40 37.7
5.52 36.6
5.48 36.6
5.41 38.2
5.90 38.1
5.54 37.9
5.63 32.7
5.84 37.2
5.75 36.4
5.93 37.9
5.86 37.2
5.92 37.5
5.98 38.0
6.15 38.0
6.02 37.8
6.21 36.7
6.22 36.4
6.26 36.0
6.49 36.0
6.55 36.3
6.52 35.8
6.65 36.2
6.89 36.8
6.97 36.1
6.70 35.8
7.13 36.3
7.31 36.2
7.47 36.1
7.26 36.9
7.87 35.8
7.59 36.1
7.39 35.4
7.52 36.8
7.38 36.9
7.63 35.0
7.36 35.6
8.00 34.2
8.03 35.8
7.08 35.6
7.87 34.8
8.11 35.4
7.80 35.5
7.72 34.4
8.05 34.7
7.79 34.8
7.27 35.4
7.57 35.2
7.31 35.2
7.39 35.3
7.16 36.1
7.03 34.8
6.87 34.5
6.87 34.1
5.99 35.4
6.97 33.8
6.68 35.0
6.64 34.6
6.49 35.2
6.10 35.4
6.39 34.7
6.25 35.2
6.36 35.4
6.20 34.6
5.74 35.3
5.76 34.0
5.90 34.4
6.14 34.4
5.58 34.6
5.84 35.6
5.66 34.0
6.11 35.3
5.79 35.0
5.79 34.2
5.67 33.5
5.53 34.8
5.69 35.6
5.43 35.1
5.60 35.5
5.06 35.5
5.97 34.2
6.26 36.1
4.90 35.3
4.93 34.9
4.94 36.2
5.07 36.4
4.84 36.7
4.75 36.5
4.75 36.8
4.69 36.7
4.79 37.2
4.66 36.0
4.62 38.6
4.79 35.7
4.87 36.3
4.63 37.6
4.83 37.3
4.96 36.6
5.21 36.9
5.04 36.2
5.31 36.4
5.23 36.9
5.25 36.4
5.57 36.6
5.60 36.2
5.55 36.3
5.53 36.4
5.85 35.9
5.44 37.8
6.07 36.4
6.22 36.6
6.41 36.3
6.57 38.2
6.68 37.0
6.61 36.1
6.89 36.6
6.97 37.0
7.09 37.1
7.28 37.9
7.35 37.2
7.45 36.4
7.61 37.9
7.84 36.7
8.10 38.1
8.08 37.4
8.12 38.0
8.44 36.6
8.29 37.5
8.46 36.5
8.70 36.4
8.38 36.9
8.31 41.2
8.95 36.0
9.21 36.1
8.83 36.8
8.62 36.0
9.47 38.1
8.60 37.6
9.78 40.4
9.30 38.1
9.06 37.7
9.20 37.5
9.34 37.7
8.95 36.7
8.96 35.6
8.82 37.1
8.62 38.2
8.33 37.9
8.72 37.3
8.47 37.1
8.47 36.9
8.52 37.7
8.94 38.3
8.48 37.8
8.32 38.8
8.19 38.1
7.94 38.9
7.33 37.4
8.06 37.3
8.23 37.1
8.00 36.9
7.59 37.1
8.27 38.0
7.52 36.7
7.51 39.1
7.59 38.7
7.73 37.4
7.49 37.3
7.60 38.1
7.32 37.7
7.44 38.2
7.50 37.8
7.57 38.6
7.51 39.1
7.69 38.3
7.52 38.5
7.63 38.6
7.13 39.6
6.41 39.2
6.72 37.2
6.64 39.5
6.80 39.0
6.64 39.5
6.53 38.4
6.90 38.0
6.55 37.6
6.48 38.6
6.61 38.6
6.47 38.1
6.49 38.2
6.77 36.4
7.06 35.3
6.76 38.8
7.09 38.6
7.19 37.7
7.37 39.2
7.35 38.8
7.36 38.2
7.54 37.7
7.51 40.1
7.97 37.5
8.00 37.7
8.18 37.4
8.34 38.2
8.13 39.3
8.81 40.4
8.75 38.8
9.05 37.4
9.01 37.2
8.92 38.5
9.32 37.3
9.62 37.2
9.82 36.7
9.88 39.8
9.98 35.8
10.48 36.2
10.98 37.6
10.55 37.0
10.79 38.1
11.35 36.6
11.43 36.5
11.67 37.9
11.78 35.8
11.44 36.2
11.63 35.3
11.25 35.0
11.24 35.6
11.40 35.3
11.62 34.7
11.03 35.1
13.26 32.9
13.22 34.1
12.24 33.3
11.73 35.8
11.65 34.6
11.97 34.7
11.72 33.8
11.16 33.6
11.36 32.3
11.09 33.6
10.26 36.3
10.81 33.9
10.46 34.4
11.20 31.6
11.13 33.5
11.70 31.9
10.68 33.4
10.73 33.4
10.31 33.5
10.96 32.8
10.03 33.6
9.73 33.0
9.83 32.9
9.88 33.4
9.51 34.2
9.62 33.5
9.29 34.0
9.20 32.8
9.43 34.0
9.10 32.9
8.50 32.6
9.18 32.1
8.73 34.2
8.85 33.6
8.69 31.8
8.75 33.7
8.40 33.0
8.18 33.5
8.54 33.3
8.31 32.8
8.34 33.4
8.22 35.5
8.46 34.8
8.05 35.3
8.17 36.1
7.57 35.0
7.24 35.0
7.23 34.7
7.23 34.6
7.90 36.1
7.06 35.2
6.88 35.3
7.02 35.0
7.03 35.2
7.06 35.5
6.95 35.0
6.90 34.1
7.26 35.6
7.13 34.8
7.25 34.7
7.02 35.4
7.53 34.4
7.45 34.8
7.41 35.0
7.48 34.9
7.55 33.9
7.94 33.9
7.80 33.8
7.77 33.6
8.11 33.4
8.06 34.3
8.29 32.1
8.39 33.0
8.47 33.5
9.55 33.4
9.03 35.3
9.26 33.8
8.90 33.6
9.20 33.8
9.43 34.0
9.70 33.0
9.73 33.6
10.09 34.0
10.03 34.6
10.07 33.6
10.67 35.0
10.39 34.5
10.53 32.0
10.62 33.3
10.56 34.8
10.46 33.0
10.52 32.8
11.87 30.6
10.64 31.5
10.71 33.6
10.50 30.7
10.44 32.2
10.63 33.6
11.24 33.2
11.18 33.2
11.11 33.1
10.48 30.6
10.51 32.9
10.75 32.1
11.26 32.3
10.00 30.9
9.47 31.3
10.61 31.1
10.05 31.2
10.03 30.5
9.97 29.6
9.65 29.7
9.46 31.2
9.32 31.5
8.86 29.5
8.76 32.2
9.08 31.2
8.88 29.9
8.57 30.4
8.62 30.7
8.44 30.1
8.19 30.5
8.12 32.9
7.93 30.9
7.87 30.6
7.70 30.5
7.72 39.7
7.56 30.7
7.48 30.8
7.47 33.4
7.50 32.0
7.57 32.0
7.33 32.0
7.08 32.1
7.12 33.4
7.32 34.1
6.99 33.1
7.24 32.6
7.31 32.7
7.14 33.0
6.64 34.3
6.53 33.9
6.37 33.0
6.64 34.4
6.53 33.2
6.48 32.4
6.28 34.6
6.13 33.4
6.25 40.1
6.10 33.3
6.09 32.5
6.19 34.1
6.31 32.7
6.41 32.9
6.74 32.3
6.56 35.1
6.61 32.0
6.50 31.8
6.82 32.3
6.38 32.1
6.57 32.4
6.84 36.3
7.24 32.4
7.25 33.2
7.24 32.5
7.36 32.3
7.43 32.7
7.71 31.0
7.98 31.4
8.18 31.2
7.96 31.4
8.56 29.1
8.26 46.8
7.99 31.0
8.39 31.4
8.67 32.0
8.92 31.4
8.77 31.6
9.19 30.8
9.23 30.6
9.12 31.9
9.34 30.6
9.39 31.3
9.64 30.5
9.51 31.6
9.73 30.3
9.62 29.8
9.62 30.7
10.02 30.4
9.64 30.4
9.14 30.3
9.26 30.2
10.06 28.3
9.23 29.8
9.85 29.8
10.07 29.5
9.80 29.8
10.44 29.3
9.81 29.5
9.28 40.2
9.32 29.7
9.16 30.6
9.01 32.0
9.20 29.8
8.97 28.1
8.39 28.6
8.68 28.9
8.80 29.3
8.61 29.3
8.05 28.5
8.42 30.5
7.99 28.9
8.01 30.0
7.94 31.4
7.71 29.6
7.81 29.4
7.49 29.4
7.55 29.6
7.56 29.0
7.40 28.9
7.43 29.4
7.25 30.1
7.38 30.8
7.31 31.1
7.24 30.7
7.33 28.9
7.13 30.9
7.11 31.3
6.94 32.2
7.02 32.2
7.12 31.7
6.93 32.8
7.14 32.8
7.07 33.3
6.98 33.6
6.54 34.1
6.33 35.9
6.18 34.3
6.17 33.9
6.17 33.3
6.13 35.1
5.96 33.9
5.94 33.8
5.94 33.8
5.95 33.4
5.83 32.9
5.91 32.4
6.07 35.0
6.18 33.7
6.29 32.5
6.21 33.5
6.48 33.9
6.34 32.6
6.43 34.6
6.52 33.2
6.68 33.8
6.68 32.5
6.73 41.2
6.82 36.1
7.19 36.6
7.39 38.6
7.74 38.7
7.67 37.0
8.08 36.3
8.23 36.7
8.39 36.0
8.60 36.4
8.60 36.7
8.82 36.6
8.75 36.5
9.25 36.1
10.32 36.8
9.36 36.0
8.87 35.8
9.78 35.3
9.95 36.5
10.26 35.4
10.22 35.8
10.31 35.3
10.50 34.5
10.65 34.8
10.60 34.6
10.55 33.8
10.71 34.5
11.07 34.5
10.19 33.4
10.13 33.6
10.16 33.4
10.16 33.1
11.07 33.8
11.02 34.3
10.89 34.9
10.28 35.0
10.32 33.9
9.76 34.6
10.10 33.1
9.69 33.1
10.21 33.3
9.96 33.1
9.24 33.1
9.09 32.4
8.98 32.0
8.88 31.7
8.90 31.8
8.51 32.4
8.24 31.3
8.32 31.8
8.11 31.7
8.17 32.4
7.90 32.2
7.99 31.7
7.74 31.8
8.10 32.4
7.56 31.7
7.43 32.2
7.44 32.0
7.26 31.6
7.14 32.1
7.32 31.8
7.11 32.4
6.88 32.9
7.00 33.2
7.01 32.3
6.70 34.0
6.63 33.4
6.53 33.0
6.59 33.3
6.60 33.1
6.67 34.2
6.67 34.0
6.35 35.4
6.07 34.8
5.91 34.4
5.84 34.5
5.89 35.5
5.89 34.8
5.74 33.2
5.63 34.6
5.68 32.7
5.51 35.2
5.60 34.4
5.55 34.8
5.64 34.7
5.62 32.8
5.72 35.6
5.70 35.4
5.72 35.1
5.89 35.8
5.90 35.0
6.10 36.3
6.03 35.4
6.29 34.9
6.11 35.4
6.09 35.1
6.49 35.7
6.18 35.0
6.85 35.6
6.60 35.0
6.58 36.1
7.20 36.0
7.33 34.8
7.23 36.1
7.45 36.2
7.57 35.0
7.49 39.4
7.37 34.4
8.02 35.8
7.76 29.9
8.05 34.9
8.12 34.8
8.47 33.6
8.31 33.2
8.52 33.7
8.53 33.6
8.61 34.3
8.94 33.4
8.86 33.0
8.67 33.6
8.75 33.9
8.83 33.8
8.68 33.3
8.60 32.9
8.70 32.3
8.47 32.7
8.33 31.9
8.31 32.7
8.34 33.1
8.83 32.2
8.97 32.8
8.72 32.4
8.63 32.0
8.18 33.0
8.19 32.3
8.07 31.9
7.95 31.4
8.11 30.8
7.72 31.0
7.96 30.3
7.81 31.4
7.29 30.8
7.59 30.2
7.25 28.7
7.02 30.6
7.36 30.3
6.74 31.2
6.94 30.8
6.73 30.8
6.76 30.4
6.60 30.2
6.41 30.7
6.30 31.2
6.35 30.6
6.23 30.8
6.15 31.4
6.04 30.4
5.98 31.7
6.03 31.4
5.88 32.4
5.78 32.0
5.89 32.2
5.75 32.4
5.78 32.0
5.60 32.5
5.72 33.6
5.71 33.2
5.74 33.6
5.47 34.2
5.24 33.2
5.03 33.2
4.89 34.6
4.89 33.5
4.98 34.5
4.81 34.3
4.42 34.5
4.65 33.7
4.65 33.1
4.67 34.6
4.74 34.3
4.79 34.4
4.75 35.0
4.82 34.6
4.92 34.6
5.09 32.3
4.83 34.9
5.02 34.5
5.09 34.0
5.22 34.7
5.21 34.4
5.60 35.4
5.58 35.5
5.67 33.6
5.83 34.9
5.89 34.6
6.21 35.1
6.31 35.1
6.45 34.6
6.32 33.7
6.68 36.1
6.58 35.4
7.05 35.0
7.00 35.1
6.96 35.8
7.21 33.9
7.17 34.2
7.43 34.8
7.70 34.5
7.37 34.8
7.62 36.1
7.71 33.8
7.75 34.9
7.81 33.6
7.99 35.4
8.05 34.3
8.05 34.0
7.98 34.4
8.01 34.2
7.88 34.1
8.05 33.5
7.88 33.5
8.02 33.6
7.99 32.8
8.50 33.6
8.52 35.8
8.50 36.0
8.66 33.8
8.75 33.0
9.18 32.8
8.47 33.4
8.25 32.9
8.17 33.0
8.48 33.1
7.82 31.7
7.83 32.7
7.35 33.1
7.66 31.9
7.47 32.0
7.89 31.8
7.40 32.6
7.43 32.7
7.16 31.7
7.64 30.5
7.18 31.8
7.08 31.7
6.87 33.3
6.97 31.8
6.82 33.5
6.69 31.7
6.76 32.1
6.59 31.8
6.70 31.9
6.58 33.0
6.58 32.4
6.44 33.3
6.37 33.2
6.49 33.4
6.51 33.8
6.33 36.0
6.32 34.1
6.22 34.6
6.34 34.6
6.36 35.0
6.28 32.2
5.75 34.5
5.72 35.1
5.60 34.9
5.52 34.7
5.45 35.3
5.39 34.5
5.40 34.8
5.20 33.6
5.36 34.6
5.24 36.4
5.20 33.7
5.36 34.2
5.40 33.5
5.44 33.0
5.37 34.3
5.53 33.4
5.59 32.1
5.52 33.4
5.78 33.8
5.99 34.0
5.96 34.0
5.97 34.9
6.34 34.0
6.59 33.7
6.37 35.2
6.37 35.9
7.19 43.9
7.09 34.8
7.24 35.8
7.38 35.8
7.24 35.2
7.75 35.8
7.10 34.5
7.87 39.4
8.06 35.1
8.17 36.8
7.99 35.7
8.39 35.8
8.68 35.9
8.78 35.1
8.63 36.5
8.84 35.4
8.99 35.8
9.18 37.4
8.98 36.3
8.95 36.1
9.12 35.2
9.18 35.9
9.37 37.0
9.41 38.9
9.39 36.1
9.47 36.0
9.24 35.9
9.26 37.2
9.43 35.6
9.65 34.6
10.28 35.4
10.53 34.6
10.73 33.9
10.23 35.1
9.55 35.4
9.88 36.1
9.69 35.2
9.59 33.4
9.34 34.1
9.34 35.0
9.52 34.3
9.10 34.7
9.06 35.5
9.24 34.0
8.72 35.1
9.05 35.0
8.85 35.2
8.83 35.6
8.50 34.9
8.63 35.2
8.72 35.2
8.63 34.5
8.62 34.5
8.34 35.2
8.54 34.8
8.44 34.9
8.18 35.4
8.17 35.5
8.12 35.9
8.20 35.5
7.93 36.0
8.26 35.7
7.99 35.3
8.08 35.6
8.17 35.9
7.93 36.6
7.84 36.3
8.08 36.8
8.14 36.1
7.77 36.4
7.65 35.5
7.52 35.1
7.37 36.4
7.44 35.0
7.32 36.1
7.17 35.5
7.24 35.6
7.26 35.4
7.25 33.8
7.38 35.4
7.27 34.9
7.12 34.6
7.15 36.2
7.12 34.8
7.32 35.2
7.01 36.2
7.15 35.3
7.75 36.0
7.12 35.2
8.08 34.6
7.79 35.5
7.93 37.0
8.13 34.4
8.49 35.9
8.14 35.8
9.23 36.3
8.59 34.7
8.98 35.2
9.05 35.1
9.41 34.7
9.57 34.9
9.08 35.4
9.63 35.6
10.02 36.1
9.94 37.3
10.23 35.2
9.28 36.0
10.01 35.3
10.65 37.4
10.95 36.6
10.79 37.7
11.14 36.7
11.08 36.1
11.49 36.4
11.29 35.7
11.17 37.1
11.20 35.4
11.13 35.6
10.89 36.6
10.64 35.4
10.83 35.2
10.85 35.1
10.23 34.5
10.46 38.0
10.36 35.4
11.46 34.4
10.96 33.5
11.42 33.4
11.07 36.4
10.70 33.5
10.51 33.9
10.46 35.4
10.85 34.1
10.07 34.4
10.42 35.3
10.87 34.1
9.25 34.3
10.31 31.8
9.82 33.4
10.01 33.2
9.57 34.8
9.14 32.7
9.35 33.4
9.68 32.9
9.61 32.8
9.18 36.8
8.84 33.7
8.95 33.7
8.91 32.7
8.78 33.9
8.80 33.1
9.08 33.6
8.70 34.8
8.63 33.9
8.41 33.2
8.59 33.8
8.02 33.8
8.25 34.2
8.28 33.4
8.36 33.8
8.31 34.2
8.34 34.4
8.15 34.0
8.28 33.9
8.72 33.8
8.05 33.8
7.98 33.0
7.73 32.4
7.46 33.2
7.44 30.2
7.32 32.5
7.27 30.4
7.22 30.4
7.15 31.8
6.94 32.6
7.11 31.2
7.36 31.6
7.26 31.1
7.35 31.4
7.17 28.2
7.48 33.6
7.35 32.8
7.58 33.3
7.60 33.0
7.58 32.9
7.39 31.8
8.35 33.5
7.52 33.3
8.01 32.6
8.15 33.7
7.72 31.6
8.15 32.9
8.52 33.8
8.08 32.4
8.78 33.7
8.74 28.2
8.63 33.4
8.41 34.4
8.64 33.6
9.10 33.9
9.30 33.8
9.69 33.0
9.77 35.4
9.79 33.9
10.07 35.4
9.35 35.1
9.83 35.2
10.03 33.6
10.14 33.5
10.41 34.3
10.20 33.6
10.39 34.2
10.05 34.4
10.33 32.3
10.23 32.9
10.01 32.8
9.77 33.1
9.61 33.1
9.51 33.5
9.62 32.4
9.33 32.1
9.47 32.8
11.64 33.0
9.97 33.7
9.76 33.5
9.45 34.4
9.51 32.7
9.05 32.9
9.38 32.9
9.11 34.6
8.93 34.6
8.34 33.8
9.13 42.2
8.91 34.2
8.73 34.8
8.47 33.8
8.73 34.1
8.35 34.1
8.57 34.0
8.59 34.7
8.29 34.9
8.38 35.8
8.34 34.2
7.95 35.6
8.22 33.9
8.08 35.0
8.01 34.4
8.10 33.0
8.09 33.7
7.80 35.5
7.89 35.6
7.80 35.2
7.70 36.1
7.57 35.4
7.46 34.4
7.52 34.5
7.65 34.1
7.65 34.1
7.49 34.5
7.53 36.8
7.49 34.7
7.22 33.6
6.90 34.0
6.75 33.1
6.55 32.0
6.46 31.5
6.55 30.4
6.73 31.5
6.50 33.6
6.38 29.3
6.51 30.4
6.46 30.6
6.46 31.2
6.99 31.2
6.30 30.1
6.82 31.2
6.75 29.7
6.92 32.8
7.19 30.8
6.80 30.0
7.27 30.9
7.43 31.0
7.48 30.4
7.08 30.0
7.57 30.0
7.56 30.7
7.41 30.9
7.27 29.9
7.64 31.3
8.04 30.5
8.01 31.1
8.24 31.7
8.24 31.6
8.13 30.8
8.26 31.7
8.53 31.1
7.82 28.8
8.58 31.2
8.76 30.6
8.69 31.0
8.66 31.6
8.78 30.2
8.66 25.4
8.92 31.1
8.83 30.6
8.97 30.2
8.99 28.9
9.03 29.8
9.07 29.7
9.11 52.3
9.01 30.4
8.84 29.4
8.94 30.4
8.81 28.4
8.60 29.3
8.60 32.0
8.61 28.9
8.75 28.2
8.80 27.9
9.50 28.4
9.11 28.1
9.11 34.2
9.00 29.0
8.93 28.8
9.04 30.5
9.35 32.0
9.17 33.6
9.78 34.0
8.87 33.8
8.93 32.7
8.80 34.0
8.65 32.9
8.24 33.6
8.47 32.6
8.64 31.8
8.96 32.1
8.25 32.0
7.89 32.5
8.09 33.1
8.15 31.6
7.92 31.0
7.89 31.7
7.75 30.8
7.80 31.8
7.66 31.3
7.61 31.2
7.76 30.7
7.69 31.6
7.50 30.1
7.43 32.0
7.43 30.8
7.43 31.4
7.33 32.2
7.35 30.3
7.35 31.9
7.36 32.2
7.44 31.0
7.13 32.1
6.93 32.6
6.67 31.2
6.46 29.9
6.48 29.3
6.29 29.1
6.35 31.3
6.42 29.5
6.49 29.7
6.55 29.8
6.69 29.5
6.74 30.0
6.74 29.9
6.93 30.9
6.96 29.0
7.19 30.1
7.14 37.2
7.22 29.9
7.09 29.3
7.17 30.4
7.25 29.5
7.31 37.5
7.42 38.3
7.84 36.0
7.77 36.1
7.81 36.8
7.25 37.0
7.57 37.3
8.13 40.1
7.75 38.5
7.93 40.5
8.12 39.3
8.28 39.6
8.44 37.9
8.28 38.6
8.66 38.4
8.84 38.5
8.79 37.8
9.01 37.2
8.80 36.2
8.90 36.2
8.83 35.2
9.11 36.8
9.16 31.3
9.17 35.6
9.07 34.8
9.13 33.7
9.38 37.9
9.14 35.0
8.99 33.9
9.12 33.5
8.86 32.8
8.94 31.1
9.02 32.8
9.20 32.0
9.12 32.8
9.49 33.1
9.64 33.0
10.01 34.8
9.66 33.1
9.53 34.0
9.41 33.0
9.43 32.3
9.43 30.9
9.29 32.4
9.33 32.4
9.48 33.3
9.40 32.3
9.79 32.1
9.64 30.9
9.19 34.6
9.16 32.2
8.98 32.9
8.38 32.3
9.33 32.2
9.17 32.5
8.82 34.2
9.12 32.4
8.90 33.7
8.59 33.2
8.81 33.0
8.71 32.6
8.52 32.5
8.63 33.4
8.53 33.4
8.71 34.9
8.53 33.6
8.68 32.8
8.52 28.7
8.45 33.1
8.52 34.1
8.41 33.6
8.32 34.0
8.30 34.9
8.46 34.3
8.25 34.2
8.17 34.2
8.29 35.0
7.56 34.9
7.13 33.8
7.25 33.6
7.13 33.3
7.15 33.3
7.21 33.0
6.99 33.6
7.27 32.7
6.91 33.2
6.74 32.4
7.21 32.5
7.26 32.2
7.32 31.2
8.20 39.6
8.11 37.8
8.31 36.5
8.68 35.8
8.08 39.2
8.57 37.4
8.44 39.5
8.60 33.5
8.95 36.1
8.83 36.0
8.45 34.4
9.60 43.5
9.49 45.0
9.27 36.7
9.46 37.1
9.93 36.8
9.40 35.4
10.15 37.4
10.56 38.2
9.81 35.8
10.97 45.9
10.55 38.1
11.07 34.5
11.25 37.0
11.40 37.2
11.75 36.9
11.14 36.0
11.58 36.3
11.40 35.0
11.78 36.6
12.11 35.5
12.38 36.0
11.96 35.2
12.22 34.4
11.89 33.8
12.08 34.3
12.11 33.3
11.73 32.9
12.23 34.1
12.09 33.8
11.44 34.4
11.93 33.6
12.56 33.1
12.12 35.0
12.74 33.5
12.44 33.5
11.63 33.1
11.77 36.1
11.96 33.4
11.98 33.6
12.41 33.3
12.67 32.6
11.43 33.8
11.66 33.5
11.35 32.2
11.73 34.1
11.40 32.6
11.62 32.4
11.51 32.7
10.55 33.0
10.90 32.0
10.52 32.7
10.54 33.1
10.48 33.0
10.01 33.4
10.71 33.9
10.50 33.3
9.65 32.1
9.69 32.7
9.76 32.8
9.55 32.4
9.37 33.1
9.33 33.0
9.26 32.7
9.23 33.0
9.09 33.2
9.21 32.9
8.93 33.3
8.93 32.4
9.01 32.6
8.81 32.4
8.61 33.6
7.93 32.0
7.71 34.0
7.74 31.3
7.64 31.2
7.63 25.7
7.62 30.0
7.60 30.6
7.61 30.4
7.76 30.6
7.70 31.0
7.81 29.2
8.12 30.5
7.51 32.0
7.72 30.9
7.82 30.0
8.21 29.7
7.85 31.3
8.30 32.4
7.87 31.5
8.27 31.3
7.78 31.4
7.86 33.3
8.29 34.3
8.50 32.6
8.94 30.8
8.47 31.7
8.66 38.0
8.51 34.6
8.38 33.5
8.54 33.4
9.02 34.5
9.13 33.8
9.28 33.5
9.65 34.4
10.12 34.4
9.30 34.1
9.92 35.4
9.70 31.5
9.94 34.9
10.10 34.4
10.17 35.1
10.40 35.2
10.55 35.3
10.27 34.2
10.79 35.4
10.60 35.6
10.87 34.8
11.23 34.6
11.45 34.8
11.14 35.8
11.22 34.2
11.23 34.5
11.50 36.4
11.20 35.8
11.80 33.0
11.45 35.5
12.80 34.2
12.86 35.5
12.54 36.1
12.31 32.4
11.90 35.1
11.73 34.1
12.19 35.5
12.36 35.3
11.69 35.3
11.83 34.4
12.08 34.0
11.98 34.2
11.57 34.8
11.38 35.2
11.51 35.1
11.73 34.5
11.31 35.1
11.30 36.2
11.23 36.2
11.24 35.5
11.19 35.8
10.94 36.1
11.09 37.0
10.60 36.0
10.36 36.4
10.22 35.3
10.69 31.3
10.10 35.1
10.72 36.4
10.12 35.9
9.47 36.0
10.02 35.8
9.69 33.3
9.65 37.1
9.77 36.3
9.37 37.9
9.72 36.3
9.62 38.7
8.70 36.7
8.62 36.1
8.64 51.9
8.31 36.7
8.27 35.0
8.12 36.0
8.17 35.3
8.03 40.1
8.42 35.3
8.06 36.0
8.22 37.4
8.13 34.5
8.41 35.0
8.39 34.6
8.64 37.0
8.58 35.0
9.25 36.9
8.89 36.6
9.01 35.6
9.76 37.2
9.60 37.9
10.02 38.8
10.28 37.6
10.09 38.0
10.44 38.6
10.64 38.2
10.35 38.0
10.87 34.0
11.07 38.7
11.63 38.5
11.95 37.5
11.23 37.5
12.46 37.9
11.60 39.4
12.15 38.8
12.58 37.6
12.91 39.4
12.91 38.8
13.11 37.8
13.45 37.4
13.74 40.1
13.79 38.6
13.99 38.9
14.20 38.9
15.38 39.0
13.61 39.8
14.85 39.8
14.71 39.3
16.14 38.0
14.65 40.0
15.61 39.5
14.10 37.4
14.79 38.2
14.69 41.4
14.22 39.5
14.44 38.9
14.96 38.5
16.22 38.2
15.67 39.8
15.59 38.7
15.74 37.9
15.57 38.7
15.20 42.4
15.49 39.1
16.37 37.8
14.79 40.0
15.00 40.8
14.13 39.9
13.99 39.0
13.85 39.9
13.80 39.7
13.63 38.9
13.43 39.6
13.36 38.6
12.69 39.6
13.13 39.2
12.89 38.9
13.09 38.5
12.46 37.9
12.04 38.6
12.26 39.6
12.29 39.4
11.81 39.7
11.85 38.7
11.65 38.8
11.44 38.0
11.64 38.9
11.64 38.6
11.32 39.5
11.96 39.9
10.92 40.2
10.85 39.8
11.13 40.1
10.94 40.4
11.70 40.3
10.72 39.9
10.19 39.5
9.59 38.6
9.42 40.6
9.39 40.1
9.31 38.9
9.26 38.6
9.03 39.6
9.11 38.3
8.87 39.2
8.96 37.6
8.61 38.8
8.71 37.5
9.24 38.2
8.57 35.4
9.05 37.2
9.02 37.8
9.15 36.7
9.24 36.8
9.17 37.9
9.31 37.6
9.57 37.4
9.65 37.5
9.85 37.8
9.76 37.2
9.52 36.7
10.42 38.1
10.51 37.0
10.99 35.9
10.71 35.5
11.07 35.7
11.64 36.9
11.96 37.1
12.47 37.2
12.07 36.7
12.33 36.5
12.59 37.2
12.73 36.8
13.43 36.0
13.68 37.0
14.19 37.0
14.04 36.3
13.80 35.0
14.47 37.3
14.82 37.7
15.55 37.9
15.00 38.8
15.39 39.3
14.79 40.0
14.93 37.4
15.42 38.0
14.98 36.7
14.73 39.8
15.14 37.7
13.91 37.3
14.27 36.7
14.83 37.2
14.52 38.4
14.04 37.4
15.06 37.9
15.75 35.7
14.32 37.0
12.96 35.3
13.95 37.5
13.79 36.9
12.86 37.4
12.64 37.7
12.99 37.5
12.60 37.2
12.20 37.4
12.31 37.5
12.03 35.9
11.48 36.7
11.69 37.5
11.32 37.1
10.92 36.9
11.19 36.1
10.75 36.2
10.70 36.9
10.68 36.2
10.54 37.1
10.24 37.4
10.44 37.2
10.94 38.1
10.02 37.8
10.26 37.2
10.60 38.0
9.58 37.8
9.63 36.7
9.60 37.4
9.57 37.4
9.38 37.7
9.36 38.2
9.25 37.8
9.39 37.3
9.20 37.4
9.32 37.9
8.40 37.8
8.47 36.9
7.98 38.4
7.90 38.7
7.68 37.7
7.72 38.0
7.67 37.5
7.16 37.3
7.36 37.8
7.29 36.8
7.36 37.2
7.28 37.4
7.12 37.8
7.04 37.4
7.20 36.8
7.35 37.2
7.50 36.8
7.39 36.5
7.74 36.0
7.58 36.6
7.96 38.0
8.40 37.1
7.79 36.2
8.32 37.4
8.69 38.7
8.69 38.4
8.45 36.9
9.02 36.5
9.42 37.8
9.47 38.2
9.96 37.9
10.02 37.4
10.13 37.8
9.91 39.1
10.73 38.8
11.40 41.8
11.27 38.6
12.21 39.2
12.57 33.8
12.31 38.2
13.97 38.4
17.19 38.5
12.80 38.1
13.05 39.2
13.60 38.6
13.37 38.1
13.31 38.6
13.59 40.1
13.38 42.1
13.31 38.7
13.58 40.0
13.11 38.2
12.97 37.4
12.80 36.7
12.16 37.0
13.99 37.5
13.47 35.1
12.70 37.2
14.71 36.5
13.40 36.4
12.71 36.6
12.45 37.4
12.44 38.6
12.26 36.7
12.20 36.6
12.09 36.9
11.27 37.0
11.89 36.4
11.44 36.5
11.38 36.3
11.26 36.7
11.07 36.0
11.19 36.6
11.03 38.3
11.11 37.1
10.83 36.8
10.79 39.0
10.49 36.1
10.24 36.8
10.31 39.9
10.30 36.2
10.05 37.2
9.92 37.1
10.08 37.3
9.79 37.7
9.62 37.4
9.74 38.1
10.08 38.4
9.45 38.0
9.49 38.4
9.41 38.5
9.37 38.4
9.40 38.3
9.43 38.9
10.03 38.3
9.23 39.1
8.90 38.4
8.54 38.7
8.09 39.2
8.09 42.4
7.87 39.5
7.83 38.0
7.70 39.2
7.85 38.9
7.69 38.0
7.41 44.1
7.32 38.3
7.55 38.6
7.59 38.8
7.71 39.9
7.28 37.2
7.96 39.1
7.96 37.2
7.96 36.4
8.13 37.4
8.02 37.4
8.21 37.6
8.03 37.0
8.71 37.8
8.97 40.0
9.01 38.2
9.37 37.5
8.94 35.5
9.82 37.5
9.40 36.6
10.34 37.6
10.15 39.6
10.86 36.8
10.14 37.9
11.33 36.9
11.05 36.7
10.93 35.8
11.10 37.5
12.40 37.0
12.32 37.4
13.06 37.0
13.18 37.0
13.12 36.6
13.44 35.9
13.60 36.4
13.68 36.4
13.98 35.4
13.81 36.2
13.78 35.6
13.46 35.4
13.66 34.9
13.66 35.7
13.54 34.1
12.82 34.3
12.99 33.6
12.95 33.3
12.61 33.3
12.50 33.4
13.27 34.1
13.65 36.6
13.61 34.7
12.88 33.0
12.91 33.2
12.70 33.6
11.49 33.2
11.77 32.3
11.04 33.6
11.72 32.1
11.64 33.0
11.04 33.2
11.12 32.7
10.83 27.8
11.48 29.5
10.78 33.0
10.00 33.3
9.42 33.7
10.01 33.9
9.96 33.2
10.40 33.8
9.94 33.7
9.31 33.7
9.93 32.6
9.84 33.4
9.60 32.7
9.51 33.8
9.20 33.8
9.31 34.3
9.40 33.1
8.96 35.3
9.16 34.1
8.85 35.0
8.87 35.3
8.79 35.1
8.72 34.9
8.71 34.2
8.85 34.0
8.88 34.5
8.18 36.2
7.99 35.2
7.79 36.3
7.69 34.8
7.75 36.8
7.79 35.7
7.60 35.8
7.62 34.5
7.60 35.1
7.28 34.9
7.46 35.7
7.23 38.5
7.25 34.6
7.49 35.7
7.50 36.3
7.57 35.5
6.92 33.9
7.74 35.7
7.31 35.1
7.93 39.4
8.22 36.2
7.92 34.7
8.18 34.7
8.59 34.8
8.66 35.7
8.40 34.8
8.13 35.6
9.28 34.5
9.33 34.7
9.16 34.1
9.52 36.1
8.99 35.2
10.60 34.7
10.29 35.5
10.21 39.3
10.86 36.2
10.57 35.9
12.07 35.8
11.42 36.3
11.78 38.6
11.81 36.1
12.08 37.0
12.30 33.3
12.40 36.0
12.44 35.5
12.47 37.6
12.58 36.7
12.71 33.9
12.43 35.9
12.48 36.0
12.61 34.5
12.26 35.7
12.29 34.4
12.09 33.5
12.00 34.6
11.64 34.3
12.76 34.7
12.83 35.3
13.16 33.2
12.41 36.0
12.28 34.3
11.92 33.9
12.10 34.0
11.48 34.9
11.49 33.3
11.31 34.6
13.02 29.5
12.21 33.8
10.83 34.0
11.34 34.6
10.51 34.6
10.66 34.0
10.67 34.4
11.36 34.2
9.99 33.6
10.51 34.3
10.00 34.0
9.96 34.1
9.68 34.2
9.92 34.3
9.71 34.7
9.47 34.4
9.41 35.1
9.37 34.3
9.42 34.8
9.20 35.6
9.33 35.0
9.11 34.8
9.02 35.8
9.16 35.2
8.86 34.4
8.77 35.2
8.80 35.5
9.65 35.0
8.87 36.9
8.69 36.0
8.17 36.1
8.29 35.7
7.81 35.9
7.68 36.5
7.84 36.7
7.46 36.7
7.59 36.8
7.46 36.8
7.28 36.4
7.23 37.2
7.26 35.4
7.21 34.9
7.33 34.7
7.30 36.8
7.46 36.1
7.71 36.6
7.77 36.0
7.77 35.6
7.92 37.7
7.97 37.1
8.24 36.4
8.43 36.7
8.89 36.3
8.55 36.3
8.54 36.3
8.90 35.9
9.41 51.4
9.85 37.2
9.49 36.8
10.25 38.0
10.82 37.4
10.70 37.2
10.59 37.2
11.10 37.5
11.34 36.2
11.40 37.2
11.77 39.8
11.30 37.3
12.00 35.6
12.40 37.0
12.33 37.1
12.09 36.7
12.52 37.2
12.71 37.7
12.68 37.6
12.85 37.4
12.84 38.1
13.56 36.0
12.98 36.8
12.59 36.3
12.71 36.3
12.69 35.8
12.47 35.3
12.60 35.4
12.93 35.5
12.39 35.6
13.90 35.8
12.58 34.2
14.23 35.6
13.16 35.1
12.72 34.1
12.31 35.3
12.52 35.7
11.76 35.7
12.31 35.7
11.70 36.7
11.94 34.4
11.53 34.1
11.75 41.0
11.53 35.8
11.12 34.7
10.64 34.7
10.86 36.8
11.78 48.8
10.76 35.6
10.50 34.2
10.17 86.9
10.08 36.4
9.84 35.8
10.51 38.4
9.85 35.8
9.55 38.2
9.75 37.5
9.55 36.2
9.62 37.3
9.65 34.0
9.45 36.8
9.27 38.6
9.27 36.7
9.29 36.1
9.28 36.9
9.30 37.2
9.26 37.7
9.26 37.4
9.41 37.0
9.08 38.4
9.06 38.0
8.67 39.0
8.22 37.5
7.99 37.9
7.93 39.5
7.87 41.6
7.80 38.3
7.75 38.0
7.63 37.6
7.66 37.6
7.58 37.0
7.75 37.2
7.59 37.6
7.78 38.1
7.90 38.1
8.28 37.7
8.17 38.3
8.28 38.5
8.21 37.3
8.69 39.2
8.85 38.0
8.81 38.6
8.90 37.4
8.90 39.4
9.63 38.3
9.61 38.1
9.66 38.3
9.78 37.3
10.64 38.0
10.17 37.9
10.95 38.2
11.00 38.7
11.19 34.5
11.30 37.2
11.69 37.9
11.97 39.8
11.94 38.5
12.04 39.4
12.23 39.1
13.43 40.0
12.55 42.0
12.35 39.0
12.94 38.8
12.67 38.8
13.66 38.7
12.91 39.4
13.34 38.6
13.44 40.3
13.16 38.2
12.75 38.5
13.67 38.1
13.45 38.0
12.81 36.4
12.32 38.1
12.66 36.4
12.94 38.0
12.51 38.9
13.06 39.5
13.67 36.2
14.25 37.7
13.19 38.1
11.51 38.0
12.64 38.0
12.20 37.5
12.03 38.0
11.60 37.1
11.70 37.3
11.51 36.8
10.78 36.8
10.95 38.1
10.88 36.8
10.45 37.9
10.70 37.2
10.59 36.0
10.80 36.6
9.98 37.3
10.10 36.8
10.13 36.9
9.73 37.0
9.82 37.3
9.69 36.5
9.61 37.2
9.42 36.7
9.37 37.8
9.00 37.2
9.45 38.1
9.12 37.3
8.99 37.3
9.03 37.2
9.14 37.5
9.08 37.1
8.76 38.4
8.90 37.3
8.95 38.0
8.98 37.5
8.76 37.0
8.33 38.3
8.07 36.2
7.73 37.9
7.75 39.9
7.23 39.3
7.41 40.0
7.34 39.5
7.42 38.5
7.26 37.3
7.31 39.8
7.64 37.4
7.41 37.9
7.18 38.8
7.59 37.4
7.06 38.3
7.55 38.9
7.61 37.7
7.69 37.5
7.71 39.0
8.16 38.2
8.08 38.4
8.17 38.1
8.39 39.6
8.53 38.5
8.93 38.5
9.20 38.9
9.51 38.6
9.57 38.0
9.66 37.6
10.08 38.4
9.82 38.6
10.22 40.0
10.39 38.5
10.34 39.4
10.68 37.7
10.98 38.8
10.22 38.7
10.95 38.0
11.02 37.8
11.48 38.0
11.39 36.0
11.54 37.1
11.62 37.6
11.91 39.8
11.51 37.7
11.84 37.5
12.25 37.1
12.07 36.3
12.18 36.0
11.84 37.4
12.24 35.6
11.68 37.0
11.83 36.7
13.43 35.3
11.76 35.9
11.69 35.9
11.78 35.4
12.47 35.3
12.20 36.0
13.03 34.5
11.83 34.4
11.48 35.1
11.42 35.7
11.11 35.8
11.48 35.1
10.21 36.0
10.63 34.2
10.51 33.6
9.79 34.0
10.18 34.5
10.13 33.5
9.51 34.2
9.94 34.2
9.97 34.6
9.92 36.5
9.58 34.0
9.45 31.7
9.18 34.3
9.69 34.6
9.15 34.0
9.10 32.9
9.23 33.2
8.95 34.5
8.61 35.0
9.61 35.7
8.46 33.6
8.69 34.7
8.34 31.8
8.35 35.1
8.16 34.4
8.34 35.8
8.09 35.7
7.96 35.8
7.98 35.8
8.30 36.1
7.99 36.6
7.50 37.0
7.33 36.2
7.12 36.6
7.01 37.4
6.96 37.0
6.89 37.1
6.77 36.0
6.85 37.0
6.56 35.3
6.59 35.2
6.86 34.8
6.53 35.9
6.61 36.5
6.78 35.2
6.77 36.1
6.70 38.4
7.41 35.1
7.01 36.8
7.45 35.8
7.09 40.2
7.23 36.3
7.56 38.8
7.33 39.9
7.72 37.8
7.47 36.9
8.10 36.8
8.30 37.7
8.22 36.4
8.67 36.4
8.60 37.5
8.99 34.9
9.05 36.0
9.23 37.1
9.40 38.7
9.34 41.4
9.53 36.8
9.39 38.2
9.80 36.2
10.26 38.0
9.73 38.3
10.05 37.8
10.16 37.8
10.35 37.5
10.57 36.7
10.68 39.1
10.59 36.4
10.68 37.3
10.65 35.2
11.01 37.9
10.11 36.3
10.51 36.5
10.21 36.6
11.14 35.2
10.58 37.6
10.34 37.1
10.31 35.9
10.28 37.6
13.94 35.3
11.61 36.0
11.21 36.7
11.97 34.4
11.03 35.8
10.37 36.2
10.04 36.1
10.18 35.4
9.99 34.6
9.43 36.3
9.50 36.8
9.09 34.2
9.33 36.3
9.12 31.7
8.98 28.5
9.02 35.9
8.84 35.6
8.74 35.9
8.83 35.8
8.54 35.0
8.53 35.5
8.68 35.6
8.40 36.1
8.63 35.5
8.36 37.2
8.39 38.9
8.19 38.2
8.36 37.8
8.04 36.8
8.33 36.4
8.18 37.1
8.17 36.2
8.02 36.5
8.21 36.6
8.03 38.7
7.95 37.4
8.08 38.5
8.16 37.5
8.29 37.1
7.93 37.3
7.50 40.0
7.48 37.3
7.46 38.9
7.24 36.7
6.80 40.5
8.16 38.2
7.04 39.3
6.89 38.5
7.18 38.4
7.18 40.4
7.03 38.1
7.53 40.7
7.40 39.4
7.57 40.2
7.71 39.7
7.90 39.3
8.11 40.2
8.15 40.1
8.47 40.0
8.74 40.8
8.80 38.1
8.81 39.4
9.50 39.7
9.52 41.0
9.51 40.2
9.84 43.5
9.93 39.6
10.24 40.6
10.18 40.6
10.12 41.4
10.21 39.0
10.30 41.7
10.71 39.5
11.19 41.0
10.77 41.3
10.48 40.4
10.56 40.7
10.83 39.2
10.65 41.0
10.57 40.9
10.85 44.9
10.94 41.8
11.63 48.1
10.90 42.2
10.66 42.4
10.60 40.8
10.70 41.6
10.68 44.2
11.50 40.6
11.06 41.0
10.41 40.8
11.01 40.4
10.28 41.1
10.85 40.2
10.23 38.3
11.07 37.8
10.54 37.7
11.27 41.7
10.74 39.0
10.23 47.3
10.28 40.0
9.87 40.2
10.24 41.1
9.78 40.2
9.55 40.9
9.52 40.3
9.65 40.4
9.06 41.2
9.03 45.6
8.77 40.6
9.01 36.6
8.55 40.8
8.60 39.6
8.64 40.2
8.57 39.5
8.42 39.2
8.18 40.4
8.09 65.9
8.11 39.9
7.85 47.1
7.77 39.4
7.58 41.2
7.28 38.8
7.72 38.3
7.49 38.4
7.37 38.8
7.32 39.0
7.10 38.3
7.17 38.0
7.04 39.3
6.87 38.6
6.30 39.4
6.96 42.0
7.22 40.5
6.45 39.3
6.44 38.8
5.98 39.0
6.16 39.4
5.87 42.7
5.69 40.8
5.60 37.8
5.48 38.5
5.44 39.8
5.51 39.8
5.64 41.2
5.37 39.6
5.65 35.5
5.46 38.4
5.36 37.9
5.50 37.2
5.57 41.7
5.44 39.7
5.24 36.6
5.33 38.1
5.46 39.4
5.65 38.7
5.35 36.0
5.55 37.5
5.73 36.4
5.60 35.9
5.68 34.8
5.64 37.6
5.95 37.5
5.94 37.0
5.50 36.1
5.82 36.4
6.25 37.3
6.09 36.4
5.77 37.3
5.69 39.2
6.24 36.3
5.82 37.1
5.96 36.5
6.16 36.1
6.07 35.1
6.01 36.5
6.21 35.4
6.35 35.4
6.13 34.9
6.29 35.7
6.15 35.1
6.16 34.2
6.17 35.7
6.23 34.4
5.94 34.4
6.13 34.2
5.99 33.3
5.96 33.9
5.94 33.5
5.76 33.4
6.03 33.8
5.73 33.4
6.02 33.7
6.22 32.8
6.13 33.7
6.23 34.6
5.93 34.4
5.96 31.6
5.86 33.9
5.77 34.2
6.18 33.3
5.55 32.4
5.71 34.6
5.19 32.7
5.51 33.6
5.28 33.3
5.38 33.4
5.12 33.0
5.16 33.5
5.14 32.8
4.94 33.1
4.95 33.8
4.97 33.4
4.83 33.2
4.86 33.7
4.66 33.4
4.70 34.1
4.80 33.0
4.68 33.4
4.45 33.7
4.76 31.8
4.66 33.1
4.52 33.6
4.49 34.0
4.57 37.4
4.48 35.1
4.27 34.7
4.48 35.8
4.44 38.1
4.44 36.7
4.33 43.8
4.42 36.8
4.13 37.3
4.04 36.2
3.98 36.2
3.93 37.5
3.91 36.4
3.97 37.1
3.88 36.4
3.83 36.6
3.92 37.1
3.91 36.5
3.78 36.3
4.01 36.7
3.90 36.4
3.94 37.8
3.91 36.2
4.10 37.2
4.02 31.9
3.94 37.4
3.94 36.9
4.20 36.1
4.14 35.4
4.26 36.0
4.22 36.9
4.27 35.1
4.21 34.8
4.27 36.3
4.41 35.5
4.43 35.6
4.58 35.7
4.54 36.1
4.60 35.6
4.62 35.4
4.80 35.1
4.68 32.7
4.89 34.2
5.06 34.2
4.98 35.0
5.16 33.5
5.36 33.6
5.13 30.8
5.24 32.6
5.36 33.7
5.45 33.8
5.37 33.5
5.41 36.7
5.45 33.8
5.43 34.3
5.63 33.2
5.40 33.2
5.52 32.8
5.49 32.6
5.33 31.5
5.37 32.9
5.46 32.3
5.49 31.4
5.36 31.8
5.48 33.5
5.66 32.1
5.87 31.8
5.86 39.2
5.77 32.0
5.53 32.6
5.46 31.8
5.66 33.4
5.38 31.4
5.38 31.3
5.22 32.7
5.42 33.7
5.33 35.8
5.23 32.5
5.02 32.8
5.09 31.6
5.09 32.8
5.09 32.4
5.01 33.0
5.24 31.8
5.20 32.8
4.78 33.6
4.89 34.2
4.89 32.5
4.77 34.1
5.09 34.2
5.05 33.3
4.64 33.6
4.75 34.6
4.90 37.3
4.61 34.4
4.94 35.5
4.71 33.7
4.87 38.5
4.62 36.0
4.71 36.1
4.66 37.7
4.49 38.0
4.73 38.4
4.41 38.4
4.25 37.4
4.02 38.0
4.03 38.2
4.15 38.8
4.07 38.2
4.06 38.3
3.98 38.9
3.97 37.8
3.87 36.8
3.89 36.5
3.94 37.5
4.03 38.9
4.02 37.6
3.98 37.5
4.11 38.0
4.06 38.1
4.20 38.7
4.33 38.9
4.35 38.2
4.34 36.3
4.33 37.0
4.37 38.3
4.20 37.1
4.42 35.7
4.39 37.8
4.51 37.5
4.55 37.7
4.49 35.1
4.76 35.3
4.68 37.3
4.75 38.1
4.79 35.7
4.92 38.7
4.92 35.4
5.23 35.6
4.53 32.7
5.14 36.0
5.12 36.5
5.26 35.3
5.25 35.1
5.39 34.5
5.48 34.8
5.49 34.9
5.47 34.2
5.52 33.4
5.57 35.1
5.57 37.7
5.56 33.6
5.54 31.6
5.55 29.5
5.59 33.3
5.61 34.0
5.53 34.0
5.69 33.0
5.53 32.0
5.71 33.5
5.78 33.4
5.85 32.1
6.03 31.6
5.90 33.5
6.73 33.0
5.76 34.3
6.01 32.4
5.64 32.7
5.81 32.8
5.68 33.2
5.83 33.1
5.58 33.5
5.63 33.8
5.53 32.9
5.66 34.7