1 14.4
7 14.4
24 14.4 
47 14.4 
67 14.4 
104 14.3
177 14.2
201 14.2
152 14.2
188 14.1
230 14.1
199 14.1
214 14.2
222 14.2
365 14.3
483 14.3
713 14.3
623 14.4
654 14.3
621 14.2
536 14.2
483 14.3
325 14.4
376 14.7
427 14.7
302 14.6
325 14.8
451 15.2
511 15.5
444 16.4
294 16.5
376 16.2
426 16.0
831 16.4
906 16.4
591 15.7
768 15.2
405 14.9
365 14.9
456 14.8
357 14.7
302 14.6
441 14.4
395 14.2
242 14.1
310 14.0
234 14.1
235 14.1
96 14.3 
72 14.3 
83 14.3 
78 14.2 
87 14.2 
36 14.3 
13 14.5 
2 14.6
1 14.7
6 14.6
20 14.6 
54 14.5 
116 14.4
187 14.4
229 14.4
279 14.3
318 14.3
406 14.2
261 14.0
486 13.9
565 13.9
584 14.0
677 14.1
119 14.2
613 14.2
369 14.2
157 14.2
214 15.1
309 15.2
655 15.2
654 15.0
245 14.8
894 14.7
775 14.7
378 14.5
111 14.4
63 14.4 
112 14.4
89 14.3 
272 14.2
448 14.1
296 14.0
125 14.0
109 14.0
108 13.9
135 14.0
258 14.0
391 14.1
421 14.1
254 14.1
244 14.1
110 14.0
124 14.1
579 14.2
305 14.2
372 14.3
261 14.3
84 14.2 
102 14.2
96 14.1 
70 14.0 
36 14.0 
16 14.0 
3 14.0
1 14.4
4 14.5
13 14.5 
25 14.5 
39 14.5 
74 14.4 
107 14.2
164 14.2
208 14.1
220 14.1
282 14.1
189 14.1
236 14.1
279 14.2
368 14.3
282 14.4
392 14.5
529 14.6
499 14.7
210 14.7
445 14.7
231 14.7
229 14.7
229 14.7
329 14.8
273 14.8
493 14.8
483 14.8
505 14.8
338 14.8
295 14.7
291 14.8
206 14.8
190 14.7
214 14.8
160 15.1
115 15.2
162 15.2
196 15.2
234 14.9
227 14.8
179 15.5
172 16.0
131 15.9
118 16.2
98 16.2 
132 16.0
201 15.8
165 15.6
101 15.4
102 15.1
76 14.9 
41 14.7 
26 14.5 
24 14.3 
4 14.1
4 18.7
25 18.7 
38 18.7 
47 18.6 
88 18.6 
242 18.6
159 18.6
429 18.6
242 18.7
376 18.7
385 18.8
321 18.8
593 18.8
263 18.8
448 18.9
562 18.9
895 19.0
721 19.2
389 19.2
404 19.1
1030 19.1 
463 19.2
666 19.1
525 19.2
393 19.2
729 19.2
1210 19.3 
987 19.3
1140 19.5 
807 19.4
1130 19.5 
555 19.6
444 19.5
983 19.6
778 19.6
935 19.7
924 19.8
669 19.7
668 19.6
486 19.6
760 19.5
504 19.5
595 19.5
535 19.4
479 19.3
335 19.2
236 19.2
108 19.1
108 19.1
259 19.1
168 19.0
44 19.0 
30 19.0 
16 18.9 
6 18.8
1 17.6
9 17.6
66 17.6 
83 17.6 
164 17.6
187 17.6
252 17.5
295 17.4
349 16.8
312 16.8
454 16.8
502 16.8
552 16.8
600 16.7
711 16.7
463 16.7
396 16.6
497 16.7
875 16.8
863 16.8
896 17.0
950 17.0
1030 17.2 
608 17.3
852 17.4
1040 17.5 
1110 17.4 
1110 17.6 
1060 17.6 
843 17.6
1070 17.6 
1170 17.6 
705 17.6
790 17.5
348 17.4
1140 17.3 
625 17.3
921 17.3
832 17.2
798 17.2
561 17.2
449 17.2
348 17.3
529 17.2
583 17.3
267 17.3
124 17.3
281 17.4
336 17.2
281 17.3
231 17.5
183 17.4
133 17.3
24 17.0 
16 17.0 
7 16.9
1 16.7
2 15.4
14 15.4 
22 15.3 
33 15.2 
74 15.2 
151 15.1
123 15.1
348 15.0
398 15.0
452 15.0
501 14.9
552 15.0
600 15.0
646 15.0
691 15.1
735 15.4
781 15.6
820 15.6
874 15.7
925 15.9
807 15.9
947 16.0
959 16.1
786 16.1
1020 16.0 
1190 15.8 
971 15.7
915 15.7
490 15.5
772 15.4
928 15.5
1070 15.5 
447 15.5
669 15.3
422 15.1
774 15.4
941 15.4
838 15.2
552 15.1
854 15.2
745 15.4
376 15.7
587 15.8
531 15.9
477 15.8
423 15.8
371 15.7
321 15.6
272 15.5
225 15.3
181 15.1
135 14.9
27 14.7 
17 14.5 
7 14.4
10 14.2 
9 14.1
16 14.1 
17 14.0 
21 13.9 
37 13.8 
72 13.7 
59 13.7 
94 13.6 
133 13.6
142 13.6
144 13.5
175 13.4
181 13.4
209 13.4
205 13.3
216 13.3
263 13.3
312 13.3
308 13.3
155 13.3
222 13.4
310 13.4
543 13.4
651 13.5
545 13.5
375 13.5
199 13.5
146 13.5
151 13.5
149 13.5
115 13.5
272 13.4
353 13.4
305 13.4
109 13.4
252 13.4
312 13.4
298 13.4
224 13.4
187 13.4
108 13.4
90 13.4 
154 13.4
91 13.4 
106 13.5
125 13.5
201 13.5
105 13.5
74 13.5 
91 13.5 
45 13.5 
42 13.5 
29 13.4 
14 13.4 
4 13.5
1 13.5
2 13.1
14 13.0 
63 13.0 
127 12.9
143 12.9
101 12.9
198 12.8
320 12.8
345 12.9
397 12.9
457 13.0
440 13.0
503 13.1
537 13.1
626 13.1
829 13.2
668 13.2
569 13.2
475 13.2
578 13.3
525 13.3
660 13.3
728 13.3
933 13.3
719 13.3
845 13.3
418 13.3
1090 13.3 
1040 13.4 
1020 13.3 
1070 13.3 
998 13.4
888 13.4
1020 13.6 
883 13.6
460 13.6
953 13.6
779 13.7
763 13.6
719 13.6
706 13.5
321 13.4
164 13.4
104 13.4
208 13.5
336 13.5
193 13.6
78 13.6 
31 13.5 
15 13.5 
44 13.5 
52 13.5 
34 13.5 
33 13.5 
16 13.4 
4 13.4
1 13.1
8 13.4
36 13.6 
113 13.7
175 13.9
204 13.9
259 13.8
284 13.7
363 13.6
412 13.6
391 13.5
502 13.4
550 13.3
597 13.3
642 13.3
688 13.3
732 13.3
772 13.4
810 13.5
775 13.6
906 13.6
935 13.8
1040 13.8 
1090 13.9 
458 14.0
225 14.1
459 14.1
294 14.0
224 13.8
142 13.5
252 13.4
1070 13.5 
898 13.5
182 13.3
234 13.2
598 13.2
975 13.2
894 13.3
483 13.3
136 13.3
152 13.4
298 13.4
253 13.5
547 13.5
555 13.4
518 13.5
173 13.5
352 13.6
193 13.7
208 13.7
215 13.7
150 13.7
94 13.5 
61 13.4 
32 13.2 
10 13.2 
1 13.2
1 13.1
12 13.1 
25 13.1 
54 13.1 
55 13.2 
77 13.2 
98 13.2 
133 13.2
159 13.3
197 13.4
230 13.4
294 13.4
370 13.5
301 13.6
261 13.6
235 13.6
199 13.6
164 13.6
226 13.5
210 13.5
271 13.6
323 13.5
387 13.5
404 13.4
496 13.4
478 13.4
278 13.4
380 13.5
328 13.5
232 13.5
105 13.4
197 13.4
256 13.4
165 13.4
281 13.5
352 13.6
265 13.6
268 13.6
123 13.5
276 13.5
351 13.6
198 13.5
229 13.5
154 13.4
93 13.3 
78 13.2 
55 13.2 
59 13.3 
52 13.3 
64 13.3 
67 13.3 
54 13.3 
33 13.2 
25 13.2 
7 13.3
2 13.3
2 13.6
5 13.4
8 13.2
11 13.1 
20 13.0 
25 13.0 
25 12.9 
18 12.9 
19 13.0 
34 13.0 
45 13.1 
40 13.1 
110 13.2
102 13.3
148 13.4
170 13.5
88 13.5 
87 13.5 
101 13.6
119 13.7
115 13.8
121 13.8
98 13.8 
158 13.7
246 13.6
159 13.5
148 13.4
310 13.4
249 13.4
186 13.3
266 13.3
185 13.2
143 13.2
172 13.3
185 13.4
136 13.4
172 13.4
98 13.5 
98 13.5 
48 13.5 
44 13.5 
32 13.6 
56 13.6 
74 13.6 
50 13.6 
21 13.6 
39 13.6 
35 13.5 
31 13.5 
15 13.4 
18 13.3 
17 13.3 
10 13.2 
5 13.2
1 13.2
2 13.3
5 13.3
5 13.3
4 13.3
6 13.3
7 13.3
31 13.3 
31 13.4 
26 13.5 
21 13.5 
23 13.6 
23 13.6 
23 13.5 
40 13.4 
35 13.4 
57 13.3 
27 13.2 
71 13.2 
93 13.1 
119 13.1
209 13.1
80 13.2 
74 13.2 
68 13.4 
99 13.5 
138 13.6
177 13.6
114 13.6
111 13.6
73 13.7 
82 13.7 
69 13.7 
55 13.7 
31 13.7 
21 13.7 
17 13.7 
9 13.7
4 13.7
3 13.7
4 13.9
5 14.3
9 14.8
67 15.4 
160 15.7
205 16.0
194 16.2
103 16.5
118 16.8
69 17.1 
39 17.3 
28 17.5 
34 17.6 
15 17.7 
10 17.8 
1 17.8
4 18.6
9 18.6
6 18.6
8 18.6
6 18.6
11 18.6 
14 18.6 
49 18.6 
64 18.6 
77 18.6 
178 18.6
159 18.7
140 18.7
248 18.7
820 18.7
621 18.8
640 18.9
731 18.9
651 19.0
627 19.0
336 19.0
729 19.1
1130 19.2 
675 19.2
478 19.2
440 19.1
286 19.0
836 19.0
407 19.0
805 19.1
772 19.1
312 19.0
332 19.0
113 18.9
167 18.9
227 18.9
248 19.0
211 19.1
197 19.1
296 19.1
338 19.1
513 19.2
246 19.3
243 19.3
425 19.4
220 19.4
125 19.3
145 19.3
90 19.3 
113 19.3
318 19.3
128 19.3
69 19.3 
28 19.2 
14 19.2 
5 19.3
1 19.3
2 18.5
5 18.6
12 18.5 
108 18.6
52 18.6 
135 18.6
120 18.6
130 18.6
138 18.6
172 18.6
282 18.6
653 18.6
546 18.6
647 18.6
415 18.6
265 18.6
286 18.6
417 18.6
383 18.6
761 18.7
978 18.7
986 18.8
799 18.8
1010 18.9 
1150 19.0 
287 19.1
413 19.0
821 19.2
975 19.4
762 19.5
768 19.6
1150 19.6 
875 19.7
1040 19.8 
228 19.8
246 19.7
951 19.7
835 19.7
441 19.7
687 19.6
746 19.6
643 19.6
672 19.6
406 19.6
240 19.6
167 19.6
167 19.7
210 19.6
132 19.6
196 19.6
73 19.5 
94 19.5 
113 19.4
100 19.4
27 19.4 
11 19.4 
3 19.3
4 18.5
18 18.5 
53 18.5 
89 18.4 
117 18.4
157 18.4
172 18.3
201 18.3
305 18.3
358 18.3
414 18.3
476 18.3
538 18.4
582 18.4
624 18.5
671 18.6
715 18.6
740 18.7
788 18.8
832 18.9
856 19.0
891 19.1
912 19.2
917 19.2
907 19.4
1020 19.5 
745 19.6
737 19.6
842 19.6
911 19.6
894 19.6
716 19.5
483 19.5
656 19.5
325 19.5
533 19.5
336 19.4
484 19.4
494 19.4
601 19.4
638 19.4
733 19.3
327 19.3
204 19.2
167 19.2
373 19.1
297 19.2
276 19.2
151 19.1
106 19.0
99 19.0 
84 18.9 
59 18.9 
78 18.9 
48 18.8 
15 18.8 
1 18.8
1 17.8
4 17.8
10 17.9 
16 17.9 
23 17.9 
32 17.8 
30 17.8 
72 17.8 
100 17.7
139 17.7
196 17.6
280 17.6
420 17.6
474 17.6
321 17.6
339 17.6
346 17.6
268 17.6
315 17.6
318 17.6
266 17.7
281 17.8
236 17.9
309 17.9
370 17.9
336 17.9
277 17.8
513 17.8
297 17.8
351 17.9
337 17.8
342 17.8
547 17.8
525 17.9
611 17.9
734 17.9
339 17.9
377 17.9
671 17.8
329 17.8
477 17.8
320 17.8
361 17.8
601 17.9
492 17.9
248 18.0
223 18.0
175 18.1
138 18.0
120 18.0
79 17.9 
57 17.9 
44 17.8 
23 17.8 
17 17.9 
5 18.0
3 18.0
1 17.0
4 17.0
7 17.0
19 17.1 
42 17.1 
43 17.1 
49 17.3 
55 17.2 
167 17.2
242 17.2
349 17.2
409 17.2
430 17.1
605 17.1
601 17.0
773 17.0
523 16.9
752 17.0
555 17.0
629 17.1
979 17.2
705 17.2
902 17.3
811 17.4
782 17.6
352 17.7
962 17.8
894 18.0
1030 18.0 
918 18.0
233 18.1
633 18.2
861 18.5
522 18.3
972 18.3
896 18.5
857 18.9
824 19.8
789 20.0
745 19.6
705 19.2
656 19.1
609 19.4
557 19.6
507 19.1
454 19.0
403 18.7
355 18.3
269 17.7
233 17.6
227 17.6
130 17.2
99 16.9 
56 16.8 
23 16.7 
5 16.6
2 16.6
19 16.6 
24 16.7 
71 16.7 
122 16.7
96 16.5 
110 16.8
106 16.7
106 16.5
147 16.3
153 16.3
207 16.1
265 15.8
443 15.6
632 15.4
739 15.2
654 15.2
457 15.2
775 15.2
770 15.2
596 15.1
970 15.2
963 15.2
959 15.1
843 15.2
990 15.3
1030 15.5 
828 15.7
958 15.9
700 16.1
954 16.3
984 16.6
962 16.6
963 16.7
967 16.9
917 16.6
907 16.6
853 16.3
817 16.2
525 16.3
424 16.4
653 16.4
741 16.2
587 16.0
211 16.0
220 16.1
210 16.2
150 15.8
284 15.5
200 15.3
141 15.1
100 15.3
41 15.4 
98 15.4 
30 15.4 
10 15.3 
2 15.1
2 14.1
9 14.1
26 14.1 
26 14.2 
36 14.2 
49 14.2 
65 14.1 
71 14.0 
116 14.1
151 14.2
102 14.3
107 14.3
163 14.4
240 14.4
360 14.4
437 14.3
305 14.3
179 14.3
290 14.2
287 14.2
337 14.2
377 14.2
448 14.3
540 14.4
636 14.3
506 14.3
406 14.3
226 14.3
341 14.3
409 14.4
148 14.5
226 14.6
673 14.7
485 14.8
730 14.8
254 14.8
146 14.7
270 14.5
829 14.5
828 14.4
502 14.4
329 14.4
340 14.4
271 14.4
425 14.4
495 14.4
388 14.4
387 14.6
327 14.9
147 15.2
211 15.3
168 15.1
164 14.9
124 14.7
25 14.6 
11 14.6 
3 14.5
2 14.1
8 14.1
50 14.0 
108 14.0
73 14.0 
38 13.9 
95 13.9 
187 13.9
204 13.9
122 13.9
435 13.9
486 13.9
448 13.9
677 14.0
437 14.0
659 14.1
693 14.2
539 14.2
725 14.3
684 14.3
680 14.3
740 14.4
942 14.4
866 14.4
922 14.4
925 14.4
297 14.3
213 14.2
719 14.3
260 14.3
714 14.4
430 14.5
447 14.4
382 14.4
663 14.6
415 14.6
389 14.6
577 14.6
381 14.5
493 14.5
552 14.5
249 14.5
338 14.4
210 14.4
359 14.4
302 14.4
548 14.4
373 14.4
315 14.4
235 14.4
247 14.4
160 14.4
76 14.4 
25 14.3 
13 14.3 
10 14.3 
2 14.2
6 14.5
17 14.6 
35 14.7 
39 14.8 
72 14.8 
102 14.9
262 14.9
372 14.9
407 14.9
426 14.8
325 14.8
584 14.7
535 14.6
550 14.6
495 14.5
754 14.6
847 14.6
728 14.6
821 14.8
831 15.1
967 15.3
1040 15.6 
971 15.8
914 16.1
1080 16.0 
516 15.9
744 15.7
716 15.8
1050 15.7 
664 15.6
699 15.8
1060 16.1 
985 16.1
972 16.1
958 16.2
945 16.2
915 16.5
888 16.7
853 17.2
807 17.0
760 17.0
719 17.0
674 17.3
625 17.2
574 16.6
525 16.5
473 16.8
422 17.0
372 17.2
321 16.7
271 16.4
222 15.6
175 15.3
128 15.3
23 15.3 
14 15.2 
6 15.4
1 14.1
7 14.2
19 14.3 
83 14.5 
139 14.5
146 14.5
120 14.5
121 14.5
140 14.5
152 14.4
145 14.4
131 14.4
148 14.4
209 15.2
244 15.4
269 15.4
336 15.2
420 14.8
676 14.6
540 14.7
1050 15.1 
705 15.8
950 15.6
970 15.4
966 15.0
1040 15.3 
1090 15.9 
1070 16.2 
1060 16.6 
1030 16.2 
1020 15.7 
1020 15.5 
1010 15.6 
1000 15.7 
988 16.1
960 17.1
931 16.9
899 16.6
865 16.1
831 16.8
542 16.2
579 16.5
362 16.2
380 15.6
555 15.4
474 15.2
491 14.9
390 14.8
327 14.8
369 15.0
313 14.9
263 15.5
215 16.3
169 15.9
125 15.2
24 15.1 
15 15.1 
5 14.8
1 14.6
8 14.6
18 14.6 
94 14.5 
138 14.4
183 14.4
231 14.3
278 14.2
329 14.1
378 14.1
433 14.1
481 14.1
535 14.1
580 14.3
628 14.5
673 14.6
716 14.8
756 15.0
801 15.2
837 15.4
873 15.7
903 16.0
931 16.1
950 15.9
977 15.6
996 15.4
967 15.1
1050 15.0 
1040 14.8 
1040 14.9 
1030 15.2 
1020 15.4 
1010 16.0 
1000 16.6 
983 17.1
961 17.2
935 17.0
904 16.8
870 16.6
833 16.8
793 16.7
754 16.2
708 15.6
667 15.4
621 15.1
580 14.7
515 14.4
485 14.0
414 13.6
362 13.6
311 13.7
263 13.8
216 14.0
171 14.2
126 14.4
24 14.5 
15 14.8 
6 15.0
1 14.7
1 15.0
4 15.0
11 14.9 
16 14.9 
36 14.7 
65 14.4 
98 14.1 
104 13.9
322 13.8
420 13.8
432 13.9
438 13.9
363 14.0
399 13.9
540 14.0
391 14.2
656 14.5
407 14.7
435 14.9
359 15.0
394 15.0
397 15.0
795 15.0
744 15.0
587 15.0
476 14.7
511 14.4
298 14.4
414 14.3
447 14.3
631 14.3
805 14.3
579 14.3
496 14.5
593 14.6
778 14.7
745 14.8
599 15.0
396 15.0
378 15.0
348 15.1
339 15.1
250 15.0
228 14.8
184 14.5
201 14.4
196 14.4
202 14.4
258 14.4
222 14.3
252 14.2
101 14.2
72 14.3 
50 14.4 
37 14.6 
25 14.7 
9 14.6
3 14.6
1 14.6
4 14.7
8 14.7
14 14.8 
30 14.7 
55 14.6 
38 14.5 
34 14.5 
61 14.4 
98 14.3 
97 14.3 
100 14.3
78 14.3 
103 14.2
118 14.3
293 14.3
215 14.4
237 14.4
211 14.4
185 14.4
131 14.4
124 14.4
133 14.5
165 14.6
274 14.6
597 14.6
446 14.6
233 14.5
232 14.4
253 14.4
214 14.4
197 14.4
159 14.4
229 14.4
317 14.4
305 14.5
286 14.6
296 14.6
222 14.6
118 14.6
204 14.6
308 14.7
295 14.6
402 14.6
274 14.6
265 14.6
215 14.6
107 14.6
108 14.5
94 14.4 
106 14.4
106 14.4
61 14.4 
23 14.4 
18 14.4 
19 14.5 
6 14.5
2 14.6
4 14.8
11 14.8 
13 14.8 
20 14.8 
31 14.8 
16 14.8 
20 14.8 
31 14.7 
43 14.7 
61 14.6 
97 14.6 
162 14.6
227 14.6
267 14.6
318 14.7
266 14.8
207 14.8
261 14.8
201 14.9
356 14.9
411 14.9
650 14.9
398 14.8
382 14.7
245 14.7
583 14.7
1100 14.8 
822 14.8
581 14.7
1100 14.8 
195 14.7
187 14.7
166 14.6
329 14.6
191 14.6
80 14.6 
48 14.6 
50 14.7 
56 14.7 
50 14.8 
75 14.8 
47 14.7 
43 14.7 
36 14.6 
51 14.6 
23 14.6 
19 14.6 
13 14.5 
15 14.5 
20 14.5 
25 14.6 
19 14.6 
15 14.6 
13 14.6 
5 14.6
1 14.7
1 14.7
1 15.0
3 15.0
5 14.9
5 14.9
18 14.8 
20 14.7 
29 14.6 
52 14.6 
82 14.5 
61 14.5 
74 14.4 
76 14.4 
85 14.5 
86 14.5 
81 14.4 
78 14.4 
105 14.3
137 14.4
148 14.5
113 14.6
98 14.6 
97 14.6 
166 14.6
130 14.6
134 14.6
172 14.6
117 14.5
118 14.4
188 14.4
177 14.4
151 14.4
126 14.5
135 14.6
287 14.6
140 14.7
93 14.7 
145 14.7
84 14.7 
101 14.7
143 14.7
117 14.7
93 14.6 
85 14.7 
57 14.7 
72 14.7 
66 14.6 
53 14.6 
46 14.6 
36 14.5 
26 14.5 
44 14.6 
3 14.6
9 14.6
18 14.6 
12 14.7 
3 14.8
1 14.9
2 14.9
6 14.9
8 14.9
11 14.9 
28 14.8 
49 14.8 
48 14.8 
133 14.8
93 14.7 
91 14.6 
176 14.6
166 14.6
211 14.6
181 14.7
124 14.7
257 14.7
197 14.7
256 14.7
227 14.7
209 14.8
194 14.8
277 14.7
353 14.7
361 14.7
553 14.7
623 14.7
897 14.8
509 14.8
847 14.8
936 14.9
660 14.8
557 14.8
868 14.9
452 14.8
902 15.0
740 15.0
511 15.0
599 15.0
530 15.1
418 15.1
354 15.0
721 15.0
267 15.0
316 15.0
266 14.9
203 14.8
194 14.8
170 14.8
123 14.7
135 14.7
112 14.7
104 14.8
68 14.8 
52 14.8 
47 14.8 
22 14.7 
6 14.7
1 14.7
1 14.6
3 14.7
13 14.8 
25 14.8 
34 14.8 
64 14.8 
79 14.7 
65 14.7 
108 14.6
143 14.6
149 14.6
145 14.6
183 14.6
170 14.7
192 14.7
185 14.7
207 14.7
647 14.7
332 14.7
452 14.7
283 14.6
224 14.6
171 14.6
247 14.6
345 14.7
326 14.7
194 14.7
169 14.8
198 14.8
264 14.7
453 14.8
307 14.8
178 14.8
214 14.8
183 14.8
352 14.9
348 14.9
183 14.9
526 15.0
330 15.0
447 15.0
510 15.0
489 15.2
496 15.3
478 15.2
470 15.4
259 15.5
236 15.5
186 15.3
145 15.2
41 15.1 
24 15.0 
59 14.9 
30 14.8 
21 14.7 
7 14.7
4 14.7
2 14.7
1 14.7
2 14.8
9 14.9
22 14.8 
39 14.8 
67 14.8 
115 14.8
101 14.8
212 14.8
401 14.8
204 14.8
341 14.9
383 14.9
498 14.9
220 14.9
188 15.0
255 14.9
203 14.9
138 14.8
173 14.8
235 14.8
207 14.8
108 14.9
63 14.9 
78 15.0 
128 15.0
54 15.0 
49 15.0 
75 15.9 
105 16.1
347 15.8
402 15.7
479 15.8
454 15.6
1170 15.5 
775 15.5
1010 15.4 
619 15.3
1030 15.3 
1020 15.3 
991 15.4
826 15.8
785 16.7
749 17.1
683 17.6
345 17.7
597 17.7
374 17.8
478 18.0
381 18.0
376 18.0
63 17.8 
219 18.4
217 18.5
54 18.1 
37 17.6 
59 17.5 
24 17.1 
10 16.6 
2 16.6
1 15.5
8 15.5
20 15.5 
41 15.5 
66 15.5 
109 15.4
142 15.4
188 15.4
234 15.6
266 15.6
294 15.6
335 15.6
383 15.6
432 15.6
480 15.6
521 15.6
567 15.5
603 15.5
648 15.5
688 15.6
731 15.6
750 15.6
761 15.7
769 15.8
778 15.9
811 15.9
840 16.9
854 17.6
870 17.9
888 18.0
926 18.2
915 18.7
902 19.0
891 19.1
893 19.2
915 19.2
897 19.0
853 18.8
809 18.8
760 18.5
729 17.9
712 17.5
606 17.8
621 17.2
579 17.2
549 17.2
461 17.5
412 17.4
357 17.4
315 17.8
256 18.1
198 18.2
167 18.2
134 18.2
92 18.0 
58 17.9 
37 17.5 
14 17.0 
2 16.6