0.00 123000
0.00 123000
0.00 123000
0.00 123000
0.00 123000
0.00 123000
0.00 123000
0.00 123000
0.00 123000
0.00 123000
0.00 123000
0.00 123000
0.00 123000
0.00 123000
0.00 123000
0.00 123000
0.00 123000
0.00 123000
0.00 123000
0.00 123000
0.00 123000
0.00 123000
0.00 123000
0.00 123000
0.03 123000
0.00 123000
0.00 123000
0.00 123000
0.00 123000
0.00 123000
0.00 123000
0.00 123000
0.00 123000
0.00 123000
0.00 123000
0.00 123000
0.00 123000
0.00 123000
0.00 123000
0.01 123000
0.00 123000
0.00 123000
0.00 123000
0.00 123000
0.00 123000
0.00 123000
0.00 123000
0.00 123000
0.00 123000
0.00 123000
0.00 123000
0.00 123000
0.00 123000
0.00 123000
0.00 123000
0.00 123000
0.00 123000
0.00 123000
0.00 123000
0.00 123000
0.00 123000
0.00 123000
0.00 123000
0.00 123000
0.00 123000
0.00 123000
0.00 123000
0.00 123000
0.00 123000
0.00 123000
0.00 123000
0.00 123000
0.00 123000
0.00 123000
0.00 123000
0.00 123000
0.00 123000
0.00 123000
0.00 123000
0.00 123000
0.00 123000
0.00 123000
0.00 123000
0.00 123000
0.00 123000
0.00 123000
0.00 123000
0.00 123000
0.00 123000
0.00 123000
0.00 123000
0.00 123000
0.00 123000
0.00 123000
0.00 123000
0.00 123000
0.00 123000
0.00 123000
0.00 123000
0.00 123000
0.00 123000
0.00 123000
0.00 123000
0.00 123000
0.00 123000
0.00 123000
0.00 123000
0.00 123000
0.00 123000
0.00 123000
0.00 123000
0.00 123000
0.00 123000
0.00 123000
0.00 123000
0.00 123000
0.00 123000
0.00 123000
0.00 123000
0.00 123000
0.00 123000
0.00 123000
0.00 123000
0.00 123000
0.00 123000
0.00 123000
0.00 123000
0.00 123000
0.00 123000
0.00 123000
0.00 123000
0.00 123000
0.00 123000
0.00 123000
0.00 123000
0.00 123000
0.00 123000
0.00 123000
0.00 123000
0.00 123000
0.00 122000
0.00 123000
0.00 123000
0.00 122000
0.00 123000
0.00 123000
0.00 123000
0.00 122000
0.00 122000
0.00 122000
0.00 122000
0.00 123000
0.00 123000
0.00 122000
0.00 122000
0.00 122000
0.00 122000
0.00 122000
0.00 122000
0.00 122000
0.00 122000
0.00 122000
0.00 122000
0.00 122000
0.00 122000
0.00 122000
0.00 122000
0.00 122000
0.00 122000
0.00 122000
0.00 122000
0.00 122000
0.00 122000
0.00 122000
0.00 122000
0.00 122000
0.00 122000
0.00 122000
0.00 122000
0.00 122000
0.00 122000
0.00 122000
0.00 122000
0.00 122000
0.00 122000
0.00 123000
0.00 122000
0.04 123000
0.07 123000
0.05 123000
0.03 122000
0.02 123000
0.02 123000
0.00 123000
0.01 122000
0.03 123000
0.03 123000
0.03 123000
0.01 123000
0.00 123000
0.00 123000
0.00 123000
0.00 123000
0.00 123000
0.00 122000
0.00 123000
0.00 123000
0.00 123000
0.00 123000
0.00 123000
0.00 123000
0.00 123000
0.00 123000
0.00 123000
0.00 122000
0.00 123000
0.00 123000
0.00 123000
0.00 123000
0.00 123000
0.00 123000
0.00 123000
0.00 122000
0.00 123000
0.00 123000
0.00 123000
0.00 122000
0.00 122000
0.00 122000
0.00 123000
0.01 122000
0.00 122000
0.00 122000
0.00 122000
0.00 122000
0.00 122000
0.00 123000
0.00 122000
0.00 122000
0.00 122000
0.00 122000
0.00 122000
0.00 122000
0.00 122000
0.00 122000
0.00 122000
0.00 122000
0.00 122000
0.00 122000
0.00 122000
0.00 123000
0.00 122000
0.00 122000
0.00 122000
0.00 122000
0.00 122000
0.00 122000
0.00 122000
0.00 122000
0.00 123000
0.00 122000
0.00 122000
0.00 122000
0.00 122000
0.00 122000
0.00 122000
0.00 122000
0.00 122000
0.00 122000
0.00 122000
0.00 122000
0.00 122000
0.00 122000
0.00 122000
0.00 122000
0.00 122000
0.00 122000
0.00 122000
0.00 122000
0.00 122000
0.00 122000
0.00 122000
0.00 122000
0.00 122000
0.00 122000
0.00 122000
0.00 122000
0.00 122000
0.00 122000
0.00 122000
0.00 122000
0.00 122000
0.00 122000
0.00 122000
0.00 122000
0.00 122000
0.00 122000
0.00 122000
0.00 122000
0.00 122000
0.00 122000
0.00 122000
0.00 122000
0.00 122000
0.00 122000
0.00 122000
0.00 122000
0.00 122000
0.00 122000
0.00 122000
0.00 122000
0.00 122000
0.00 122000
0.00 122000
0.00 122000
0.00 122000
0.00 122000
0.00 122000
0.00 122000
0.00 122000
0.00 122000
0.00 122000
0.00 122000
0.00 122000
0.00 122000
0.00 122000
0.00 122000
0.00 122000
0.00 122000
0.00 122000
0.00 122000
0.00 121000
0.00 121000
0.00 122000
0.00 121000
0.00 122000
0.00 121000
0.00 121000
0.00 121000
0.00 121000
0.00 121000
0.00 121000
0.00 121000
0.00 121000
0.00 121000
0.00 121000
0.00 121000
0.00 121000
0.00 121000
0.00 121000
0.00 121000
0.00 121000
0.00 121000
0.00 121000
0.00 121000
0.00 121000
0.00 121000
0.00 121000
0.00 121000
0.00 121000
0.00 121000
0.00 121000
0.00 121000
0.00 121000
0.00 121000
0.00 121000
0.00 121000
0.00 121000
0.00 121000
0.00 121000
0.00 121000
0.00 121000
0.00 121000
0.00 121000
0.00 121000
0.00 121000
0.00 121000
0.00 121000
0.00 121000
0.00 121000
0.00 121000
0.00 121000
0.00 121000
0.00 121000
0.00 120000
0.00 121000
0.00 120000
0.00 121000
0.00 120000
0.00 121000
0.00 121000
0.00 120000
0.00 120000
0.00 120000
0.00 120000
0.00 120000
0.00 120000
0.00 120000
0.00 120000
0.00 120000
0.00 120000
0.00 120000
0.00 120000
0.00 120000
0.00 120000
0.00 120000
0.00 120000
0.00 120000
0.00 120000
0.00 120000
0.00 120000
0.00 120000
0.00 120000
0.00 120000
0.00 120000
0.00 120000
0.00 120000
0.00 120000
0.00 120000
0.00 120000
0.00 120000
0.00 120000
0.00 120000
0.00 120000
0.00 120000
0.00 120000
0.00 120000
0.00 120000
0.00 120000
0.00 119000
0.00 120000
0.00 119000
0.00 120000
0.00 119000
0.00 119000
0.00 119000
0.00 119000
0.00 119000
0.00 119000
0.00 119000
0.00 119000
0.00 119000
0.00 119000
0.00 119000
0.00 119000
0.00 119000
0.00 119000
0.00 119000
0.00 119000
0.00 119000
0.00 119000
0.00 119000
0.00 119000
0.00 119000
0.00 119000
0.00 119000
0.00 119000
0.00 118000
0.00 119000
0.00 118000
0.00 119000
0.00 119000
0.00 119000
0.00 119000
0.00 118000
0.00 118000
0.00 118000
0.00 118000
0.00 118000
0.00 118000
0.00 118000
0.00 118000
0.00 118000
0.00 118000
0.00 118000
0.00 118000
0.00 118000
0.00 118000
0.00 118000
0.00 118000
0.00 118000
0.00 118000
0.00 118000
0.00 118000
0.00 118000
0.00 118000
0.00 118000
0.00 118000
0.00 118000
0.00 118000
0.00 118000
0.00 118000
0.00 118000
0.00 118000
0.00 118000
0.00 118000
0.00 118000
0.00 118000
0.00 117000
0.00 118000
0.00 117000
0.00 117000
0.00 117000
0.00 117000
0.00 117000
0.00 117000
0.00 117000
0.00 117000
0.00 117000
0.00 117000
0.00 117000
0.00 117000
0.00 117000
0.00 117000
0.00 117000
0.00 117000
0.00 117000
0.00 117000
0.00 117000
0.00 117000
0.00 117000
0.00 117000
0.00 117000
0.00 117000
0.00 117000
0.00 117000
0.00 116000
0.00 117000
0.00 116000
0.00 116000
0.00 116000
0.00 116000
0.00 116000
0.01 116000
0.07 116000
0.10 116000
0.00 116000
0.00 116000
0.00 116000
0.00 116000
0.00 116000
0.00 116000
0.00 116000
0.00 116000
0.00 116000
0.00 116000
0.00 116000
0.13 116000
0.21 116000
0.12 116000
0.00 116000
0.00 116000
0.00 116000
0.00 116000
0.00 116000
0.00 116000
0.00 116000
0.00 116000
0.00 115000
0.00 116000
0.00 115000
0.00 115000
0.16 116000
0.06 116000
0.02 116000
0.09 116000
0.06 116000
0.06 116000
0.01 116000
0.01 116000
0.02 115000
0.01 115000
0.02 115000
0.00 116000
0.01 115000
0.02 115000
0.00 115000
0.03 115000
0.00 116000
0.01 115000
0.02 115000
0.02 115000
0.03 115000
0.03 115000
0.03 115000
0.06 115000
0.05 115000
0.06 115000
0.05 116000
0.06 115000
0.05 115000
0.03 116000
0.06 115000
0.08 116000
0.06 115000
0.06 115000
0.04 116000
0.02 116000
0.05 115000
0.03 115000
0.02 115000
0.01 115000
0.01 115000
0.01 115000
0.02 116000
0.02 115000
0.03 116000
0.02 115000
0.03 115000
0.00 115000
0.02 115000
0.02 116000
0.03 115000
0.05 115000
0.01 115000
0.00 116000
0.00 116000
0.00 115000
0.02 116000
0.02 115000
0.00 116000
0.00 115000
0.01 115000
0.00 115000
0.00 115000
0.00 115000
0.01 115000
0.01 115000
0.02 115000
0.02 115000
0.02 115000
0.00 115000
0.00 115000
0.00 115000
0.00 115000
0.00 115000
0.00 115000
0.00 115000
0.00 115000
0.00 115000
0.00 115000
0.00 115000
0.00 115000
0.00 115000
0.00 115000
0.00 115000
0.00 116000
0.00 115000
0.00 115000
0.00 115000
0.00 115000
0.00 115000
0.00 115000
0.00 115000
0.00 115000
0.00 115000
0.00 115000
0.00 115000
0.00 115000
0.00 115000
0.00 115000
0.00 115000
0.00 115000
0.00 115000
0.00 115000
0.00 115000
0.00 115000
0.00 115000
0.00 115000
0.00 115000
0.00 115000
0.00 115000
0.00 115000
0.00 115000
0.00 115000
0.00 115000
0.00 115000
0.00 115000
0.00 115000
0.00 115000
0.00 115000
0.00 115000
0.00 115000
0.00 115000
0.00 115000
0.00 115000
0.00 115000
0.00 115000
0.00 115000
0.00 115000
0.00 115000
0.00 115000
0.00 115000
0.00 115000
0.00 115000
0.00 115000
0.00 115000
0.00 115000
0.00 115000
0.00 115000
0.00 114000
0.00 115000
0.00 115000
0.00 114000
0.00 114000
0.00 114000
0.00 114000
0.00 114000
0.00 114000
0.00 114000
0.00 114000
0.00 114000
0.00 114000
0.00 114000
0.00 114000
0.00 114000
0.00 114000
0.00 114000
0.00 114000
0.00 114000
0.00 114000
0.00 114000
0.00 114000
0.00 114000
0.00 114000
0.00 114000
0.00 114000
0.00 114000
0.00 114000
0.00 114000
0.00 114000
0.00 114000
0.00 114000
0.00 114000
0.00 114000
0.00 114000
0.00 114000
0.00 114000
0.00 114000
0.00 114000
0.00 114000
0.00 113000
0.00 114000
0.00 114000
0.00 113000
0.00 113000
0.00 113000
0.00 113000
0.00 114000
0.00 113000
0.00 113000
0.00 113000
0.00 113000
0.00 113000
0.00 113000
0.00 113000
0.00 113000
0.00 113000
0.00 113000
0.00 113000
0.00 113000
0.00 113000
0.00 113000
0.00 113000
0.00 113000
0.00 113000
0.00 113000
0.00 113000
0.00 113000
0.00 113000
0.00 113000
0.00 113000
0.00 113000
0.00 113000
0.00 113000
0.00 113000
0.00 113000
0.00 112000
0.00 113000
0.00 113000
0.00 113000
0.00 112000
0.00 112000
0.00 112000
0.00 113000
0.00 112000
0.00 112000
0.00 112000
0.00 112000
0.00 112000
0.00 112000
0.00 112000
0.00 112000
0.00 112000
0.00 112000
0.00 112000
0.00 112000
0.00 112000
0.00 112000
0.00 112000
0.00 112000
0.01 112000
0.00 112000
0.00 112000
0.05 112000
0.07 112000
0.03 112000
0.06 112000
0.03 112000
0.03 112000
0.01 112000
0.01 112000
0.01 112000
0.01 112000
0.00 112000
0.01 112000
0.03 112000
0.01 112000
0.00 112000
0.00 112000
0.11 112000
0.12 112000
0.02 112000
0.01 112000
0.01 112000
0.02 112000
0.05 112000
0.05 112000
0.03 112000
0.04 112000
0.04 112000
0.05 112000
0.00 112000
0.02 112000
0.00 112000
0.00 112000
0.01 112000
0.00 112000
0.00 112000
0.01 112000
0.02 112000
0.01 112000
0.01 112000
0.01 112000
0.01 112000
0.01 112000
0.00 112000
0.01 112000
0.02 112000
0.02 112000
0.00 112000
0.00 112000
0.00 111000
0.00 111000
0.00 111000
0.00 111000
0.00 111000
0.00 111000
0.00 111000
0.00 112000
0.00 111000
0.00 111000
0.00 111000
0.00 111000
0.00 111000
0.00 111000
0.00 111000
0.00 111000
0.00 111000
0.00 111000
0.00 111000
0.00 111000
0.00 111000
0.00 111000
0.00 111000
0.00 111000
0.00 111000
0.00 111000
0.00 111000
0.00 111000
0.00 111000
0.00 111000
0.00 111000
0.00 111000
0.00 111000
0.00 111000
0.00 111000
0.00 111000
0.00 111000
0.00 110000
0.00 111000
0.00 110000
0.00 110000
0.00 110000
0.00 110000
0.00 110000
0.00 110000
0.00 110000
0.00 110000
0.00 110000
0.00 110000
0.00 110000
0.00 110000
0.00 110000
0.00 110000
0.00 110000
0.00 110000
0.00 110000
0.00 110000
0.00 110000
0.00 110000
0.00 110000
0.00 110000
0.00 110000
0.00 110000
0.00 110000
0.00 110000
0.00 109000
0.00 110000
0.00 109000
0.00 110000
0.00 109000
0.00 109000
0.00 109000
0.00 110000
0.00 109000
0.00 109000
0.00 109000
0.00 109000
0.00 109000
0.00 109000
0.00 109000
0.00 109000
0.00 109000
0.00 109000
0.00 109000
0.00 109000
0.00 109000
0.00 109000
0.00 109000
0.00 109000
0.00 109000
0.00 109000
0.00 109000
0.00 109000
0.00 109000
0.00 109000
0.00 109000
0.00 109000
0.00 109000
0.00 109000
0.00 108000
0.00 109000
0.00 109000
0.00 108000
0.00 109000
0.00 108000
0.00 108000
0.00 108000
0.00 108000
0.00 108000
0.00 108000
0.00 108000
0.00 108000
0.00 108000
0.00 108000
0.00 108000
0.00 108000
0.00 108000
0.00 108000
0.00 108000
0.00 108000
0.00 108000
0.00 108000
0.00 108000
0.00 108000
0.00 108000
0.00 108000
0.00 107000
0.00 107000
0.00 108000
0.00 107000
0.00 108000
0.00 107000
0.00 107000
0.00 107000
0.00 107000
0.00 107000
0.00 107000
0.00 107000
0.00 107000
0.00 107000
0.00 107000
0.00 107000
0.00 107000
0.00 107000
0.00 107000
0.00 107000
0.00 107000
0.00 107000
0.00 107000
0.00 107000
0.00 107000
0.00 107000
0.00 107000
0.00 107000
0.00 106000
0.00 106000
0.00 106000
0.00 106000
0.00 106000
0.00 106000
0.00 106000
0.00 106000
0.00 106000
0.00 106000
0.00 106000
0.00 106000
0.00 106000
0.00 106000
0.00 106000
0.00 106000
0.00 106000
0.00 106000
0.00 106000
0.00 106000
0.00 106000
0.00 106000
0.00 106000
0.00 105000
0.00 105000
0.00 106000
0.00 106000
0.00 106000
0.00 105000
0.00 106000
0.00 106000
0.00 105000
0.00 105000
0.00 106000
0.00 105000
0.00 105000
0.00 105000
0.00 105000
0.00 105000
0.00 105000
0.00 105000
0.00 105000
0.00 105000
0.00 105000
0.00 105000
0.00 105000
0.00 105000
0.00 105000
0.00 105000
0.00 105000
0.00 105000
0.00 105000
0.00 105000
0.00 105000
0.00 105000
0.00 105000
0.00 105000
0.00 105000
0.00 105000
0.00 105000
0.00 105000
0.00 105000
0.00 105000
0.00 105000
0.00 105000
0.00 105000
0.00 105000
0.00 104000
0.00 104000
0.00 105000
0.00 104000
0.00 104000
0.00 104000
0.00 104000
0.00 104000
0.00 104000
0.00 104000
0.00 104000
0.00 104000
0.00 104000
0.00 104000
0.00 104000
0.00 104000
0.00 104000
0.00 104000
0.00 104000
0.00 104000
0.00 104000
0.00 104000
0.00 104000
0.00 104000
0.00 104000
0.00 104000
0.00 104000
0.00 104000
0.00 104000
0.00 104000
0.00 104000
0.00 104000
0.00 103000
0.00 104000
0.00 104000
0.00 103000
0.00 103000
0.00 104000
0.00 103000
0.00 103000
0.00 103000
0.00 103000
0.00 103000
0.00 103000
0.00 103000
0.00 103000
0.00 103000
0.00 103000
0.00 103000
0.00 103000
0.00 103000
0.00 103000
0.00 103000
0.00 103000
0.00 103000
0.00 103000
0.00 103000
0.00 103000
0.00 103000
0.00 103000
0.00 103000
0.00 103000
0.00 103000
0.00 103000
0.00 103000
0.00 103000
0.00 103000
0.00 103000
0.00 103000
0.00 103000
0.00 103000
0.00 103000
0.00 102000
0.00 103000
0.00 103000
0.00 103000
0.00 103000
0.00 103000
0.00 103000
0.00 103000
0.00 103000
0.00 103000
0.00 102000
0.00 102000
0.00 102000
0.00 102000
0.00 102000
0.00 102000
0.00 102000
0.00 102000
0.00 102000
0.00 102000
0.00 102000
0.00 102000
0.00 102000
0.00 102000
0.00 102000
0.00 102000
0.00 102000
0.00 102000
0.00 102000
0.00 102000
0.00 102000
0.00 102000
0.00 102000
0.00 102000
0.00 102000
0.00 102000
0.00 102000
0.00 102000
0.00 102000
0.00 101000
0.00 101000
0.00 101000
0.00 101000
0.00 101000
0.00 101000
0.00 101000
0.00 101000
0.00 101000
0.00 101000
0.00 101000
0.00 101000
0.00 101000
0.00 101000
0.00 101000
0.00 101000
0.00 101000
0.00 101000
0.00 101000
0.00 101000
0.00 101000
0.00 101000
0.00 101000
0.00 101000
0.00 101000
0.00 101000
0.00 101000
0.00 101000
0.00 101000
0.00 101000
0.00 101000
0.00 101000
0.00 101000
0.00 101000
0.00 100000
0.00 101000
0.00 101000
0.00 100000
0.00 101000
0.00 100000
0.00 101000
0.00 101000
0.00 100000
0.00 100000
0.00 100000
0.00 101000
0.00 101000
0.00 101000
0.00 101000
0.00 100000
0.00 100000
0.00 100000
0.00 100000
0.00 100000
0.00 100000
0.00 100000
0.00 100000
0.00 100000
0.00 100000
0.00 100000
0.00 100000
0.00 100000
0.00 100000
0.00 100000
0.00 100000
0.00 100000
0.00 100000
0.00 100000
0.00 100000
0.00 100000
0.00 998000
0.00 100000
0.00 100000
0.00 100000
0.00 100000
0.00 999000
0.00 999000
0.00 999000
0.00 998000
0.00 100000
0.00 100000
0.00 998000
0.00 998000
0.00 998000
0.00 996000
0.00 997000
0.00 997000
0.00 998000
0.00 996000
0.00 997000
0.00 996000
0.00 997000
0.00 995000
0.00 993000
0.00 996000
0.00 995000
0.00 994000
0.00 994000
0.00 993000
0.00 991000
0.00 993000
0.00 992000
0.00 992000
0.00 990000
0.00 992000
0.00 991000
0.00 994000
0.00 991000
0.00 991000
0.00 990000
0.00 991000
0.00 990000
0.00 990000
0.00 990000
0.00 989000
0.00 987000
0.00 992000
0.00 989000
0.00 989000
0.00 988000
0.00 989000
0.00 989000
0.00 988000
0.00 988000
0.00 987000
0.00 985000
0.00 986000
0.00 987000
0.00 987000
0.00 986000
0.00 987000
0.00 986000
0.00 985000
0.00 987000
0.00 985000
0.00 985000
0.00 985000
0.00 983000
0.00 986000
0.00 987000
0.00 985000
0.00 984000
0.00 984000
0.00 983000
0.00 984000
0.00 985000
0.00 983000
0.00 983000
0.00 985000
0.00 982000
0.00 983000
0.00 981000
0.00 984000
0.00 982000
0.00 984000
0.00 984000
0.00 981000
0.00 982000
0.00 981000
0.00 982000
0.00 981000
0.00 982000
0.00 982000
0.00 982000
0.00 981000
0.00 981000
0.00 980000
0.00 982000
0.00 981000
0.00 979000
0.00 980000
0.00 981000
0.00 981000
0.00 980000
0.00 979000
0.00 979000
0.00 980000
0.00 976000
0.00 979000
0.00 977000
0.00 978000
0.00 979000
0.00 976000
0.00 978000
0.00 978000
0.00 975000
0.00 977000
0.00 977000
0.00 975000
0.00 977000
0.00 976000
0.00 978000
0.00 975000
0.00 975000
0.00 975000
0.00 975000
0.00 976000
0.00 977000
0.00 975000
0.00 973000
0.00 974000
0.00 975000
0.00 975000
0.00 975000
0.00 974000
0.00 974000
0.00 974000
0.00 972000
0.00 970000
0.00 973000
0.00 973000
0.00 972000
0.00 971000
0.00 971000
0.00 973000
0.00 970000
0.00 970000
0.00 970000
0.00 970000
0.00 970000
0.00 969000
0.00 970000
0.00 970000
0.00 969000
0.00 969000
0.00 969000
0.00 970000
0.00 970000
0.00 967000
0.00 970000
0.00 970000
0.00 967000
0.00 968000
0.00 969000
0.00 968000
0.00 967000
0.00 968000
0.00 969000
0.00 968000
0.00 969000
0.00 967000
0.00 968000
0.00 968000
0.00 967000
0.00 967000
0.00 968000
0.00 968000
0.00 966000
0.00 969000
0.00 967000
0.00 967000
0.00 966000
0.00 966000
0.00 967000
0.00 966000
0.00 966000
0.00 967000
0.00 966000
0.00 965000
0.00 965000
0.00 966000
0.00 964000
0.00 965000
0.00 965000
0.00 965000
0.00 964000
0.00 965000
0.00 965000
0.00 965000
0.00 966000
0.00 965000
0.00 964000
0.00 964000
0.00 961000
0.00 964000
0.00 964000
0.00 963000
0.00 964000
0.00 962000
0.00 962000
0.00 961000
0.00 962000
0.00 962000
0.00 963000
0.00 962000
0.00 961000
0.00 960000
0.00 958000
0.00 960000
0.00 963000
0.00 960000
0.00 960000
0.00 959000
0.00 960000
0.00 959000
0.00 958000
0.00 961000
0.00 958000
0.00 960000
0.00 959000
0.00 956000
0.00 959000
0.00 958000
0.00 958000
0.00 956000
0.00 957000
0.00 958000
0.00 956000
0.00 957000
0.00 958000
0.00 955000
0.00 957000
0.00 955000
0.00 954000
0.00 955000
0.00 954000
0.00 954000
0.00 955000
0.00 954000
0.00 956000
0.00 954000
0.00 953000
0.00 954000
0.00 953000
0.00 953000
0.00 951000
0.00 954000
0.00 953000
0.00 953000
0.00 954000
0.00 953000
0.00 953000
0.00 952000
0.00 952000
0.00 952000
0.00 953000
0.00 953000
0.00 953000
0.00 952000
0.00 953000
0.00 952000
0.00 953000
0.00 952000
0.00 952000
0.00 951000
0.00 952000
0.00 952000
0.00 952000
0.00 951000
0.00 951000
0.00 953000
0.00 950000
0.00 950000
0.00 951000
0.00 950000
0.00 952000
0.00 950000
0.00 951000
0.00 953000
0.00 950000
0.00 951000
0.00 951000
0.00 951000
0.00 950000
0.00 950000
0.00 949000
0.00 950000
0.00 949000
0.00 949000
0.00 948000
0.00 949000
0.00 950000
0.00 950000
0.00 950000
0.00 947000
0.00 950000
0.00 948000
0.00 950000
0.00 948000
0.00 947000
0.00 947000
0.00 947000
0.00 946000
0.00 945000
0.00 949000
0.00 947000
0.00 944000
0.00 946000
0.00 949000
0.00 947000
0.00 945000
0.00 944000
0.00 945000
0.00 944000
0.00 944000
0.00 945000
0.00 944000
0.00 944000
0.00 942000
0.00 943000
0.00 943000
0.00 944000
0.00 944000
0.00 943000
0.00 941000
0.00 943000
0.00 943000
0.00 941000
0.00 942000
0.00 942000
0.00 942000
0.00 941000
0.00 943000
0.00 941000
0.00 941000
0.00 941000
0.00 941000
0.00 938000
0.00 941000
0.00 940000
0.00 940000
0.00 938000
0.00 942000
0.00 940000
0.00 940000
0.00 939000
0.00 939000
0.00 940000
0.00 938000
0.00 938000
0.00 942000
0.00 940000
0.00 941000
0.00 939000
0.00 938000
0.00 939000
0.00 940000
0.00 940000
0.00 939000
0.00 938000
0.00 939000
0.00 940000
0.00 940000
0.00 940000
0.00 940000
0.00 937000
0.00 941000
0.00 940000
0.00 937000
0.00 938000
0.00 939000
0.00 939000
0.00 938000
0.00 938000
0.00 940000
0.00 938000
0.00 940000
0.00 940000
0.00 938000
0.00 938000
0.00 937000
0.00 939000
0.00 940000
0.00 938000
0.00 936000
0.00 937000
0.00 937000
0.00 936000
0.00 935000
0.00 937000
0.00 939000
0.00 936000
0.00 935000
0.00 938000
0.00 934000
0.00 936000
0.00 937000
0.00 936000
0.00 934000
0.00 933000
0.00 935000
0.00 937000
0.00 936000
0.00 935000
0.00 933000
0.00 932000
0.00 932000
0.00 933000
0.00 933000
0.00 932000
0.00 932000
0.00 931000
0.00 930000
0.00 930000
0.00 930000
0.00 931000
0.00 929000
0.00 931000
0.00 930000
0.00 930000
0.00 931000
0.00 930000
0.00 929000
0.00 928000
0.00 928000
0.00 928000
0.00 930000
0.00 928000
0.00 928000
0.00 929000
0.00 927000
0.00 927000
0.00 927000
0.00 928000
0.00 927000
0.00 927000
0.00 927000
0.00 926000
0.00 927000
0.00 927000
0.00 928000
0.00 929000
0.00 927000
0.00 925000
0.00 927000
0.00 925000
0.00 925000
0.00 927000
0.00 925000
0.00 926000
0.00 926000
0.00 927000
0.00 926000
0.00 924000
0.00 925000
0.00 924000
0.00 924000
0.00 926000
0.00 924000
0.00 924000
0.00 924000
0.00 924000
0.00 922000
0.00 924000
0.00 925000
0.00 925000
0.00 923000
0.00 924000
0.00 922000
0.00 923000
0.00 924000
0.00 924000
0.00 923000
0.00 923000
0.00 924000
0.00 923000
0.00 923000
0.00 924000
0.00 923000
0.00 922000
0.00 920000
0.00 921000
0.00 924000
0.00 922000
0.00 920000
0.00 922000
0.00 921000
0.00 921000
0.00 920000
0.00 921000
0.00 921000
0.00 918000
0.00 920000
0.00 920000
0.00 921000
0.00 920000
0.00 921000
0.00 921000
0.00 920000
0.00 921000
0.00 919000
0.00 921000
0.00 920000
0.00 920000
0.00 918000
0.00 918000
0.00 918000
0.00 918000
0.00 919000
0.00 918000
0.00 918000
0.00 917000
0.00 917000
0.00 916000
0.00 916000
0.00 917000
0.00 917000
0.00 917000
0.00 916000
0.00 916000
0.00 916000
0.00 914000
0.00 915000
0.00 913000
0.00 913000
0.00 914000
0.00 913000
0.00 914000
0.00 913000
0.00 914000
0.00 913000
0.00 912000
0.00 912000
0.00 912000
0.00 912000
0.00 912000
0.00 911000
0.00 912000
0.00 912000
0.00 911000
0.00 911000
0.00 911000
0.00 911000
0.00 910000
0.00 912000
0.00 909000
0.00 911000
0.00 911000
0.00 910000
0.00 911000
0.00 909000
0.00 909000
0.00 910000
0.00 911000
0.00 912000
0.00 911000
0.00 911000
0.00 911000
0.00 908000
0.00 909000
0.00 910000
0.00 908000
0.00 908000
0.00 908000
0.00 909000
0.00 909000
0.00 908000
0.00 909000
0.00 907000
0.00 908000
0.00 908000
0.00 907000
0.00 907000
0.00 907000
0.00 907000
0.00 907000
0.00 906000
0.00 908000
0.00 907000
0.00 906000
0.00 906000
0.00 907000
0.00 906000
0.00 906000
0.00 907000
0.00 907000
0.00 907000
0.00 908000
0.00 908000
0.00 907000
0.00 905000
0.00 907000
0.00 908000
0.00 907000
0.00 906000
0.00 906000
0.00 905000
0.00 905000
0.00 905000
0.00 905000
0.00 904000
0.00 905000
0.00 905000
0.00 903000
0.00 904000
0.00 903000
0.00 903000
0.00 905000
0.00 903000
0.00 902000
0.00 901000
0.00 903000
0.00 902000
0.00 901000
0.00 899000
0.00 900000
0.00 901000
0.00 902000
0.00 898000
0.00 900000
0.00 901000
0.00 900000
0.00 899000
0.00 899000
0.00 899000
0.00 899000
0.00 898000
0.00 901000
0.00 899000
0.00 899000
0.00 901000
0.00 898000
0.00 899000
0.00 898000
0.00 897000
0.00 898000
0.00 897000
0.00 896000
0.00 897000
0.00 899000
0.00 897000
0.00 896000
0.00 896000
0.00 895000
0.00 897000
0.00 895000
0.00 896000
0.00 895000
0.00 895000
0.00 897000
0.00 896000
0.00 896000
0.00 896000
0.00 895000
0.00 894000
0.00 896000
0.00 895000
0.00 895000
0.00 894000
0.00 894000
0.00 896000
0.00 895000
0.00 895000
0.00 893000
0.00 892000
0.00 892000
0.00 896000
0.00 894000
0.00 895000
0.00 894000
0.00 895000
0.00 893000
0.00 894000
0.00 893000
0.00 895000
0.00 893000
0.00 894000
0.00 893000
0.00 894000
0.00 895000
0.00 893000
0.00 892000
0.00 893000
0.00 892000
0.00 892000
0.00 892000
0.00 892000
0.00 894000
0.00 892000
0.00 893000
0.00 893000
0.00 892000
0.00 892000
0.00 892000
0.00 892000
0.00 892000
0.00 890000
0.00 892000
0.00 892000
0.00 892000
0.00 891000
0.00 890000
0.00 892000
0.00 888000
0.01 889000
0.01 890000
0.00 891000
0.00 889000
0.00 890000
0.00 890000
0.00 889000
0.00 890000
0.00 888000
0.00 888000
0.00 889000
0.00 888000
0.00 887000
0.00 888000
0.00 889000
0.00 887000
0.00 887000
0.00 886000
0.00 887000
0.00 886000
0.00 885000
0.00 885000
0.00 885000
0.00 883000
0.00 884000
0.00 883000
0.00 883000
0.00 884000
0.00 883000
0.00 882000
0.00 883000
0.00 882000
0.00 883000
0.00 882000
0.00 881000
0.00 881000
0.00 881000
0.00 881000
0.00 881000
0.00 882000
0.00 881000
0.00 882000
0.00 880000
0.00 879000
0.00 881000
0.00 879000
0.00 880000
0.00 879000
0.00 880000
0.00 878000
0.00 879000
0.00 879000
0.00 878000
0.00 879000
0.00 878000
0.00 876000
0.00 878000
0.00 878000
0.00 876000
0.00 878000
0.00 876000
0.00 877000
0.00 877000
0.00 877000
0.00 877000
0.00 875000
0.00 877000
0.00 876000
0.00 877000
0.00 875000
0.00 877000
0.00 876000
0.00 878000
0.00 876000
0.00 875000
0.00 875000
0.00 875000
0.00 875000
0.00 875000
0.00 875000
0.00 875000
0.00 874000
0.00 872000
0.00 874000
0.00 874000
0.00 874000
0.00 872000
0.00 873000
0.00 872000
0.00 872000
0.00 872000
0.00 872000
0.00 872000
0.00 871000
0.00 871000
0.00 871000
0.00 871000
0.00 872000
0.00 870000
0.00 871000
0.00 871000
0.00 871000
0.00 870000
0.00 869000
0.00 870000
0.00 870000
0.00 868000
0.00 867000
0.00 868000
0.00 868000
0.00 868000
0.00 867000
0.00 865000
0.00 866000
0.00 867000
0.00 866000
0.00 866000
0.00 865000
0.00 864000
0.00 865000
0.00 866000
0.00 865000
0.00 865000
0.00 864000
0.00 864000
0.00 865000
0.00 864000
0.00 865000
0.00 865000
0.00 864000
0.00 864000
0.00 864000
0.00 864000
0.00 863000
0.00 864000
0.00 862000
0.00 862000
0.00 862000
0.00 861000
0.00 860000
0.00 862000
0.00 861000
0.00 861000
0.00 862000
0.00 860000
0.00 862000
0.00 859000
0.00 859000
0.00 858000
0.00 860000
0.00 861000
0.00 860000
0.00 860000
0.00 858000
0.00 859000
0.00 859000
0.00 858000
0.00 859000
0.00 857000
0.00 857000
0.00 858000
0.00 857000
0.00 858000
0.00 858000
0.00 857000
0.00 858000
0.00 858000
0.00 858000
0.00 858000
0.00 855000
0.00 858000
0.00 854000
0.00 857000
0.00 857000
0.00 857000
0.00 857000
0.00 856000
0.00 856000
0.00 856000
0.00 855000
0.00 855000
0.00 856000
0.00 853000
0.00 854000
0.00 852000
0.00 854000
0.00 855000
0.00 855000
0.00 854000
0.00 853000
0.00 854000
0.00 853000
0.00 853000
0.00 853000
0.00 852000
0.00 852000
0.00 850000
0.00 852000
0.00 851000
0.00 852000
0.00 853000
0.00 852000
0.00 850000
0.00 850000
0.00 851000
0.00 851000
0.00 851000
0.00 850000
0.00 849000
0.00 850000
0.00 849000
0.00 849000
0.00 849000
0.00 848000
0.00 850000
0.00 849000
0.00 849000
0.00 850000
0.00 850000
0.00 850000
0.00 850000
0.00 849000
0.00 850000
0.00 850000
0.00 847000
0.00 849000
0.00 847000
0.00 848000
0.00 847000
0.00 846000
0.00 847000
0.00 846000
0.00 846000
0.00 846000
0.00 846000
0.00 846000
0.00 846000
0.00 846000
0.00 845000
0.00 842000
0.00 845000
0.00 844000
0.00 844000
0.00 845000
0.00 844000
0.00 844000
0.00 844000
0.00 845000
0.00 844000
0.00 845000
0.00 844000
0.00 843000
0.00 842000
0.00 842000
0.00 841000
0.00 842000
0.00 840000
0.00 841000
0.00 840000
0.00 841000
0.00 841000
0.00 840000
0.00 840000
0.00 840000
0.00 839000
0.00 838000
0.00 838000
0.00 838000
0.00 838000
0.00 838000
0.00 838000
0.00 836000
0.00 837000
0.00 837000
0.00 836000
0.00 834000
0.00 835000
0.00 834000
0.00 834000
0.00 833000
0.00 835000
0.00 834000
0.00 834000
0.00 833000
0.00 833000
0.00 833000
0.00 833000
0.00 833000
0.00 831000
0.00 832000
0.00 832000
0.00 831000
0.00 833000
0.00 830000
0.00 831000
0.00 832000
0.00 831000
0.00 831000
0.00 830000
0.00 831000
0.00 830000
0.00 830000
0.00 829000
0.00 830000
0.00 827000
0.00 830000
0.00 829000
0.00 830000
0.00 829000
0.00 829000
0.00 830000
0.00 828000
0.00 829000
0.00 829000
0.00 830000
0.00 829000
0.00 829000
0.00 829000
0.00 828000
0.00 828000
0.00 828000
0.00 828000
0.00 829000
0.00 827000
0.00 827000
0.00 828000
0.00 827000
0.00 826000
0.00 826000
0.00 827000
0.00 827000
0.00 825000
0.00 825000
0.00 827000
0.00 825000
0.00 825000
0.00 823000
0.00 825000
0.00 824000
0.00 825000
0.00 823000
0.00 822000
0.00 823000
0.00 824000
0.00 823000
0.00 823000
0.00 823000
0.00 822000
0.00 823000
0.00 821000
0.00 822000
0.00 821000
0.00 821000
0.00 821000
0.00 821000
0.00 819000
0.00 820000
0.00 820000
0.00 820000
0.00 820000
0.00 819000
0.00 819000
0.00 819000
0.00 818000
0.00 819000
0.00 818000
0.00 819000
0.00 819000
0.00 817000
0.00 817000
0.00 817000
0.00 817000
0.00 817000
0.00 818000
0.00 816000
0.00 817000
0.00 815000
0.00 817000
0.00 816000
0.00 815000
0.00 815000
0.00 815000
0.00 815000
0.00 814000
0.00 815000
0.00 815000
0.00 814000
0.00 815000
0.00 814000
0.00 813000
0.00 813000
0.00 814000
0.00 813000
0.00 812000
0.00 814000
0.00 813000
0.00 813000
0.00 813000
0.00 813000
0.00 813000
0.00 813000
0.00 813000
0.00 812000
0.00 811000
0.00 812000
0.00 812000
0.00 813000
0.00 813000
0.00 811000
0.00 812000
0.00 812000
0.00 813000
0.00 812000
0.00 812000
0.00 810000
0.00 813000
0.00 812000
0.00 811000
0.00 812000
0.00 812000
0.00 811000
0.00 813000
0.00 812000
0.00 811000
0.00 811000
0.00 810000
0.00 810000
0.00 810000
0.00 810000
0.00 810000
0.00 811000
0.00 809000
0.00 810000
0.00 809000
0.00 809000
0.00 808000
0.00 809000
0.00 809000
0.00 807000
0.00 808000
0.00 808000
0.00 808000
0.00 809000
0.00 807000
0.00 807000
0.00 808000
0.00 807000
0.00 807000
0.00 806000
0.00 807000
0.00 806000
0.00 806000
0.00 806000
0.00 805000
0.00 806000
0.00 805000
0.00 805000
0.00 806000
0.00 805000
0.00 805000
0.00 805000
0.00 805000
0.00 804000
0.00 803000
0.00 805000
0.00 804000
0.00 804000
0.00 804000
0.00 803000
0.00 803000
0.00 803000
0.00 802000
0.00 802000
0.00 802000
0.00 802000
0.00 802000
0.00 802000
0.00 801000
0.00 802000
0.00 802000
0.00 802000
0.00 801000
0.00 801000
0.00 801000
0.00 801000
0.00 801000
0.00 801000
0.00 801000
0.00 801000
0.00 801000
0.00 803000
0.00 802000
0.00 800000
0.05 802000
0.01 802000
0.04 802000
0.01 802000
0.00 802000
0.00 802000
0.00 801000
0.00 803000
0.00 802000
0.00 802000
0.00 803000
0.00 802000
0.00 801000
0.00 801000
0.00 802000
0.00 801000
0.00 802000
0.00 802000
0.00 802000
0.00 801000
0.00 800000
0.00 802000
0.00 802000
0.00 802000
0.00 803000
0.00 803000
0.00 803000
0.00 801000
0.00 802000
0.00 802000
0.00 802000
0.00 802000
0.00 802000
0.00 802000
0.00 802000
0.00 803000
0.00 802000
0.00 802000
0.00 802000
0.00 803000
0.00 803000
0.00 803000
0.00 802000
0.00 802000
0.00 801000
0.00 802000
0.00 800000
0.00 801000
0.00 802000
0.00 802000
0.00 801000
0.00 800000
0.00 801000
0.00 800000
0.01 801000
0.00 800000
0.00 800000
0.00 800000
0.00 801000
0.00 800000
0.00 800000
0.00 802000
0.01 802000
0.19 801000
0.18 801000
0.02 800000
0.03 802000
0.00 802000
0.00 801000
0.00 800000
0.00 801000
0.00 800000
0.00 802000
0.00 801000
0.00 802000
0.00 802000
0.00 802000
0.00 800000
0.00 799000
0.00 799000
0.00 798000
0.00 798000
0.00 800000
0.00 799000
0.00 799000
0.00 799000
0.00 799000
0.00 798000
0.00 799000
0.00 800000
0.00 799000
0.00 798000
0.00 798000
0.00 800000
0.00 799000
0.00 799000
0.00 798000
0.00 799000
0.00 798000
0.00 800000
0.00 800000
0.00 799000
0.00 800000
0.00 799000
0.00 799000
0.00 799000
0.00 802000
0.00 800000
0.00 800000
0.00 801000
0.00 801000
0.00 802000
0.00 801000
0.00 801000
0.00 802000
0.00 802000
0.00 802000
0.00 802000
0.00 803000
0.00 802000
0.00 802000
0.00 803000
0.00 802000
0.00 802000
0.00 803000
0.00 802000
0.00 803000
0.00 803000
0.00 803000
0.00 802000
0.00 804000
0.00 803000
0.00 803000
0.00 804000
0.00 803000
0.00 803000
0.00 804000
0.00 803000
0.00 802000
0.00 802000
0.00 802000
0.00 802000
0.00 802000
0.00 802000
0.00 802000
0.00 802000
0.00 802000
0.00 802000
0.00 802000
0.00 802000
0.00 802000
0.00 802000
0.00 802000
0.00 801000
0.00 802000
0.00 801000
0.00 802000
0.00 800000
0.00 800000
0.00 801000
0.00 800000
0.00 800000
0.00 802000
0.00 800000
0.00 800000
0.00 799000
0.00 800000
0.00 800000
0.00 799000
0.00 799000
0.00 800000
0.00 799000
0.00 800000
0.00 800000
0.00 798000
0.00 799000
0.00 799000
0.00 800000
0.00 799000
0.00 798000
0.00 799000
0.00 798000
0.00 798000
0.00 799000
0.00 799000
0.00 799000
0.00 799000
0.00 799000
0.00 798000
0.00 798000
0.00 798000
0.00 798000
0.00 801000
0.05 802000
0.09 800000
0.02 798000
0.00 802000
0.00 800000
0.00 803000
0.01 802000
0.00 802000
0.00 800000
0.00 801000
0.00 801000
0.00 801000
0.00 803000
0.03 803000
0.15 804000
0.08 804000
0.06 804000
0.07 804000
0.04 803000
0.01 805000
0.01 803000
0.01 804000
0.00 805000
0.01 806000
0.01 805000
0.03 806000
0.05 805000
0.01 807000
0.00 805000
0.00 807000
0.00 807000
0.00 807000
0.00 808000
0.00 807000
0.00 808000
0.00 808000
0.00 807000
0.00 808000
0.00 807000
0.00 807000
0.00 808000
0.00 807000
0.01 807000
0.02 808000
0.03 807000
0.01 807000
0.00 807000
0.00 807000
0.01 806000
0.03 807000
0.01 807000
0.00 807000
0.00 808000
0.01 809000
0.05 809000
0.00 808000
0.00 808000
0.00 808000
0.00 808000
0.00 807000
0.00 807000
0.00 807000
0.00 806000
0.01 807000
0.00 806000
0.00 806000
0.00 806000
0.00 806000
0.00 806000
0.00 804000
0.00 807000
0.00 806000
0.00 805000
0.00 805000
0.00 806000
0.00 805000
0.00 805000
0.00 805000
0.00 805000
0.00 805000
0.00 804000
0.00 804000
0.00 804000
0.00 804000
0.00 803000
0.00 805000
0.00 804000
0.00 804000
0.00 804000
0.00 804000
0.00 805000
0.00 804000
0.00 804000
0.00 804000
0.00 804000
0.00 804000
0.00 805000
0.00 804000
0.00 804000
0.00 804000
0.00 804000
0.00 803000
0.00 805000
0.00 805000
0.00 805000
0.00 805000
0.00 805000
0.00 805000
0.00 804000
0.00 806000
0.00 805000
0.00 806000
0.00 805000
0.00 806000
0.00 806000
0.00 806000
0.00 805000
0.00 807000
0.00 806000
0.00 806000
0.00 806000
0.00 806000
0.00 807000
0.00 806000
0.00 807000
0.00 807000
0.00 806000
0.00 807000
0.00 806000
0.00 806000
0.00 807000
0.00 807000
0.00 807000
0.00 807000
0.00 807000
0.00 807000
0.00 807000
0.00 807000
0.00 807000
0.00 806000
0.00 806000
0.00 805000
0.00 807000
0.00 806000
0.00 807000
0.00 807000
0.00 807000
0.00 807000
0.00 806000
0.00 806000
0.00 806000
0.00 805000
0.00 805000
0.00 805000
0.00 805000
0.00 805000
0.00 805000
0.00 806000
0.00 805000
0.00 805000
0.00 805000
0.00 805000
0.00 804000
0.00 803000
0.00 805000
0.00 804000
0.00 804000
0.00 805000
0.00 804000
0.00 803000
0.00 803000
0.00 803000
0.00 804000
0.00 803000
0.00 803000
0.00 803000
0.00 803000
0.00 803000
0.00 803000
0.00 802000
0.00 803000
0.00 802000
0.00 802000
0.00 802000
0.00 802000
0.00 803000
0.00 802000
0.00 802000
0.00 802000
0.00 802000
0.00 802000
0.00 803000
0.00 802000
0.00 802000
0.00 803000
0.00 802000
0.00 803000
0.00 802000
0.00 802000
0.00 802000
0.00 804000
0.00 803000
0.00 805000
0.00 803000
0.00 805000
0.00 803000
0.00 804000
0.00 803000
0.00 805000
0.00 805000
0.00 804000
0.00 805000
0.00 805000
0.00 805000
0.00 805000
0.00 805000
0.00 805000
0.00 804000
0.00 805000
0.00 805000
0.00 805000
0.00 806000
0.00 806000
0.00 807000
0.00 806000
0.00 805000
0.00 805000
0.00 805000
0.00 806000
0.00 806000
0.00 806000
0.00 806000
0.00 806000
0.00 806000
0.00 806000
0.00 805000
0.00 806000
0.00 807000
0.00 807000
0.00 806000
0.00 806000
0.00 807000
0.00 806000
0.00 807000
0.00 806000
0.00 806000
0.00 807000
0.00 805000
0.00 806000
0.00 805000
0.00 805000
0.00 806000
0.00 806000
0.00 806000
0.00 805000
0.00 805000
0.00 806000
0.00 806000
0.00 805000
0.00 806000
0.00 805000
0.00 805000
0.00 804000
0.00 805000
0.00 805000
0.00 805000
0.00 805000
0.00 805000
0.00 804000
0.00 804000
0.00 805000
0.00 804000
0.00 805000
0.00 805000
0.00 804000
0.00 803000
0.00 803000
0.00 804000
0.00 804000
0.00 803000
0.00 803000
0.00 803000
0.00 803000
0.00 803000
0.00 802000
0.00 804000
0.00 803000
0.00 802000
0.00 804000
0.00 803000
0.00 803000
0.00 803000
0.00 803000
0.00 803000
0.00 804000
0.00 804000
0.00 803000
0.00 804000
0.00 803000
0.00 805000
0.00 804000
0.00 804000
0.00 805000
0.00 805000
0.00 805000
0.00 804000
0.00 805000
0.00 805000
0.00 806000
0.00 806000
0.00 806000
0.00 806000
0.00 805000
0.00 806000
0.00 805000
0.00 806000
0.00 806000