7.6 100
7.6 100
7.6 101
7.6 102
7.6 102
7.6 102
7.6 102
7.6 102
7.6 102
7.6 102
7.6 102
7.6 102
7.6 102
7.6 101
7.6 102
7.6 101
7.6 100
7.6 100
7.6 102
7.6 101
7.6 101
7.6 101
7.6 100
7.6 100
7.6 100
7.6 100
7.6 100
7.6 101
7.6 100
7.6 100
7.7 101
7.7 101
7.7 100
7.7 100
7.8 99
7.8 99
7.8 99
7.8 99
7.8 98
7.8 99
7.8 98
7.8 98
7.8 97
7.9 97
7.9 97
7.9 97
7.9 96
7.9 96
7.9 95
7.9 96
7.9 96
7.9 96
7.9 96
7.9 96
7.9 96
7.9 95
7.9 95
7.9 96
7.9 96
7.9 96
7.9 96
7.9 96
7.9 96
7.9 96
7.9 97
7.8 97
7.8 96
7.8 96
7.8 96
7.8 96
7.8 96
7.8 96
7.8 96
7.8 96
7.7 96
7.7 96
7.7 96
7.7 96
7.7 96
7.7 96
7.7 97
7.6 96
7.6 96
7.6 96
7.6 96
7.6 96
7.6 96
7.6 96
7.6 97
7.6 96
7.6 96
7.6 97
7.6 96
7.6 96
7.6 97
7.6 97
7.6 97
7.6 96
7.6 95
7.6 97
7.6 98
7.6 97
7.6 96
7.6 96
7.6 95
7.6 95
7.6 94
7.6 94
7.6 94
7.6 94
7.6 94
7.6 91
7.6 97
7.6 97
7.6 101
7.6 100
7.6 100
7.6 101
7.6 101
7.6 101
7.6 100
7.6 102
7.6 101
7.6 101
7.6 102
7.6 100
7.7 100
7.7 100
7.7 100
7.7 100
7.8 99
7.8 98
7.8 99
7.8 99
7.8 99
7.8 99
7.8 100
7.9 99
7.9 99
7.9 99
7.9 99
7.9 99
7.9 98
7.9 98
7.9 98
7.9 98
7.9 98
7.9 99
8.0 99
7.9 99
8.0 98
7.9 99
7.9 99
8.0 99
8.0 99
7.9 99
7.9 99
7.9 99
7.9 100
7.9 100
7.9 100
7.9 100
7.9 100
7.8 100
7.8 100
7.8 101
7.8 101
7.8 100
7.8 101
7.8 101
7.7 101
7.7 101
7.7 101
7.7 101
7.7 101
7.7 102
7.6 102
7.6 103
7.6 102
7.7 102
7.6 103
7.7 103
7.7 103
7.7 103
7.7 104
7.7 104
7.7 104
7.7 102
7.7 102
7.6 102
7.6 104
7.6 102
7.7 102
7.7 104
7.7 102
7.7 103
7.7 104
7.7 104
7.7 102
7.7 102
7.7 104
7.7 102
7.7 102
7.7 103
7.7 102
7.7 103
7.7 102
7.7 102
7.7 102
7.7 103
7.6 102
7.6 102
7.6 104
7.6 104
7.6 103
7.6 103
7.7 103
7.6 102
7.7 103
7.7 102
7.7 103
7.7 103
7.7 102
7.7 102
7.7 102
7.8 102
7.8 102
7.8 100
7.8 99
7.8 99
7.8 99
7.8 98
7.8 101
7.8 101
7.8 100
7.9 99
7.9 98
7.9 98
7.9 97
7.9 96
7.9 95
7.9 94
7.9 99
7.9 96
7.9 94
7.9 96
7.9 97
7.9 96
7.9 96
7.9 95
7.9 97
7.9 94
7.9 94
7.9 94
7.9 94
7.9 93
7.9 93
7.9 93
7.8 95
7.8 93
7.8 93
7.8 93
7.8 93
7.8 93
7.8 94
7.7 93
7.7 93
7.7 92
7.7 92
7.7 93
7.7 93
7.7 93
7.7 93
7.7 93
7.6 93
7.6 93
7.6 93
7.6 93
7.6 93
7.6 93
7.6 93
7.6 93
7.6 92
7.6 97
7.6 97
7.6 97
7.6 96
7.6 96
7.6 96
7.6 96
7.6 95
7.6 95
7.6 95
7.6 96
7.6 95
7.6 94
7.6 94
7.6 95
7.6 94
7.6 93
7.6 95
7.6 97
7.6 96
7.6 96
7.6 96
7.6 96
7.6 96
7.6 96
7.6 96
7.6 96
7.6 96
7.6 96
7.6 96
7.6 96
7.6 96
7.7 96
7.7 96
7.7 96
7.7 97
7.7 97
7.7 97
7.7 97
7.8 97
7.8 97
7.8 96
7.8 96
7.8 96
7.8 96
7.8 95
7.8 95
7.8 95
7.8 95
7.8 95
7.8 93
7.9 93
7.9 93
7.9 93
7.9 93
7.9 93
7.9 93
7.9 93
7.9 93
7.9 93
7.9 93
7.9 93
7.9 93
7.9 94
7.9 94
7.9 94
7.9 94
7.9 94
7.9 94
7.8 94
7.8 94
7.8 94
7.8 95
7.8 94
7.8 95
7.8 95
7.8 95
7.8 95
7.7 95
7.7 95
7.7 96
7.7 96
7.7 96
7.7 96
7.7 97
7.7 96
7.7 96
7.7 96
7.7 97
7.7 96
7.6 96
7.6 96
7.6 96
7.6 97
7.6 97
7.6 97
7.6 97
7.6 97
7.6 97
7.6 97
7.6 96
7.6 97
7.6 97
7.6 97
7.6 96
7.6 96
7.6 96
7.6 96
7.6 96
7.6 96
7.6 96
7.6 96
7.6 96
7.6 96
7.6 96
7.6 96
7.6 96
7.6 96
7.6 96
7.6 96
7.6 96
7.6 96
7.6 96
7.6 96
7.6 96
7.6 96
7.6 96
7.6 96
7.6 96
7.6 96
7.6 96
7.7 95
7.7 95
7.7 95
7.7 95
7.8 95
7.8 95
7.8 94
7.8 95
7.8 94
7.8 94
7.8 94
7.8 94
7.8 94
7.8 94
7.8 93
7.9 93
7.9 93
7.9 92
7.9 92
7.9 92
7.9 92
7.9 93
7.9 93
7.9 93
7.9 93
7.9 93
7.9 93
7.9 93
7.9 93
7.9 92
7.9 93
7.9 93
7.9 93
7.9 93
7.9 93
7.8 93
7.8 93
7.8 93
7.8 93
7.8 93
7.8 93
7.8 93
7.8 93
7.7 94
7.7 94
7.7 94
7.7 94
7.7 94
7.7 93
7.7 93
7.7 94
7.6 94
7.6 94
7.6 94
7.6 94
7.6 94
7.6 94
7.6 95
7.6 95
7.6 95
7.6 95
7.6 95
7.6 95
7.7 95
7.7 95
7.7 95
7.6 95
7.6 95
7.6 95
7.6 95
7.6 95
7.6 95
7.6 95
7.6 95
7.6 95
7.6 95
7.6 95
7.6 95
7.6 95
7.6 95
7.6 95
7.6 95
7.6 95
7.6 95
7.6 95
7.6 95
7.6 95
7.6 95
7.6 95
7.6 95
7.6 95
7.6 95
7.6 95
7.6 95
7.6 95
7.7 95
7.7 95
7.7 95
7.7 95
7.7 94
7.7 94
7.8 94
7.8 94
7.8 94
7.8 94
7.8 94
7.8 93
7.8 93
7.8 93
7.8 93
7.8 93
7.9 93
7.9 92
7.9 92
7.9 92
7.9 92
7.9 92
7.9 92
7.9 92
7.9 92
7.9 92
7.9 92
7.9 92
7.9 92
7.9 92
7.9 92
7.9 92
7.9 93
7.9 93
7.9 93
7.9 93
7.8 93
7.8 93
7.8 93
7.8 93
7.8 93
7.8 93
7.8 94
7.8 94
7.8 94
7.7 94
7.7 94
7.7 95
7.7 94
7.7 95
7.7 95
7.7 95
7.7 95
7.6 95
7.6 95
7.6 95
7.6 95
7.6 96
7.6 96
7.6 96
7.6 96
7.6 96
7.6 96
7.6 96
7.6 96
7.6 97
7.6 96
7.6 97
7.6 96
7.6 96
7.6 96
7.6 96
7.6 96
7.6 96
7.6 96
7.6 96
7.6 96
7.6 96
7.6 96
7.6 96
7.6 96
7.6 96
7.6 96
7.6 95
7.6 96
7.6 96
7.6 96
7.6 96
7.6 95
7.6 96
7.6 96
7.6 95
7.7 102
7.6 102
7.7 102
7.7 101
7.7 101
7.7 101
7.7 101
7.7 101
7.7 101
7.8 101
7.8 100
7.8 100
7.8 100
7.8 100
7.8 99
7.8 99
7.8 99
7.8 99
7.9 99
7.9 99
7.9 99
7.9 99
7.8 98
7.9 98
7.9 98
7.9 98
7.9 97
7.9 98
7.9 98
7.9 97
7.9 98
7.9 98
7.9 98
7.9 97
7.9 98
7.9 98
7.9 98
7.9 98
7.8 98
7.8 98
7.9 98
7.8 98
7.8 98
7.8 98
7.8 98
7.8 98
7.8 98
7.8 99
7.8 98
7.8 98
7.7 99
7.7 99
7.7 99
7.7 99
7.7 100
7.7 100
7.7 100
7.7 100
7.7 100
7.7 100
7.7 100
7.7 100
7.7 100
7.7 101
7.6 101
7.6 101
7.6 101
7.6 101
7.7 101
7.7 101
7.7 98
7.7 98
7.7 98
7.6 98
7.6 98
7.6 98
7.6 98
7.6 99
7.6 99
7.6 99
7.6 99
7.6 99
7.6 99
7.6 99
7.6 99
7.6 99
7.6 99
7.6 99
7.6 99
7.6 99
7.6 99
7.6 99
7.6 99
7.6 98
7.6 99
7.6 98
7.6 99
7.6 98
7.7 98
7.7 98
7.7 98
7.7 98
7.7 98
7.7 98
7.7 98
7.7 102
7.8 102
7.8 102
7.8 102
7.8 102
7.8 102
7.8 102
7.8 101
7.8 101
7.8 101
7.8 100
7.8 100
7.8 100
7.8 99
7.8 101
7.8 99
7.8 99
7.8 99
7.9 99
7.9 98
7.9 98
7.9 98
7.9 98
7.9 99
7.9 98
7.9 98
7.9 98
7.9 98
7.9 98
7.9 98
7.8 98
7.8 98
7.8 98
7.8 98
7.8 99
7.8 99
7.8 99
7.8 100
7.8 99
7.7 99
7.7 100
7.7 100
7.7 100
7.7 100
7.7 100
7.7 100
7.7 101
7.7 101
7.7 100
7.7 100
7.7 100
7.7 101
7.7 101
7.7 101
7.7 100
7.7 100
7.7 100
7.7 100
7.7 101
7.7 101
7.7 102
7.6 103
7.6 103
7.6 103
7.6 103
7.6 103
7.6 104
7.6 103
7.6 103
7.6 103
7.6 103
7.6 102
7.6 102
7.6 103
7.6 103
7.6 106
7.6 105
7.6 104
7.6 104
7.6 103
7.6 102
7.6 102
7.6 101
7.6 103
7.6 103
7.6 103
7.6 102
7.6 102
7.6 102
7.6 102
7.6 102
7.6 101
7.7 101
7.7 101
7.7 101
7.7 101
7.7 100
7.7 100
7.7 100
7.7 100
7.8 100
7.8 99
7.8 99
7.8 99
7.8 99
7.8 99
7.8 99
7.8 98
7.8 98
7.8 98
7.8 98
7.8 97
7.8 97
7.8 97
7.8 97
7.8 97
7.8 96
7.8 96
7.9 96
7.8 96
7.9 96
7.8 95
7.8 95
7.8 95
7.8 96
7.8 96
7.9 96
7.9 96
7.8 96
7.8 96
7.8 96
7.8 97
7.8 97
7.8 97
7.8 97
7.8 97
7.7 97
7.7 97
7.7 96
7.7 101
7.7 101
7.7 101
7.6 101
7.6 101
7.6 101
7.6 101
7.6 102
7.6 102
7.6 102
7.6 102
7.6 102
7.6 103
7.6 102
7.6 103
7.6 103
7.6 103
7.6 103
7.6 103
7.6 103
7.6 103
7.6 102
7.6 102
7.7 103
7.7 103
7.7 103
7.7 103
7.7 103
7.7 102
7.7 102
7.7 102
7.7 102
7.7 101
7.7 102
7.6 101
7.7 103
7.7 101
7.7 101
7.7 102
7.7 100
7.6 101
7.6 100
7.7 101
7.7 101
7.7 100
7.7 100
7.7 100
7.7 100
7.7 100
7.7 100
7.7 100
7.7 100
7.7 100
7.8 100
7.8 99
7.8 99
7.8 99
7.8 99
7.8 99
7.8 99
7.8 99
7.8 99
7.8 99
7.8 99
7.8 99
7.8 99
7.8 99
7.8 99
7.8 99
7.8 98
7.8 99
7.8 98
7.8 98
7.8 98
7.8 98
7.8 98
7.8 98
7.8 98
7.8 98
7.8 98
7.8 98
7.8 98
7.8 98
7.8 98
7.8 99
7.8 99
7.8 99
7.8 99
7.8 99
7.8 99
7.8 99
7.8 99
7.8 99
7.8 99
7.7 99
7.7 99
7.7 99
7.7 99
7.7 99
7.7 100
7.7 100
7.7 100
7.7 108
7.7 108
7.7 109
7.7 109
7.7 108
7.7 108
7.7 106
7.7 105
7.7 104
7.7 109
7.7 109
7.7 108
7.7 108
7.7 108
7.7 107
7.7 107
7.7 107
7.7 106
7.7 109
7.7 109
7.7 109
7.6 109
7.6 109
7.6 109
7.6 109
7.6 109
7.6 108
7.6 108
7.6 110
7.6 110
7.7 110
7.7 110
7.7 110
7.6 110
7.7 110
7.6 110
7.7 110
7.7 110
7.7 110
7.7 109
7.7 108
7.7 108
7.7 108
7.7 108
7.7 108
7.7 109
7.7 109
7.8 108
7.8 108
7.8 107
7.8 107
7.8 107
7.8 107
7.8 107
7.8 106
7.8 106
7.8 106
7.8 105
7.8 105
7.8 105
7.8 105
7.8 105
7.8 107
7.8 107
7.8 107
7.8 106
7.8 106
7.8 105
7.8 104
7.8 104
7.8 103
7.8 103
7.8 103
7.8 102
7.8 102
7.8 102
7.8 102
7.8 102
7.8 102
7.8 102
7.8 102
7.8 102
7.8 102
7.8 101
7.8 102
7.8 102
7.7 102
7.7 106
7.7 104
7.7 104
7.7 105
7.7 105
7.7 105
7.7 105
7.7 105
7.7 105
7.7 105
7.7 105
7.7 105
7.7 106
7.7 106
7.7 108
7.7 108
7.7 108
7.7 108
7.7 108
7.7 107
7.7 106
7.7 106
7.7 105
7.7 109
7.7 108
7.7 107
7.7 109
7.7 108
7.7 107
7.7 109
7.7 108
7.7 107
7.7 110
7.7 109
7.7 109
7.7 110
7.7 109
7.7 110
7.7 110
7.7 109
7.7 108
7.7 109
7.7 108
7.7 107
7.7 110
7.7 109
7.7 108
7.7 110
7.7 109
7.7 108
7.7 107
7.7 107
7.7 110
7.7 109
7.7 108
7.7 110
7.7 109
7.8 110
7.8 108
7.8 109
7.8 110
7.8 109
7.8 108
7.8 109
7.8 108
7.8 109
7.8 109
7.8 108
7.8 110
7.8 107
7.8 108
7.8 109
7.8 108
7.8 110
7.8 108
7.8 109
7.8 107
7.8 108
7.8 109
7.8 106
7.8 109
7.8 109
7.8 109
7.8 108
7.8 109
7.8 110
7.8 110
7.8 109
7.8 109
7.8 110
7.8 109
7.8 110
7.8 110
7.8 108
7.8 110
7.8 108
7.8 111
7.8 110
7.7 108
7.7 107
7.7 107
7.7 107
7.7 107
7.7 107
7.7 107
7.7 107
7.7 110
7.7 108
7.7 110
7.7 109
7.7 111
7.7 110
7.7 111
7.7 110
7.7 113
7.7 111
7.7 110
7.7 109
7.7 109
7.7 112
7.7 110
7.7 111
7.7 109
7.7 110
7.7 111
7.7 109
7.7 113
7.7 110
7.7 109
7.7 112
7.7 111
7.7 112
7.7 109
7.7 111
7.7 113
7.7 114
7.7 110
7.7 111
7.7 109
7.7 111
7.7 112
7.7 111
7.7 112
7.7 113
7.7 110
7.7 113
7.7 112
7.7 111
7.7 114
7.7 113
7.7 114
7.7 112
7.7 111
7.7 110
7.7 112
7.8 110
7.8 114
7.8 110
7.8 111
7.8 113
7.8 111
7.8 110
7.8 111
7.8 112
7.8 111
7.8 112
7.8 110
7.8 110
7.8 109
7.8 109
7.8 108
7.8 108
7.8 108
7.8 108
7.8 107
7.8 107
7.8 106
7.8 107
7.8 106
7.8 106
7.8 106
7.8 106
7.8 106
7.8 106
7.8 106
7.8 106
7.8 106
7.8 105
7.8 106
7.8 106
7.8 106
7.8 106
7.8 105
7.7 105
7.7 105
7.7 105
7.7 106
7.7 106
7.7 106
7.7 106
7.7 106
7.7 106
7.7 106
7.7 106
7.7 106
7.7 106
7.7 106
7.7 106
7.7 106
7.7 106
7.7 106
7.7 106
7.7 106
7.7 107
7.7 106
7.7 106
7.7 106
7.7 106
7.7 106
7.7 107
7.7 107
7.7 107
7.7 107
7.7 107
7.7 107
7.7 107
7.7 107
7.7 107
7.7 107
7.7 107
7.7 107
7.7 107
7.7 107
7.7 107
7.6 107
7.7 107
7.7 107
7.7 107
7.7 107
7.7 107
7.7 107
7.7 107
7.7 107
7.7 107
7.7 107
7.8 107
7.8 107
7.8 107
7.8 107
7.8 107
7.8 107
7.8 107
7.8 107
7.8 107
7.8 107
7.8 107
7.8 107
7.8 107
7.8 107
7.8 107
7.8 107
7.8 107
7.8 107
7.8 107
7.8 107
7.8 107
7.8 107
7.8 107
7.8 107
7.8 107
7.8 107
7.8 107
7.8 107
7.8 108
7.8 108
7.8 108
7.8 108
7.8 108
7.8 108
7.8 108
7.8 108
7.8 108
7.8 108
7.8 108
7.8 108
7.8 108
7.8 108
7.8 108
7.8 108
7.8 108
7.8 108
7.7 108
7.7 108
7.7 108
7.7 108
7.7 108
7.7 108
7.7 108
7.7 108
7.7 108
7.7 109
7.7 109
7.7 109
7.7 109
7.7 109
7.7 109
7.7 108
7.7 109
7.7 109
7.7 109
7.7 109
7.7 109
7.7 109
7.7 108
7.7 108
7.7 108
7.7 108
7.7 109
7.7 108
7.7 108
7.7 108
7.7 107
7.7 107
7.7 107
7.7 107
7.7 107
7.7 107
7.6 106
7.7 107
7.7 107
7.7 107
7.6 106
7.6 106
7.6 107
7.7 107
7.7 107
7.7 107
7.7 107
7.7 107
7.7 107
7.7 107
7.7 107
7.7 106
7.7 106
7.7 106
7.7 106
7.8 106
7.8 106
7.8 106
7.8 105
7.8 106
7.8 106
7.8 106
7.8 106
7.8 105
7.8 105
7.8 105
7.8 105
7.8 105
7.8 105
7.8 105
7.8 105
7.8 105
7.8 105
7.8 105
7.8 105
7.8 105
7.8 105
7.8 105
7.8 105
7.8 106
7.8 105
7.8 106
7.8 105
7.8 105
7.8 105
7.8 106
7.8 106
7.8 106
7.8 105
7.8 106
7.8 106
7.8 106
7.8 106
7.7 106
7.7 106
7.7 106
7.7 106
7.7 106
7.7 106
7.7 106
7.7 106
7.7 106
7.7 107
7.7 107
7.7 107
7.7 107
7.7 105
7.7 106
7.7 102
7.7 102
7.7 102
7.7 103
7.7 102
7.7 103
7.7 103
7.7 102
7.7 103
7.7 103
7.7 103
7.7 103
7.7 103
7.7 103
7.7 103
7.7 103
7.7 103
7.7 103
7.7 103
7.7 103
7.7 103
7.7 103
7.7 103
7.7 103
7.7 103
7.7 103
7.7 103
7.7 103
7.7 104
7.7 103
7.7 103
7.7 103
7.7 104
7.7 103
7.7 103
7.7 103
7.7 103
7.7 103
7.7 103
7.7 102
7.7 102
7.7 103
7.7 103
7.7 103
7.8 103
7.8 103
7.8 103
7.8 103
7.8 103
7.8 103
7.8 103
7.8 102
7.8 102
7.8 103
7.8 103
7.8 103
7.8 103
7.8 103
7.8 103
7.8 102
7.8 102
7.8 102
7.8 102
7.8 102
7.8 103
7.8 103
7.8 103
7.8 103
7.8 103
7.8 103
7.8 102
7.8 102
7.8 103
7.8 102
7.8 103
7.8 103
7.8 103
7.8 103
7.8 103
7.8 103
7.8 103
7.7 103
7.7 103
7.7 103
7.7 103
7.7 103
7.7 103
7.7 103
7.7 103
7.7 103
7.7 103
7.7 103
7.7 103
7.7 103
7.7 103
7.7 103
7.7 103
7.7 103
7.7 103
7.7 103
7.7 104
7.7 104
7.7 104
7.7 104
7.7 104
7.7 104
7.7 104
7.7 104
7.7 104
7.7 104
7.7 104
7.7 104
7.7 104
7.7 104
7.7 104
7.7 104
7.7 104
7.7 104
7.7 104
7.7 104
7.7 104
7.7 104
7.7 104
7.7 104
7.7 104
7.7 104
7.7 104
7.7 105
7.7 105
7.7 104
7.7 104
7.7 104
7.7 105
7.7 105
7.7 105
7.7 105
7.7 105
7.7 105
7.7 104
7.7 105
7.8 104
7.8 104
7.8 104
7.8 104
7.8 104
7.8 104
7.8 104
7.8 104
7.9 104
7.9 104
7.9 104
7.9 104
7.9 104
7.8 104
7.8 103
7.8 103
7.8 103
7.8 103
7.8 104
7.8 104
7.7 103
7.8 102
7.8 101
7.8 101
7.8 102
7.8 102
7.8 103
7.8 103
7.8 103
7.8 103
7.8 104
7.8 104
7.8 103
7.8 104
7.8 103
7.8 103
7.8 103
7.8 103
7.8 103
7.7 103
7.7 103
7.7 103
7.7 103
7.7 104
7.7 103
7.7 103
7.7 103
7.7 103
7.7 104
7.7 104
7.7 104
7.7 104
7.7 104
7.7 104
7.7 104
7.7 104
7.7 104
7.7 104
7.7 104
7.7 104
7.7 104
7.7 104
7.7 104
7.7 104
7.7 104
7.7 104
7.7 104
7.7 104
7.7 104
7.7 104
7.7 104
7.7 104
7.7 104
7.7 104
7.7 105
7.7 104
7.7 104
7.7 105
7.7 105
7.7 105
7.7 105
7.7 105
7.7 105
7.7 105
7.7 105
7.7 105
7.7 105
7.7 105
7.7 105
7.7 105
7.7 105
7.8 105
7.8 104
7.8 105
7.8 105
7.8 105
7.8 104
7.8 104
7.8 104
7.8 105
7.8 105
7.8 105
7.8 105
7.8 105
7.8 105
7.8 105
7.8 105
7.8 104
7.8 105
7.8 105
7.8 106
7.8 105
7.8 105
7.8 105
7.8 105
7.8 105
7.8 105
7.8 105
7.8 105
7.8 106
7.8 105
7.8 105
7.8 106
7.8 106
7.8 106
7.8 106
7.8 106
7.8 106
7.8 105
7.8 105
7.8 105
7.7 105
7.8 105
7.7 105
7.7 106
7.7 106
7.7 105
7.7 106
7.7 106
7.7 106
7.7 106
7.7 106
7.7 106
7.7 106
7.7 107
7.7 107
7.7 107
7.7 107
7.7 107
7.7 107
7.7 108
7.7 107
7.7 108
7.7 108
7.7 108
7.7 108
7.7 108
7.7 108
7.7 112
7.7 113
7.7 113
7.7 113
7.7 113
7.7 113
7.7 113
7.7 113
7.7 113
7.7 113
7.7 113
7.7 113
7.7 113
7.7 113
7.7 113
7.7 113
7.7 113
7.7 113
7.7 113
7.7 113
7.7 113
7.7 113
7.7 114
7.7 113
7.7 113
7.7 113
7.7 114
7.7 113
7.8 113
7.7 113
7.8 113
7.8 113
7.8 113
7.8 113
7.8 112
7.8 112
7.8 113
7.8 113
7.8 113
7.8 113
7.8 112
7.8 112
7.8 112
7.8 112
7.8 112
7.8 111
7.8 111
7.8 111
7.8 111
7.8 112
7.8 112
7.8 112
7.8 112
7.8 112
7.9 112
7.8 111
7.8 111
7.8 111
7.8 111
7.8 112
7.8 111
7.8 111
7.8 111
7.8 111
7.8 111
7.8 113
7.8 112
7.8 112
7.8 112
7.7 112
7.7 112
7.7 113
7.7 113
7.7 113
7.7 113
7.7 113
7.7 113
7.7 113
7.7 114
7.7 113
7.7 113
7.7 113
7.7 113
7.7 112
7.7 112
7.7 112
7.7 112
7.7 112
7.7 112
7.7 112
7.7 112
7.7 112
7.7 111
7.7 114
7.7 114
7.7 114
7.7 114
7.7 114
7.7 114
7.7 114
7.7 114
7.7 113
7.7 113
7.7 113
7.7 113
7.7 113
7.7 115
7.7 113
7.7 113
7.7 113
7.7 113
7.7 113
7.7 114
7.7 114
7.7 113
7.7 113
7.7 113
7.7 112
7.7 112
7.7 112
7.7 112
7.7 112
7.7 113
7.8 112
7.8 111
7.8 112
7.8 111
7.8 111
7.8 111
7.8 111
7.8 111
7.8 111
7.8 111
7.8 111
7.8 111
7.8 111
7.8 111
7.8 111
7.8 111
7.8 111
7.8 111
7.8 112
7.8 113
7.8 111
7.8 112
7.8 111
7.9 112
7.8 112
7.8 112
7.8 112
7.8 111
7.8 112
7.8 111
7.8 111
7.8 111
7.8 111
7.8 111
7.8 111
7.8 111
7.8 111
7.8 111
7.8 111
7.8 111
7.8 112
7.8 112
7.8 112
7.8 112
7.8 112
7.7 112
7.7 112
7.7 112
7.7 113
7.7 112
7.7 113
7.7 112
7.7 113
7.7 112
7.7 113
7.7 112
7.7 113
7.7 113
7.7 113
7.7 113
7.7 113
7.7 114
7.7 113
7.7 113
7.7 113
7.7 113
7.7 113
7.7 113
7.7 114
7.7 114
7.7 114
7.7 114
7.7 114
7.7 114
7.7 114
7.7 114
7.7 114
7.7 114
7.7 114
7.7 114
7.7 113
7.7 113
7.7 113
7.7 113
7.7 114
7.7 114
7.7 113
7.7 112
7.7 112
7.7 112
7.7 112
7.7 111
7.7 111
7.7 111
7.7 111
7.7 111
7.7 112
7.8 112
7.7 112
7.8 112
7.8 112
7.8 112
7.8 111
7.8 112
7.8 111
7.8 111
7.8 111
7.8 111
7.8 111
7.8 111
7.8 111
7.8 111
7.8 111
7.8 111
7.8 111
7.8 111
7.8 112
7.8 111
7.8 111
7.8 110
7.8 112
7.8 113
7.8 112
7.8 112
7.8 112
7.8 110
7.8 110
7.8 110
7.8 113
7.8 113
7.8 113
7.8 112
7.8 113
7.8 113
7.8 112
7.8 113
7.8 113
7.7 113
7.8 113
7.8 113
7.7 113
7.7 112
7.7 112
7.7 112
7.7 113
7.7 112
7.7 113
7.6 113
7.7 113
7.7 113
7.7 112
7.6 113
7.7 113
7.6 113
7.7 113
7.6 113
7.7 113
7.7 115
7.7 115
7.7 112
7.7 112
7.6 112
7.6 112
7.7 112
7.7 112
7.7 112
7.7 113
7.7 113
7.7 113
7.7 113
7.7 114
7.7 113
7.7 113
7.7 113
7.7 113
7.6 112
7.7 113
7.7 113
7.7 114
7.7 113
7.7 113
7.7 113
7.7 113
7.7 113
7.7 113
7.7 113
7.7 112
7.7 112
7.7 112
7.7 112
7.7 112
7.7 112
7.8 112
7.8 112
7.8 111
7.8 112
7.8 112
7.8 112
7.8 112
7.8 111
7.8 111
7.8 111
7.8 111
7.8 111
7.8 111
7.8 110
7.8 110
7.8 111
7.8 112
7.8 112
7.8 112
7.8 112
7.8 112
7.8 112
7.8 112
7.8 112
7.8 112
7.8 112
7.8 112
7.8 112
7.8 112
7.8 112
7.8 112
7.8 113
7.8 112
7.8 112
7.8 112
7.8 112
7.8 112
7.8 112
7.8 112
7.8 112
7.8 114
7.8 114
7.8 114
7.8 113
7.8 113
7.8 113
7.7 113
7.7 113
7.7 113
7.7 114
7.7 114
7.7 114
7.7 114
7.7 114
7.7 114
7.7 114
7.7 114
7.7 113
7.7 114
7.7 115
7.7 114
7.7 114
7.7 114
7.7 114
7.7 114
7.7 115
7.7 115
7.7 115
7.7 115
7.7 115
7.7 115
7.7 115
7.7 115
7.7 115
7.7 115
7.7 116
7.7 115
7.7 115
7.7 115
7.7 115
7.7 115
7.7 115
7.7 115
7.7 115
7.7 115
7.7 115
7.7 114
7.7 115
7.7 114
7.7 115
7.7 115
7.7 115
7.7 114
7.7 114
7.7 115
7.7 114
7.8 114
7.7 114
7.8 114
7.8 114
7.8 114
7.8 114
7.8 113
7.8 113
7.8 113
7.8 113
7.8 113
7.8 113
7.8 113
7.8 113
7.8 113
7.8 114
7.9 113
7.8 113
7.9 113
7.9 115
7.9 113
7.9 114
7.8 114
7.8 114
7.8 114
7.8 114
7.8 114
7.8 114
7.8 114
7.8 114
7.8 113
7.8 114
7.8 114
7.8 114
7.8 115
7.8 115
7.8 113
7.8 113
7.8 113
7.8 114
7.8 114
7.8 114
7.8 114
7.7 114
7.7 114
7.7 114
7.7 114
7.7 114
7.7 114
7.7 114
7.7 114
7.7 114
7.7 114
7.7 114
7.7 114
7.7 114
7.7 114
7.7 114
7.7 114
7.7 114
7.7 114
7.7 114
7.7 116
7.7 115
7.7 114
7.7 115
7.7 115
7.7 114
7.7 115
7.7 115
7.7 115
7.7 115
7.7 116
7.7 116
7.7 115
7.7 116
7.7 115
7.7 116
7.7 116
7.7 115
7.7 115
7.7 115
7.7 116
7.7 116
7.7 115
7.7 115
7.7 115
7.7 116
7.7 115
7.7 115
7.7 115
7.7 115
7.7 115
7.8 115
7.8 114
7.8 114
7.8 114
7.8 114
7.8 114
7.8 114
7.8 115
7.8 114
7.8 115
7.8 114
7.8 115
7.8 115
7.8 115
7.8 114
7.8 115
7.8 114
7.9 114
7.9 114
7.9 114
7.9 114
7.9 114
7.9 114
7.9 114
7.9 114
7.9 115
7.9 114
7.9 114
7.9 114
7.9 114
7.9 114
7.9 114
7.9 114
7.9 114
7.9 114
7.8 114
7.8 114
7.8 115
7.8 115
7.8 115
7.8 115
7.8 115
7.8 115
7.8 115
7.8 115
7.8 115
7.7 115
7.7 115
7.7 115
7.7 115
7.7 114
7.7 115
7.7 115
7.7 115
7.7 116
7.7 115
7.7 115
7.7 115
7.7 115
7.7 115
7.7 115
7.7 115
7.7 114
7.7 114
7.7 115
7.7 114
7.7 116
7.7 115
7.7 114
7.7 115
7.7 115
7.7 115
7.7 114
7.7 115
7.7 115
7.7 115
7.7 115
7.7 115
7.7 115
7.7 115
7.7 115
7.7 115
7.7 117
7.7 115
7.7 115
7.7 115
7.7 116
7.7 116
7.7 115
7.7 115
7.7 115
7.7 115
7.7 115
7.7 115
7.7 116
7.7 114
7.7 114
7.7 115
7.8 114
7.8 114
7.8 114
7.8 114
7.8 114
7.8 114
7.8 114
7.8 114
7.8 114
7.8 113
7.9 113
7.9 114
7.9 115
7.9 114
7.9 114
7.9 114
7.9 114
7.9 114
7.9 114
7.9 114
7.9 114
7.9 114
7.9 114
7.9 114
7.9 113
7.9 115
7.9 115
7.9 113
7.9 114
7.9 113
7.9 114
7.9 113
7.9 115
7.9 116
7.9 116
7.8 116
7.8 116
7.8 115
7.8 116
7.8 116
7.8 116
7.8 116
7.7 116
7.7 116
7.7 116
7.7 116
7.7 115
7.7 115
7.7 114
7.7 115
7.7 115
7.7 114
7.7 114
7.7 115
7.7 116
7.7 115
7.7 115
7.7 115
7.7 115
7.7 115
7.7 115
7.7 115
7.7 115
7.7 115
7.7 115
7.7 115
7.7 115
7.7 115
7.7 116
7.7 116
7.7 115
7.7 116
7.7 116
7.7 115
7.7 116
7.7 115
7.7 114
7.7 115
7.7 114
7.7 114
7.7 115
7.7 115
7.7 115
7.7 115
7.7 115
7.7 115
7.7 115
7.7 115
7.7 115
7.7 115
7.7 115
7.7 115
7.8 115
7.8 115
7.8 115
7.8 115
7.8 114
7.8 114
7.8 114
7.8 114
7.8 114
7.8 113
7.8 113
7.8 113
7.8 113
7.8 112
7.8 113
7.8 112
7.9 112
7.9 112
7.9 112
7.9 112
7.9 111
7.9 111
7.9 111
7.9 111
7.9 111
7.9 111
7.9 111
7.9 111
7.9 112
7.9 112
7.9 111
7.9 112
7.9 112
7.9 111
7.9 112
7.9 112
7.9 112
7.9 112
7.9 111
7.9 111
7.8 111
7.8 111
7.8 111
7.8 111
7.8 111
7.8 109
7.8 109
7.8 110
7.8 111
7.8 112
7.8 112
7.8 112
7.8 112
7.8 112
7.7 112
7.7 112
7.7 112
7.7 112
7.7 113
7.7 112
7.7 112
7.7 112
7.7 112
7.7 112
7.7 112
7.7 112
7.7 112
7.7 112
7.7 112
7.7 112
7.7 112
7.7 112
7.7 112
7.7 112
7.7 112
7.7 112
7.7 112
7.7 113
7.7 113
7.7 113
7.7 113
7.7 113
7.7 113
7.7 113
7.7 113
7.7 113
7.7 113
7.7 113
7.7 113
7.7 113
7.7 113
7.7 113
7.7 113
7.7 114
7.7 113
7.7 113
7.7 113
7.7 113
7.8 112
7.8 113
7.8 112
7.8 112
7.8 112
7.8 112
7.8 112
7.8 112
7.8 112
7.8 112
7.8 112
7.8 111
7.8 112
7.8 108
7.9 112
7.9 111
7.9 111
7.9 111
7.9 111
7.9 111
7.9 111
7.9 111
7.9 111
7.9 111
7.9 112
7.9 112
7.9 112
7.9 112
7.9 112
7.9 112
7.9 112
7.9 112
7.9 112
7.9 112
7.9 112
7.9 112
7.8 112
7.9 112
7.8 112
7.8 113
7.8 113
7.8 113
7.8 113
7.8 113
7.8 113
7.8 113
7.8 113
7.8 114
7.7 113
7.7 113
7.7 113
7.7 113
7.7 112
7.7 112
7.7 114
7.7 114
7.7 115
7.7 115
7.7 115
7.7 115
7.7 115
7.7 115
7.7 115
7.7 115
7.7 116
7.7 116
7.7 116
7.7 116
7.7 115
7.7 116
7.7 115
7.7 115
7.7 115
7.7 116
7.7 116
7.7 115
7.7 115
7.7 116
7.7 115
7.7 116
7.7 115
7.7 115
7.7 115
7.7 115
7.7 115
7.7 116
7.7 115
7.7 115
7.7 115
7.7 115
7.7 115
7.7 115
7.7 115
7.7 115
7.7 115
7.7 115
7.7 115
7.8 116
7.8 115
7.8 115
7.8 115
7.8 115
7.8 115
7.8 115
7.8 114
7.8 114
7.8 115
7.9 114
7.9 114
7.9 114
7.9 114
7.9 114
7.9 114
7.9 115
7.9 115
7.9 115
7.9 115
7.9 115
7.9 115
7.9 115
7.9 115
7.9 115
7.9 115
7.9 115
7.9 115
7.9 115
7.9 115
7.9 115
7.9 115
7.9 115
7.9 115
7.9 115
7.9 115
7.9 115
7.8 116
7.8 115
7.8 116
7.8 115
7.8 116
7.8 115
7.8 116
7.8 116
7.8 116
7.7 116
7.7 116
7.7 116
7.7 116
7.7 117
7.7 117
7.7 117
7.7 117
7.7 118
7.7 117
7.7 117
7.7 117
7.7 117
7.7 118
7.7 117
7.7 117
7.7 117
7.7 117
7.7 117
7.7 117
7.7 117
7.7 117
7.7 117
7.7 117
7.7 117
7.7 117
7.7 117
7.7 117
7.7 117
7.7 117
7.7 117
7.7 117
7.7 118
7.7 118
7.7 118
7.7 118
7.7 118
7.7 118
7.7 118
7.7 118
7.7 118
7.7 117
7.7 118
7.7 117
7.7 117
7.8 117
7.8 117
7.8 117
7.8 117
7.8 117
7.8 117
7.8 117
7.8 117
7.8 117
7.8 117
7.8 117
7.8 117
7.8 117
7.8 117
7.8 117
7.8 117
7.9 117
7.9 117
7.9 116
7.9 116
7.9 117
7.9 117
7.9 117
7.9 117
7.9 117
7.9 117
7.9 116
7.9 117
7.9 117
7.9 117
7.9 117
7.9 117
7.9 117
7.9 117
7.9 117
7.9 117
7.9 117
7.9 117
7.9 117
7.9 117
7.9 117
7.9 118
7.9 118
7.8 118
7.8 118
7.8 118
7.8 118
7.8 118
7.8 118
7.8 118
7.8 118
7.8 118
7.8 118
7.8 118
7.8 118
7.7 118
7.7 119
7.7 118
7.7 119
7.7 118
7.7 118
7.7 118
7.7 118
7.7 118
7.7 118
7.7 119
7.7 119
7.7 119
7.7 119
7.7 119
7.7 119
7.7 119
7.7 119
7.7 119
7.7 119
7.7 119
7.7 119
7.7 120
7.7 120
7.7 119
7.7 120
7.7 119
7.7 120
7.7 120
7.7 120
7.7 120
7.7 119
7.7 120
7.7 120
7.7 120
7.7 120
7.7 119
7.7 119
7.7 119
7.7 119
7.7 119
7.7 119
7.7 119
7.7 119
7.7 119
7.8 119
7.8 119
7.8 118
7.8 119
7.8 118
7.8 118
7.8 118
7.8 118
7.8 118
7.8 118
7.8 118
7.8 118
7.9 118
7.9 118
7.9 118
7.9 118
7.9 118
7.9 118
7.9 118
7.9 118
7.9 118
7.9 118
7.9 118
7.9 118
7.9 118
7.9 118
7.9 118
7.9 118
7.9 118
7.9 118
7.9 118
7.9 118
7.9 118
7.9 119
7.9 119
7.9 119
7.9 119
7.9 119
7.8 119
7.8 119
7.8 119
7.8 119
7.8 119
7.8 119
7.8 119
7.8 119
7.8 119
7.8 119
7.8 119
7.7 119
7.7 120
7.7 120
7.7 120
7.7 120
7.7 120
7.7 120
7.7 120
7.7 120
7.7 121
7.7 121
7.7 121
7.7 121
7.7 121
7.7 121
7.7 121
7.7 121
7.7 121
7.7 122
7.7 122
7.7 122
7.7 121
7.7 122
7.7 121
7.7 122
7.7 121
7.7 121
7.7 121
7.7 122
7.7 121
7.7 121
7.7 122
7.7 122
7.7 121
7.7 122
7.7 121
7.7 121
7.7 122
7.7 121
7.7 121
7.7 121
7.7 121
7.7 121
7.7 121
7.7 121
7.7 121
7.8 121
7.8 121
7.8 120
7.8 121
7.8 121
7.8 121
7.8 120
7.8 120
7.8 120
7.8 120
7.8 120
7.9 120
7.9 120
7.9 120
7.9 120
7.9 120
7.9 120
7.9 120
7.9 120
7.9 120
7.9 120
7.9 120
7.9 120
7.9 120
7.9 121
7.9 120
7.9 120
7.9 120
7.9 120
7.9 120
7.9 120
7.9 120
7.9 120
7.9 120
7.9 120
7.9 121
7.9 121
7.9 121
7.9 121
7.9 121
7.9 121
7.9 122
7.8 122
7.8 122
7.8 122
7.8 122
7.8 122
7.8 122
7.8 122
7.8 123
7.8 123
7.8 123
7.8 123
7.8 123
7.8 123
7.8 123
7.7 123
7.8 124
7.8 124
7.7 124
7.8 124
7.7 124
7.7 124
7.8 124
7.7 124
7.7 124
7.8 124