7.87 10.8
7.96 10.8
8.07 10.9
8.22 11.0
8.36 11.0
8.50 11.1
8.64 11.2
8.79 11.2
8.87 11.3
8.98 11.3
9.03 11.4
9.08 11.4
9.00 11.4
8.90 11.4
8.79 11.5
8.63 11.6
8.44 11.6
8.30 11.7
8.18 11.8
8.04 11.8
7.91 11.8
7.81 11.8
7.70 11.8
7.64 11.8
7.48 11.8
7.38 11.7
7.29 11.6
7.12 11.6
7.05 11.5
6.95 11.4
6.87 11.3
6.79 11.2
6.73 11.1
6.70 11.0
6.74 10.9
6.74 10.9
6.73 10.8
6.76 10.7
6.82 10.6
6.85 10.5
6.89 10.4
6.96 10.4
7.03 10.3
7.11 10.3
7.18 10.3
7.27 10.3
7.37 10.3
7.42 10.4
7.55 10.4
7.66 10.5
7.76 10.6
7.87 10.6
7.97 10.7
8.08 10.8
8.25 10.8
8.39 10.9
8.55 11.0
8.69 11.0
8.84 11.1
8.92 11.2
8.90 11.2
8.87 11.2
8.77 11.3
8.62 11.4
8.40 11.4
8.23 11.5
8.10 11.6
7.96 11.6
7.80 11.6
7.73 11.6
7.66 11.7
7.54 11.7
7.41 11.6
7.32 11.6
7.20 11.5
7.10 11.5
7.00 11.4
6.98 11.3
6.85 11.3
6.85 11.2
6.86 11.1
6.79 11.0
6.90 10.9
6.95 10.8
7.00 10.7
7.06 10.7
7.09 10.6
7.21 10.5
7.16 10.5
7.23 10.4
7.29 10.4
7.36 10.4
7.42 10.4
7.48 10.4
7.58 10.5
7.65 10.5
7.77 10.6
7.89 10.6
7.99 10.7
8.09 10.7
8.22 10.8
8.37 10.8
8.52 10.9
8.64 10.9
8.75 11.0
8.82 11.0
8.85 11.0
8.89 11.0
8.79 11.1
8.69 11.0
8.55 11.1
8.42 11.1
8.33 11.2
8.27 11.2
8.20 11.3
8.18 11.4
8.15 11.5
8.16 11.6
8.07 11.6
8.01 11.7
7.83 11.7
7.70 11.7
7.60 11.7
7.53 11.6
7.49 11.6
7.40 11.6
7.30 11.5
7.33 11.5
7.27 11.5
7.30 11.4
7.34 11.3
7.34 11.2
7.39 11.2
7.48 11.2
7.53 11.1
7.57 11.0
7.68 11.0
7.65 11.0
7.72 10.9
7.76 10.9
7.82 10.9
7.84 10.9
7.91 10.9
8.02 10.9
8.09 11.0
8.20 11.0
8.30 11.0
8.39 11.1
8.46 11.1
8.54 11.2
8.59 11.2
8.64 11.2
8.68 11.3
8.75 11.3
8.75 11.3
8.82 11.4
8.81 11.4
8.75 11.4
8.68 11.5
8.54 11.6
8.42 11.7
8.22 11.8
8.08 11.8
7.92 11.8
7.74 11.9
7.57 11.9
7.46 11.9
7.45 11.8
7.38 11.8
7.27 11.8
7.14 11.7
7.07 11.7
6.99 11.6
6.91 11.5
6.83 11.4
6.78 11.4
6.72 11.3
6.70 11.2
6.68 11.2
6.70 11.1
6.72 11.1
6.74 11.0
6.83 10.9
6.86 10.8
6.92 10.8
6.97 10.7
7.04 10.7
7.09 10.6
7.17 10.6
7.23 10.7
7.28 10.7
7.41 10.7
7.47 10.8
7.58 10.8
7.68 10.9
7.79 11.0
7.91 11.0
8.00 11.1
8.10 11.2
8.22 11.2
8.29 11.3
8.40 11.3
8.48 11.4
8.49 11.4
8.53 11.4
8.46 11.5
8.34 11.5
8.22 11.6
8.02 11.7
7.87 11.7
7.67 11.8
7.59 11.8
7.49 11.8
7.42 11.8
7.36 11.8
7.29 11.8
7.22 11.8
7.13 11.7
6.99 11.6
6.90 11.6
6.81 11.5
6.73 11.4
6.66 11.3
6.60 11.2
6.58 11.1
6.56 11.1
6.52 11.0
6.55 10.9
6.54 10.8
6.56 10.8
6.58 10.7
6.64 10.6
6.68 10.5
6.71 10.4
6.94 10.4
6.94 10.3
6.94 10.3
7.01 10.3
7.08 10.4
7.14 10.4
7.25 10.5
7.31 10.5
7.43 10.6
7.52 10.7
7.68 10.7
7.77 10.8
7.95 10.9
8.07 10.9
8.18 11.0
8.29 11.0
8.36 11.1
8.40 11.1
8.38 11.2
8.35 11.2
8.22 11.3
8.09 11.4
7.90 11.4
7.77 11.5
7.62 11.5
7.55 11.5
7.46 11.6
7.38 11.6
7.35 11.6
7.24 11.6
7.12 11.5
7.03 11.5
6.93 11.4
6.84 11.3
6.76 11.3
6.64 11.2
6.62 11.1
6.55 11.0
6.58 10.9
6.54 10.9
6.51 10.8
6.57 10.7
6.53 10.6
6.55 10.6
6.56 10.5
6.59 10.4
6.58 10.3
6.66 10.2
6.67 10.2
6.72 10.1
6.78 10.1
6.85 10.1
6.94 10.2
7.04 10.2
7.10 10.2
7.19 10.3
7.25 10.4
7.32 10.4
7.39 10.5
7.49 10.5
7.64 10.6
7.69 10.6
7.85 10.7
8.00 10.8
8.11 10.8
8.22 10.9
8.20 10.9
8.21 11.0
8.09 11.0
8.02 11.1
7.95 11.2
7.88 11.3
7.85 11.3
7.80 11.4
7.80 11.4
7.68 11.5
7.55 11.5
7.45 11.5
7.36 11.5
7.23 11.4
7.19 11.4
7.11 11.3
7.07 11.3
7.06 11.2
7.05 11.2
7.06 11.1
7.02 11.1
6.98 11.0
6.93 11.0
6.93 10.9
6.88 10.8
6.87 10.7
6.88 10.6
6.91 10.6
6.93 10.5
6.93 10.4
6.99 10.4
7.00 10.3
7.03 10.3
7.07 10.3
7.13 10.4
7.29 10.4
7.36 10.4
7.47 10.5
7.56 10.6
7.68 10.6
7.76 10.7
7.86 10.7
7.96 10.8
8.08 10.8
8.14 10.8
8.15 10.9
8.16 10.9
8.17 10.9
8.09 10.9
8.04 11.0
7.90 11.0
7.75 11.1
7.64 11.2
7.49 11.2
7.40 11.3
7.38 11.4
7.33 11.4
7.27 11.4
7.15 11.4
7.06 11.4
6.96 11.4
6.87 11.4
6.76 11.3
6.69 11.2
6.63 11.2
6.63 11.1
6.55 11.1
6.50 11.0
6.51 10.9
6.48 10.9
6.51 10.8
6.51 10.8
6.50 10.7
6.50 10.6
6.53 10.5
6.56 10.4
6.60 10.4
6.63 10.3
6.67 10.2
6.72 10.2
6.83 10.2
6.90 10.2
6.96 10.3
7.05 10.3
7.13 10.4
7.21 10.4
7.30 10.5
7.42 10.6
7.49 10.6
7.60 10.7
7.72 10.8
7.79 10.8
7.90 10.9
8.02 10.9
8.09 11.0
8.16 11.0
8.17 11.0
8.14 11.1
8.08 11.2
7.93 11.3
7.80 11.3
7.63 11.4
7.49 11.4
7.36 11.4
7.21 11.4
7.09 11.4
6.95 11.4
6.93 11.4
6.87 11.4
6.79 11.3
6.70 11.3
6.69 11.2
6.59 11.1
6.55 11.1
6.48 11.0
6.45 10.9
6.41 10.8
6.36 10.7
6.38 10.7
6.42 10.6
6.42 10.6
6.49 10.4
6.45 10.4
6.49 10.3
6.51 10.2
6.61 10.2
6.66 10.1
6.71 10.1
6.75 10.1
6.83 10.1
6.93 10.2
6.99 10.2
7.06 10.3
7.13 10.3
7.26 10.4
7.36 10.4
7.50 10.5
7.62 10.6
7.73 10.6
7.83 10.7
7.96 10.8
8.03 10.8
8.09 10.9
8.14 10.9
8.16 10.9
8.09 11.0
8.01 11.0
7.88 11.1
7.72 11.2
7.56 11.2
7.39 11.3
7.24 11.3
7.14 11.3
7.14 11.3
7.04 11.3
6.98 11.3
6.95 11.3
6.85 11.2
6.76 11.2
6.66 11.1
6.68 11.1
6.67 11.0
6.67 11.0
6.69 10.9
6.71 10.8
6.79 10.8
6.81 10.8
6.84 10.8
6.87 10.7
6.87 10.7
6.89 10.6
6.90 10.6
6.91 10.5
6.92 10.4
6.95 10.4
7.02 10.3
7.08 10.3
7.13 10.3
7.19 10.4
7.27 10.4
7.35 10.4
7.46 10.4
7.55 10.5
7.66 10.6
7.79 10.6
7.87 10.6
8.01 10.7
8.11 10.7
8.19 10.8
8.23 10.8
8.26 10.8
8.24 10.8
8.17 10.8
8.04 10.8
7.89 10.9
7.74 10.9
7.64 11.0
7.54 11.0
7.47 11.1
7.42 11.1
7.38 11.2
7.43 11.2
7.37 11.2
7.32 11.3
7.32 11.2
7.33 11.3
7.28 11.2
7.16 11.2
7.08 11.2
7.08 11.2
7.05 11.2
7.02 11.1
7.08 11.1
7.05 11.1
7.03 11.1
6.98 11.0
6.94 11.0
6.94 10.9
6.96 10.8
7.01 10.7
6.96 10.6
7.04 10.5
7.11 10.5
7.24 10.5
7.39 10.5
7.44 10.5
7.50 10.6
7.51 10.6
7.57 10.6
7.61 10.6
7.65 10.6
7.71 10.6
7.69 10.6
7.75 10.6
7.83 10.6
7.91 10.6
7.97 10.7
8.05 10.7
8.09 10.7
8.12 10.7
8.12 10.7
8.09 10.8
8.05 10.8
7.98 10.8
7.92 10.8
7.87 10.8
7.82 10.9
7.79 10.9
7.85 11.0
7.89 11.1
7.90 11.2
7.90 11.3
7.92 11.3
7.84 11.3
7.78 11.4
7.68 11.4
7.61 11.3
7.62 11.3
7.52 11.3
7.36 11.2
7.38 11.2
7.33 11.1
7.29 11.0
7.31 11.0
7.32 11.0
7.41 10.9
7.49 10.7
7.51 10.6
7.55 10.5
7.61 10.4
7.68 10.4
7.77 10.4
7.80 10.4
7.82 10.4
7.88 10.4
7.94 10.5
8.02 10.5
8.11 10.6
8.21 10.6
8.36 10.7
8.53 10.7
8.53 10.7
8.56 10.7
8.59 10.8
8.62 10.8
8.64 10.8
8.66 10.8
8.69 10.8
8.68 10.8
8.59 10.8
8.56 10.8
8.48 10.9
8.39 11.0
8.25 11.0
8.21 11.0
8.18 11.1
8.17 11.2
8.21 11.2
8.28 11.3
8.21 11.4
8.05 11.4
8.02 11.4
7.97 11.4
7.92 11.4
7.94 11.3
7.98 11.3
8.03 11.3
8.06 11.2
8.12 11.2
8.10 11.2
8.15 11.1
8.12 11.1
8.12 11.1
8.12 11.1
8.06 11.0
8.05 11.0
8.02 10.9
8.03 10.9
8.07 10.8
8.09 10.8
8.08 10.8
8.13 10.8
8.16 10.8
8.18 10.8
8.20 10.8
8.27 10.8
8.32 10.8
8.39 10.8
8.41 10.8
8.43 10.9
8.43 10.9
8.41 10.9
8.42 10.9
8.45 10.9
8.46 10.9
8.42 10.9
8.41 10.9
8.37 10.9
8.32 10.9
8.25 11.0
8.23 11.0
8.15 11.1
8.09 11.1
8.04 11.2
8.04 11.3
8.04 11.3
8.12 11.4
7.96 11.4
7.88 11.4
7.88 11.4
7.84 11.4
7.60 11.4
7.62 11.4
7.61 11.4
7.48 11.3
7.42 11.3
7.32 11.2
7.32 11.2
7.36 11.2
7.31 11.1
7.35 11.1
7.30 11.0
7.28 11.0
7.25 10.9
7.24 10.8
7.27 10.8
7.27 10.7
7.33 10.6
7.41 10.6
7.41 10.6
7.46 10.6
7.47 10.6
7.55 10.6
7.59 10.6
7.66 10.6
7.70 10.6
7.80 10.6
7.85 10.7
7.97 10.7
8.02 10.8
8.09 10.8
8.19 10.8
8.24 10.8
8.31 10.9
8.29 10.9
8.21 10.9
8.09 11.0
7.93 11.1
7.80 11.1
7.65 11.2
7.53 11.2
7.45 11.3
7.48 11.3
7.47 11.4
7.47 11.4
7.43 11.4
7.37 11.4
7.32 11.4
7.32 11.4
7.30 11.3
7.25 11.3
7.31 11.3
7.28 11.3
7.32 11.2
7.30 11.2
7.32 11.2
7.39 11.2
7.40 11.2
7.40 11.1
7.40 11.1
7.40 11.0
7.38 11.0
7.41 10.9
7.41 10.8
7.46 10.8
7.48 10.7
7.54 10.7
7.57 10.7
7.65 10.7
7.72 10.7
7.80 10.7
7.88 10.8
7.94 10.8
7.96 10.8
8.03 10.8
8.08 10.8
8.13 10.8
8.16 10.8
8.21 10.9
8.23 10.9
8.24 10.9
8.25 10.9
8.22 10.9
8.15 10.9
8.03 11.0
7.92 11.0
7.77 11.1
8.35 11.2
7.56 11.2
7.45 11.2
7.40 11.3
7.36 11.3
7.29 11.3
7.28 11.3
7.18 11.3
7.07 11.3
7.03 11.2
6.93 11.2
6.88 11.1
6.84 11.1
6.86 11.0
6.92 11.0
6.88 11.0
6.94 11.0
7.01 11.0
7.04 10.9
7.07 10.8
7.10 10.8
7.13 10.8
7.15 10.7
7.16 10.6
7.20 10.5
7.23 10.5
7.29 10.5
7.36 10.4
7.41 10.5
7.47 10.5
7.54 10.5
7.56 10.5
7.61 10.5
7.67 10.5
7.75 10.5
7.84 10.6
7.89 10.6
7.93 10.6
7.97 10.6
8.03 10.6
8.08 10.6
8.12 10.6
8.15 10.7
8.17 10.7
8.21 10.7
8.16 10.7
8.12 10.8
8.06 10.8
8.00 10.9
7.92 10.9
7.84 11.0
7.84 11.0
7.92 11.1
7.94 11.2
7.94 11.2
7.97 11.2
8.00 11.2
7.95 11.2
7.92 11.2
7.83 11.2
7.84 11.2
7.77 11.2
7.81 11.2
7.82 11.2
7.92 11.1
8.02 11.1
8.08 11.1
8.05 11.1
8.16 11.1
8.12 11.1
8.14 11.0
8.18 10.9
8.25 10.8
8.36 10.8
8.45 10.7
8.55 10.7
8.60 10.6
8.66 10.6
8.67 10.6
8.74 10.7
8.76 10.7
8.83 10.7
8.88 10.7
8.96 10.7
9.04 10.7
9.17 10.7
9.31 10.8
9.49 10.8
9.61 10.8
9.70 10.8
9.82 10.8
9.86 10.8
9.88 10.8
9.94 10.8
9.93 10.9
9.97 10.9
10.03 10.9
10.09 10.9
10.17 11.0
10.24 11.1
10.21 11.2
10.27 11.2
10.18 11.3
10.09 11.4
9.94 11.4
9.86 11.4
9.72 11.4
9.66 11.4
9.62 11.4
9.69 11.4
9.69 11.4
9.68 11.4
9.70 11.3
9.73 11.3
9.76 11.3
9.76 11.3
9.75 11.2
9.78 11.2
9.81 11.1
9.84 11.1
9.90 11.0
9.91 11.0
9.94 10.9
9.99 10.9
10.06 10.9
10.10 10.9
10.18 10.9
10.22 10.9
10.29 10.9
10.34 10.9
10.36 10.9
10.38 10.9
10.42 10.9
10.40 10.9
10.40 10.9
10.41 10.9
10.37 10.9
10.36 10.9
10.31 10.9
10.26 10.9
10.18 11.0
10.10 11.0
10.01 11.0
9.91 11.0
9.88 11.0
9.77 11.1
9.68 11.2
9.57 11.2
9.51 11.3
9.48 11.3
9.35 11.4
9.24 11.4
9.11 11.4
7.68 11.4
8.95 11.4
8.89 11.4
8.85 11.4
8.81 11.4
8.75 11.3
8.63 11.3
8.54 11.2
8.52 11.2
8.52 11.2
8.78 11.1
8.88 11.0
9.04 11.0
9.12 11.0
9.19 10.9
9.26 10.8
9.30 10.7
9.39 10.7
9.46 10.6
9.57 10.6
9.78 10.6
9.94 10.6
10.11 10.6
10.34 10.6
10.54 10.6
10.71 10.7
10.85 10.7
11.03 10.7
11.17 10.8
11.36 10.8
11.53 10.8
11.69 10.8
11.77 10.8
11.82 10.9
11.86 10.9
11.83 10.9
11.74 11.0
11.64 11.1
11.50 11.1
11.33 11.2
11.13 11.3
11.00 11.3
10.86 11.3
10.71 11.4
10.48 11.4
10.41 11.4
10.13 11.5
9.87 11.4
9.61 11.4
9.39 11.3
9.40 11.3
9.39 11.2
9.35 11.2
9.27 11.2
9.20 11.2
9.12 11.2
9.16 11.1
9.14 11.1
9.17 11.1
9.18 11.0
9.23 11.0
9.25 10.9
9.29 10.8
9.33 10.8
9.39 10.7
9.48 10.7
9.52 10.6
9.58 10.6
9.66 10.6
9.74 10.6
9.77 10.7
9.80 10.7
9.94 10.7
10.00 10.8
10.04 10.8
10.12 10.8
10.16 10.8
10.24 10.9
10.31 10.9
10.37 10.9
10.43 11.0
10.44 11.0
10.41 11.0
10.35 11.1
10.24 11.2
10.09 11.2
9.87 11.3
9.66 11.4
8.45 11.4
8.24 11.3
8.09 11.3
7.90 11.2
7.82 11.1
7.71 11.0
7.56 11.0
7.54 10.9
7.54 10.9
7.52 10.8
7.53 10.7
7.54 10.6
7.57 10.6
7.62 10.5
7.63 10.4
7.66 10.4
7.66 10.3
7.74 10.3
7.78 10.2
7.80 10.2
7.84 10.2
7.90 10.2
7.92 10.2
8.00 10.2
8.11 10.3
8.16 10.3
8.21 10.3
8.31 10.4
8.40 10.4
8.51 10.4
8.61 10.5
8.66 10.5
8.74 10.5
8.78 10.6
8.82 10.6
8.86 10.6
8.84 10.6
8.75 10.6
8.69 10.7
8.58 10.7
8.48 10.8
8.40 10.8
8.34 10.9
8.27 11.0
8.31 11.0
8.38 11.1
8.40 11.1
8.29 11.2
8.18 11.3
8.08 11.3
7.97 11.3
7.83 11.3
7.73 11.2
7.69 11.2
7.70 11.1
7.79 11.1
7.90 11.1
7.93 11.0
7.88 11.0
7.86 11.0
7.79 11.0
7.74 10.9
7.69 10.9
7.72 10.8
7.75 10.8
7.73 10.7
7.76 10.6
7.78 10.6
7.78 10.5
7.82 10.5
7.85 10.5
7.90 10.5
7.96 10.5
8.04 10.5
8.09 10.5
8.13 10.6
8.20 10.6
8.24 10.6
8.25 10.6
8.31 10.6
8.32 10.6
8.35 10.6
8.34 10.6
8.36 10.6
8.34 10.6
8.23 10.7
8.16 10.8
8.09 10.8
8.00 10.8
7.89 10.9
7.78 11.0
7.69 11.1
7.47 11.1
7.46 11.1
7.33 11.2
7.29 11.2
7.33 11.1
7.20 11.1
7.07 11.1
6.95 11.0
6.96 11.0
6.77 11.0
6.65 10.9
6.65 10.8
6.66 10.8
6.71 10.8
6.70 10.7
6.61 10.7
6.66 10.6
6.62 10.5
6.61 10.4
6.59 10.3
6.65 10.2
6.68 10.2
6.70 10.1
6.79 10.1
6.84 10.1
6.90 10.1
6.95 10.1
7.00 10.1
7.09 10.1
7.16 10.2
7.27 10.2
7.35 10.2
7.43 10.3
7.50 10.3
7.60 10.4
7.69 10.4
7.78 10.4
7.85 10.5
7.93 10.5
7.96 10.6
7.94 10.6
7.89 10.7
7.80 10.7
7.66 10.8
7.52 10.9
7.39 10.9
7.27 10.9
7.18 11.0
7.14 11.0
7.04 11.0
6.95 11.0
6.85 11.0
6.74 11.0
6.63 10.9
6.54 10.9
6.45 10.8
6.37 10.7
6.35 10.7
6.34 10.6
6.29 10.5
6.21 10.4
6.24 10.4
6.24 10.3
6.24 10.3
6.19 10.2
6.24 10.1
6.23 10.1
6.27 10.0
6.29 9.9
6.36 9.8
6.37 9.8
6.46 9.8
6.51 9.7
6.55 9.8
6.60 9.8
6.65 9.8
6.78 9.8
6.85 9.9
6.99 10.0
7.06 10.0
7.18 10.1
7.27 10.1
7.39 10.2
7.48 10.3
7.60 10.3
7.69 10.4
7.79 10.4
7.76 10.4
7.81 10.5
7.74 10.5
7.65 10.5
7.57 10.6
7.48 10.6
7.45 10.6
7.45 10.7
7.52 10.7
7.56 10.8
7.61 10.9
7.61 11.0
7.60 11.0
7.61 11.0
7.55 11.0
7.52 11.1
7.41 11.1
7.27 11.1
7.17 11.0
7.04 11.0
6.97 11.0
6.99 10.9
7.00 10.9
6.99 10.9
6.90 10.8
6.88 10.8
6.84 10.7
6.82 10.6
6.80 10.5
6.80 10.4
6.84 10.3
6.85 10.3
6.86 10.2
6.91 10.2
6.98 10.2
6.99 10.2
7.04 10.2
7.10 10.2
7.18 10.2
7.23 10.2
7.30 10.3
7.39 10.3
7.45 10.3
7.53 10.4
7.65 10.4
7.66 10.4
7.71 10.4
7.75 10.4
7.70 10.4
7.66 10.4
7.58 10.5
7.47 10.5
7.36 10.5
7.26 10.6
7.18 10.6
7.25 10.7
7.31 10.8
7.37 10.8
7.43 10.9
7.38 10.9
7.29 11.0
7.20 11.0
7.15 11.0
7.13 11.0
7.04 11.0
6.95 11.0
6.74 10.9
6.71 10.8
6.60 10.8
6.59 10.8
6.60 10.7
6.60 10.7
6.58 10.7
6.58 10.6
6.58 10.6
6.62 10.5
6.62 10.4
6.62 10.4
6.67 10.3
6.63 10.2
6.69 10.2
6.73 10.2
6.80 10.1
6.87 10.2
6.94 10.2
6.99 10.2
7.05 10.2
7.15 10.3
7.20 10.3
7.31 10.4
7.39 10.4
7.47 10.5
7.54 10.5
7.62 10.5
7.74 10.6
7.80 10.6
7.84 10.6
7.86 10.7
7.84 10.7
7.75 10.8
7.67 10.9
7.49 10.9
7.32 10.9
7.14 11.0
7.00 11.0
6.93 11.0
6.89 11.0
6.85 11.0
6.73 11.0
6.65 10.9
6.50 10.9
6.42 10.8
6.33 10.8
6.30 10.7
6.24 10.6
6.20 10.5
6.18 10.4
6.16 10.4
6.19 10.3
6.13 10.2
6.14 10.2
6.09 10.1
6.10 10.0
6.12 10.0
6.13 9.9
6.18 9.8
6.23 9.8
6.27 9.7
6.32 9.7
6.38 9.7
6.42 9.7
6.47 9.7
6.52 9.7
6.59 9.8
6.67 9.8
6.75 9.9
6.89 9.9
6.96 10.0
7.11 10.0
7.25 10.1
7.36 10.2
7.44 10.2
7.55 10.3
7.62 10.3
7.69 10.4
7.68 10.4
7.61 10.4
7.50 10.5
7.33 10.6
7.19 10.6
7.03 10.6
7.00 10.6
6.93 10.7
6.90 10.7
6.84 10.7
6.78 10.7
6.66 10.7
6.55 10.7
6.45 10.6
6.37 10.6
6.30 10.5
6.25 10.4
6.22 10.4
6.20 10.3
6.17 10.2
6.12 10.2
6.12 10.1
6.11 10.0
6.09 10.0
6.04 9.9
6.03 9.8
6.02 9.8
6.06 9.7
6.12 9.6
6.17 9.6
6.17 9.6
6.23 9.5
6.24 9.5
6.33 9.6
6.41 9.6
6.44 9.6
6.58 9.7
6.70 9.8
6.79 9.8
6.90 9.9
6.99 9.9
7.07 10.0
7.14 10.0
7.21 10.1
7.22 10.1
7.26 10.2
7.30 10.2
7.31 10.2
7.28 10.2
7.22 10.2
7.20 10.3
7.15 10.3
7.16 10.4
7.19 10.5
7.19 10.6
7.20 10.6
7.23 10.7
7.19 10.7
7.14 10.8
7.15 10.8
7.15 10.8
7.18 10.8
7.21 10.8
7.20 10.8
7.17 10.8
7.09 10.8
6.99 10.8
6.96 10.8
6.90 10.8
6.78 10.7
6.68 10.6
6.58 10.6
6.60 10.5
6.60 10.5
6.67 10.5
6.71 10.4
6.74 10.4
6.72 10.3
6.74 10.2
6.76 10.2
6.80 10.1
6.81 10.1
6.85 10.1
6.88 10.1
6.94 10.1
7.02 10.2
7.02 10.2
7.08 10.2
7.16 10.2
7.20 10.3
7.24 10.3
7.30 10.3
7.36 10.4
7.41 10.4
7.46 10.4
7.52 10.4
7.54 10.5
7.51 10.6
7.41 10.6
7.31 10.7
7.16 10.7
7.04 10.7
6.91 10.8
6.83 10.8
6.83 10.8
6.72 10.8
6.66 10.8
6.57 10.8
6.45 10.8
6.35 10.7
6.29 10.6
6.27 10.6
6.23 10.5
6.13 10.4
6.18 10.4
6.13 10.3
6.08 10.2
6.10 10.2
6.05 10.1
6.02 10.0
6.04 9.9
6.02 9.9
6.02 9.8
6.07 9.7
6.11 9.6
6.15 9.6
6.18 9.6
6.20 9.5
6.22 9.5
6.25 9.5
6.44 9.6
6.36 9.6
6.45 9.7
6.54 9.7
6.64 9.8
6.76 9.8
6.84 9.9
6.97 10.0
7.06 10.0
7.19 10.1
7.26 10.2
7.33 10.2
7.40 10.2
7.47 10.3
7.46 10.3
7.37 10.4
7.26 10.4
7.14 10.5
7.02 10.5
6.90 10.5
6.86 10.6
6.83 10.6
6.80 10.7
6.74 10.7
6.66 10.7
6.60 10.7
6.51 10.6
6.44 10.6
6.42 10.6
6.35 10.5
6.36 10.5
6.32 10.4
6.29 10.4
6.32 10.3
6.36 10.3
6.38 10.2
6.35 10.2
6.33 10.1
6.37 10.0
6.33 10.0
6.36 10.0
6.31 10.0
6.36 9.9
6.37 9.8
6.37 9.8
6.45 9.8
6.51 9.8
6.55 9.8
6.64 9.9
6.76 9.9