0.00 1.7
0.00 2.2
0.00 1.0
0.00 1.8
0.00 1.8
0.00 3.1
0.00 0.8
0.00 1.2
0.00 1.2
0.00 0.8
0.00 1.0
0.00 0.8
0.00 0.8
0.00 0.8
0.00 0.9
0.00 0.8
0.00 0.8
0.00 0.8
0.00 0.8
0.00 0.8
0.00 0.9
0.00 1.3
0.00 1.3
0.00 1.4
0.00 1.4
0.00 1.6
0.00 1.4
0.00 1.6
0.00 1.6
0.00 1.5
0.00 1.5
0.00 1.5
0.00 1.6
0.00 1.6
0.00 1.5
0.00 1.5
0.00 1.4
0.00 1.6
0.00 1.6
0.00 1.4
0.00 1.5
0.00 1.6
0.00 1.5
0.00 1.6
0.00 1.7
0.00 1.5
0.00 1.5
0.00 1.4
0.00 1.6
0.00 1.7
0.00 1.4
0.00 1.5
0.00 1.5
0.00 1.8
0.00 1.7
0.00 1.7
0.00 1.7
0.00 1.6
0.00 1.5
0.00 1.7
0.00 1.6
0.00 1.6
0.00 1.8
0.00 1.7
0.00 1.8
0.00 1.8
0.00 1.9
0.00 1.7
0.00 2.1
0.00 2.0
0.00 1.8
0.00 2.0
0.00 2.0
0.00 2.3
0.00 2.1
0.00 2.0
0.00 2.3
0.00 3.0
0.00 2.3
0.00 2.5
0.00 2.6
0.00 2.2
0.00 2.3
0.00 2.4
0.00 2.3
0.00 2.4
0.00 2.4
0.00 2.3
0.00 2.3
0.00 2.3
0.00 2.1
0.00 2.1
0.00 2.2
0.00 2.1
0.00 2.1
0.00 2.1
0.00 2.1
0.00 2.1
0.00 2.1
0.00 2.1
0.00 2.1
0.00 2.0
0.00 2.0
0.00 1.9
0.00 2.0
0.00 2.0
0.00 1.8
0.00 1.8
0.00 1.8
0.00 1.4
0.00 1.5
0.00 1.3
0.00 1.7
0.00 2.0
0.00 2.4
0.00 1.6
0.00 1.9
0.00 1.8
0.00 1.9
0.00 1.9
0.00 2.3
0.00 2.2
0.00 2.3
0.00 2.4
0.00 2.5
0.00 2.3
0.00 2.3
0.00 2.1
0.00 2.2
0.00 2.1
0.00 2.1
0.00 2.2
0.00 2.4
0.00 2.2
0.00 2.3
0.00 2.2
0.00 2.0
0.00 2.0
0.00 2.4
0.00 2.3
0.00 2.2
0.00 2.6
0.00 2.4
0.00 2.8
0.00 2.5
0.00 2.5
0.00 2.7
0.00 2.4
0.00 2.4
0.00 2.5
0.00 2.6
0.00 2.3
0.00 2.2
0.00 2.4
0.00 1.9
0.00 2.5
0.00 2.3
0.00 2.3
0.00 2.3
0.00 2.1
0.00 1.7
0.00 2.1
0.00 2.1
0.00 2.2
0.00 2.2
0.00 2.1
0.00 2.3
0.00 2.0
0.00 2.2
0.00 2.0
0.00 2.4
0.00 2.4
0.00 2.4
0.00 2.7
0.00 2.0
0.00 2.2
0.00 2.7
0.00 2.7
0.00 2.7
0.00 2.6
0.00 2.7
0.00 2.7
0.00 2.6
0.00 2.5
0.00 2.9
0.00 2.3
0.00 2.3
0.00 2.3
0.00 2.6
0.00 2.3
0.00 2.3
0.00 2.3
0.00 2.3
0.00 3.0
0.00 2.3
0.00 2.3
0.00 2.3
0.00 2.2
0.01 2.2
0.00 2.2
0.00 2.2
0.01 2.0
0.00 1.9
0.01 1.7
0.00 1.9
0.00 1.9
0.00 1.8
0.01 1.8
0.01 2.2
0.01 2.1
0.01 1.9
0.01 2.3
0.01 2.1
0.01 2.4
0.01 2.0
0.01 2.1
0.01 2.0
0.01 2.1
0.01 2.0
0.02 2.0
0.01 2.0
0.00 2.1
0.00 2.2
0.01 2.1
0.00 2.1
0.00 2.0
0.00 2.2
0.00 1.9
0.00 2.1
0.00 2.1
0.00 2.0
0.00 2.2
0.00 2.2
0.00 2.2
0.01 2.1
0.00 2.2
0.01 2.1
0.00 2.4
0.00 2.2
0.00 2.1
0.00 2.1
0.00 2.1
0.00 2.3
0.00 2.2
0.00 1.8
0.00 1.8
0.00 1.8
0.00 2.2
0.00 1.8
0.00 1.6
0.00 1.9
0.00 1.5
0.00 2.2
0.00 1.6
0.00 1.9
0.00 2.1
0.00 2.2
0.00 2.1
0.00 1.3
0.00 2.0
0.00 1.6
0.00 1.7
0.00 1.5
0.00 2.0
0.00 1.7
0.00 1.9
0.00 1.6
0.00 2.1
0.00 2.5
0.00 2.9
0.00 2.0
0.00 2.1
0.00 2.4
0.00 2.3
0.00 2.6
0.00 2.3
0.00 1.8
0.00 2.5
0.00 2.4
0.00 1.9
0.00 2.9
0.00 3.0
0.00 2.9
0.00 2.9
0.00 2.9
0.00 2.9
0.00 2.8
0.00 2.9
0.00 2.9
0.00 2.9
0.00 2.8
0.00 2.9
0.00 2.9
0.00 2.6
0.00 2.7
0.00 2.8
0.00 2.8
0.00 2.8
0.00 2.7
0.00 2.7
0.00 2.7
0.00 2.6
0.00 2.6
0.00 2.7
0.00 2.6
0.00 2.5
0.00 2.5
0.00 2.2
0.00 1.9
0.00 2.1
0.00 2.3
0.00 2.4
0.00 2.2
0.00 2.0
0.00 2.5
0.00 2.1
0.00 2.1
0.00 2.0
0.00 2.3
0.00 2.0
0.00 1.9
0.00 3.1
0.00 2.2
0.00 2.1
0.00 2.1
0.00 2.2
0.00 2.2
0.00 2.5
0.00 2.7
0.00 2.8
0.00 2.2
0.00 2.9
0.00 2.3
0.00 2.9
0.00 2.6
0.00 1.9
0.00 2.3
0.00 2.5
0.00 2.0
0.00 2.1
0.00 1.8
0.00 1.9
0.00 2.2
0.00 2.0
0.00 2.3
0.00 2.1
0.00 2.0
0.00 1.9
0.00 1.9
0.00 2.1
0.00 2.1
0.00 1.9
0.00 2.0
0.00 2.0
0.00 2.4
0.00 1.8
0.00 1.7
0.00 1.8
0.00 1.8
0.00 2.1
0.00 2.3
0.00 2.3
0.00 2.1
0.00 2.5
0.00 2.1
0.00 2.5
0.00 2.5
0.00 2.4
0.00 2.6
0.00 2.8
0.00 3.0
0.00 2.7
0.00 2.7
0.00 2.7
0.00 2.6
0.00 2.7
0.00 2.6
0.00 2.7
0.00 2.8
0.00 2.7
0.00 2.7
0.00 2.7
0.00 2.7
0.00 2.7
0.00 2.6
0.00 2.7
0.00 2.6
0.00 2.7
0.00 2.6
0.00 2.5
0.00 2.6
0.00 2.7
0.00 2.6
0.00 2.5
0.00 2.5
0.00 2.5
0.00 2.6
0.00 2.3
0.00 2.3
0.00 2.4
0.00 2.3
0.00 2.2
0.00 2.3
0.00 2.3
0.00 2.0
0.00 2.3
0.00 2.1
0.00 2.0
0.00 2.2
0.00 2.2
0.00 2.2
0.00 2.3
0.00 2.3
0.00 2.4
0.00 2.3
0.00 2.5
0.00 2.3
0.00 2.6
0.00 2.4
0.00 2.4
0.00 2.7
0.00 2.5
0.00 2.0
0.00 2.1
0.00 2.3
0.00 2.0
0.00 2.3
0.00 2.2
0.00 2.2
0.00 2.1
0.00 2.4
0.00 2.1
0.00 2.1
0.00 1.9
0.00 2.4
0.00 2.2
0.00 2.3
0.00 2.7
0.00 2.2
0.00 1.8
0.00 2.1
0.00 1.7
0.00 1.9
0.00 1.8
0.00 1.9
0.00 1.5
0.00 1.7
0.00 2.1
0.00 1.6
0.00 1.7
0.00 1.8
0.00 1.9
0.00 1.9
0.00 1.6
0.00 1.8
0.00 1.4
0.00 1.9
0.00 1.4
0.00 1.8
0.00 1.6
0.00 1.7
0.00 1.7
0.00 1.9
0.00 1.5
0.00 2.1
0.00 2.0
0.00 2.0
0.00 2.1
0.00 2.1
0.00 2.2
0.00 2.2
0.00 2.0
0.00 2.0
0.00 2.0
0.00 2.0
0.00 2.0
0.00 2.1
0.00 2.0
0.00 2.0
0.00 2.0
0.00 2.0
0.00 2.1
0.00 2.0
0.00 1.9
0.00 2.0
0.00 2.0
0.00 2.1
0.00 2.1
0.00 2.0
0.00 2.0
0.00 1.9
0.00 2.0
0.00 2.0
0.00 2.0
0.00 2.0
0.00 1.9
0.00 1.9
0.00 1.9
0.00 1.9
0.00 1.7
0.00 1.9
0.00 1.5
0.00 1.9
0.00 1.8
0.00 2.0
0.00 2.2
0.00 1.6
0.00 1.6
0.00 1.5
0.00 1.6
0.00 1.7
0.00 1.8
0.00 2.5
0.00 1.7
0.00 1.5
0.00 1.5
0.00 1.5
0.00 1.5
0.00 1.5
0.00 1.6
0.00 1.8
0.00 1.6
0.00 1.6
0.00 1.8
0.00 1.8
0.00 1.7
0.00 1.7
0.00 1.8
0.00 1.8
0.00 1.5
0.00 1.6
0.00 1.7
0.00 1.7
0.00 1.7
0.00 1.5
0.00 1.5
0.00 1.7
0.00 2.3
0.00 2.4
0.00 2.0
0.00 1.9
0.00 1.7
0.00 1.8
0.00 2.0
0.00 1.7
0.00 1.8
0.00 1.7
0.00 2.0
0.00 1.5
0.00 1.8
0.00 1.8
0.00 1.7
0.00 1.9
0.00 1.8
0.00 1.7
0.00 1.6
0.00 1.5
0.00 1.6
0.00 1.5
0.00 1.7
0.00 1.8
0.00 1.8
0.00 1.8
0.00 1.7
0.00 1.7
0.00 1.7
0.00 1.7
0.00 1.7
0.00 1.7
0.00 1.7
0.00 1.7
0.00 1.7
0.00 1.7
0.00 1.6
0.00 1.7
0.00 1.7
0.00 1.6
0.00 1.6
0.00 1.6
0.00 1.7
0.00 1.6
0.00 1.7
0.00 1.6
0.00 1.6
0.00 1.5
0.00 1.6
0.00 1.6
0.00 1.5
0.00 1.5
0.00 1.5
0.00 1.5
0.00 1.5
0.00 1.6
0.00 1.5
0.00 1.5
0.00 1.6
0.00 1.3
0.00 1.6
0.00 1.6
0.00 1.7
0.00 1.6
0.00 1.6
0.00 1.6
0.00 1.6
0.00 1.6
0.00 1.6
0.00 1.6
0.00 1.6
0.00 1.3
0.00 1.5
0.00 1.5
0.00 1.6
0.00 1.5
0.00 1.6
0.00 1.7
0.00 1.6
0.00 1.6
0.00 1.5
0.00 1.7
0.00 1.8
0.00 1.6
0.00 1.6
0.00 1.6
0.00 1.7
0.00 1.5
0.00 1.4
0.00 1.6
0.00 1.8
0.00 1.7
0.00 1.5
0.00 1.6
0.00 1.4
0.00 1.5
0.00 1.5
0.00 1.6
0.00 1.5
0.00 1.5
0.00 1.3
0.00 1.5
0.00 1.7
0.00 1.7
0.00 1.5
0.00 1.7
0.00 1.7
0.00 1.8
0.00 1.8
0.00 1.6
0.00 1.8
0.00 1.8
0.00 1.9
0.00 1.8
0.00 1.9
0.00 2.0
0.00 1.8
0.00 1.5
0.00 2.0
0.00 2.2
0.00 2.2
0.00 2.3
0.00 2.3
0.00 2.1
0.00 2.2
0.00 2.1
0.00 2.1
0.00 2.1
0.00 2.1
0.00 2.1
0.00 2.2
0.00 2.2
0.00 2.2
0.00 2.2
0.00 2.1
0.00 2.0
0.00 2.1
0.00 2.2
0.00 2.0
0.00 2.1
0.00 2.0
0.00 2.0
0.00 2.1
0.00 2.1
0.00 2.1
0.00 2.0
0.00 2.0
0.00 2.0
0.00 2.0
0.00 2.0
0.00 1.9
0.00 1.9
0.00 1.8
0.00 2.0
0.00 1.9
0.00 1.8
0.00 1.8
0.00 1.8
0.00 1.8
0.00 1.9
0.00 1.7
0.00 1.6
0.00 1.5
0.00 1.5
0.00 1.6
0.00 1.6
0.00 1.5
0.00 1.7
0.00 1.4
0.00 1.6
0.00 1.6
0.00 1.4
0.00 1.5
0.00 1.5
0.00 1.5
0.00 1.3
0.00 1.2
0.00 1.3
0.00 1.5
0.00 1.3
0.00 1.3
0.00 1.2
0.00 1.2
0.00 1.2
0.00 1.2
0.00 1.3
0.00 1.2
0.00 1.2
0.00 1.3
0.00 1.3
0.00 1.3
0.00 1.3
0.00 1.3
0.00 1.1
0.00 1.3
0.00 1.4
0.00 1.3
0.00 1.3
0.00 1.4
0.00 1.0
0.00 1.1
0.00 1.4
0.00 1.3
0.00 1.4
0.00 1.2
0.00 1.2
0.00 1.3
0.00 1.3
0.00 1.5
0.00 1.4
0.00 1.3
0.00 1.3
0.00 1.6
0.00 1.5
0.00 1.1
0.00 1.6
0.00 1.6
0.00 1.7
0.00 1.6
0.00 1.5
0.00 1.6
0.00 1.6
0.00 1.7
0.00 1.6
0.00 1.6
0.00 1.5
0.00 1.5
0.00 1.4
0.00 1.5
0.00 1.4
0.00 1.4
0.00 1.4
0.00 1.4
0.00 1.5
0.00 1.5
0.00 1.5
0.00 1.5
0.00 1.5
0.00 1.6
0.00 1.5
0.00 1.5
0.00 1.5
0.00 1.4
0.00 1.4
0.00 1.4
0.00 1.3
0.00 1.3
0.00 1.3
0.00 1.2
0.00 1.2
0.00 1.1
0.00 1.3
0.00 1.4
0.00 1.4
0.00 1.4
0.00 1.5
0.00 1.6
0.00 1.6
0.00 1.4
0.00 1.6
0.00 1.5
0.00 1.7
0.00 1.3
0.00 1.6
0.00 1.5
0.00 1.5
0.00 1.6
0.00 1.6
0.00 1.7
0.00 1.5
0.00 1.6
0.00 1.7
0.00 1.7
0.00 1.4
0.00 1.7
0.00 1.8
0.00 2.0
0.00 1.8
0.00 1.8
0.00 1.9
0.00 1.9
0.00 1.9
0.00 1.8
0.00 1.8
0.00 1.7
0.00 1.8
0.00 1.7
0.00 1.8
0.00 1.8
0.00 1.7
0.00 2.0
0.00 1.8
0.00 1.7
0.00 1.7
0.00 1.8
0.00 1.9
0.00 1.8
0.00 1.8
0.00 1.8
0.00 1.8
0.00 1.7
0.00 1.7
0.00 1.5
0.00 1.3
0.00 1.3
0.00 1.4
0.00 1.3
0.00 1.3
0.00 1.3
0.00 1.4
0.00 1.3
0.00 1.4
0.00 1.2
0.00 1.4
0.00 1.4
0.00 1.3
0.00 1.4
0.00 1.3
0.00 1.4
0.00 1.3
0.00 1.3
0.00 1.4
0.00 1.4
0.00 1.4
0.00 1.2
0.00 1.2
0.00 1.3
0.00 1.4
0.00 1.4
0.00 1.4
0.00 1.4
0.00 1.4
0.00 1.4
0.00 1.4
0.00 1.3
0.00 1.3
0.00 1.3
0.00 1.3
0.00 1.3
0.00 1.3
0.00 1.5
0.00 1.3
0.00 1.2
0.00 1.3
0.00 1.2
0.00 1.1
0.00 1.1
0.00 1.1
0.00 1.3
0.00 1.1
0.00 1.2
0.00 1.3
0.00 1.2
0.00 1.3
0.00 1.2
0.00 1.2
0.00 1.3
0.00 1.4
0.00 1.3
0.00 1.4
0.00 1.4
0.00 1.3
0.00 1.2
0.00 1.3
0.00 1.3
0.00 1.3
0.00 1.3
0.00 1.3
0.00 1.2
0.00 1.2
0.00 1.2
0.00 1.4
0.00 1.3
0.00 1.3
0.00 1.3
0.00 1.3
0.00 1.2
0.00 1.3
0.00 1.3
0.00 1.3
0.00 1.3
0.00 1.3
0.00 1.2
0.00 1.2
0.00 1.2
0.00 1.3
0.00 1.3
0.00 1.3
0.00 1.2
0.00 1.3
0.00 1.2
0.00 1.4
0.00 1.5
0.00 1.2
0.00 1.2
0.00 1.2
0.00 1.3
0.00 1.2
0.00 1.4
0.00 1.2
0.00 1.1
0.00 1.3
0.00 1.4
0.00 1.3
0.00 1.3
0.00 1.2
0.00 1.4
0.00 1.3
0.00 1.3
0.00 1.4
0.00 1.1
0.00 1.4
0.00 1.3
0.00 1.4
0.00 1.3
0.00 1.2
0.00 1.4
0.00 1.4
0.00 1.3
0.00 1.3
0.00 1.4
0.00 1.4
0.00 1.4
0.00 1.5
0.00 1.5
0.00 1.6
0.00 1.6
0.00 1.5
0.00 1.5
0.00 1.5
0.00 1.5
0.00 1.5
0.00 1.6
0.00 1.5
0.00 1.4
0.00 1.4
0.00 1.4
0.00 1.4
0.00 1.4
0.00 1.3
0.00 1.3
0.00 1.3
0.00 1.3
0.00 1.2
0.00 1.2
0.00 1.3
0.00 1.3
0.00 1.3
0.00 1.3
0.00 1.3
0.00 1.1
0.00 1.4
0.00 1.3
0.00 1.3
0.00 1.2
0.00 1.1
0.00 1.4
0.00 1.3
0.00 1.1
0.00 1.4
0.00 1.2
0.00 1.1
0.00 1.3
0.00 1.1
0.00 1.2
0.00 1.4
0.00 1.3
0.00 1.2
0.00 1.4
0.00 1.4
0.00 1.4
0.00 1.4
0.00 1.3
0.00 1.4
0.00 1.4
0.00 1.4
0.00 1.4
0.00 1.3
0.00 1.3
0.00 1.4
0.00 1.3
0.00 1.3
0.00 1.3
0.00 1.3
0.00 1.4
0.00 1.3
0.00 1.3
0.00 1.3
0.00 1.3
0.00 1.3
0.00 1.3
0.00 1.2
0.00 1.1
0.00 1.2
0.00 1.3
0.00 1.3
0.00 1.2
0.00 1.2
0.00 1.3
0.00 1.4
0.00 1.5
0.00 1.4
0.00 1.2
0.00 1.3
0.00 1.0
0.00 1.4
0.00 1.2
0.00 1.2
0.00 1.0
0.00 1.1
0.00 1.1
0.02 0.9
0.04 1.2
0.01 1.1
0.01 1.0
0.00 1.0
0.01 1.0
0.00 1.2
0.00 1.1
0.00 1.2
0.00 1.3
0.00 1.3
0.01 1.4
0.00 1.5
0.00 1.3
0.00 1.3
0.00 1.2
0.00 1.2
0.00 1.2
0.00 1.3
0.00 1.3
0.00 1.3
0.01 1.3
0.00 1.2
0.00 1.2
0.00 1.2
0.00 1.2
0.00 1.2
0.00 1.2
0.00 1.2
0.00 1.0
0.00 1.0
0.00 1.1
0.00 1.1
0.00 1.1
0.00 1.0
0.00 1.0
0.00 1.0
0.00 1.1
0.00 1.3
0.00 1.0
0.00 1.2
0.00 1.1
0.00 1.2
0.00 1.2
0.00 1.1
0.00 1.2
0.02 1.1
0.00 1.2
0.00 1.2
0.01 1.3
0.00 1.2
0.01 1.2
0.01 1.2
0.00 1.2
0.12 1.2
0.00 1.3
0.00 1.1
0.01 1.3
0.00 1.2
0.00 1.4
0.02 1.1
0.00 1.0
0.00 1.1
0.01 1.1
0.00 1.1
0.00 1.0
0.04 1.1
0.00 1.1
0.02 1.1
0.01 1.1
0.00 1.1
0.00 1.1
0.00 1.1
0.01 1.1
0.01 1.1
0.01 1.1
0.01 1.0
0.00 1.1
0.00 1.0
0.00 1.0
0.00 1.1
0.00 0.9
0.00 0.9
0.03 0.9
0.01 1.0
0.00 1.0
0.00 0.9
0.00 1.0
0.00 1.0
0.00 1.0
0.00 0.9
0.00 1.0
0.00 0.8
0.00 0.9
0.00 0.8
0.01 0.9
0.01 1.0
0.00 0.9
0.01 0.8
0.00 0.9
0.00 1.0
0.00 1.3
0.00 1.1
0.00 1.2
0.00 0.8
0.00 0.9
0.02 0.9
0.01 0.9
0.02 0.9
0.00 0.9
0.00 0.9
0.00 0.9
0.00 0.9
0.00 1.0
0.00 0.9
0.00 0.9
0.00 0.9
0.00 0.9
0.00 0.9
0.00 0.8
0.00 0.8
0.00 0.8
0.00 0.8
0.00 0.8
0.00 0.8
0.00 0.8
0.00 0.7
0.00 0.8
0.00 0.8
0.00 0.8
0.00 0.8
0.00 0.8
0.00 0.9
0.00 0.9
0.00 0.8
0.00 0.9
0.00 0.9
0.00 0.8
0.00 0.8
0.00 0.8
0.00 0.8
0.00 0.8
0.00 0.8
0.00 0.8
0.01 0.9
0.00 0.9
0.00 0.9
0.01 0.9
0.00 0.9
0.00 1.0
0.00 1.0
0.00 1.0
0.00 1.0
0.00 1.0
0.00 0.9
0.00 0.9
0.00 0.8
0.00 0.8
0.00 0.8
0.00 0.8
0.00 0.8
0.00 0.8
0.00 0.8
0.00 0.8
0.00 0.8
0.00 0.8
0.00 0.8
0.00 0.8
0.00 0.8
0.00 0.8
0.00 0.8
0.00 0.8
0.00 0.7
0.01 0.8
0.04 0.8
0.01 0.7
0.00 0.7
0.00 0.7
0.00 0.8
0.00 0.8
0.00 0.8
0.00 0.9
0.00 0.9
0.00 0.9
0.00 0.8
0.00 0.9
0.00 0.8
0.00 0.8
0.00 0.7
0.00 0.8
0.00 0.8
0.00 0.8
0.00 0.9
0.00 0.9
0.00 0.8
0.00 0.7
0.00 0.9
0.00 0.9
0.00 0.9
0.00 0.7
0.00 0.9
0.00 1.0
0.00 0.9
0.00 1.0
0.00 1.0
0.00 0.9
0.00 0.9
0.00 0.9
0.00 1.0
0.00 0.9
0.00 0.9
0.00 0.9
0.00 0.9
0.00 0.9
0.00 0.9
0.00 0.9
0.00 0.9
0.00 0.9
0.00 0.9
0.00 0.8
0.00 0.9
0.00 0.8
0.00 0.9
0.00 0.7
0.00 0.8
0.00 0.7
0.00 0.9
0.00 0.8
0.00 1.0
0.00 0.8
0.00 1.0
0.01 0.9
0.00 1.0
0.00 0.9
0.00 0.9
0.00 0.9
0.00 0.8
0.00 0.8
0.00 0.7
0.00 0.8
0.00 0.7
0.00 1.0
0.00 1.0
0.00 0.8
0.00 1.0
0.00 1.0
0.00 0.9
0.00 0.9
0.00 1.1
0.00 0.8
0.00 0.6
0.00 1.1
0.00 0.8
0.00 1.0
0.00 0.8
0.00 0.8
0.00 1.0
0.00 1.1
0.00 1.1
0.00 1.2
0.00 0.9
0.00 1.4
0.00 1.1
0.00 1.0
0.00 1.0
0.00 1.1
0.00 1.3
0.00 1.3
0.00 0.9
0.00 1.1
0.00 1.2
0.00 1.2
0.00 1.1
0.00 1.3
0.00 1.2
0.00 1.0
0.00 1.3
0.00 1.2
0.00 1.0
0.00 1.2
0.00 1.1
0.00 1.2
0.00 1.1
0.00 1.1
0.00 1.2
0.00 1.3
0.00 1.2
0.00 1.1
0.00 1.1
0.00 1.1
0.00 1.1
0.00 1.0
0.00 1.0
0.00 1.2
0.00 1.0
0.00 1.1
0.00 0.9
0.00 1.0
0.00 1.1
0.00 2.4
0.00 1.1
0.00 1.0
0.00 1.0
0.00 1.0
0.00 0.9
0.00 1.1
0.00 1.1
0.00 0.9
0.00 1.0
0.00 1.0
0.00 0.9
0.00 1.0
0.00 1.0
0.00 1.4
0.00 1.4
0.00 1.3
0.00 1.2
0.00 1.0
0.00 1.0
0.00 0.9
0.00 1.0
0.00 1.3
0.00 1.1
0.00 1.1
0.00 1.0
0.00 1.4
0.00 1.0
0.00 1.2
0.00 1.1
0.00 1.0
0.00 1.2
0.00 1.3
0.00 1.0
0.00 1.0
0.00 1.2
0.00 1.2
0.00 1.0
0.00 1.0
0.00 0.9
0.00 1.1
0.00 1.0
0.00 1.1
0.00 1.1
0.00 1.3
0.00 1.0
0.00 1.1
0.00 1.1
0.00 0.9
0.00 1.0
0.00 0.9
0.00 0.9
0.00 0.9
0.00 0.9
0.00 0.8
0.00 0.9
0.00 1.1
0.00 1.0
0.00 1.0
0.00 1.0
0.00 0.9
0.00 0.9
0.00 0.9
0.00 1.1
0.00 1.0
0.00 1.2
0.00 0.9
0.00 1.0
0.00 1.1
0.00 1.1
0.00 0.9
0.00 0.9
0.00 0.9
0.00 0.9
0.00 0.9
0.01 1.0
0.00 0.8
0.01 1.1
0.00 1.0
0.00 0.8
0.00 1.0
0.01 1.0
0.00 1.0
0.00 1.0
0.00 1.0
0.00 0.8
0.00 0.7
0.00 0.9
0.00 0.7
0.00 0.8
0.00 0.8
0.00 0.8
0.00 0.8
0.00 0.7
0.00 0.8
0.00 0.8
0.00 1.0
0.00 0.9
0.00 0.8
0.00 0.8
0.00 0.8
0.00 2.0
0.00 1.2
0.00 1.0
0.00 0.9
0.00 0.9
0.00 0.8
0.00 0.8
0.00 0.8
0.00 0.8
0.00 0.9
0.00 0.8
0.00 0.8
0.00 0.8
0.00 0.8
0.00 0.9
0.00 0.7
0.00 0.8
0.00 0.7
0.00 0.7
0.00 0.6
0.00 0.7
0.00 0.7
0.00 0.7
0.00 0.6
0.00 0.7
0.00 0.6
0.00 0.7
0.00 0.7
0.00 0.7
0.00 0.7
0.00 0.8
0.00 0.8
0.00 0.8
0.00 0.8
0.00 0.8
0.00 0.9
0.00 0.9
0.00 0.7
0.00 0.9
0.00 0.8
0.00 0.7
0.00 0.8
0.00 0.6
0.00 0.7
0.00 0.8
0.00 1.0
0.00 0.8
0.00 0.9
0.00 1.0
0.00 1.1
0.00 0.8
0.00 1.0
0.00 0.8
0.00 1.0
0.00 0.8
0.00 0.9
0.00 0.8
0.00 1.1
0.00 1.2
0.00 1.0
0.00 1.1
0.00 0.9
0.00 1.0
0.00 1.1
0.00 0.8
0.00 0.9
0.00 0.8
0.00 0.8
0.00 0.9
0.00 0.8
0.00 0.9
0.00 1.0
0.00 1.3
0.00 0.9
0.00 1.0
0.00 1.0
0.00 1.1
0.00 0.9
0.00 1.0
0.00 0.9
0.00 1.0
0.00 0.8
0.00 1.0
0.00 0.9
0.00 0.9
0.02 0.9
0.01 1.1
0.02 1.2
0.00 0.8
0.01 1.0
0.01 1.0
0.00 0.8
0.00 1.5
0.01 0.9
0.00 0.8
0.00 0.7
0.00 0.9
0.00 0.8
0.00 0.8
0.00 1.1
0.00 0.8
0.00 0.8
0.00 0.9
0.01 1.0
0.00 0.7
0.00 0.9
0.00 0.8
0.03 0.8
0.00 1.0
0.00 1.0
0.00 0.8
0.00 0.9
0.00 1.0
0.00 0.9
0.01 1.0
0.00 0.9
0.00 0.9
0.00 1.0
0.00 1.1
0.02 0.8
0.00 0.9
0.00 0.7
0.01 0.8
0.00 0.6
0.00 0.7
0.00 0.9
0.00 0.7
0.01 1.0
0.00 0.7
0.00 0.8
0.00 1.0
0.04 1.0
0.00 0.8
0.00 0.9
0.00 0.7
0.00 0.7
0.00 0.7
0.00 0.7
0.00 0.6
0.00 0.7
0.00 0.8
0.00 0.7
0.00 1.0
0.00 0.8
0.00 0.7
0.00 0.9
0.00 1.0
0.00 0.8
0.00 0.8
0.01 0.8
0.03 0.8
0.00 0.7
0.00 0.8
0.00 0.7
0.00 0.7
0.01 0.6
0.00 0.7
0.00 0.6
0.00 0.7
0.00 0.6
0.00 0.6
0.00 0.8
0.00 0.7
0.00 0.7
0.00 0.7
0.00 0.7
0.00 0.8
0.00 0.7
0.00 0.7
0.00 0.6
0.00 0.6
0.00 0.6
0.00 0.5
0.00 0.5
0.00 0.6
0.00 0.6
0.00 0.5
0.00 0.6
0.00 0.4
0.00 0.3
0.00 0.4
0.00 0.6
0.00 0.5
0.00 0.6
0.00 0.5
0.00 0.5
0.00 0.5
0.00 0.6
0.00 0.6
0.00 0.5
0.00 0.7
0.00 0.5
0.00 0.4
0.00 0.5
0.00 0.4
0.00 0.6
0.00 0.6
0.00 0.7
0.00 0.6
0.00 0.7
0.00 0.5
0.00 0.6
0.01 0.8
0.00 0.7
0.00 0.6
0.00 0.6
0.00 0.7
0.00 0.6
0.00 0.5
0.00 0.6
0.00 0.7
0.00 0.8
0.00 0.7
0.00 0.7
0.00 0.6
0.00 0.7
0.00 0.7
0.00 0.7
0.00 0.7
0.00 0.7
0.00 0.8
0.00 0.7
0.00 0.9
0.00 0.8
0.00 0.7
0.00 0.6
0.00 0.7
0.00 0.7
0.00 0.7
0.00 0.6
0.00 0.7
0.00 0.6
0.00 0.9
0.00 0.7
0.00 0.7
0.00 0.6
0.00 0.7
0.00 0.8
0.00 0.7
0.00 0.7
0.00 0.7
0.00 0.8
0.00 0.9
0.00 1.0
0.00 0.8
0.00 1.0
0.00 0.8
0.00 1.0
0.00 1.0
0.00 0.9
0.00 0.8
0.00 0.8
0.00 0.7
0.00 0.8
0.00 0.7
0.00 0.9
0.00 1.0
0.00 0.8
0.00 1.1
0.00 0.7
0.00 0.9
0.00 0.8
0.00 1.0
0.00 0.9
0.00 1.0
0.00 1.0
0.00 0.8
0.00 1.0
0.00 0.8
0.00 1.0
0.00 0.8
0.00 0.9
0.00 0.9
0.00 0.7
0.00 0.8
0.00 0.9
0.00 0.7
0.00 0.8
0.00 0.7
0.00 0.8
0.00 0.7
0.00 0.6
0.00 0.8
0.00 0.8
0.00 0.8
0.00 0.7
0.00 0.9
0.00 0.7
0.00 0.7
0.00 0.7
0.00 0.7
0.00 0.7
0.01 0.7
0.00 0.7
0.00 0.7
0.00 1.1
0.01 0.8
0.01 0.8
0.01 0.7
0.00 0.7
0.00 0.7
0.00 0.9
0.00 0.7
0.00 0.8
0.01 0.7
0.02 0.9
0.02 0.9
0.03 0.7
0.01 0.8
0.00 0.9
0.00 0.8
0.00 0.8
0.00 0.9
0.00 0.6
0.00 0.8
0.00 0.7
0.00 0.6
0.00 0.6
0.00 0.6
0.00 1.0
0.00 0.8
0.00 0.7
0.00 0.7
0.00 0.8
0.00 0.8
0.00 0.8
0.00 0.7
0.00 0.9
0.00 0.6
0.00 0.7
0.00 0.8
0.00 0.7
0.00 0.8
0.00 0.7
0.00 0.8
0.00 0.8
0.00 0.8
0.00 0.9
0.00 0.8
0.00 0.7
0.00 0.9
0.00 0.6
0.00 0.7
0.00 0.9
0.00 0.9
0.00 0.8
0.00 0.8
0.00 0.9
0.00 0.8
0.00 0.7
0.00 0.9
0.00 0.7
0.00 0.8
0.00 0.9
0.00 0.7
0.00 0.8
0.00 0.7
0.00 0.9
0.00 0.9
0.00 0.8
0.00 0.7
0.00 0.9
0.00 0.8
0.00 0.9
0.00 1.0
0.00 0.9
0.00 0.6
0.00 0.7
0.00 0.7
0.00 0.7
0.00 0.7
0.00 0.6
0.00 0.7
0.00 0.8
0.00 0.6
0.00 0.6
0.00 0.7
0.01 0.6
0.00 0.7
0.01 0.8
0.00 0.6
0.00 0.7
0.00 0.5
0.01 0.6
0.00 0.7
0.01 0.5
0.01 0.5
0.00 0.7
0.00 0.6
0.00 0.5
0.01 0.6
0.04 0.7
0.02 0.5
0.00 0.7
0.00 0.4
0.00 0.5
0.00 0.5
0.01 0.4
0.00 0.5
0.00 0.6
0.00 0.6
0.00 0.5
0.00 0.5
0.00 0.6
0.00 0.6
0.00 0.5
0.00 0.5
0.00 0.7
0.00 0.6
0.00 0.5
0.00 0.5
0.00 0.5
0.00 0.4
0.00 0.5
0.00 0.3
0.00 0.3
0.00 0.5
0.00 0.3
0.00 0.4
0.00 0.5
0.00 0.3
0.00 0.4
0.00 0.3
0.00 0.4
0.00 0.2
0.00 0.2
0.00 0.3
0.00 0.4
0.00 0.3
0.00 0.3
0.00 0.3
0.00 0.5
0.00 0.3
0.00 0.4
0.00 0.5
0.00 0.6
0.00 0.6
0.00 0.4
0.00 0.5
0.00 0.6
0.00 0.5
0.00 0.6
0.00 0.5
0.00 0.8
0.00 0.7
0.00 0.7
0.00 0.5
0.00 0.8
0.00 0.6
0.00 0.8
0.00 0.7
0.00 0.9
0.00 0.8
0.00 0.8
0.00 0.8
0.00 0.9
0.00 0.9
0.00 1.0
0.00 0.8
0.00 1.0
0.00 1.0
0.00 0.7
0.00 1.0
0.00 0.8
0.00 0.8
0.00 0.6
0.00 0.8
0.00 0.9
0.00 0.9
0.00 0.7
0.00 0.7
0.00 0.8
0.00 0.7
0.00 0.7
0.00 0.7
0.00 0.6
0.00 0.7
0.00 0.5
0.00 0.6
0.00 0.9
0.00 0.8
0.00 0.6
0.00 0.7
0.00 0.6
0.00 0.8
0.00 0.7
0.00 0.8
0.00 0.8
0.00 0.7
0.00 0.6
0.00 0.6
0.00 0.7
0.00 0.7
0.00 0.9
0.00 1.0
0.00 0.7
0.00 0.9
0.00 0.8
0.00 0.8
0.00 0.9
0.00 0.9
0.00 0.8
0.00 0.9
0.00 1.0
0.00 0.8
0.00 0.7
0.00 0.7
0.00 0.8
0.00 0.8
0.00 0.7
0.00 0.7
0.00 0.6
0.00 0.6
0.00 0.8
0.00 0.6
0.00 0.5
0.00 0.6
0.00 0.5
0.00 0.7
0.00 0.7
0.00 0.6
0.00 0.6
0.00 0.7
0.00 0.6
0.00 0.6
0.00 0.5
0.00 0.6
0.00 0.8
0.00 0.7
0.00 0.9
0.00 0.7
0.00 0.9
0.00 0.7
0.00 0.6
0.00 0.7
0.00 0.6
0.00 0.7
0.00 0.7
0.00 0.7
0.00 0.6
0.00 0.7
0.00 0.6
0.00 0.8
0.00 0.9
0.00 0.7
0.00 0.8
0.00 0.7
0.00 0.7
0.00 0.7
0.00 0.7
0.00 0.7
0.00 0.7
0.00 0.6
0.00 0.5
0.00 0.8
0.00 0.5
0.00 0.5
0.00 0.6
0.00 0.5
0.00 0.5
0.00 0.5
0.00 0.5
0.00 0.7
0.00 0.6
0.00 0.7
0.00 0.4
0.00 0.5
0.00 0.6
0.00 0.4
0.00 0.5
0.00 0.8
0.00 0.7
0.00 0.5
0.00 0.4
0.00 0.6
0.00 0.5
0.00 0.6
0.00 0.4
0.00 0.5
0.00 0.6
0.00 0.5
0.00 0.3
0.00 0.4
0.00 0.4
0.00 0.3
0.00 0.6
0.00 0.3
0.00 0.4
0.00 0.4
0.00 0.5
0.00 0.4
0.00 0.3
0.00 0.4
0.00 0.4
0.01 0.3
0.01 0.4
0.00 0.3
0.00 0.4
0.00 0.3
0.00 0.4
0.00 0.3
0.00 0.4
0.00 0.3
0.00 0.3
0.00 0.3
0.00 0.4
0.00 0.4
0.00 0.3
0.00 0.3
0.00 0.4
0.00 0.3
0.00 1.1
0.00 0.3
0.00 0.2
0.00 0.4
0.00 0.3
0.00 0.4
0.00 0.2
0.00 0.2
0.00 0.2
0.00 0.3
0.00 0.3
0.00 0.4
0.00 0.6
0.00 0.4
0.00 0.5
0.00 0.4
0.00 0.4
0.00 0.4
0.00 0.6
0.00 0.6
0.00 0.5
0.00 0.5
0.00 0.5
0.00 0.6
0.00 0.6
0.00 0.4
0.00 0.5
0.00 0.4
0.00 0.5
0.00 0.6
0.00 0.5
0.00 0.6
0.00 0.5
0.00 0.4
0.00 0.6
0.00 0.4
0.00 0.4
0.00 0.6
0.00 0.6
0.00 0.5
0.00 0.5
0.00 0.5
0.00 0.4
0.00 0.4
0.00 0.5
0.00 0.4
0.00 0.3
0.00 0.3
0.00 0.2
0.00 0.3
0.00 0.2
0.00 0.2
0.00 0.6
0.00 0.2
0.00 0.3
0.00 0.2
0.00 0.3
0.00 0.2
0.00 0.3
0.00 0.2
0.00 0.2
0.00 0.2
0.00 0.4
0.00 0.3
0.00 0.2
0.00 0.2
0.00 0.1
0.00 0.1
0.00 0.0
0.00 0.1
0.00 0.0
0.00 0.0
0.00 0.0
0.00 0.0
0.00 0.0
0.00 0.0
0.00 0.0
0.00 0.0
0.00 0.0
0.00 0.0
0.00 0.0
0.00 0.0
0.00 0.1
0.00 0.0
0.00 0.0
0.00 0.0
0.00 0.0
0.00 0.0
0.00 0.0
0.00 0.1
0.00 0.0
0.00 0.1
0.00 0.0
0.00 0.0
0.00 0.0
0.00 0.0
0.00 0.0
0.00 0.0
0.00 0.0
0.00 0.0
0.00 0.0
0.00 0.0
0.00 0.0
0.00 0.0
0.00 0.0
0.00 0.0
0.00 0.0
0.00 0.0
0.00 0.0
0.00 0.0
0.00 0.0
0.00 0.0
0.00 0.0
0.00 0.1
0.00 0.1
0.00 0.0
0.00 0.0
0.00 0.0
0.00 0.1
0.00 0.0
0.00 0.0
0.00 0.0
0.00 0.0
0.00 0.0
0.00 0.0
0.00 0.0
0.00 0.0
0.00 0.0
0.00 0.0
0.00 0.0
0.00 0.0
0.00 0.0
0.00 0.0
0.00 0.0
0.00 0.0
0.00 0.0
0.00 0.0
0.00 0.0
0.00 0.0
0.00 0.0
0.00 0.0
0.00 0.0
0.00 0.0
0.00 0.0
0.00 0.0
0.00 0.0
0.00 0.0
0.00 0.0
0.00 0.0
0.00 0.0
0.00 0.0
0.00 0.0
0.00 0.0
0.00 0.0
0.00 0.0
0.00 0.0
0.00 0.0
0.00 0.0
0.00 0.0
0.00 0.1
0.00 0.0
0.00 0.0
0.00 0.0
0.00 0.0
0.00 0.0
0.00 0.0
0.00 0.0
0.00 0.0
0.00 0.0
0.00 0.0
0.00 0.0
0.00 0.0
0.00 0.0
0.00 0.0
0.00 0.0
0.00 0.0
0.00 0.0
0.00 0.0
0.00 0.0
0.00 0.0
0.00 0.0
0.00 0.0
0.00 0.0
0.00 0.0
0.00 0.0
0.00 0.0
0.00 0.0
0.00 0.0
0.00 0.0
0.00 0.0
0.00 0.0
0.00 0.0
0.00 0.0
0.00 0.0
0.00 0.0
0.00 0.0
0.00 0.0
0.00 0.0
0.00 0.0
0.00 0.0
0.00 0.0
0.00 0.0
0.00 0.0
0.00 0.0
0.00 0.0
0.00 0.0
0.00 0.0
0.00 0.0
0.00 0.0
0.00 0.0
0.00 0.0
0.00 0.0
0.00 0.0
0.00 0.0
0.00 0.0
0.00 0.1
0.00 0.0
0.00 0.0
0.00 0.0
0.00 0.0
0.00 0.0
0.00 0.0
0.00 0.1
0.00 0.0
0.00 0.0
0.00 0.0
0.00 0.0
0.00 0.0
0.00 0.0
0.00 0.0
0.00 0.0
0.00 0.0
0.00 0.0
0.00 0.0
0.00 0.0
0.00 0.0
0.00 0.0
0.00 0.0
0.00 0.0
0.00 0.0
0.00 0.0
0.00 0.0
0.00 0.0
0.00 0.9
0.00 0.0
0.00 0.0
0.00 0.0
0.00 0.0
0.00 0.0
0.00 0.0
0.00 0.0
0.00 0.0
0.00 0.0
0.00 0.0
0.00 0.0
0.00 0.0
0.00 0.0
0.00 0.0
0.00 0.0
0.00 0.0
0.00 0.0
0.00 0.0
0.00 0.0
0.00 0.0
0.00 0.0
0.00 0.0
0.00 0.0
0.00 0.0
0.00 0.0
0.00 0.0
0.00 0.0
0.00 0.0
0.00 0.0
0.00 0.0
0.00 0.0
0.00 0.0
0.00 0.0
0.00 0.0
0.00 0.0
0.00 0.0
0.00 0.0
0.00 0.0
0.00 0.0
0.00 0.0
0.00 0.0
0.00 0.0
0.00 0.0
0.00 0.0
0.00 0.0
0.00 0.0
0.00 0.0
0.00 0.0
0.00 0.0
0.00 0.0
0.00 0.0
0.00 0.0
0.00 0.0
0.00 0.0
0.00 0.0
0.00 0.0
0.00 0.0
0.00 0.0
0.00 0.0
0.00 0.0
0.00 0.0
0.00 0.2
0.00 0.0
0.00 0.1
0.00 0.1
0.00 0.1
0.00 0.2
0.00 0.3
0.00 0.0
0.00 0.2
0.00 0.0
0.00 0.1
0.00 0.1
0.00 0.1
0.00 0.0
0.00 0.1
0.00 0.0
0.00 1.1
0.00 0.1
0.00 0.0
0.00 0.2
0.00 0.0
0.00 0.0
0.00 0.1
0.00 0.1
0.00 0.1
0.00 0.2
0.00 0.9
0.00 0.1
0.00 0.1
0.00 0.1
0.00 0.1
0.00 0.1
0.00 0.3
0.00 0.1
0.00 0.1
0.00 0.0
0.00 0.0
0.00 0.0
0.00 0.1
0.00 0.3
0.00 0.0
0.00 0.0
0.00 0.0
0.00 0.0
0.00 0.0
0.00 0.0
0.00 0.1
0.00 0.0
0.00 0.1
0.00 0.0
0.00 0.1
0.00 0.0
0.00 0.0
0.00 0.0
0.00 0.1
0.00 1.6
0.00 0.0
0.00 0.0
0.00 0.1
0.00 2.6
0.00 0.1
0.00 0.0
0.00 0.2
0.00 0.1
0.00 0.1
0.00 0.1
0.00 0.1
0.00 0.4
0.00 0.2
0.00 0.1
0.00 0.3
0.00 0.1
0.00 0.1
0.00 0.1
0.00 0.2
0.00 0.3
0.00 0.0
0.00 0.1
0.00 0.2
0.00 0.1
0.00 0.4
0.00 0.3
0.00 0.1
0.00 1.9
0.00 0.1
0.00 0.1
0.00 0.0
0.00 0.1
0.00 0.1
0.00 0.1
0.00 0.0
0.00 0.1
0.00 0.0
0.00 0.1
0.00 0.0
0.00 0.0
0.00 0.1
0.00 0.1
0.00 0.0
0.00 1.1
0.00 0.2
0.00 0.1
0.00 0.1
0.00 0.0
0.00 0.0
0.00 0.0
0.00 0.3
0.00 0.0
0.00 0.0
0.00 0.0
0.00 0.0
0.00 0.0
0.00 0.0
0.00 0.0
0.00 0.0
0.00 0.1
0.00 0.0
0.00 0.0
0.00 0.0
0.00 0.0
0.00 0.1
0.00 0.0
0.00 0.0
0.00 0.1
0.00 0.1
0.00 0.0
0.00 0.1
0.00 0.1
0.00 0.0
0.00 0.0
0.00 0.3
0.00 0.0
0.00 0.0
0.00 0.0
0.00 0.0
0.00 0.2
0.00 0.0
0.00 0.0
0.00 0.0
0.00 0.0
0.00 0.0
0.00 0.0
0.00 0.0
0.00 0.3
0.00 0.0
0.00 0.0
0.00 0.0
0.00 0.0
0.00 0.0
0.00 0.0
0.00 0.0
0.00 0.0
0.00 0.0
0.00 0.1
0.00 0.0
0.00 0.5
0.00 0.0
0.00 0.1
0.00 0.0
0.00 0.0
0.00 0.0
0.00 0.0
0.00 0.1
0.00 0.1
0.00 0.3
0.00 0.1
0.00 0.0
0.00 0.1
0.00 0.1
0.00 0.1
0.00 0.4
0.00 0.1
0.00 0.1
0.00 0.1
0.00 0.4
0.00 0.1
0.00 0.1
0.00 0.1
0.00 0.2
0.00 0.1
0.00 0.1
0.00 0.2
0.00 0.4
0.00 0.4
0.00 0.2
0.00 0.2
0.00 0.2
0.00 0.2
0.00 0.8
0.00 0.3
0.00 0.2
0.00 0.1
0.00 0.5
0.00 0.4
0.00 0.1
0.00 0.1
0.00 0.1
0.00 0.1
0.00 0.3
0.00 0.1
0.00 0.0
0.00 0.1
0.00 0.0
0.00 0.1
0.00 0.0
0.00 0.0
0.00 0.0
0.00 0.0
0.00 0.0
0.00 0.5
0.00 0.0
0.00 0.0
0.00 0.1
0.00 0.1
0.00 0.2
0.00 0.1
0.00 0.1
0.00 0.2
0.00 0.0
0.00 0.3
0.00 0.0
0.00 0.1
0.00 0.0
0.00 0.0
0.00 0.0
0.00 0.0
0.00 1.3
0.00 0.1
0.00 0.1
0.00 0.0
0.00 0.0
0.00 0.2
0.00 0.3
0.00 0.0
0.00 0.0
0.00 0.1
0.00 0.0
0.00 0.0
0.00 0.1
0.00 0.0
0.00 0.8
0.00 0.0
0.00 0.1
0.00 0.0
0.00 0.1
0.00 0.0
0.00 0.1
0.00 0.1
0.00 0.1
0.00 0.1
0.00 0.1
0.00 0.1
0.00 0.2
0.00 0.1
0.00 0.1
0.00 0.1
0.00 0.0
0.00 0.1
0.00 0.2
0.00 0.1
0.00 0.1
0.00 0.1
0.00 0.1
0.00 0.1
0.00 0.2
0.00 0.2
0.00 0.1
0.00 0.3
0.00 0.1
0.00 0.1
0.00 0.2
0.00 0.1
0.00 0.1
0.00 0.1
0.00 0.1
0.00 0.2
0.00 0.1
0.00 0.1
0.00 0.2
0.00 0.2
0.00 0.2
0.00 0.1
0.00 0.0
0.00 0.1
0.00 0.3
0.00 0.1
0.00 0.1
0.00 0.1
0.00 0.1
0.00 0.1
0.00 0.1
0.00 0.0
0.00 0.0
0.00 0.0
0.00 0.0
0.00 0.0
0.00 0.0
0.00 0.1
0.00 0.0
0.00 0.0
0.00 0.0
0.00 0.0
0.00 0.0
0.00 0.0
0.00 0.0
0.00 0.0
0.00 0.0
0.00 0.0
0.00 0.0
0.00 0.0
0.00 0.0
0.00 0.0
0.00 0.0
0.00 0.0
0.00 0.1
0.00 0.0
0.00 0.0
0.00 0.0
0.00 0.0
0.00 0.0
0.00 0.0
0.00 0.0
0.00 0.2
0.00 0.3
0.00 0.0
0.00 0.0
0.00 0.0
0.00 0.0
0.00 0.0
0.00 0.0
0.00 0.0
0.00 0.0
0.00 0.0
0.00 0.6
0.00 0.0
0.00 0.0
0.00 0.0
0.00 0.0
0.00 0.0
0.00 0.0
0.00 0.0
0.00 0.0
0.00 0.0
0.00 0.0
0.00 0.0
0.00 0.1
0.00 0.9
0.00 0.1
0.00 0.0
0.00 0.8
0.00 0.1
0.00 0.2
0.00 0.2
0.00 0.2
0.00 0.9
0.00 0.2
0.00 0.2
0.00 0.2
0.00 0.2
0.00 0.2
0.00 0.1
0.00 0.1
0.00 0.2
0.00 0.2
0.00 0.1
0.00 0.3
0.00 0.2
0.00 0.6
0.00 0.2
0.00 0.2
0.00 0.3
0.00 0.3
0.00 0.2
0.00 0.4
0.00 0.3
0.00 0.2
0.00 0.4
0.00 0.3
0.00 1.1
0.00 0.2
0.00 0.2
0.00 0.2
0.00 0.2
0.00 0.2
0.00 0.2
0.00 0.2
0.00 0.2
0.00 0.2
0.00 0.1
0.00 0.4
0.00 0.2
0.00 0.1
0.00 0.3
0.00 0.2
0.00 0.1
0.00 0.2
0.00 0.1
0.00 0.1
0.00 0.1
0.00 0.2
0.00 0.1
0.00 0.0
0.00 0.1
0.00 0.3
0.00 0.1
0.00 0.1
0.00 0.1
0.00 0.2
0.00 0.1
0.00 0.1
0.00 0.1
0.00 0.1
0.00 0.1
0.00 0.3
0.00 0.2
0.00 0.1
0.00 0.3
0.00 0.3
0.00 0.1
0.00 0.2
0.00 0.1
0.00 0.1
0.00 0.1
0.00 0.1
0.00 0.1
0.00 0.3
0.00 0.1
0.00 0.2
0.00 0.2
0.00 0.1
0.00 0.1
0.00 0.1
0.00 0.2
0.00 0.2
0.00 0.1
0.00 0.3
0.00 0.2
0.00 0.1
0.00 0.2
0.00 0.1
0.00 0.2
0.00 0.1
0.00 0.1
0.00 0.5
0.00 0.2
0.00 0.1
0.00 1.3
0.00 0.5
0.00 0.6
0.00 0.2
0.00 0.3
0.00 0.3
0.00 0.2
0.00 0.2
0.00 0.2
0.00 0.3
0.00 0.2
0.00 0.3
0.00 0.3
0.00 0.2
0.00 0.4
0.00 0.2
0.00 0.4
0.00 0.2
0.00 0.2
0.00 0.2
0.00 0.3
0.00 0.3
0.00 0.3
0.00 0.2
0.00 0.2
0.00 0.6
0.00 0.4
0.00 0.3
0.00 0.2
0.00 0.3
0.00 0.2
0.00 0.2
0.00 0.7
0.00 0.4
0.00 0.7
0.00 0.4
0.00 0.6
0.00 0.3
0.00 0.2
0.00 0.2
0.00 0.3
0.00 0.3
0.00 0.4
0.00 0.2
0.00 0.2
0.00 0.2
0.00 0.2
0.00 0.7
0.00 0.2
0.00 0.1
0.00 0.4
0.00 0.2
0.00 0.2
0.00 0.7
0.00 0.4
0.00 0.3
0.00 0.3
0.00 0.1
0.00 0.1
0.00 0.2
0.00 0.1
0.00 0.3
0.00 2.3
0.00 0.1
0.00 0.1
0.00 0.1
0.00 0.2
0.00 0.3
0.00 0.3
0.00 0.2
0.00 0.2
0.00 0.2
0.00 0.2
0.00 0.3
0.00 0.2
0.00 0.2
0.00 0.2
0.00 0.2
0.00 0.1
0.00 0.3
0.00 0.2
0.00 0.2
0.00 0.2
0.00 0.1
0.00 0.2
0.00 0.3
0.00 0.2
0.00 0.2
0.00 0.3
0.00 0.3
0.00 0.7
0.00 0.2
0.00 0.2
0.00 0.3
0.00 0.3
0.00 0.4
0.00 0.2
0.00 0.2
0.00 0.2
0.00 0.2
0.00 0.3
0.00 1.1
0.00 0.8
0.00 0.2
0.00 0.3
0.00 0.4
0.00 0.3
0.00 0.2
0.00 1.2
0.00 0.3
0.00 0.3
0.00 0.4
0.00 1.5
0.00 0.3
0.00 0.2
0.00 2.1
0.00 0.3
0.00 0.4
0.00 0.2
0.00 0.5
0.00 0.3
0.00 0.2
0.00 0.3
0.00 0.2
0.00 1.4
0.00 0.4
0.00 0.3
0.00 0.3
0.00 0.3
0.00 0.2
0.00 0.2
0.00 0.2
0.00 0.3
0.00 0.3
0.00 0.3
0.00 0.2
0.00 0.3
0.00 0.2
0.00 0.3
0.00 0.2
0.00 0.2
0.00 0.3
0.00 0.3
0.00 0.1
0.00 0.1
0.00 0.1
0.00 0.1
0.00 0.1
0.00 0.1
0.00 1.4
0.00 0.0
0.00 0.3
0.00 0.1
0.00 0.1
0.00 0.2
0.00 0.0
0.00 0.1