30.85 8.9
31.08 8.8
30.95 8.8
31.00 8.8
30.98 8.9
30.88 8.9
31.05 8.9
30.89 8.9
30.89 8.9
30.92 8.9
30.83 8.9
30.69 8.9
30.68 8.9
30.83 8.9
30.68 8.9
30.98 8.9
30.73 8.8
30.91 8.8
30.89 8.8
31.02 8.8
30.98 8.8
31.12 8.8
31.12 8.8
31.23 8.8
31.41 8.8
31.62 8.7
31.77 8.7
31.97 8.7
32.06 8.7
32.04 8.6
32.29 8.6
32.40 8.6
32.39 8.6
32.47 8.6
32.44 8.6
32.85 8.6
32.41 8.6
32.78 8.6
32.92 8.5
32.99 8.5
33.08 8.5
32.69 8.5
33.20 8.5
33.25 8.5
33.56 8.5
33.57 8.5
33.74 8.5
33.81 8.5
33.95 8.4
34.41 8.4
33.68 8.4
34.26 8.4
34.73 8.4
34.63 8.4
34.57 8.4
34.68 8.5
34.96 8.4
35.02 8.4
35.18 8.4
35.06 8.5
35.34 8.4
35.28 8.4
35.29 8.4
35.34 8.4
35.36 8.4
35.26 8.4
35.35 8.4
35.39 8.4
35.40 8.4
35.26 8.4
35.24 8.4
35.20 8.4
35.35 8.4
35.34 8.4
35.40 8.4
35.44 8.4
35.30 8.4
35.03 8.4
35.08 8.4
35.01 8.4
34.74 8.4
34.74 8.4
34.74 8.4
34.67 8.4
34.73 8.4
34.79 8.4
34.93 8.4
34.73 8.4
34.78 8.4
34.85 8.4
34.83 8.4
35.01 8.5
34.69 8.5
34.64 8.5
34.63 8.4
34.58 8.4
34.26 8.5
34.16 8.5
34.06 8.5
33.82 8.5
33.91 8.5
33.67 8.5
33.52 8.5
33.40 8.5
33.49 8.5
33.29 8.5
33.35 8.5
33.45 8.5
33.29 8.5
33.30 8.5
33.03 8.5
33.05 8.5
32.79 8.5
32.76 8.5
32.43 8.5
32.30 8.5
32.41 8.5
32.35 8.5
32.25 8.5
32.07 8.5
31.98 8.5
32.10 8.5
31.85 8.6
32.03 8.5
31.82 8.6
31.78 8.6
31.71 8.6
31.76 8.6
31.63 8.6
31.50 8.6
31.33 8.6
31.32 8.6
31.29 8.7
31.30 8.7
31.03 8.7
31.07 8.7
31.17 8.7
31.17 8.7
31.04 8.7
30.96 8.7
30.94 8.8
30.87 8.7
30.94 8.7
30.77 8.8
30.78 8.8
30.64 8.8
30.67 8.8
30.71 8.8
30.56 8.8
30.53 8.8
30.43 8.8
30.39 8.8
30.41 8.8
30.25 8.8
30.28 8.8
30.31 8.8
30.22 8.8
30.32 8.7
30.50 8.9
30.34 8.9
30.19 8.9
30.06 8.9
30.14 8.9
30.09 8.9
29.69 9.0
30.28 8.9
30.15 8.9
29.99 9.0
29.79 9.0
30.20 9.0
30.08 9.0
30.25 8.9
30.06 9.0
30.07 9.1
30.20 9.0
30.33 9.0
30.29 9.0
30.48 9.0
30.51 9.0
30.56 9.0
30.57 9.0
30.79 9.0
30.61 9.0
31.03 9.0
30.92 9.0
30.93 9.0
31.09 9.0
31.17 8.9
31.56 8.8
31.52 8.9
31.93 8.8
31.86 8.8
31.96 8.8
31.95 8.8
32.11 8.8
32.22 8.8
32.22 8.8
32.38 8.8
32.40 8.7
32.63 8.8
32.52 8.7
32.56 8.7
32.89 8.7
32.84 8.7
33.33 8.7
33.37 8.7
33.29 8.7
33.54 8.7
33.65 8.7
33.73 8.7
33.79 8.7
33.72 8.7
34.05 8.6
34.06 8.6
34.07 8.6
34.02 8.6
33.97 8.6
33.92 8.6
34.22 8.7
34.11 8.6
34.05 8.6
34.08 8.6
34.08 8.6
34.22 8.6
34.18 8.6
34.30 8.6
34.22 8.6
34.03 8.6
34.16 8.6
33.95 8.6
33.93 8.6
33.90 8.6
33.63 8.6
33.40 8.6
33.29 8.6
33.32 8.6
33.49 8.6
33.66 8.6
33.68 8.6
33.63 8.6
33.54 8.7
33.50 8.7
33.57 8.6
33.58 8.7
33.43 8.7
33.20 8.7
33.21 8.7
33.05 8.7
32.99 8.7
32.88 8.7
33.04 8.7
32.93 8.7
32.68 8.7
32.64 8.7
32.55 8.7
32.67 8.7
32.66 8.7
32.46 8.7
32.36 8.7
32.46 8.7
32.55 8.7
32.05 8.7
32.52 8.7
32.48 8.7
32.35 8.7
32.31 8.7
32.22 8.7
32.30 8.7
32.03 8.8
32.13 8.7
31.80 8.8
31.70 8.7
31.66 8.8
31.63 8.8
31.46 8.8
31.53 8.8
31.41 8.8
31.19 8.8
31.41 8.8
31.11 8.8
31.11 8.8
31.06 8.8
30.90 8.8
31.17 8.8
30.83 8.8
30.90 8.8
30.91 8.8
30.46 8.9
30.69 8.9
30.68 8.8
30.64 8.9
30.49 8.9
30.55 8.8
30.52 8.9
30.65 8.8
30.60 8.9
30.63 8.8
30.57 8.9
30.77 8.8
30.80 8.8
30.73 8.9
30.65 8.9
30.54 8.9
30.51 8.9
30.61 8.9
30.51 8.9
30.70 8.8
30.67 8.8
30.59 8.8
30.71 8.8
30.91 8.8
30.91 8.8
30.70 8.8
30.96 8.8
30.93 8.8
31.17 8.8
30.98 8.8
31.19 8.8
31.24 8.7
31.11 8.7
31.35 8.7
31.64 8.7
31.89 8.6
31.80 8.6
32.24 8.6
32.29 8.6
32.26 8.6
32.33 8.5
32.07 8.5
32.40 8.5
32.45 8.5
32.43 8.5
32.69 8.5
32.60 8.4
32.71 8.4
32.83 8.4
32.81 8.4
32.97 8.4
32.89 8.4
32.92 8.4
32.85 8.4
33.31 8.4
32.88 8.4
32.89 8.4
33.15 8.4
33.44 8.4
33.52 8.4
33.79 8.4
33.76 8.4
33.96 8.4
34.02 8.4
33.97 8.4
34.12 8.4
34.19 8.4
34.49 8.4
34.50 8.4
34.54 8.4
34.69 8.3
34.59 8.3
34.73 8.3
34.88 8.2
34.68 8.3
34.71 8.2
34.55 8.3
34.63 8.3
34.66 8.3
34.91 8.3
34.66 8.3
34.55 8.3
34.71 8.3
34.69 8.3
34.77 8.3
34.72 8.3
34.75 8.3
34.58 8.3
34.38 8.3
34.44 8.3
34.26 8.3
33.96 8.3
34.06 8.3
34.05 8.3
33.87 8.3
33.97 8.3
33.81 8.3
34.01 8.3
33.87 8.3
33.99 8.3
33.97 8.3
33.93 8.3
33.61 8.4
33.79 8.4
33.62 8.4
33.51 8.4
33.67 8.4
33.56 8.4
33.40 8.4
33.20 8.4
33.00 8.4
32.82 8.4
32.78 8.4
32.88 8.4
32.82 8.4
32.72 8.4
32.74 8.4
32.83 8.4
32.69 8.4
32.46 8.4
32.33 8.4
32.26 8.4
32.14 8.4
31.87 8.4
32.06 8.4
32.03 8.4
32.06 8.5
31.86 8.5
31.63 8.5
31.80 8.5
31.75 8.4
31.46 8.5
31.51 8.5
31.50 8.5
31.44 8.5
31.08 8.6
31.32 8.5
31.23 8.6
30.97 8.6
31.17 8.6
30.92 8.6
30.71 8.7
30.87 8.7
30.96 8.6
31.06 8.6
30.79 8.7
30.64 8.7
30.72 8.7
30.74 8.7
30.54 8.8
30.60 8.7
30.41 8.7
30.38 8.8
30.47 8.8
30.42 8.8
30.30 8.8
30.27 8.8
30.07 8.8
30.18 8.8
30.17 8.8
30.16 8.8
30.15 8.8
30.24 8.8
30.24 8.8
30.37 8.8
30.28 8.8
30.19 8.8
30.11 8.8
30.04 8.9
30.00 8.9
29.90 8.9
30.12 8.9
30.14 8.9
30.20 8.9
30.15 8.9
30.02 8.9
30.03 8.9
30.07 8.9
30.15 8.8
30.04 8.8
30.15 8.8
30.16 8.8
30.23 8.8
30.31 8.8
30.23 8.8
30.28 8.8
30.36 8.8
30.28 8.8
30.36 8.8
30.69 8.8
30.58 8.8
30.85 8.7
30.76 8.8
30.87 8.7
31.14 8.6
30.85 8.6
30.52 8.5
30.94 8.5
31.34 8.5
31.01 8.5
31.51 8.5
31.51 8.5
30.90 8.5
31.35 8.5
31.74 8.5
31.42 8.5
32.31 8.5
31.89 8.5
32.39 8.5
31.58 8.5
32.44 8.5
32.77 8.5
32.97 8.5
32.79 8.5
33.21 8.5
33.14 8.5
33.20 8.5
33.30 8.5
33.17 8.5
33.52 8.4
33.54 8.5
33.64 8.5
33.57 8.5
33.58 8.4
33.34 8.4
33.50 8.4
33.65 8.5
33.57 8.4
33.57 8.4
33.58 8.4
33.53 8.4
33.67 8.4
33.66 8.4
33.54 8.4
33.43 8.4
33.28 8.4
33.34 8.4
33.26 8.4
33.29 8.4
32.62 8.4
32.84 8.4
32.67 8.4
33.03 8.4
32.89 8.4
32.58 8.4
32.77 8.5
32.85 8.4
32.81 8.4
32.73 8.5
32.46 8.5
32.46 8.5
32.71 8.4
32.53 8.5
32.66 8.4
32.36 8.5
32.26 8.5
32.42 8.5
32.27 8.5
32.25 8.5
31.99 8.5
31.73 8.6
31.90 8.5
31.99 8.5
31.77 8.6
31.76 8.6
31.98 8.5
32.12 8.5
32.24 8.5
32.07 8.5
32.01 8.5
31.95 8.6
31.83 8.5
31.79 8.5
31.43 8.6
31.64 8.6
31.64 8.5
31.54 8.6
31.37 8.6
31.39 8.6
31.44 8.6
31.25 8.6
31.26 8.6
31.34 8.6
30.85 8.6
31.10 8.6
30.99 8.6
30.85 8.7
30.82 8.6
30.75 8.6
30.70 8.6
30.56 8.7
30.60 8.6
30.39 8.7
30.48 8.6
30.58 8.6
30.54 8.6
30.48 8.6
30.21 8.7
30.22 8.7
30.16 8.7
30.26 8.7
30.31 8.7
30.38 8.6
30.38 8.6
30.44 8.6
30.45 8.6
30.46 8.6
30.37 8.6
30.40 8.6
30.32 8.7
30.26 8.7
30.32 8.6
30.27 8.7
30.20 8.7
30.00 8.7
30.05 8.7
30.05 8.7
30.07 8.7
30.05 8.7
30.06 8.6
30.12 8.7
30.19 8.6
30.32 8.6
30.35 8.6
30.37 8.6
30.33 8.6
30.35 8.6
30.47 8.6
30.54 8.6
30.68 8.6
30.54 8.5
31.02 8.5
30.88 8.5
31.10 8.4
31.35 8.4
31.44 8.4
31.50 8.4
31.58 8.4
31.60 8.4
31.64 8.3
31.85 8.3
31.73 8.3
31.96 8.3
32.02 8.3
31.95 8.3
31.52 8.3
32.11 8.2
31.91 8.2
32.04 8.2
32.08 8.2
32.54 8.2
31.96 8.2
32.47 8.2
32.51 8.2
32.60 8.2
32.52 8.2
32.86 8.2
33.05 8.2
33.11 8.2
33.25 8.2
33.27 8.2
33.42 8.2
33.49 8.2
33.29 8.2
33.26 8.2
33.55 8.2
33.62 8.1
33.74 8.1
33.69 8.1
33.65 8.1
33.57 8.1
33.75 8.2
33.87 8.2
33.75 8.1
33.99 8.2
33.63 8.1
33.63 8.1
33.74 8.1
33.57 8.1
33.58 8.2
33.55 8.2
33.52 8.1
33.46 8.1
33.23 8.1
33.04 8.1
33.00 8.1
32.91 8.1
32.75 8.1
32.76 8.1
32.86 8.1
33.13 8.2
33.22 8.2
33.01 8.2
33.26 8.2
33.13 8.2
33.03 8.2
32.94 8.3
33.03 8.3
32.93 8.3
32.89 8.3
32.86 8.3
32.66 8.3
32.53 8.3
32.46 8.3
32.40 8.4
32.32 8.3
32.42 8.3
32.21 8.4
32.14 8.4
32.14 8.4
32.02 8.4
31.96 8.4
31.94 8.4
32.00 8.4
31.89 8.4
31.85 8.4
31.74 8.4
31.73 8.5
31.80 8.5
31.52 8.5
31.71 8.4
31.60 8.4
31.40 8.4
31.29 8.5
31.33 8.5
31.38 8.4
31.29 8.5
31.17 8.5
31.33 8.5
30.98 8.5
30.81 8.5
30.99 8.5
30.85 8.6
30.88 8.5
30.71 8.5
30.59 8.6
30.67 8.6
30.71 8.6
30.53 8.6
30.19 8.7
30.19 8.6
30.12 8.6
29.97 8.7
29.90 8.7
29.99 8.7
29.82 8.7
29.85 8.8
29.84 8.7
29.68 8.8
29.85 8.8
29.67 8.8
29.67 8.8
29.61 8.8
29.52 8.8
29.55 8.8
29.68 8.8
29.42 8.8
29.53 8.8
29.57 8.8
29.41 8.9
29.50 8.8
29.50 8.8
29.54 8.8
29.54 8.9
29.70 8.9
29.66 9.0
29.54 8.9
29.56 9.0
29.43 9.0
29.60 9.0
29.63 9.0
29.66 8.9
29.68 8.9
29.62 8.9
29.70 8.9
29.61 8.9
29.61 8.8
29.61 8.9
29.71 8.8
29.70 8.8
29.67 8.8
29.72 8.8
29.59 8.8
29.63 8.7
29.77 8.8
29.78 8.7
29.90 8.8
29.93 8.7
30.02 8.7
30.25 8.7
30.30 8.7
30.13 8.7
30.47 8.7
30.79 8.6
31.21 8.5
30.68 8.5
30.36 8.5
31.10 8.5
31.40 8.5
31.05 8.5
31.27 8.5
31.32 8.5
31.30 8.5
31.58 8.5
31.60 8.5
31.55 8.5
31.77 8.5
31.80 8.5
32.24 8.5
31.92 8.5
32.43 8.5
32.55 8.5
32.64 8.5
32.68 8.5
32.50 8.5
32.77 8.5
32.85 8.5
33.01 8.4
33.06 8.5
32.92 8.4
32.96 8.4
32.77 8.4
33.01 8.4
32.85 8.4
32.85 8.4
32.85 8.4
32.83 8.4
32.90 8.4
32.38 8.4
33.03 8.4
33.05 8.4
33.05 8.4
32.89 8.4
32.80 8.4
32.74 8.4
32.45 8.4
32.66 8.4
32.40 8.4
32.44 8.4
32.19 8.4
32.47 8.4
32.07 8.4
32.30 8.4
32.37 8.3
32.29 8.4
32.34 8.4
32.25 8.4
32.10 8.4
32.03 8.4
32.11 8.4
31.92 8.4
32.03 8.4
31.98 8.3
31.75 8.4
31.82 8.4
31.75 8.4
31.75 8.4
31.70 8.4
31.36 8.4
31.19 8.5
31.52 8.4
31.44 8.4
31.36 8.4
31.52 8.4
31.28 8.4
31.51 8.4
31.47 8.4
31.53 8.4
31.55 8.4
31.42 8.4
31.42 8.4
31.19 8.4
31.28 8.4
31.09 8.5
31.15 8.5
31.07 8.5
30.96 8.5
30.83 8.5
31.13 8.4
30.89 8.4
31.03 8.4
31.06 8.4
30.97 8.4
30.76 8.4
30.83 8.4
30.77 8.5
30.87 8.4
30.86 8.5
30.77 8.4
30.78 8.4
30.52 8.4
30.67 8.4
30.70 8.5
30.62 8.4
30.53 8.4
30.66 8.4
30.64 8.4
30.49 8.5
30.37 8.5
30.52 8.4
30.62 8.5
30.74 8.4
30.62 8.4
30.69 8.4
30.78 8.4
30.62 8.4
30.76 8.3
30.64 8.4
30.60 8.4
30.61 8.4
30.42 8.5
30.51 8.5
30.48 8.5
30.39 8.5
30.29 8.5
30.30 8.5
30.27 8.5
30.14 8.6
30.20 8.5
30.22 8.5
30.39 8.5
30.45 8.5
30.32 8.5
30.28 8.5
30.41 8.5
30.46 8.5
30.49 8.5
30.40 8.4
30.28 8.4
30.33 8.4
30.66 8.4
30.63 8.4
30.71 8.4
30.77 8.4
30.59 8.4
31.07 8.3
30.86 8.3
31.24 8.3
31.09 8.3
31.23 8.3
31.35 8.2
31.23 8.2
31.39 8.2
31.40 8.2
31.48 8.2
31.43 8.2
31.39 8.2
31.69 8.1
31.79 8.1
31.87 8.1
31.92 8.1
31.97 8.1
32.09 8.1
32.17 8.1
32.11 8.1
32.09 8.1
31.91 8.1
32.03 8.1
32.08 8.1
32.32 8.1
32.21 8.1
32.51 8.1
32.59 8.1
32.72 8.1
32.77 8.1
32.86 8.0
32.95 8.0
32.82 8.1
32.81 8.0
33.02 8.0
32.96 8.0
32.80 8.0
32.83 8.0
33.13 8.0
32.96 8.0
32.80 8.0
32.88 8.0
32.88 8.0
32.97 8.0
32.85 8.0
32.94 8.0
33.06 8.0
32.90 8.0
32.86 8.0
32.70 8.0
32.63 8.0
32.36 8.0
32.21 8.0
31.98 8.0
32.31 8.0
32.11 8.0
32.18 8.0
32.27 8.0
32.27 8.0
32.29 8.0
32.33 8.1
32.18 8.1
32.15 8.1
32.09 8.2
32.08 8.2
32.04 8.2
31.96 8.3
32.07 8.3
31.89 8.3
31.80 8.2
31.90 8.2
31.75 8.3
31.70 8.2
31.68 8.3
31.66 8.2
31.62 8.3
31.64 8.2
31.53 8.3
31.53 8.3
31.56 8.3
31.60 8.3
31.61 8.3
31.74 8.3
31.69 8.3
31.56 8.3
31.48 8.3
31.37 8.3
31.41 8.3
31.18 8.3
31.26 8.2
31.19 8.3
31.10 8.3
31.19 8.3
31.10 8.3
31.19 8.2
31.08 8.2
31.17 8.2
30.90 8.2
31.07 8.3
30.82 8.3
30.86 8.3
30.95 8.3
30.69 8.3
30.75 8.3
30.27 8.4
30.47 8.4
30.46 8.4
30.45 8.3
30.38 8.4
30.40 8.4
30.22 8.4
30.17 8.4
30.25 8.4
30.10 8.4
30.05 8.5
30.10 8.4
30.22 8.4
29.97 8.5
29.99 8.4
30.06 8.5
29.99 8.5
29.97 8.5
30.13 8.5
29.95 8.5
30.07 8.5
30.11 8.5
30.20 8.5
30.20 8.5
30.02 8.5
30.09 8.5
30.08 8.5
30.00 8.5
30.12 8.5
30.16 8.5
30.15 8.5
30.15 8.5
30.08 8.5
30.07 8.5
30.04 8.5
29.96 8.5
29.95 8.5
30.01 8.5
29.94 8.5
30.12 8.5
30.02 8.5
30.04 8.5
30.19 8.5
30.07 8.5
30.13 8.5
30.16 8.4
30.23 8.4
30.45 8.4
30.58 8.4
30.73 8.4
30.47 8.4
30.77 8.4
30.71 8.4
31.43 8.3
31.16 8.3
31.44 8.3
31.51 8.2
31.59 8.2
31.54 8.2
31.72 8.2
31.57 8.2
32.04 8.2
31.67 8.2
31.81 8.2
31.83 8.2
32.32 8.2
32.47 8.2
32.25 8.2
32.59 8.2
32.62 8.2
32.57 8.2
32.35 8.1
32.51 8.1
32.54 8.1
32.83 8.1
33.02 8.1
33.00 8.1
33.12 8.1
33.05 8.1
33.14 7.9
33.06 8.1
32.90 8.0
32.96 8.0
33.08 8.1
33.00 8.0
33.12 8.1
32.98 8.0
33.07 8.0
33.11 8.0
33.15 8.1
33.13 8.0
33.08 8.0
33.11 8.0
32.89 8.0
32.71 8.0
32.77 8.0
32.80 8.0
32.69 8.0
32.69 8.0
32.37 8.0
32.32 8.0
32.54 8.0
32.50 8.0
32.35 8.0
32.59 8.0
32.23 8.0
32.44 8.0
32.41 8.0
32.37 8.0
32.31 8.0
32.19 8.0
32.09 8.0
32.19 8.0
32.05 8.0
32.07 8.0
31.97 8.0
31.99 8.0
31.96 8.0
31.92 8.0
31.87 8.0
32.00 8.0
31.74 8.0
31.68 8.0
31.72 8.0
31.62 8.0
31.62 8.0
31.98 8.0
31.90 8.0
31.87 8.0
32.16 8.0
32.08 8.0
32.05 8.0
32.32 8.0
32.18 8.0
32.17 8.0
31.95 8.0
32.02 8.0
31.77 8.0
31.93 8.0
31.79 8.0
31.76 8.0
31.69 8.0
31.59 8.0
31.66 8.0
31.57 8.0
31.30 8.0
31.37 8.0
31.42 8.0
31.17 8.0
31.37 8.0
31.39 8.0
31.27 8.0
31.04 8.1
31.19 8.1
30.88 8.1
30.92 8.1
30.80 8.1
30.88 8.1
30.99 8.1
30.83 8.1
30.77 8.1
30.84 8.1
30.91 8.1
30.81 8.1
30.88 8.0
31.02 8.0
30.95 8.0
30.97 8.0
30.83 8.1
30.93 8.1
30.84 8.1
30.82 8.1
30.84 8.1
30.63 8.1
30.50 8.2
30.67 8.1
30.68 8.1
30.70 8.1
30.64 8.1
30.77 8.1
30.85 8.1
30.85 8.1
30.74 8.1
30.75 8.0
30.84 8.0
30.95 8.0
30.93 8.0
30.81 8.0
31.00 8.0
30.99 8.0
31.03 8.0
31.05 8.0
31.17 7.9
31.20 7.9
31.62 7.9
31.81 7.9
31.79 7.9
31.79 7.9
31.76 7.8
31.94 7.8
32.05 7.8
31.84 7.8
31.99 7.8
32.01 7.8
31.96 7.8
32.05 7.8
31.88 7.8
31.84 7.8
32.09 7.8
32.08 7.8
32.30 7.7
32.39 7.7
32.16 7.7
32.33 7.7
32.32 7.7
32.58 7.7
32.44 7.7
32.35 7.7
32.72 7.7
32.70 7.7
32.76 7.7
32.70 7.7
32.80 7.7
32.86 7.7
32.84 7.7
32.93 7.7
32.94 7.6
32.98 7.6
32.99 7.6
32.93 7.7
32.87 7.6
32.87 7.6
32.98 7.6
32.85 7.6
32.72 7.6
32.89 7.6
32.77 7.6
32.92 7.6
32.93 7.6
32.86 7.7
32.86 7.6
32.67 7.6
32.73 7.6
32.79 7.6
32.62 7.6
32.47 7.6
32.42 7.6
32.23 7.6
32.23 7.6
32.57 7.7
32.27 7.6
32.27 7.6
32.35 7.7
32.32 7.7
32.39 7.7
32.20 7.8
32.23 7.8
32.12 7.8
32.14 7.7
31.99 7.8
31.84 7.7
31.98 7.8
31.90 7.8
31.83 7.8
31.84 7.7
31.81 7.8
31.71 7.7
31.74 7.8
31.60 7.7
31.73 7.8
31.66 7.8
31.76 7.8
31.60 7.8
31.92 7.8
31.97 7.8
32.24 7.8
32.29 7.8
32.16 7.8
32.08 7.8
31.83 7.8
31.75 7.8
31.65 7.8
31.64 7.8
31.53 7.8
31.51 7.8
31.45 7.8
31.44 7.8
31.52 7.8
31.36 7.8
31.37 7.9
31.19 7.8
31.27 7.9
31.20 7.9
31.17 7.9
31.20 7.8
31.02 7.9
30.86 7.9
31.00 7.9
30.95 7.9
31.03 7.9
30.95 7.9
30.75 8.0
30.73 8.0
30.77 8.0
30.77 8.0
30.62 8.0
30.55 8.0
30.56 8.0
30.66 8.0
30.71 8.0
30.71 8.0
30.82 8.0
30.74 8.1
30.79 8.0
30.65 8.1
30.56 8.1
30.78 8.0
30.63 8.0
30.89 8.0
30.82 8.0
30.71 8.0
30.75 8.0
30.79 8.0
30.66 8.1
30.76 8.1
30.52 8.1
30.64 8.1
30.58 8.1
30.51 8.1
30.41 8.2
30.49 8.1
30.36 8.2
30.41 8.1
30.49 8.1
30.50 8.1
30.45 8.1
30.51 8.1
30.51 8.0
30.74 8.0
30.56 8.0
30.57 8.0
30.70 8.0
30.71 8.0
30.70 8.0
30.70 7.9
30.63 7.9
30.98 7.9
31.05 7.9
31.14 7.9
31.44 7.8
31.43 7.8
31.89 7.8
31.69 7.8
31.86 7.7
31.77 7.7
32.03 7.7
31.97 7.7
32.13 7.7
31.96 7.7
32.08 7.7
32.31 7.7
32.34 7.7
32.30 7.7
32.21 7.7
32.45 7.7
32.75 7.7
32.72 7.7
32.78 7.7
32.78 7.7
33.11 7.6
33.05 7.6
33.03 7.7
33.15 7.6
33.29 7.6
33.14 7.6
33.10 7.6
33.48 7.6
33.32 7.6
33.37 7.6
33.31 7.6
33.31 7.6
33.17 7.6
33.42 7.6
33.34 7.6
33.49 7.5
33.50 7.5
33.50 7.5
33.51 7.5
33.39 7.5
33.31 7.5
33.39 7.5
32.70 7.5
33.33 7.5
33.31 7.5
33.23 7.5
33.15 7.5
33.01 7.5
32.82 7.5
32.94 7.5
32.76 7.5
32.64 7.5
32.76 7.5
32.71 7.5
32.71 7.5
32.63 7.5
32.66 7.5
32.58 7.5
32.62 7.5
32.64 7.5
32.45 7.5
32.39 7.5
32.47 7.5
32.36 7.5
32.35 7.5
32.24 7.5
32.07 7.5
32.07 7.6
32.02 7.5
31.93 7.5
31.98 7.5
31.84 7.5
31.94 7.5
31.84 7.5
31.87 7.5
31.73 7.6
31.78 7.5
32.35 7.6
32.04 7.5
32.46 7.5
32.51 7.6
32.44 7.5
32.49 7.6
32.23 7.6
32.40 7.6
32.05 7.6
32.08 7.6
32.16 7.7
31.88 7.7
31.69 7.7
31.79 7.7
31.74 7.7
31.64 7.7
31.54 7.7
31.51 7.7
31.41 7.7
31.58 7.7
31.27 7.8
31.25 7.7
31.17 7.8
31.16 7.7
31.07 7.8
31.24 7.7
31.00 7.8
30.92 7.8
30.84 7.8
30.91 7.8
30.99 7.8
30.83 7.8
31.12 7.8
31.02 7.8
31.05 7.8
30.97 7.8
30.91 7.8
30.99 7.9
30.97 7.8
30.72 7.9
30.74 7.8
30.69 7.8
31.00 7.8
30.81 7.9
30.82 7.9
30.91 7.9
30.72 7.9
30.82 7.9
30.90 7.9
30.99 7.9
30.94 7.8
30.64 7.8
30.85 7.8
30.86 7.8
30.78 7.8
30.71 7.8
30.68 7.8
30.89 7.8
30.99 7.7
31.10 7.7
31.02 7.7
31.24 7.7
30.92 7.7
30.87 7.7
31.33 7.6
31.24 7.6
31.59 7.5
31.74 7.5
32.05 7.5
31.76 7.5
31.98 7.4
32.06 7.4
31.89 7.4
31.87 7.4
31.94 7.4
32.04 7.4
32.28 7.4
31.97 7.4
32.18 7.3
32.25 7.3
32.11 7.4
32.19 7.3
32.42 7.3
32.52 7.3
32.24 7.3
32.56 7.3
32.69 7.3
32.45 7.3
32.49 7.3
32.80 7.3
32.73 7.3
32.80 7.3
32.68 7.3
32.79 7.3
32.64 7.2
32.89 7.3
32.95 7.2
33.01 7.2
33.02 7.2
32.99 7.2
33.05 7.2
32.95 7.2
32.85 7.2
32.94 7.2
32.93 7.2
32.99 7.2
32.91 7.2
32.93 7.2
32.94 7.2
32.85 7.2
32.97 7.2
32.87 7.2
32.71 7.2
32.73 7.2
32.66 7.2
32.30 7.2
32.18 7.2
32.20 7.2
32.27 7.2
32.25 7.2
32.35 7.2
32.41 7.2
32.29 7.3
32.38 7.3
32.24 7.3
32.22 7.4
32.05 7.4
32.07 7.4
31.90 7.4
31.95 7.4
31.89 7.4
31.78 7.4
31.72 7.4
31.56 7.4
31.71 7.4
31.64 7.4
31.60 7.4
31.63 7.4
31.56 7.4
31.63 7.4
31.37 7.4
31.44 7.4
31.45 7.5
31.43 7.4
31.64 7.5
31.61 7.5
31.70 7.5
31.66 7.5
31.50 7.5
31.41 7.5
31.55 7.5
31.39 7.5
31.27 7.6
31.26 7.5
31.10 7.6
31.03 7.6
30.72 7.7
30.89 7.6
30.82 7.7
30.67 7.7
30.54 7.7
30.20 7.8
30.20 7.8
30.09 7.7
29.97 7.8
29.96 7.8
29.72 7.8
29.86 7.8
29.87 7.9
29.71 7.9
29.75 7.9
29.47 7.9
29.53 8.0
29.55 8.0
29.45 8.0
29.58 8.0
29.50 8.0
29.41 8.0
29.42 8.0
29.42 8.0
29.46 8.1
29.28 8.1
29.36 8.2
29.40 8.1
29.41 8.2
29.47 8.2
29.40 8.1
29.44 8.2
29.52 8.2
29.62 8.2
29.60 8.2
29.74 8.2
29.62 8.2
29.64 8.2
29.70 8.2
29.69 8.2
29.77 8.2
29.80 8.2
29.69 8.2
29.71 8.2
29.81 8.1
29.70 8.1
29.65 8.1
29.55 8.0
29.64 8.0
29.90 8.0
29.85 8.0
29.83 8.0
29.61 8.0
29.76 7.9
29.87 7.9
29.84 7.9
29.81 7.9
29.91 7.8
29.95 7.8
29.95 7.8
29.76 7.8
30.08 7.8
30.13 7.8
30.21 7.7
30.36 7.7
30.47 7.7
30.39 7.6
30.35 7.6
30.76 7.6
30.56 7.6
30.94 7.6
30.85 7.5
31.01 7.5
30.74 7.5
30.95 7.5
31.42 7.5
31.32 7.4
30.99 7.4
31.11 7.4
31.67 7.4
31.45 7.4
32.02 7.4
32.11 7.4
31.89 7.4
32.06 7.4
32.07 7.4
32.31 7.4
32.28 7.4
32.26 7.4
32.13 7.4
32.22 7.4
32.42 7.4
32.19 7.4
32.24 7.4
32.31 7.4
32.31 7.4
32.33 7.4
32.42 7.4
32.47 7.4
32.36 7.4
32.41 7.4
32.24 7.4
32.21 7.4
31.83 7.4
31.97 7.4
31.58 7.4
31.83 7.4
31.56 7.3
31.43 7.3
31.51 7.3
31.50 7.3
31.36 7.4
31.29 7.4
31.32 7.3
31.55 7.4
31.66 7.4
31.34 7.4
31.49 7.4
31.38 7.3
31.07 7.4
31.17 7.4
31.05 7.4
31.24 7.4
31.10 7.4
31.05 7.4
30.82 7.4
30.87 7.4
30.64 7.4
30.73 7.4
30.68 7.5
30.75 7.5
30.69 7.5
30.55 7.5
30.48 7.5
30.50 7.6
30.60 7.6
31.08 7.7
30.77 7.6
31.04 7.7
30.98 7.7
30.91 7.6
30.93 7.7
30.85 7.7
30.91 7.7
30.84 7.8
30.74 7.8
30.62 7.8
30.53 7.8
30.60 7.8
30.36 7.8
30.34 7.8
30.23 7.8
30.09 7.9
30.31 7.8
29.98 7.9
29.95 7.9
29.80 8.0
29.79 8.0
29.86 8.0
29.85 8.0
29.76 8.0
29.63 8.0
29.96 7.9
29.75 8.0
29.65 8.0
29.62 8.0
29.54 8.0
29.58 8.0
29.56 8.0
29.59 8.0
29.63 8.0
29.53 8.1
29.61 8.1
29.68 8.0
29.49 8.1
29.40 8.0
29.32 8.0
29.50 8.1
29.48 8.0
29.20 8.1
29.20 8.1
29.33 8.1
29.24 8.1
29.31 8.1
29.08 8.2
29.09 8.2
29.30 8.1
29.08 8.1
29.11 8.2
29.27 8.1
29.15 8.2
29.25 8.2
29.03 8.2
29.08 8.2
29.14 8.2
29.09 8.1
28.95 8.2
29.06 8.2
29.11 8.1
29.07 8.1
29.05 8.2
29.15 8.1
29.16 8.1
28.97 8.1
29.04 8.1
29.10 8.1
28.96 8.1
28.90 8.1
28.96 8.1
28.99 8.1
29.05 8.1
29.16 8.0
29.26 8.0
29.46 7.9
29.42 7.9
29.36 7.9
29.85 7.8
29.70 7.8
29.71 7.8
29.72 7.8
29.72 7.8
29.85 7.8
29.55 7.8
29.60 7.7
29.86 7.7
30.23 7.7
30.19 7.7
30.04 7.6
30.24 7.7
30.37 7.6
30.55 7.6
30.76 7.5
30.50 7.5
30.59 7.5
30.66 7.6
30.90 7.5
30.98 7.4
31.17 7.4
31.08 7.4
30.84 7.5
30.92 7.5
30.76 7.5
30.52 7.5
30.90 7.4
30.72 7.5
30.76 7.4
30.88 7.4
31.03 7.4
30.90 7.4
30.85 7.4
30.86 7.4
30.78 7.4
30.70 7.4
30.36 7.4
30.35 7.4
30.16 7.4
30.07 7.4
30.12 7.4
29.98 7.4
30.10 7.4
30.16 7.5
30.06 7.5
30.05 7.5
30.00 7.6
29.88 7.5
29.82 7.6
29.85 7.6
29.71 7.6
29.68 7.6
29.45 7.7
29.26 7.7
29.35 7.7
29.36 7.6
29.01 7.7
29.11 7.7
29.15 7.8
29.17 7.8
29.06 7.8
28.91 7.8
28.83 7.9
28.77 7.9
28.76 7.9
28.80 7.9
28.90 7.9
28.98 8.0
28.99 8.0
28.96 8.0
28.89 8.0
28.77 8.0
28.99 8.1
28.91 8.0
28.62 8.1
28.57 8.1
28.57 8.1
28.64 8.2
28.50 8.1
28.55 8.2
28.43 8.2
28.59 8.2
28.29 8.2
28.24 8.2
28.44 8.2
28.44 8.2
28.33 8.1
28.40 8.2
28.41 8.2
28.28 8.2
28.17 8.2
28.24 8.2
28.30 8.3
28.23 8.2
28.20 8.3
28.15 8.3
28.30 8.2
28.36 8.2
28.39 8.3
28.41 8.2
28.45 8.3
28.50 8.2
28.56 8.2
28.51 8.2
28.37 8.2
28.52 8.2
28.55 8.2
28.68 8.2
28.53 8.2
28.65 8.2
28.60 8.2
28.67 8.2
28.53 8.2
28.73 8.1
28.79 8.2
28.76 8.2
28.76 8.1
28.78 8.1
28.77 8.1
28.80 8.1
28.79 8.1
28.68 8.1
28.71 8.1
28.79 8.1
28.73 8.1
28.71 8.1
28.72 8.1
28.77 8.1
28.69 8.1
28.57 8.1
28.58 8.1
28.62 8.1
28.43 8.1
28.52 8.1
28.57 8.2
28.49 8.2
28.62 8.2
28.42 8.2
28.50 8.2
28.41 8.2
28.51 8.2
28.36 8.2
28.46 8.2
28.47 8.2
28.41 8.2
28.45 8.2
28.38 8.2
28.21 8.2
28.38 8.2
28.31 8.2
28.17 8.1
28.25 8.1
28.17 8.1
28.00 8.1
28.20 8.1
28.37 8.1
28.29 8.0
28.49 8.0
28.36 8.0
28.41 8.0
28.90 7.9
28.85 7.9
28.60 7.9
28.93 7.9
29.12 7.9
29.31 7.9
29.38 7.8
29.40 7.8
29.45 7.8
29.46 7.7
29.65 7.6
29.56 7.8
29.48 7.8
29.29 7.8
29.46 7.8
29.43 7.7
29.56 7.7
29.56 7.7
29.62 7.7
29.62 7.7
29.67 7.7
29.60 7.7
29.68 7.7
29.51 7.7
29.41 7.7
29.27 7.7
29.22 7.7
29.28 7.7
29.14 7.7
29.09 7.7
29.20 7.7
29.04 7.7
29.10 7.7
28.97 7.7
29.03 7.7
29.03 7.8
28.93 7.8
29.05 7.7
29.01 7.8
29.09 7.8
28.87 7.8
28.73 7.8
28.82 7.8
28.79 7.8
28.64 7.8
28.79 7.8
28.62 7.8
28.64 7.9
28.65 7.9
28.57 7.9
28.61 7.9
28.62 7.9
28.59 7.9
28.71 7.9
28.92 7.9
29.01 7.8
28.98 7.8
29.07 7.8
29.45 7.8
29.31 7.8
29.48 7.8
29.31 7.7
29.52 7.7
29.42 7.7
29.32 7.7
29.34 7.7
29.42 7.7
29.30 7.7
29.27 7.7
29.22 7.7
29.21 7.6
29.26 7.6
29.27 7.6
29.14 7.6
29.15 7.6
29.14 7.6
29.19 7.6
29.21 7.5
29.17 7.5
29.18 7.5
29.17 7.5
29.21 7.5
29.16 7.5
29.11 7.4
29.14 7.4
29.14 7.4
29.20 7.4
29.12 7.3
29.14 7.3
29.19 7.3
29.10 7.3
29.03 7.3
28.93 7.3
29.08 7.2
29.08 7.2
28.94 7.2
28.96 7.2
28.81 7.2
29.07 7.2
28.92 7.2
29.03 7.2
28.97 7.2
28.76 7.2
29.00 7.2
28.83 7.1
29.01 7.1
28.96 7.2
29.02 7.2
28.87 7.2
28.85 7.2
28.64 7.2
28.88 7.2
28.89 7.3
28.89 7.3
28.82 7.2
28.81 7.2
28.87 7.3
28.85 7.2
28.80 7.3
28.73 7.2
28.88 7.3
28.84 7.3
28.78 7.3
28.74 7.3
28.63 7.3
28.70 7.3
28.74 7.3
28.76 7.4
28.79 7.4
28.74 7.4
28.70 7.4
28.63 7.4
28.75 7.4
28.70 7.4
28.77 7.4
28.72 7.4
28.69 7.4
28.87 7.5
28.93 7.5
28.92 7.5
29.00 7.5
29.03 7.5
28.77 7.4
28.94 7.5
28.92 7.5
28.95 7.5
28.77 7.5
28.85 7.5
29.02 7.5
29.07 7.5
29.01 7.5
29.06 7.5
29.11 7.5
29.29 7.5
29.27 7.5
29.10 7.5
28.87 7.5
29.04 7.5
29.01 7.5
28.87 7.4
28.77 7.4
28.96 7.5
28.66 7.6
28.69 7.6
28.64 7.6
28.64 7.6
28.87 7.5
28.82 7.5
28.99 7.5
28.84 7.5
28.73 7.4
28.64 7.5
28.29 7.5
28.49 7.5
28.27 7.4
28.41 7.5
28.47 7.5
28.61 7.5
28.63 7.5
28.13 7.6
28.49 7.6
28.22 7.6
28.37 7.6
28.26 7.6
28.14 7.6
28.20 7.6
28.03 7.6
28.30 7.5
27.99 7.5
28.08 7.5
28.19 7.5
28.00 7.5
28.03 7.5
28.18 7.5
28.25 7.5
28.15 7.4
28.20 7.5
28.31 7.5
28.27 7.4
28.32 7.4
28.44 7.4
28.48 7.4
28.49 7.5
28.51 7.4
28.46 7.4
28.47 7.4
28.68 7.5
28.62 7.4
28.80 7.5
28.62 7.4
28.70 7.5
28.62 7.4
28.85 7.5
28.82 7.4
28.78 7.4
28.99 7.5
29.09 7.5
29.02 7.4
29.18 7.5
29.28 7.5
29.32 7.5
29.09 7.5
29.17 7.4
29.31 7.5
29.73 7.6
29.48 7.5
29.74 7.6
29.35 7.5
29.71 7.5
29.70 7.5
29.75 7.5
29.91 7.5
30.03 7.5
30.20 7.6
30.18 7.5
29.99 7.5
30.22 7.5
30.36 7.5
30.21 7.5
30.63 7.5
30.57 7.6
30.59 7.5
30.78 7.5
30.80 7.5
30.98 7.5
31.32 7.5
31.15 7.5
31.07 7.5
31.03 7.5
30.98 7.5
31.02 7.5
30.13 7.4
30.13 7.4
29.66 7.4
30.45 7.5
31.37 7.5
30.57 7.5
30.65 7.5
30.54 7.5
30.48 7.4
30.97 7.5
31.40 7.5
31.65 7.5
32.24 7.6
32.34 7.6
32.66 7.6
32.61 7.7
32.04 7.6
32.04 7.6
31.80 7.6
31.72 7.6
31.95 7.6
31.73 7.6
31.58 7.6
31.69 7.6
31.33 7.6
30.99 7.6
31.16 7.6
31.00 7.6
30.64 7.5
30.42 7.5
30.32 7.5
30.16 7.5
30.16 7.5
29.99 7.5
29.92 7.5
30.18 7.5
29.78 7.5
29.65 7.5
29.67 7.5
29.85 7.5
29.62 7.5
29.79 7.5
29.63 7.5
29.26 7.5
29.57 7.5
29.54 7.5
29.39 7.5
29.56 7.5
29.51 7.5
29.35 7.4
29.56 7.4
29.37 7.5
29.43 7.4
29.46 7.5
29.56 7.4
29.62 7.4
29.53 7.4
29.51 7.4
29.53 7.4
29.61 7.4
29.34 7.5
29.56 7.5
29.65 7.5
29.40 7.5
29.35 7.5
29.47 7.5
29.51 7.5
29.55 7.4
29.62 7.5
29.56 7.4
29.57 7.4
29.57 7.4
29.57 7.4
29.54 7.4
29.59 7.4
29.63 7.5
29.69 7.4
29.66 7.5
29.80 7.5
29.76 7.5
29.82 7.5
29.82 7.5
29.94 7.5
29.92 7.5
30.00 7.5
30.35 7.5
30.27 7.5
30.42 7.5
30.62 7.5
30.55 7.5
30.62 7.5
30.99 7.5
31.10 7.5
31.00 7.5
31.11 7.5
31.28 7.5
31.79 7.6
31.18 7.5
31.75 7.5
31.65 7.5
32.81 7.6
32.37 7.5
32.91 7.6
32.82 7.6
33.04 7.6
32.91 7.6
33.36 7.6
33.62 7.6
33.74 7.6
33.48 7.6
34.17 7.6
33.72 7.6
33.93 7.6
34.10 7.6
33.93 7.6
34.38 7.6
34.22 7.6
34.46 7.6
34.84 7.7
34.61 7.6
34.54 7.6
34.68 7.6
35.07 7.7
35.07 7.6
35.45 7.7
35.56 7.7
35.10 7.6
35.57 7.7
35.47 7.7
35.70 7.7
36.01 7.7
36.38 7.7
36.14 7.7
36.76 7.7
36.59 7.7
36.99 7.7
36.81 7.7
36.34 7.7
37.32 7.7
37.35 7.7
37.19 7.7
36.41 7.7
36.93 7.7
37.52 7.7
38.19 7.7
36.66 7.7
36.80 7.7
36.84 7.7
36.86 7.7
36.92 7.7
36.39 7.6
36.92 7.6
36.84 7.7
36.43 7.6
36.65 7.6
37.95 7.8
37.38 7.7
37.54 7.7
37.87 7.7
38.50 7.8
39.09 7.8
40.53 7.9
40.09 7.9
40.35 7.9
39.93 7.9
39.65 7.9
39.38 7.9
39.24 7.9
39.44 7.9
39.58 7.9
38.99 7.9
38.19 7.9
37.94 7.9
37.73 7.9
37.45 7.8
37.15 7.8
36.99 7.8
36.85 7.8
36.61 7.8
36.49 7.7
36.60 7.7
36.15 7.7
36.20 7.7
36.04 7.7
35.91 7.7
35.97 7.7
35.77 7.7
35.80 7.7
35.42 7.7
35.27 7.7
34.63 7.6
34.83 7.6
34.84 7.6
34.17 7.6
34.27 7.6
34.37 7.6
34.22 7.6
34.15 7.6
33.85 7.6
34.23 7.6
33.99 7.6
33.92 7.6
34.07 7.6
33.92 7.6
33.84 7.6
33.90 7.6
33.54 7.6
33.61 7.6
33.67 7.6
33.61 7.6
33.88 7.6
33.71 7.6
33.83 7.6
33.65 7.6
33.48 7.6
33.36 7.6
33.74 7.6
33.96 7.6
33.86 7.6
33.91 7.5
33.98 7.6
34.09 7.6
34.20 7.6
34.27 7.6
34.32 7.6
34.29 7.6
34.32 7.6
34.57 7.6
34.63 7.6
34.79 7.6
34.63 7.6
34.97 7.6
34.96 7.6
35.32 7.7
35.10 7.6
35.20 7.6
35.79 7.7
35.57 7.7
35.95 7.7
35.77 7.7
36.15 7.7
36.43 7.7
36.71 7.7
36.82 7.7
36.63 7.7
37.13 7.8
36.90 7.7
37.59 7.8
37.25 7.7
37.50 7.8
38.28 7.8
38.59 7.8
38.40 7.8
38.88 7.8
38.93 7.8
39.26 7.8
39.29 7.8
39.24 7.8
39.77 7.8
39.86 7.8
39.98 7.8
40.90 7.8
41.47 7.8
40.82 7.8
40.68 7.8
40.94 7.8
41.65 7.8
41.81 7.8
42.66 7.9
42.09 7.9
42.04 7.9
42.17 7.8
43.37 7.9
43.54 7.9
43.80 7.9
43.98 7.9
43.61 7.9
43.54 7.9
43.84 7.9
43.64 7.9
43.46 7.9
44.05 7.8
44.90 7.9
45.04 7.9
45.87 7.9
46.12 7.9
46.20 7.9
46.16 8.0
45.82 7.9
46.01 7.9
46.45 7.9
46.40 7.9
46.48 7.9
46.71 7.9
47.85 8.0
47.58 7.8
47.11 7.9
47.03 7.9
46.88 7.9
44.86 7.8
44.77 7.8
43.47 7.8
43.51 7.7
45.58 7.8
45.61 7.8
45.04 7.8
45.89 7.8
45.50 7.8
45.56 7.8
47.03 7.9
47.15 7.9
47.12 7.8
48.77 8.0
48.47 8.0
49.12 8.0
48.69 8.0
49.00 8.0
48.65 8.0
48.56 8.0
48.42 8.0
48.48 8.0
48.51 8.0
48.54 8.0
48.53 8.0
48.43 8.0
47.67 8.0
47.11 8.0
47.34 8.0
46.92 8.0
46.88 8.0
46.61 8.0
46.50 8.0
46.04 8.0
46.11 8.0
46.03 8.0
45.47 8.0
45.23 8.0
44.89 8.0
45.03 7.9
44.34 7.9
44.34 7.9
44.28 7.9
44.52 7.9
43.92 7.9
43.87 7.9
43.46 7.9
43.48 7.9
43.62 7.9
43.13 7.9
42.59 7.9
42.63 7.8
41.99 7.8
42.00 7.8
42.10 7.8
42.40 7.8
42.40 7.8
42.01 7.8
41.99 7.8
41.82 7.8
41.38 7.8
41.29 7.8
41.36 7.8
41.32 7.8
41.27 7.8
41.57 7.8
41.65 7.8
41.87 7.8
41.99 7.8
41.92 7.8
42.25 7.8
42.37 7.8
42.62 7.8
42.44 7.8
42.72 7.8
42.76 7.8
42.90 7.8
42.90 7.8
42.98 7.8
43.34 7.8
43.00 7.8
43.48 7.8
43.72 7.8
44.35 7.9
44.80 7.9
44.51 7.8
45.44 7.9
45.29 7.9
45.35 7.9
45.08 7.8
46.26 7.9
46.03 7.8
46.74 7.9
46.98 7.9
46.90 7.9
47.24 7.9
47.30 7.8
47.93 7.9
47.59 7.8
48.19 7.8
48.80 7.9
48.76 7.9
48.52 7.9
50.38 7.9
49.78 7.9
49.19 7.9
50.27 7.9
49.77 7.9
51.14 8.0
50.54 7.9
50.25 7.9
50.69 7.9
51.07 7.9
51.33 7.9
51.17 7.9
51.25 7.9
51.18 7.9
51.47 7.9
51.58 8.0
51.81 7.9
51.84 7.9
51.60 7.9
51.82 8.0
52.36 8.0
51.88 7.9
52.86 8.0
52.33 8.0
52.82 8.0
52.75 8.0
52.99 8.0
53.09 8.0
52.80 8.0
53.06 8.0
53.46 8.0
53.86 8.0
53.83 8.0
53.97 8.0
53.66 8.0
54.09 8.0
54.31 8.0
54.21 8.0
53.77 8.0
54.36 8.0
54.10 8.0
54.44 8.0
54.53 8.0
54.99 8.1
55.15 8.1
55.35 8.1
55.12 8.1
52.68 8.0
52.44 7.9
52.79 7.9
53.89 8.0
51.98 7.9
54.06 8.0
53.75 8.0
52.87 7.9
53.06 8.0
53.30 8.0
53.84 8.0
53.05 8.0
54.76 8.1
55.21 8.1
55.11 8.1
55.04 8.1
54.39 8.1
54.49 8.1
54.68 8.1
54.18 8.1
54.72 8.1
53.51 8.1
53.80 8.1
53.81 8.1
54.54 8.1
54.57 8.1
54.78 8.1
54.74 8.1
54.56 8.1
54.48 8.1
54.35 8.1
54.29 8.1
53.96 8.1
53.56 8.1
53.54 8.1
53.50 8.0
53.52 8.0
53.48 8.0
53.94 8.0
53.69 8.0
53.49 8.0
53.74 8.1
53.78 8.1
53.51 8.1
53.39 8.0
53.35 8.0
53.40 8.0
53.47 8.1
53.51 8.0
53.59 8.0
53.45 8.0
53.46 8.0
53.33 8.0
52.73 8.1
52.40 8.1
52.92 8.1
52.45 8.1
52.29 8.1
52.03 8.1
52.95 8.1
53.00 8.1
53.18 8.1
52.93 8.0
52.97 8.0
53.03 8.0
53.22 8.0
53.12 8.0
53.15 8.0
53.03 8.0
52.91 8.0
53.13 8.1
53.06 8.0
53.00 8.1
53.16 8.0
53.39 8.0
53.52 8.1
53.38 8.1
53.90 8.1
53.80 8.1
53.60 8.1
53.70 8.0
53.78 8.1
53.99 8.1
53.93 8.1
54.24 8.1
54.20 8.1
54.52 8.1
54.22 8.1
54.21 8.1
54.63 8.1
54.74 8.1
54.34 8.1
54.81 8.2
54.76 8.2
54.99 8.2
54.51 8.2
54.97 8.2
54.59 8.2
54.76 8.2
55.01 8.2
54.48 8.2
54.45 8.2
54.49 8.2
54.23 8.3
53.79 8.3
54.69 8.2
54.00 8.2
53.86 8.3
54.75 8.2
54.48 8.3
54.66 8.3
53.84 8.3
54.41 8.3
54.69 8.3
54.19 8.2
53.97 8.3
54.70 8.3
54.11 8.3
54.49 8.3
54.25 8.3
54.28 8.3
55.16 8.3
55.07 8.3
54.23 8.3
55.25 8.3
54.50 8.3
54.46 8.4
54.41 8.3
55.16 8.3
54.31 8.4
54.10 8.4
54.56 8.4
54.93 8.4
54.88 8.4
54.14 8.4
54.92 8.4
55.09 8.4
54.44 8.4
54.59 8.4
55.37 8.4
53.91 8.5
55.07 8.5
54.58 8.5
54.26 8.2
53.97 8.2
55.38 8.4
53.31 8.3
53.20 8.1
54.00 8.4
53.42 8.3
54.67 8.5
54.80 8.5
54.71 8.4
54.84 8.5
54.48 8.5
54.03 8.5
54.42 8.5
54.32 8.5
54.08 8.5
53.61 8.5
53.95 8.5
54.36 8.5
53.94 8.5
54.84 8.5
54.56 8.5
53.91 8.5
54.80 8.5
54.15 8.5
54.70 8.4
54.50 8.4
54.51 8.4
54.67 8.4
53.86 8.4
54.53 8.4
54.63 8.4
54.04 8.3
54.85 8.3
54.81 8.3
55.20 8.3
54.84 8.3
55.00 8.3
55.19 8.3
54.72 8.3
55.54 8.3
55.23 8.3
55.33 8.2
55.25 8.2
55.54 8.2
55.63 8.2
55.58 8.2
55.57 8.2
55.74 8.2
55.72 8.2
55.80 8.2
55.85 8.2
55.94 8.2
55.93 8.2
55.41 8.2
55.84 8.2
55.90 8.2
55.85 8.2
55.89 8.2
55.95 8.2
55.90 8.2
55.92 8.2
55.80 8.2
55.64 8.2
55.50 8.2
55.79 8.2
55.57 8.2
55.75 8.2
55.84 8.2
55.70 8.2
55.45 8.2
55.63 8.2
55.73 8.2
55.60 8.2
55.56 8.2
55.49 8.2
55.64 8.2
55.46 8.3
55.54 8.3
55.45 8.3
55.35 8.3
55.39 8.3
55.44 8.4
55.24 8.3
55.41 8.3
55.18 8.3
55.20 8.3
54.87 8.3
55.13 8.4
54.83 8.4
55.00 8.4
54.85 8.4
55.01 8.4
54.83 8.4
54.27 8.4
54.75 8.4
54.70 8.4
54.71 8.4
54.22 8.4
54.06 8.4
53.79 8.5
54.16 8.5
53.96 8.5
54.11 8.4
53.51 8.5
53.67 8.5
53.58 8.5
53.67 8.5
53.41 8.5
53.41 8.5
53.46 8.6
53.29 8.6
52.94 8.6
53.10 8.6
52.82 8.6
52.85 8.6
53.23 8.6
53.12 8.6
53.01 8.6
53.43 8.6
52.96 8.6
52.92 8.6
52.89 8.6
52.42 8.6
52.79 8.6
52.76 8.6
52.78 8.6
52.74 8.6
52.16 8.6
52.57 8.6
52.57 8.7
52.41 8.6
52.84 8.6
52.24 8.6
52.34 8.6
52.39 8.6
52.08 8.6
52.18 8.6
52.14 8.6
51.79 8.7
51.88 8.7
52.18 8.7
51.86 8.7
51.71 8.7
52.17 8.7
52.34 8.7
51.77 8.7
52.77 8.5
52.59 8.6
52.18 8.6
52.27 8.6
52.10 8.7
52.19 8.7
51.07 8.7
51.13 8.6
51.16 8.6
51.37 8.6
51.03 8.6
51.34 8.7
51.42 8.5
51.28 8.6
51.35 8.6
51.35 8.8
51.22 8.8
51.09 8.7
51.47 8.8
51.41 8.8
51.44 8.8
51.23 8.8
51.18 8.8
51.30 8.8
50.96 8.8
50.95 8.8
51.21 8.8
51.35 8.8
51.47 8.8
51.23 8.8
51.48 8.7
51.33 8.7
51.18 8.7
51.25 8.7
51.40 8.7
51.67 8.7
51.18 8.7
51.78 8.7
51.86 8.7
51.61 8.7
51.74 8.7
51.88 8.7
51.45 8.7
51.93 8.6
52.34 8.7
52.43 8.7
52.44 8.6
52.28 8.6
52.57 8.6
52.60 8.6
52.58 8.6
52.52 8.6
52.67 8.6
52.43 8.6
52.57 8.6
52.23 8.6
52.52 8.6
52.70 8.6
52.27 8.6
52.60 8.7
52.35 8.6
52.18 8.6
52.09 8.6
51.65 8.6
51.88 8.6
51.66 8.6
51.23 8.6
51.66 8.6
51.58 8.6
51.77 8.6
51.63 8.6
51.53 8.6
51.52 8.6
51.50 8.6
51.45 8.6
51.31 8.7
51.19 8.7
51.16 8.6
51.00 8.7
50.86 8.6
51.00 8.7
50.81 8.7
50.66 8.7
50.77 8.7
50.50 8.7
50.41 8.7
50.45 8.7
50.43 8.7
50.17 8.7
50.48 8.7
50.31 8.7
50.30 8.7
50.13 8.7
50.31 8.7
50.19 8.7
50.09 8.7
50.22 8.7
50.25 8.7
49.88 8.7
50.03 8.7
49.82 8.7
49.42 8.7
49.08 8.8
49.24 8.8
49.10 8.7
49.13 8.8
49.89 8.8
48.73 8.8
48.79 8.8
48.90 8.8
48.95 8.8
49.28 8.8
49.38 8.8
48.87 8.8
49.36 8.8
48.98 8.8
48.97 8.8
49.29 8.8
49.39 8.8
49.12 8.8
49.56 8.8
49.34 8.8
49.71 8.8
49.72 8.8
49.80 8.8
50.30 8.8
50.29 8.8
50.07 8.8
50.07 8.8
50.06 8.8
49.97 8.8
50.80 8.8
50.55 8.8
50.11 8.8
50.28 8.8
50.37 8.8
50.57 8.8
50.72 8.8
51.11 8.8
51.18 8.7
51.23 8.8
51.14 8.8
51.31 8.8
51.25 8.8
50.49 8.7
50.47 8.8
51.41 8.8
51.71 8.8
51.93 8.8
51.64 8.8
51.30 8.8
51.71 8.8
51.35 8.8
51.04 8.8
51.15 8.8
50.51 8.8
51.14 8.8
51.04 8.8
50.90 8.8
51.22 8.8
50.99 8.8
50.95 8.8
51.30 8.8
51.05 8.8
51.01 8.8
51.22 8.8
51.18 8.8
50.79 8.8
50.57 8.8
50.62 8.7
50.24 8.7
50.09 8.7
50.11 8.7
50.11 8.7
50.16 8.7
50.32 8.7
50.09 8.7
49.94 8.7
50.12 8.7
50.25 8.7
50.34 8.7
50.54 8.7
50.32 8.7
50.45 8.7
50.77 8.7
50.67 8.6
50.92 8.6
50.85 8.6
50.96 8.6
50.94 8.6
51.17 8.6
51.28 8.6
51.28 8.6
51.35 8.6
51.47 8.6
51.44 8.6
51.39 8.6
51.47 8.6
51.51 8.6
51.59 8.6
51.62 8.6
51.67 8.6
51.63 8.6
51.70 8.6
51.72 8.6
51.53 8.6
51.56 8.6
51.48 8.6
51.28 8.6
51.29 8.6
51.48 8.6
51.18 8.6
51.55 8.6
51.38 8.6
51.46 8.6
51.34 8.6
51.42 8.6
51.34 8.6
51.29 8.6
51.28 8.6
51.31 8.6
51.19 8.6
51.21 8.6
51.18 8.6
51.14 8.6
51.05 8.6
50.88 8.7
51.03 8.6
50.99 8.6
50.89 8.6
50.90 8.6
50.92 8.7
51.03 8.7
50.95 8.7
51.08 8.7
51.88 8.7
51.72 8.7
51.47 8.7
51.46 8.7
51.87 8.7
51.60 8.7
51.73 8.7
51.75 8.7
51.57 8.7
51.64 8.7
51.34 8.7
51.74 8.8
51.76 8.8
51.63 8.8
51.74 8.8
51.89 8.8
51.67 8.8
51.57 8.8
51.77 8.8
51.79 8.8
51.79 8.8
51.88 8.8
51.79 8.8
52.11 8.9
51.92 8.9
51.85 8.9
51.96 8.8
52.20 8.9
52.46 8.9
52.37 8.9
52.58 8.9
52.54 8.9
52.32 8.9
52.77 8.9
52.51 8.9
52.47 8.9
52.44 9.0
52.52 8.9
52.42 8.9
52.78 8.9
52.67 8.9
52.67 8.9
52.62 9.0
52.71 9.0
52.62 8.9
52.94 8.9
52.84 9.0
52.68 9.0
52.71 9.0
52.80 9.0
53.19 9.0
53.09 9.0
53.16 8.9
53.18 9.0
53.29 8.9
53.53 9.0
53.61 9.0
53.62 9.0
53.72 9.0
53.13 8.9
52.99 8.9
52.81 8.9
52.31 8.8
52.67 8.9
52.61 8.9
52.67 8.9
52.74 8.9
52.80 8.9
52.76 8.9
52.98 8.9
53.23 8.9
53.39 9.0
53.10 9.0
53.08 8.9
53.25 9.0
53.69 9.0
53.24 9.0
52.98 9.0
53.30 9.0
53.05 9.0
52.93 9.0
52.96 9.0
52.98 9.0
53.00 9.0
53.10 9.0
52.91 8.9
52.79 8.9
52.65 8.9
52.57 8.9
52.45 8.9
52.39 8.8
52.43 8.8
52.64 8.8
52.62 8.8
52.55 8.8
52.26 8.8
52.49 8.8
52.39 8.8
52.51 8.8
52.57 8.8
52.38 8.8
52.46 8.8
52.74 8.8
52.88 8.8
52.97 8.8
52.95 8.8
52.92 8.8
53.08 8.8
52.81 8.8
52.93 8.8
52.85 8.8
52.51 8.8
51.36 8.7
51.95 8.7
52.43 8.8
52.48 8.8
52.46 8.8
52.47 8.8
52.52 8.8
52.54 8.8
52.65 8.7
52.58 8.7
52.71 8.7
52.58 8.8
52.57 8.7
52.61 8.7
50.83 8.7
52.61 8.7
52.21 8.7
52.57 8.7
52.48 8.7
52.48 8.7
52.47 8.7
52.44 8.8
52.35 8.8
52.40 8.7
52.12 8.8
52.39 8.8
52.49 8.8
52.48 8.8
52.47 8.8
52.71 8.8
52.59 8.8
52.56 8.8
52.59 8.8
52.66 8.8
52.76 8.8
52.83 8.8
52.68 8.8
52.94 8.8
52.65 8.8
52.96 8.8
53.01 8.8
53.04 8.8
52.69 8.8
53.09 8.8
53.34 8.9
53.40 8.9
53.69 8.9
53.46 8.9
53.57 8.8
53.62 8.8
53.62 8.9
53.52 8.9
53.59 8.9
53.38 8.9
53.72 8.9
53.84 8.9
53.81 8.9
53.69 8.9
54.02 8.9
53.67 8.9
53.86 8.9
53.80 8.9
53.83 8.9
53.95 8.9
53.36 8.9
53.61 8.9
53.72 8.9
54.10 9.0
54.08 9.0
54.14 8.9
53.87 9.0
54.03 9.0
53.61 8.9
53.72 9.0
54.25 9.0
54.11 9.0
54.05 9.0
54.07 9.0
54.35 9.0
54.12 9.0
54.31 9.0
54.66 9.0
54.53 9.0
54.69 9.0
54.77 8.9
54.40 8.9
54.30 8.9
54.01 8.9
53.73 8.9
54.78 9.0
54.81 9.0
55.03 9.1
55.06 9.0
54.88 9.0
54.86 9.0
54.25 9.0
54.32 9.0
54.15 9.0
54.22 9.0
53.99 9.0
54.18 9.0
53.88 9.0
53.90 9.0
54.22 9.0
54.08 9.0
54.13 9.0
54.29 9.0
54.24 9.0
54.23 9.0
54.21 9.0
54.03 8.9
54.06 8.9
53.99 8.9
53.93 8.9
53.36 8.9
53.54 8.9
53.53 8.9
53.35 8.9
53.63 8.9
53.63 8.9
53.51 8.8
53.50 8.8
53.67 8.8
53.74 8.8
53.38 8.8
53.62 8.8
53.50 8.8
53.59 8.8
53.54 8.8
53.43 8.8
53.39 8.8
53.51 8.7
53.39 8.7
53.70 8.7
53.76 8.7
53.77 8.7
53.59 8.7
53.79 8.7
53.90 8.7
54.11 8.7
54.16 8.7
54.20 8.6
54.16 8.7
54.22 8.7
54.25 8.7
54.20 8.6
54.20 8.7
54.24 8.7
54.09 8.7
54.28 8.7
54.31 8.7
54.31 8.7
54.30 8.7
54.30 8.7
54.25 8.7
54.24 8.7
54.27 8.7
54.13 8.7
54.16 8.7
54.17 8.7
54.04 8.7
54.23 8.7
54.17 8.7
54.15 8.7
54.17 8.7
54.15 8.7
54.13 8.7
54.00 8.7
54.25 8.7
54.35 8.6
54.15 8.7
54.37 8.7
54.21 8.7
54.39 8.7
54.27 8.7
54.43 8.7
54.37 8.7
54.35 8.8
54.34 8.8
54.41 8.8
54.41 8.8
54.49 8.8
54.23 8.8
54.54 8.8
54.68 8.8
54.67 8.8
54.76 8.8
54.97 8.8
54.72 8.8
54.70 8.8
54.68 8.8
54.78 8.8
54.74 8.8
54.69 8.9
54.67 8.9
54.60 8.9
54.59 8.9
54.50 8.9
54.25 8.9
54.19 8.9
54.23 8.9
54.00 8.9
53.90 8.9
54.09 8.9
54.14 8.9
53.86 8.9
53.90 8.9
53.88 8.9
53.87 8.9
53.58 8.9
53.76 8.9
53.19 9.0
53.61 9.0
53.59 8.9
53.40 9.0
53.22 9.0
53.28 9.0
53.21 9.0
53.22 9.0
52.78 9.0
53.00 9.0
53.03 9.0
52.79 9.0
52.52 9.0
52.81 9.0
52.89 9.0
52.62 9.0
52.53 9.0
52.93 9.0
52.55 9.0
52.64 9.0
52.26 9.0
51.98 9.1
52.28 9.0
52.27 9.1
52.38 9.1
52.21 9.0
52.49 9.0
52.27 9.1
52.20 9.1
52.30 9.1
52.41 9.1
52.45 9.1
52.35 9.1
52.43 9.2
51.18 8.9
51.78 9.0
52.25 9.0
52.51 9.1
52.55 9.1
52.54 9.1
52.42 9.1
52.37 9.1
52.36 9.1
52.22 9.1
52.52 9.0
52.45 9.1
52.24 9.1
52.52 9.1
52.77 9.1
52.63 9.1
52.51 9.1
52.95 9.1
52.71 9.1
52.83 9.1
52.89 9.1
52.78 9.0
52.79 9.0
52.79 9.0
52.91 9.0
53.03 9.0
52.80 9.0
52.92 9.0
53.28 8.9
53.22 8.9
53.04 8.9
53.31 8.9
53.47 8.9
53.40 8.9
53.40 8.8
53.20 8.8
53.71 8.8
53.40 8.8
53.70 8.8
53.64 8.8
53.97 8.8
53.67 8.8
53.84 8.8
53.94 8.8
53.99 8.8
54.33 8.8
54.03 8.8
54.53 8.8
54.50 8.8
54.35 8.8
54.57 8.8
54.70 8.8
54.75 8.8
54.83 8.8
54.74 8.8
54.76 8.8
54.63 8.8
54.92 8.8
54.75 8.8
54.97 8.8
54.52 8.8
54.16 8.8
54.07 8.8
53.95 8.8
53.88 8.7
54.06 8.8
54.38 8.8
54.19 8.8
54.30 8.8
54.34 8.8
54.37 8.8
54.34 8.8
54.26 8.8
54.03 8.8
54.19 8.8
54.07 8.8
53.83 8.8
53.80 8.9
53.77 8.9
53.69 8.8
53.52 8.9
53.61 8.9
53.49 8.9
53.30 8.9
53.38 8.9
53.17 8.9
53.04 8.9
52.96 8.9
52.96 8.9
52.95 8.9
52.95 8.9
53.40 8.9
53.25 8.9
53.19 8.9
53.10 8.9
52.82 8.9
52.91 8.9
52.67 8.9
52.79 8.9
52.86 8.9
52.90 8.9
52.79 8.9
52.80 8.9
52.64 9.0
52.75 8.9
52.78 8.9
52.57 9.0
52.66 8.9
52.49 9.0
52.35 9.0
52.52 9.0
52.48 9.0
52.21 9.0
52.53 8.9
52.25 9.0
52.24 9.0
52.39 9.0
52.65 9.0
52.24 9.0
52.09 9.0
52.16 9.0
51.79 9.1
52.18 9.0
52.01 9.0
52.22 9.0
52.00 9.0
52.09 9.0
52.22 9.0
51.84 9.1
51.73 9.1
51.89 9.0
52.19 9.0
52.24 9.1
52.14 9.0
52.20 9.0
52.10 9.0
52.05 9.1
52.21 9.1
52.20 9.1
52.21 9.1
52.21 9.1
52.21 9.1
52.22 9.1
52.09 9.1
52.05 9.0
52.05 9.0
51.77 9.0
52.02 9.0
51.91 9.0
52.16 9.0
52.14 9.0
51.91 9.0
52.10 9.0
51.89 9.0
52.14 9.0
52.01 9.0
52.53 8.9
52.57 8.9
52.30 8.9
53.30 8.9
52.90 8.9
52.99 8.9
52.84 8.9
52.91 8.8
52.72 8.8
52.68 8.8
52.63 8.8
52.56 8.8
52.88 8.8
52.66 8.8
52.72 8.8
52.72 8.8
53.05 8.8
53.10 8.8
52.92 8.8
53.10 8.8
53.16 8.7
53.14 8.7
53.33 8.7
53.42 8.7
53.30 8.7
53.52 8.7
53.58 8.7
53.71 8.7
53.97 8.7
54.14 8.7
54.16 8.7
54.08 8.7
54.34 8.7
54.38 8.7
54.44 8.7
54.30 8.7
54.41 8.7
54.33 8.7
54.33 8.7
54.26 8.7
54.34 8.7
54.41 8.7
54.47 8.7
54.38 8.8
54.43 8.7
54.54 8.7
54.46 8.8
54.24 8.7
53.86 8.6
54.15 8.7
54.06 8.7
53.81 8.6
54.00 8.7
53.83 8.6
54.15 8.7
54.04 8.7
54.12 8.8
54.13 8.8
53.82 8.8
53.96 8.8
54.01 8.8
53.91 8.8
53.89 8.8
53.74 8.8
53.77 8.8
53.45 8.8
53.38 8.8
53.31 8.8
53.24 8.8
53.30 8.8
53.33 8.8
53.10 8.8
53.27 8.8
53.17 8.8
53.12 8.8
53.11 8.8
53.05 8.8
53.60 8.8
53.87 8.8
54.00 8.8
54.26 8.8
54.04 8.8
54.15 8.8
54.21 8.8
53.59 8.8
53.53 8.8
53.73 8.8
54.39 8.8
53.98 8.8
53.68 8.8
53.76 8.8
53.80 8.8
53.81 8.8
53.71 8.8
53.75 8.8
53.64 8.8
53.66 8.8
53.63 8.8
53.71 8.8
53.31 8.8
53.62 8.8
53.04 8.8
53.19 8.8
53.06 8.8
53.16 8.8
52.78 8.8
53.05 8.8
53.27 8.8
53.13 8.8
53.13 8.8
53.08 8.8
52.74 8.8
52.69 8.8
52.70 8.8
52.87 8.8
52.73 8.8
52.48 8.8
52.70 8.8
52.34 8.8
52.38 8.8
51.94 8.9
51.69 8.9
51.63 8.8
51.65 8.8
51.74 8.8
51.62 8.9
51.47 8.8
51.00 8.9
51.41 8.9
51.49 8.8
51.23 8.8
51.25 8.8
50.76 8.9
51.05 8.9
50.69 9.0
50.87 8.9
50.77 8.9
51.00 8.9
51.02 8.9
51.24 8.9
51.11 8.9
51.22 8.9
51.40 8.9
51.33 8.9
51.13 8.9
51.02 9.0
50.98 9.0
51.14 9.0
51.36 8.9
51.11 9.0
51.24 8.9
51.23 8.9
51.42 8.9
51.42 8.9
51.32 8.9
51.53 8.9
51.51 8.9
51.66 8.9
51.56 8.9
51.47 8.9
51.68 8.9
51.68 8.9
51.77 8.9
51.77 8.8
52.01 8.8
52.00 8.8
52.15 8.8
52.37 8.8
52.52 8.8
52.47 8.8
52.30 8.8
52.61 8.7
52.53 8.7
52.62 8.7
52.70 8.7
52.67 8.7
52.68 8.7
52.72 8.7
52.71 8.7
52.78 8.7
52.79 8.7
52.79 8.8
52.88 8.8
52.95 8.8
52.84 8.7
53.00 8.7
52.88 8.7
52.95 8.7
53.02 8.7
52.99 8.8
52.99 8.7
52.81 8.7
52.57 8.7
52.60 8.7
52.45 8.7
52.29 8.7
52.24 8.7
52.33 8.7
52.31 8.7
52.29 8.7
52.34 8.7
52.30 8.7
52.21 8.7
52.21 8.7
52.13 8.7
52.06 8.7
51.95 8.7
51.91 8.7
51.74 8.7
51.62 8.8
51.56 8.8
51.26 8.8
51.27 8.8
51.12 8.8
51.05 8.8
50.77 8.8
50.76 8.8
50.68 8.8
50.26 8.9
50.42 8.8
50.38 8.8
50.50 8.8
50.30 8.8
50.21 8.8
50.15 8.8
49.83 8.8
49.90 8.7
49.64 8.7
49.58 8.7
49.51 8.7
49.28 8.8
49.04 8.8
48.86 8.8
48.45 8.8
47.60 8.9
47.91 8.8
47.90 8.8
47.59 8.9
47.76 8.8
47.26 8.8
47.26 8.9
46.93 8.9
47.33 8.8
47.23 8.9
47.25 8.9
46.95 8.9
47.24 8.9
46.91 8.9
47.18 8.9
46.79 8.9
47.29 8.8
46.97 8.8
47.03 8.8
47.36 8.8
46.94 8.8
46.23 8.9
46.54 8.9
46.63 8.8
46.54 8.8
46.58 8.9
46.18 8.9
45.84 8.9
45.98 8.9
46.01 8.9
45.98 8.9
46.07 8.8
45.73 8.9
45.48 8.9
45.57 8.9
45.55 8.9
45.70 8.9
45.44 8.9
45.47 8.9
45.45 8.9
45.35 8.9
45.36 8.9
45.76 8.9
45.53 8.9
45.29 8.9
45.31 9.0
45.56 9.0
45.23 9.0
45.44 8.9
45.58 8.9
45.37 8.9
45.82 8.9
45.61 8.9
45.75 8.9
45.87 8.9
45.83 8.9
45.91 8.9
45.95 8.9
46.21 8.9
46.41 8.9
46.43 8.9
46.40 8.9
46.54 8.9
46.69 8.9
46.77 8.9
46.91 8.8
47.07 8.8
47.18 8.8
47.18 8.8
47.21 8.8
47.29 8.8
47.34 8.8
47.45 8.8
47.41 8.8
47.70 8.8
47.50 8.8
47.39 8.8
47.61 8.8
47.65 8.8
47.76 8.8
47.67 8.8
48.09 8.8
47.75 8.8
47.87 8.8
48.01 8.8
48.07 8.7
48.30 8.7
48.42 8.7
48.86 8.7
49.05 8.7
48.71 8.7
48.24 8.7
48.45 8.7
48.19 8.7
48.46 8.7
49.07 8.7
48.27 8.7
48.34 8.7
48.72 8.7
48.58 8.7
48.66 8.7
48.96 8.7
49.03 8.7
48.40 8.7
48.34 8.7
48.29 8.7
48.09 8.7
48.04 8.6
47.75 8.6
48.19 8.7
48.11 8.7
48.08 8.7
48.02 8.7
48.11 8.7
47.88 8.6
48.12 8.7
47.99 8.7
47.76 8.7
47.83 8.7
47.62 8.7
47.63 8.7
47.40 8.8
47.20 8.8
47.09 8.8
46.98 8.8
46.76 8.8
46.66 8.8
46.51 8.8
46.44 8.8
46.52 8.8
46.38 8.8
46.47 8.8
46.11 8.8
46.10 8.8
45.97 8.8
45.99 8.7
45.93 8.7
45.90 8.7
45.20 8.8
45.00 8.8
44.93 8.8
44.88 8.7
44.69 8.8
44.70 8.7
44.53 8.8
44.78 8.7
44.54 8.8
44.14 8.8
44.20 8.8
44.12 8.8
44.09 8.8
43.73 8.8
43.78 8.8
43.78 8.8
43.90 8.8
43.53 8.8
43.31 8.8
43.43 8.8
43.31 8.8
42.99 8.8
43.08 8.8
42.97 8.8
43.00 8.8
42.97 8.8
43.12 8.8
42.86 8.8
43.02 8.8
42.83 8.8
43.01 8.8
42.98 8.8
42.85 8.8
43.03 8.8
42.84 8.8
42.79 8.8
42.45 8.9
42.44 8.8
42.47 8.9
42.55 8.8
42.63 8.8
42.34 8.8
42.68 8.8
42.44 8.8
42.39 8.8
42.50 8.8
42.63 8.8
42.63 8.8
42.35 8.9
42.42 8.8
42.56 8.8
42.74 8.8
42.57 8.8
42.64 8.8
42.81 8.8
42.90 8.8
42.80 8.8
42.79 8.8
41.97 8.7
42.46 8.9
42.31 8.8
42.47 8.8
42.39 8.8
42.69 8.8
42.44 8.8
42.69 8.9
42.44 8.8
42.60 8.9
42.50 8.8
42.53 8.9
42.44 8.9
42.58 8.9
42.52 8.9
42.38 8.9
42.44 8.9
42.30 8.9
42.38 8.9
42.33 8.9
42.43 8.9
42.40 8.9
42.28 8.8
42.50 8.8
42.57 8.8
42.62 8.8
42.72 8.8
42.67 8.8
42.95 8.8
42.90 8.8
43.23 8.8
43.24 8.8
43.26 8.7
43.28 8.7
43.40 8.7
43.32 8.7
43.42 8.7
43.50 8.7
43.67 8.7
43.53 8.7
43.76 8.7
43.68 8.7
43.95 8.7
43.87 8.7
43.77 8.7
43.67 8.7
43.67 8.7
43.84 8.7
43.61 8.7
43.88 8.7
43.71 8.7
43.78 8.7
43.84 8.7
43.70 8.7
43.52 8.7
43.45 8.7
43.42 8.7
43.00 8.7
43.02 8.7
43.17 8.7
43.02 8.7
43.12 8.7
43.18 8.7
43.19 8.7
43.11 8.7
43.02 8.7
43.06 8.7
42.94 8.7
42.81 8.8
42.73 8.7
42.80 8.7
42.60 8.7
42.62 8.7
42.40 8.8
42.23 8.8
42.37 8.8
41.99 8.8
42.24 8.8
42.28 8.8
42.35 8.8
42.30 8.8
42.25 8.8
42.28 8.8
42.29 8.8
42.48 8.8
42.61 8.8
42.56 8.8
42.61 8.8
42.56 8.8
42.53 8.8
42.50 8.7
42.71 8.8
42.55 8.8
42.48 8.8
42.56 8.7
42.58 8.7
42.43 8.7
42.53 8.7
42.52 8.7
42.29 8.7
42.25 8.8
42.09 8.7
42.09 8.8
42.20 8.8
42.19 8.8
41.97 8.8
42.27 8.7
42.24 8.7
42.19 8.7
42.40 8.7
42.12 8.8
42.17 8.7
42.18 8.8
42.41 8.7
42.38 8.7
42.29 8.7
42.42 8.7
42.29 8.7
42.33 8.7
42.28 8.7
42.33 8.7
42.39 8.7
42.30 8.7
42.36 8.7
42.17 8.7
42.27 8.8
42.51 8.7
42.61 8.7
42.79 8.7
42.49 8.7
42.78 8.7
42.82 8.7
42.38 8.7
42.30 8.6
42.73 8.7
42.48 8.7
42.69 8.7
42.63 8.7
42.82 8.8
42.83 8.7
42.88 8.7
42.89 8.7
42.84 8.7
42.71 8.7
42.69 8.8
42.50 8.7
42.58 8.7
42.64 8.7
42.50 8.7
42.44 8.7
42.26 8.7
42.48 8.7
42.50 8.7
42.24 8.7
42.53 8.7
42.40 8.7
42.58 8.7
42.52 8.7
42.41 8.7
42.45 8.7
42.55 8.7
42.25 8.6
42.45 8.7
42.38 8.7
42.27 8.6
42.45 8.6
42.53 8.6
42.38 8.6
42.40 8.6
42.44 8.6
42.62 8.6
42.48 8.6
42.57 8.6
42.72 8.6
42.57 8.6
42.58 8.6
42.69 8.6
42.65 8.6
42.86 8.6
42.63 8.6
42.87 8.6
43.10 8.6
42.91 8.6
43.05 8.6
43.20 8.6
43.16 8.6
43.17 8.6
43.24 8.6
43.53 8.6
43.52 8.6
43.46 8.5
43.54 8.5
43.45 8.5
43.49 8.5
43.59 8.6
43.70 8.6
43.77 8.6
43.80 8.6
43.67 8.6
43.55 8.6
43.73 8.6
43.58 8.6
43.43 8.6
43.32 8.5
43.38 8.6
43.23 8.5
43.19 8.5
43.27 8.5
43.20 8.5
43.20 8.5
43.19 8.5
43.37 8.6
43.22 8.5
43.18 8.6
43.19 8.6
43.13 8.5
43.01 8.6
43.05 8.6
43.16 8.6
42.97 8.6
42.93 8.6
42.92 8.6
42.75 8.6
42.87 8.6
42.79 8.6
42.77 8.6
42.84 8.6
42.78 8.6
42.63 8.6
42.72 8.6
42.74 8.6
42.78 8.6
42.84 8.6
42.84 8.6
42.87 8.5
43.00 8.6
42.78 8.6
43.03 8.6
43.00 8.6
43.02 8.6
42.97 8.6
43.13 8.6
43.06 8.6
43.40 8.6
43.37 8.6
43.19 8.6
43.53 8.6
43.33 8.6
43.20 8.6
43.38 8.6
43.50 8.6
43.51 8.6
43.42 8.6
43.63 8.6
43.59 8.6
43.73 8.6
44.14 8.6
43.94 8.6
44.08 8.6
44.53 8.6
44.68 8.6
45.33 8.6
45.15 8.6
45.39 8.6
45.02 8.6
45.75 8.6
45.91 8.6
45.99 8.6
46.38 8.6
46.72 8.6
46.71 8.6
47.15 8.6
46.93 8.5
47.08 8.5
47.70 8.5
47.54 8.5
47.56 8.5
47.64 8.5
48.46 8.6
48.32 8.6
48.48 8.6
48.01 8.5
49.26 8.6
49.19 8.6
48.33 8.5
48.12 8.5
40.45 8.2
39.04 8.0
43.14 8.4
46.39 8.5
47.29 8.5
46.04 8.4
47.12 8.5
46.61 8.5
47.55 8.5
48.08 8.5
48.34 8.5
49.17 8.5
48.59 8.5
48.27 8.5
49.53 8.6
49.53 8.6
49.20 8.6
49.16 8.6
46.88 8.5
46.47 8.4
46.70 8.5
46.58 8.5
46.57 8.5
46.67 8.5
46.72 8.5
46.41 8.5
46.45 8.6
46.48 8.5
46.30 8.5
46.18 8.5
45.58 8.5
45.87 8.5
45.28 8.4
45.19 8.4
45.15 8.4
45.07 8.4
45.31 8.4
45.34 8.4
45.40 8.4
45.30 8.4
45.14 8.4
45.58 8.4
45.61 8.4
45.69 8.4
45.46 8.4
45.85 8.4
45.41 8.4
45.51 8.4
45.55 8.4
45.82 8.4
45.93 8.4
45.89 8.4
45.88 8.4
45.80 8.4
45.64 8.4
45.53 8.4
45.56 8.4
45.54 8.4
45.57 8.4
45.54 8.4
45.57 8.4
45.53 8.4
45.63 8.4
45.59 8.3
45.40 8.3
45.37 8.4
45.14 8.3
45.56 8.3
45.36 8.3
45.38 8.3
45.19 8.4
45.34 8.3
45.53 8.3
45.32 8.3
45.55 8.3
45.15 8.3
45.72 8.4
45.59 8.4
45.66 8.4
45.77 8.3
46.12 8.4
45.90 8.4
46.10 8.3
46.14 8.3
46.43 8.3
46.43 8.3
46.94 8.3
47.00 8.3
46.96 8.3
47.13 8.3
47.24 8.3
47.18 8.3
47.93 8.3
47.72 8.3
48.57 8.2
48.95 8.2
48.26 8.2
49.36 8.2
48.76 8.2
48.79 8.2
49.60 8.2
50.05 8.2
49.83 8.2
49.89 8.2
50.17 8.2
50.41 8.2
50.71 8.2
50.97 8.2
50.79 8.2
51.17 8.2
51.50 8.2
51.26 8.2
51.38 8.1
51.29 8.1
51.47 8.1
51.55 8.1
51.59 8.1
51.95 8.1
51.47 8.1
51.64 8.1
51.71 8.2
51.62 8.1
51.59 8.1
51.55 8.1
51.74 8.1
51.83 8.1
51.90 8.1
51.98 8.1
51.98 8.1
51.92 8.1
52.12 8.1
52.05 8.1
52.22 8.1
52.20 8.1
52.09 8.1
52.32 8.1
52.23 8.1
52.27 8.1
52.49 8.1
52.25 8.1
52.36 8.1
52.48 8.1
52.44 8.2
52.04 8.1
52.55 8.1
52.26 8.0
52.31 8.1
52.65 8.2
52.48 8.2
52.61 8.2
52.72 8.2
52.10 8.1
52.04 8.1
52.33 8.2
52.40 8.2
51.79 8.2
51.49 8.1
52.04 8.2
51.53 8.2
51.80 8.2
51.87 8.2
51.99 8.2
51.98 8.2
52.04 8.2
52.07 8.2
51.70 8.2
51.71 8.1
51.66 8.1
51.40 8.1
51.48 8.1
51.17 8.1
51.27 8.1
51.28 8.1
51.40 8.1
51.07 8.1
50.97 8.1
50.45 8.1
50.88 8.1
50.93 8.1
50.94 8.1
51.02 8.1
50.94 8.1
50.82 8.1
50.79 8.1
50.88 8.1
50.94 8.1
51.04 8.0
51.13 8.0
50.91 8.0
51.00 8.0
50.56 8.0
50.61 8.1
50.66 8.0
50.49 8.0
50.73 8.0
50.77 8.0
50.59 8.0
51.11 8.0
51.41 8.0
50.94 8.0
50.78 8.0
50.33 8.0
50.40 8.0
50.53 8.0
50.59 8.0
50.54 8.0
50.66 8.0
50.70 8.0
50.64 8.0
50.98 8.0
50.97 8.0
50.96 8.0
50.84 8.0
50.83 8.0
50.99 8.0
51.12 8.0
50.90 8.0
51.09 8.0
51.11 8.0
51.10 8.0
51.09 8.0
51.10 8.0
51.01 8.0
51.19 8.0
51.17 8.0
51.36 8.0
51.25 8.0
51.59 8.0
51.50 8.0
51.42 8.0
51.45 8.0
51.69 8.0
51.72 8.0
51.83 8.0
51.90 8.0
51.92 8.0
51.77 8.0
52.02 8.0
52.14 8.0
52.25 8.0
51.84 8.0
52.10 8.0
52.28 8.0
52.16 8.0
52.50 8.1
52.33 8.0
52.37 8.1
52.29 8.0
52.44 8.1
52.12 8.1
52.36 8.1
52.33 8.1
52.35 8.1
52.03 8.1
52.29 8.1
52.01 8.1
52.28 8.1
52.16 8.2
52.22 8.2
52.63 8.1
52.24 8.1
52.29 8.2
52.08 8.2
52.18 8.2
52.40 8.2
52.20 8.2
52.15 8.2
52.17 8.3
52.20 8.2
52.31 8.2
52.23 8.2
52.26 8.2
52.17 8.3
52.30 8.2
52.28 8.3
52.18 8.3
52.22 8.3
52.27 8.2
52.22 8.3
52.25 8.3
52.23 8.2
52.26 8.3
52.16 8.3
52.19 8.3
52.45 8.3
52.31 8.3
52.19 8.3
52.55 8.3
52.51 8.3
52.52 8.3
52.45 8.3
52.57 8.3
52.48 8.3
52.52 8.3
52.42 8.3
52.54 8.3
52.12 8.2
51.84 8.2
51.33 8.2
51.42 8.2
51.46 8.1
51.43 8.2
52.53 8.3
52.19 8.3
52.16 8.3
51.92 8.2
49.91 8.2
50.23 8.2
50.15 8.2
50.99 8.2
51.13 8.3
52.01 8.3
52.03 8.3
51.82 8.3
52.11 8.4
52.29 8.4
52.02 8.4
52.07 8.4
52.43 8.4
52.22 8.4
52.32 8.4
52.32 8.3
52.52 8.4
52.40 8.4
52.20 8.4
51.86 8.4
51.79 8.4
51.87 8.3
51.67 8.3
51.77 8.3
52.04 8.3
51.89 8.3
52.03 8.2
52.13 8.3
51.96 8.3
51.67 8.3
52.13 8.3
52.44 8.2
52.03 8.3
51.89 8.3
51.92 8.3
52.14 8.3
52.51 8.3
52.38 8.3
52.52 8.3
52.84 8.3
52.79 8.2
52.69 8.2
52.70 8.3
52.78 8.3
52.73 8.3
52.68 8.3
52.75 8.3
52.50 8.3
52.60 8.3
52.77 8.3
52.80 8.3
52.60 8.2
52.58 8.2
52.50 8.2
52.29 8.2
52.37 8.2
52.31 8.2
52.41 8.2
52.31 8.2
52.41 8.2
52.43 8.2
52.36 8.2
52.45 8.2
52.31 8.2
52.34 8.2
52.42 8.2
52.33 8.2
52.46 8.2
52.40 8.2
52.43 8.2
52.28 8.2
52.30 8.2
52.48 8.2
52.39 8.2
52.40 8.3
52.44 8.3
52.47 8.3
52.44 8.2
52.46 8.3
52.36 8.3
52.62 8.3
52.54 8.3
52.69 8.3
52.83 8.3
52.96 8.3
52.97 8.3
53.07 8.3
53.03 8.3
53.03 8.3
53.13 8.3
53.33 8.3
53.20 8.3
53.63 8.3
53.46 8.3
53.29 8.3
53.38 8.3
53.57 8.3
53.77 8.3
53.77 8.3
53.59 8.3
53.58 8.3
53.74 8.4
53.71 8.3
53.75 8.3
54.10 8.4
53.65 8.4
53.76 8.4
53.75 8.4
53.37 8.4
53.58 8.4
53.47 8.4
53.45 8.4
53.47 8.4
53.71 8.4
53.76 8.4
53.63 8.4
53.84 8.3
53.59 8.3
53.48 8.4
53.56 8.4
53.80 8.3
53.68 8.3
53.53 8.4
53.68 8.4
53.74 8.4
53.80 8.3
53.68 8.4
53.64 8.4
53.87 8.3
54.05 8.4
54.05 8.3
54.24 8.3
54.06 8.3
54.11 8.3
53.68 8.3
54.13 8.4
54.31 8.4
54.35 8.4
54.08 8.4
53.99 8.4
54.12 8.4
54.18 8.4
53.93 8.4
53.94 8.4
53.77 8.4
53.65 8.3
53.87 8.4
53.93 8.4
53.56 8.3
53.67 8.4
53.99 8.4
54.02 8.3
53.95 8.3
53.92 8.3
54.09 8.3
53.97 8.3
54.04 8.3
54.08 8.3
53.58 8.3
53.98 8.3
53.85 8.3
53.44 8.2
53.64 8.2
53.43 8.3
53.76 8.2
53.49 8.2
53.21 8.3
53.67 8.2
53.54 8.2
53.99 8.2
53.50 8.2
53.72 8.2
53.95 8.2
53.73 8.2
53.59 8.2
53.69 8.2
53.78 8.2
53.51 8.2
53.95 8.2
53.92 8.2
53.91 8.2
53.97 8.2
54.00 8.1
54.01 8.1
54.28 8.1
54.29 8.1
54.27 8.1
54.22 8.1
54.17 8.1
54.07 8.1
54.12 8.1
54.15 8.1
54.13 8.1
54.07 8.1
54.26 8.1
54.22 8.1
54.21 8.1
54.06 8.1
54.07 8.1
53.95 8.1
54.02 8.1
53.91 8.1
53.71 8.1
53.86 8.1
53.56 8.1
53.68 8.1
53.85 8.1
53.71 8.1
53.40 8.1
53.84 8.1
53.80 8.1
53.84 8.1
53.63 8.1
53.57 8.1
53.67 8.2
53.77 8.1
53.80 8.2
53.60 8.1
53.61 8.1
53.79 8.2
53.70 8.1
53.72 8.2
53.69 8.2
53.65 8.2
53.53 8.1
53.62 8.2
53.68 8.2
53.71 8.2
53.66 8.2
53.71 8.2
53.61 8.2
53.77 8.2
53.93 8.2
53.65 8.1
53.84 8.1
53.81 8.2
53.88 8.1
53.62 8.1
53.85 8.1
53.51 8.2
53.55 8.1
53.73 8.2
53.46 8.1
53.49 8.2
53.37 8.2
53.55 8.1
53.22 8.2
53.31 8.2
53.35 8.2
53.26 8.1
53.25 8.2
53.05 8.2
53.17 8.2
53.35 8.2
53.03 8.2
53.12 8.2
53.02 8.2
52.78 8.2
52.91 8.2
52.74 8.2
52.80 8.2
52.54 8.1
52.64 8.2
52.58 8.2
52.61 8.2
52.76 8.2
52.37 8.2
52.68 8.2
52.45 8.2
52.53 8.2
52.37 8.2
52.38 8.2
52.52 8.2
52.31 8.2
52.34 8.2
52.34 8.2
52.27 8.2
51.72 8.2
52.08 8.2
52.04 8.2
52.07 8.2
52.07 8.2
52.17 8.2
52.54 8.2
52.50 8.2
52.58 8.2
52.50 8.2
52.41 8.2
52.53 8.3
52.01 8.1
51.80 8.0
51.29 8.0
51.19 8.0
51.23 8.0
52.31 8.3
51.88 8.2
51.00 8.1
52.57 8.3
51.81 8.2
51.67 8.2
51.77 8.1
51.83 8.2
52.00 8.2
51.91 8.2
52.10 8.3
52.12 8.3
51.96 8.2
52.01 8.3
51.91 8.3
51.62 8.3
52.11 8.3
52.18 8.3
52.28 8.2
52.37 8.2
52.19 8.2
52.12 8.2
52.20 8.2
52.24 8.2
51.63 8.2
51.41 8.2
52.00 8.2
51.88 8.2
52.40 8.2
52.47 8.2
52.39 8.2
52.79 8.2
52.99 8.2
52.74 8.2
52.84 8.2
52.93 8.2
52.78 8.2
51.95 8.2
52.19 8.2
53.10 8.2
52.89 8.2
53.29 8.2
53.46 8.2
53.50 8.2
53.59 8.1
53.52 8.2
53.55 8.2
53.40 8.2
53.67 8.2
53.61 8.2
53.65 8.2
53.75 8.2
53.66 8.2
53.73 8.2
53.38 8.2
53.65 8.2
53.62 8.2
53.36 8.2
52.33 8.1
53.09 8.1
52.71 8.1
52.75 8.2
52.72 8.1
52.72 8.1
53.00 8.2
52.77 8.1
52.90 8.1
52.70 8.2
53.12 8.2
52.99 8.1
53.19 8.1
53.05 8.2
52.97 8.1
53.09 8.1
52.75 8.1
53.09 8.1
52.81 8.2
52.71 8.1
52.65 8.2
52.80 8.2
52.54 8.1
52.62 8.1
52.70 8.1
52.45 8.1
52.44 8.2
52.68 8.1
52.68 8.2
52.47 8.2
52.74 8.1
52.58 8.2
52.69 8.1
52.80 8.1
52.75 8.1
52.30 8.2
52.80 8.2
53.05 8.2
53.00 8.2
53.04 8.2
53.11 8.2
53.22 8.1
53.09 8.2
53.21 8.1
53.10 8.1
53.52 8.2
53.69 8.2
53.44 8.1
53.40 8.2
53.61 8.2
53.81 8.2
53.84 8.2
54.06 8.1
53.66 8.2
54.12 8.2
54.04 8.2
53.45 8.1
53.79 8.2
53.86 8.2
53.77 8.2
54.18 8.2
53.94 8.2
54.24 8.2
54.08 8.2
53.69 8.2
54.02 8.2
54.36 8.2
54.25 8.2
54.31 8.2
54.31 8.2
54.35 8.2
54.51 8.2
54.38 8.2
54.24 8.2
54.63 8.2
54.65 8.2
53.63 8.0
54.19 8.1
53.67 8.1
54.36 8.3
54.48 8.3
54.51 8.3
54.77 8.3
54.52 8.3
54.62 8.3
54.42 8.3
54.08 8.3
54.40 8.3
53.95 8.2
54.24 8.3
53.72 8.2
53.88 8.2
53.83 8.2
53.95 8.2
54.05 8.3
54.00 8.2
54.06 8.2
54.11 8.2
54.32 8.2
54.09 8.2
54.20 8.2
53.97 8.2
53.59 8.2
53.69 8.2
53.33 8.2
53.67 8.2
53.38 8.1
53.21 8.1
53.50 8.1
53.36 8.1
53.22 8.1
53.17 8.1
53.08 8.1
53.17 8.1
53.58 8.1
52.67 8.1
52.55 8.1
52.93 8.0
53.20 8.0
53.32 8.0
53.14 8.0
53.29 8.0
53.37 8.0
53.90 8.0
53.88 8.0
53.88 8.0
54.06 8.0
53.88 8.0
53.70 8.0
54.17 8.0
54.23 8.0
54.14 8.0
53.96 8.0
53.85 8.0
54.05 8.0
53.89 8.0
53.98 8.0
53.86 8.0
53.93 8.0
54.03 8.0
53.96 8.0
53.95 8.0
53.69 8.0
53.63 8.0
53.58 8.0
53.77 8.0
53.24 8.0
53.57 8.0
53.14 8.0
53.53 8.0
53.19 8.0
53.35 8.0
53.12 8.0
53.15 8.0
53.46 8.0
53.31 8.0
53.38 8.0
53.29 8.0
53.21 8.0
53.24 8.0
53.08 8.0
53.11 8.0
53.20 8.0
53.12 8.0
53.02 8.0
53.20 8.0
53.07 8.0
52.51 8.0
52.65 8.0
53.15 8.1
53.16 8.1
53.08 8.1
53.46 8.0
53.29 8.1
53.43 8.1
53.42 8.0
53.61 8.1
53.47 8.1
53.48 8.0
53.64 8.1
53.77 8.1
53.54 8.1
53.55 8.1
53.41 8.1
53.70 8.1
53.65 8.0
53.37 8.1
53.22 8.1
53.39 8.0
53.36 8.1
53.38 8.1
52.97 8.1
53.45 8.1
53.41 8.1
53.41 8.1
52.95 8.1
53.22 8.1
53.04 8.1
52.81 8.1
53.33 8.0
53.16 8.1
52.78 8.1
53.18 8.1
53.10 8.1
53.15 8.1
52.70 8.1
52.83 8.1
52.85 8.1
52.61 8.2
52.79 8.1
52.60 8.2
52.68 8.2
52.83 8.1
52.95 8.1
52.91 8.1
52.97 8.1
52.91 8.1
52.81 8.1
52.97 8.2
53.01 8.2
52.97 8.1
52.79 8.1
52.95 8.2
52.61 8.2
52.76 8.2
53.16 8.2
53.25 8.2
53.46 8.2
53.21 8.2
53.34 8.2
53.15 8.2
53.04 8.2
52.90 8.2
51.94 8.1
52.15 8.2
52.45 8.1
52.69 8.2
53.06 8.2
52.79 8.2
52.81 8.3
52.81 8.2
52.75 8.2
52.33 8.2
52.55 8.2
52.79 8.2
52.64 8.2
52.42 8.2
52.38 8.2
52.13 8.2
52.19 8.2
52.43 8.2
52.73 8.2
52.66 8.2
52.66 8.2
52.59 8.2
52.72 8.2
52.67 8.2
52.53 8.1
52.55 8.1
52.21 8.1
52.26 8.1
52.11 8.1
52.28 8.1
52.70 8.1
52.08 8.1
52.69 8.1
52.87 8.1
52.52 8.1
52.57 8.1
52.83 8.1
52.79 8.1
52.86 8.1
53.06 8.1
52.82 8.1
52.76 8.1
52.88 8.1
53.50 8.1
53.62 8.0
53.58 8.0
53.36 8.0
53.71 8.0
53.93 8.0
53.81 8.0
54.05 8.0
53.99 8.0
53.38 8.0
53.97 8.0
53.82 8.0
53.98 8.0
54.09 8.0
53.93 8.0
54.02 8.0
54.00 8.0
53.99 8.0
54.17 8.0
53.94 8.0
53.68 8.0
53.61 8.0
54.02 8.0
53.75 8.0
53.73 8.0
53.11 8.0
53.41 8.0
53.28 8.0
53.30 8.0
53.36 8.0
53.52 8.0
53.48 8.0
53.22 8.0
53.02 8.0
53.25 8.0
53.02 8.0
53.06 8.0
53.14 8.0
53.18 8.0
52.74 8.0
52.75 8.1
52.82 8.1
53.24 8.0
52.96 8.1
52.46 8.1
52.67 8.1
52.81 8.0
52.78 8.1
52.63 8.1
52.77 8.0
52.74 8.1
53.20 8.1
53.12 8.1
53.00 8.1
53.31 8.1
53.12 8.1
53.15 8.1
53.06 8.1
52.88 8.1
52.71 8.1
52.82 8.1
52.87 8.1
52.70 8.1
52.64 8.1
52.67 8.1
52.64 8.1
52.73 8.2
52.78 8.1
52.43 8.1
52.43 8.1
52.70 8.1
52.78 8.2
52.55 8.2
52.32 8.1
52.67 8.1
52.47 8.1
52.58 8.1
52.94 8.2
52.44 8.1
52.44 8.1
52.86 8.1
52.64 8.2
52.69 8.1
52.78 8.1
53.00 8.1
53.18 8.1
53.08 8.1
53.28 8.1
53.21 8.1
53.66 8.1
53.59 8.1
53.69 8.1
53.60 8.1
53.75 8.1
54.04 8.1
54.01 8.1
54.18 8.0
54.25 8.1
54.36 8.1
54.05 8.1
54.15 8.1
54.27 8.1
54.08 8.2
54.35 8.2
54.43 8.2
54.40 8.2
54.14 8.1
54.10 8.1
53.98 8.1
53.68 8.1
53.46 8.1
53.38 8.1
53.42 8.1
53.40 8.1
53.41 8.1
53.32 8.1
53.23 8.1
53.26 8.2
53.02 8.1
53.32 8.2
53.09 8.2
53.14 8.2
52.95 8.1
52.57 8.1
52.74 8.1
52.40 8.1
52.41 8.1
52.52 8.1
52.39 8.1
52.72 8.1
52.42 8.0
52.47 8.0
51.86 8.0
52.15 8.0
51.61 8.0
52.33 8.0
51.86 8.0
52.62 8.0
52.39 7.9
52.58 7.9
52.97 7.9
52.16 7.9
51.75 7.9
52.68 7.9
52.82 7.9
52.87 7.9
53.23 7.9
52.57 7.9
52.88 7.9
53.66 7.9
53.68 7.9
53.83 7.9
53.55 7.9
53.84 7.9
53.91 7.9
54.07 7.9
53.77 7.9
53.95 7.9
53.95 7.9
53.91 7.9
53.62 7.9
53.86 7.9
53.82 7.9
53.82 7.8
53.87 7.9
53.85 7.9
53.84 7.9
53.96 7.9
53.79 7.9
53.77 7.9
53.59 7.9
53.27 7.8
53.19 7.8
53.26 7.9
52.77 7.9
52.99 7.8
53.01 7.8
53.18 7.8
53.30 7.9
53.05 7.9
53.27 8.0
53.07 8.0
53.02 7.9
53.19 7.9
53.11 7.9
53.08 8.0
52.92 7.9
52.72 8.0
52.68 7.9
52.76 7.9
52.59 7.9
52.49 8.0
52.70 8.0
52.67 8.0
52.52 8.0
52.40 8.0
52.01 8.0
52.09 8.0
51.94 8.0
52.28 8.0
52.30 8.0
52.33 8.0
52.36 8.0
52.28 8.0
52.41 8.0
52.45 8.0
52.30 8.0
52.39 8.0
52.50 8.0
51.82 8.0
52.26 8.0
52.32 8.0
51.93 8.0
51.97 8.0
51.95 8.0
52.14 8.0
52.07 8.0
51.96 8.0
52.04 8.0
52.43 8.0
51.96 8.0
52.07 8.0
52.30 8.0
52.15 8.0
52.43 8.0
52.21 8.0
51.95 8.0
52.27 8.0
51.97 8.0
52.09 8.0
51.82 8.0
51.91 8.0
51.97 8.0
52.24 8.0
52.20 8.0
52.05 8.0
52.15 8.0
51.92 8.0
52.20 8.0
52.21 8.0
52.29 8.0
52.32 8.0
52.29 8.0
52.45 8.0
52.42 8.0
52.32 8.0
52.43 8.0
52.59 8.0
52.52 8.0
52.52 8.0
52.45 8.0
50.68 7.9
52.24 8.0
51.78 8.0
52.05 8.0
51.56 7.9
51.35 8.0
52.25 8.0
52.08 8.0
52.09 8.0
51.79 8.0
52.33 8.0
51.77 8.0
51.90 8.0
51.96 8.0
51.98 8.0
52.03 8.0
51.84 8.0
52.27 8.2
52.43 8.1
52.20 8.0
52.20 8.0
52.24 8.0
52.23 8.0
52.10 8.0
52.13 8.0
52.12 8.0
52.06 8.0
52.26 8.0
52.13 8.0
51.84 7.9
52.09 7.9
52.07 7.9
51.66 7.9
52.10 7.9
51.22 7.9
51.99 7.9
52.14 7.9
51.33 7.9
51.66 7.9
51.93 7.8
50.85 7.8
52.10 7.8
52.35 7.8
52.12 7.8
52.73 7.8
52.44 7.8
52.18 7.8
53.06 7.8
52.79 7.8
53.24 7.8
53.14 7.8
53.17 7.8
53.04 7.8
53.23 7.8
53.34 7.8
53.43 7.8
53.43 7.8
53.48 7.8
53.43 7.8
53.42 7.8
53.55 7.8
53.52 7.8
53.51 7.8
53.47 7.8
53.41 7.8
53.43 7.8
53.45 7.8
53.36 7.8
53.34 7.8
53.24 7.8
53.05 7.8
52.80 7.8
52.90 7.8
52.71 7.8
52.73 7.8
52.56 7.8
52.80 7.8
52.28 7.7
52.60 7.8
52.50 7.8
52.14 7.8
52.44 7.8
52.40 7.8
52.74 7.8
52.56 7.8
52.79 7.8
52.29 7.8
52.57 7.8
52.21 7.8
52.34 7.8
52.75 7.8
52.39 7.8
52.43 7.8
52.33 7.8
52.29 7.8
52.26 7.8
52.31 7.8
52.18 7.8
52.22 7.8
52.73 7.8
52.66 7.8
52.67 7.8
52.76 7.8
53.25 7.8
52.97 7.8
52.96 7.8
52.87 7.8
52.97 7.8
52.90 7.8
52.83 7.8
52.81 7.8
52.80 7.8
52.78 7.8
52.54 7.8
52.66 7.8
52.73 7.9
52.51 7.8
52.52 7.8
52.56 7.8
52.56 7.9
52.60 7.9
52.80 7.9
52.61 7.9
52.51 7.9
52.53 7.9
52.37 7.9
52.78 7.9
52.26 7.9
52.58 7.9
52.62 7.9
52.59 7.9
52.57 7.9
52.64 7.9
52.50 8.0
52.75 7.9
52.38 8.0
52.56 7.9
52.34 8.0
52.58 7.9
52.72 7.9
52.87 7.9
52.80 7.9
52.76 7.9
52.49 7.8
52.68 7.9
52.71 7.9
52.85 7.9
52.82 8.0
53.05 8.0
52.79 8.0
53.00 8.0
52.95 8.0
52.90 8.0
52.61 8.0
52.57 7.9
52.32 7.9
52.62 7.9
52.73 8.0
52.45 7.9
52.86 8.0
52.72 8.0
52.65 8.0
52.78 8.0
52.77 8.0
52.53 7.9
52.57 7.9
52.71 7.9
52.66 7.9
52.73 7.8
52.70 7.8
52.36 7.8
52.69 7.8
52.22 7.8
52.35 7.8
52.44 7.7
52.55 7.7
52.39 7.7
52.28 7.7
52.29 7.7
52.29 7.7
52.31 7.7
52.00 7.7
51.95 7.7
52.34 7.7
51.91 7.7
52.25 7.7
51.84 7.7
51.91 7.7
51.78 7.7
51.79 7.7
52.35 7.7
52.47 7.7
51.96 7.7
52.08 7.7
52.34 7.7
52.12 7.7
52.16 7.7
52.10 7.7
52.34 7.7
52.38 7.7
52.42 7.7
52.54 7.8
52.73 7.8
52.61 7.8
52.68 7.7
52.75 7.7
52.87 7.7
52.88 7.7
52.87 7.7
53.05 7.7
52.91 7.7
52.64 7.7
52.97 7.8
52.65 7.8
52.96 7.8
52.95 7.8
52.93 7.8
53.00 7.8
52.85 7.8
52.97 7.7
52.86 7.7
52.86 7.7
52.84 7.7
52.62 7.7
52.73 7.7
52.73 7.7
52.69 7.7
52.80 7.7
52.78 7.7
52.78 7.8
52.75 7.8
52.97 7.8
53.00 7.8
52.96 7.8
52.88 7.8
52.93 7.8
52.81 7.7
52.85 7.7
52.79 7.8
52.80 7.8
52.63 7.7
52.81 7.7
52.54 7.8
52.46 7.7
52.59 7.7
52.36 7.7
52.54 7.7
52.45 7.7
52.67 7.8
52.47 7.7
52.52 7.7
52.98 7.7
52.69 7.7
52.83 7.7
52.57 7.7
52.66 7.8
52.52 7.7
52.44 7.8
52.43 7.8
52.21 7.8
52.36 7.8
52.32 7.8
52.25 7.8
52.21 7.8
52.28 7.8
52.15 7.8
52.26 7.8
52.45 7.8
52.17 7.8
52.37 7.8
52.25 7.9
52.23 7.8
52.33 7.9
52.32 7.9
52.24 7.8
52.11 7.9
52.04 7.9
51.91 7.9
51.84 7.9
52.06 7.9
51.83 7.9
51.81 7.9
52.04 7.9
51.92 7.9
51.97 7.9
52.03 7.9
51.81 7.9
51.98 7.9
51.83 7.9
51.67 7.9
51.87 7.9
51.78 7.9
51.87 7.9
51.98 7.9
52.00 7.9
52.10 7.9
51.98 7.9
51.80 7.9
51.99 7.9
51.72 8.0
51.88 7.9
51.80 8.0
51.74 8.0
52.15 7.9
52.10 8.0
52.08 7.9
52.11 8.0
52.05 8.0
52.33 8.0
52.28 7.9
52.37 7.9
52.38 8.0
52.43 7.9
52.26 7.9
52.52 8.0
52.29 7.9
52.47 8.0
52.51 8.0
52.39 7.9
52.51 7.9
52.32 7.9
52.38 7.9
52.68 7.9
52.47 7.9
52.49 7.8
52.41 7.8
52.82 7.8
52.51 7.8
52.45 7.8
52.30 7.8
52.56 7.8
52.12 7.8
52.00 7.8
52.31 7.8
52.35 7.8
52.40 7.8
52.78 7.8
52.30 7.7
52.77 7.8
52.55 7.8
52.49 7.7
52.57 7.8
52.69 7.8
53.06 7.8
52.84 7.7
53.00 7.8
53.11 7.8
53.05 7.8
52.95 7.8
53.26 7.7
53.23 7.7
53.18 7.7
53.27 7.7
53.37 7.7
53.36 7.7
53.36 7.7
53.26 7.7
53.33 7.8
53.37 7.7
53.43 7.7
53.44 7.7
53.55 7.7
53.49 7.7
53.45 7.7
53.60 7.8
53.58 7.8
53.65 7.8
53.49 7.7
53.47 7.7
53.46 7.7
53.40 7.7
53.38 7.7
53.39 7.7
53.44 7.7
53.34 7.7
53.33 7.7
53.34 7.7
53.35 7.7
53.58 7.8
53.39 7.7
53.39 7.7
53.34 7.7
53.42 7.8
53.23 7.7
53.42 7.8
53.16 7.7
53.11 7.7
53.20 7.7
53.25 7.8
53.05 7.7
53.05 7.8
52.81 7.7
52.94 7.7
52.75 7.8
52.91 7.8
52.94 7.8
52.89 7.8
52.64 7.8
52.60 7.8
52.54 7.8
52.80 7.8
53.07 7.8
52.83 7.8
53.19 7.8
53.24 7.8
53.47 7.8
53.42 7.8
53.36 7.8
53.12 7.8
53.10 7.8
53.04 7.8
53.12 7.8
52.93 7.8
52.99 7.8
52.83 7.8
52.78 7.8
52.70 7.8
52.68 7.8
52.62 7.8
52.54 7.8
52.45 7.8
52.43 7.8
52.40 7.8
52.40 7.8
52.38 7.8
52.38 7.8
52.25 7.8
52.31 7.8
52.27 7.8
52.24 7.8
52.16 7.9
52.02 7.9
51.86 7.9
52.01 7.8
52.02 7.8
51.83 7.8
51.79 7.9
51.89 7.9
52.19 7.8
51.69 7.9
51.77 7.9
51.86 7.8
51.62 7.9
51.17 8.0
51.53 7.9
51.60 7.9
51.75 7.9
51.65 7.9
52.08 7.9
51.71 7.9
51.97 7.9
51.83 7.9
51.89 7.9
51.83 7.9
51.71 7.9
51.97 7.9
51.88 7.9
51.89 7.9
51.89 7.9
51.79 7.9
51.95 7.9
51.93 7.9
51.79 7.8
51.88 7.9
51.89 7.9
52.06 7.9
51.95 7.9
51.87 7.9
51.91 7.9
51.87 7.8
52.08 7.8
52.03 7.8
52.04 7.8
52.45 7.8
52.84 7.7
53.16 7.7
52.84 7.7
53.05 7.7
52.98 7.7
52.96 7.7
52.87 7.7
52.79 7.7
53.06 7.7
52.88 7.7
53.12 7.7
52.85 7.7
53.05 7.6
53.45 7.6
53.11 7.6
53.33 7.6
53.14 7.6
53.19 7.6
53.17 7.6
53.05 7.6
53.35 7.6
53.25 7.6
53.21 7.6
53.30 7.6
53.25 7.6
53.47 7.6
53.53 7.6
53.59 7.6
53.60 7.6
53.53 7.6
53.61 7.6
53.64 7.6
53.45 7.6
53.63 7.6
53.61 7.6
53.67 7.6
53.52 7.6
53.70 7.7
53.74 7.7
53.74 7.7
53.52 7.6
53.62 7.6
53.55 7.6
53.44 7.6
53.36 7.6
53.14 7.6
53.26 7.6
52.99 7.6
53.52 7.6
53.05 7.6
53.36 7.6
53.19 7.6
53.14 7.6
53.12 7.6
53.18 7.6
52.98 7.6
53.00 7.6
53.03 7.6
53.02 7.6
53.01 7.6
52.59 7.6
52.66 7.7
52.60 7.6
52.60 7.7
52.51 7.7
52.48 7.6
52.33 7.6
52.35 7.6
52.30 7.7
52.21 7.7
52.09 7.7
52.07 7.7
51.79 7.7
51.54 7.7
51.66 7.7
51.80 7.7
51.78 7.7
51.77 7.7
51.74 7.7
51.69 7.7
51.43 7.7
51.27 7.7
51.26 7.7
51.16 7.7
50.97 7.8
51.13 7.7
50.76 7.8
50.44 7.8
50.69 7.8
50.46 7.8
50.45 7.8
50.07 7.8
49.78 7.8
50.05 7.8
50.06 7.8
50.20 7.8
50.19 7.8
49.68 7.9
49.53 7.9
49.60 7.9
49.82 7.9
49.59 7.9
49.39 8.0
49.50 7.9
49.61 7.9
49.50 7.9
49.45 7.9
49.45 8.0
49.48 7.9
48.96 8.0
49.12 7.9
49.38 7.9
49.10 7.9
49.34 8.0
49.24 8.0
49.35 8.0
49.23 8.0
48.92 8.0
49.14 8.0
49.38 8.0
49.25 8.0
49.24 8.0
49.21 8.0
49.20 8.0
49.32 8.0
49.53 8.0
49.37 8.0
49.42 8.0
49.32 8.0
49.33 8.0
49.41 8.0
49.18 8.0
49.35 8.0
49.15 7.9
49.42 7.9
49.28 7.9
49.39 7.9
49.31 7.9
49.59 7.9
49.66 7.9
49.49 7.9
49.55 7.9
49.78 7.9
49.79 7.8
49.64 7.8
49.72 7.8
49.69 7.8
49.86 7.8
49.99 7.7
49.98 7.7
49.99 7.7
50.02 7.6
50.17 7.7
50.31 7.7
50.51 7.6
50.72 7.6
50.25 7.6
50.43 7.6
50.10 7.6
50.10 7.6
51.08 7.6
50.74 7.6
51.38 7.6
51.25 7.6
51.18 7.6
51.19 7.6
51.64 7.6
51.62 7.6
51.83 7.6
51.37 7.6
52.04 7.6
51.64 7.6
52.17 7.6
52.32 7.6
52.11 7.6
51.90 7.6
52.48 7.6
52.48 7.6
52.58 7.6
52.63 7.5
52.72 7.6
52.83 7.5
52.77 7.5
52.81 7.5
52.85 7.5
52.80 7.5
52.87 7.5
52.86 7.6
52.84 7.5
52.79 7.5
52.81 7.6
52.74 7.6
52.87 7.6
52.87 7.6
52.83 7.5
52.80 7.5
52.62 7.5
52.63 7.5
52.53 7.5
52.28 7.5
52.29 7.5
52.29 7.5
52.44 7.5
52.37 7.5
52.37 7.5
52.40 7.5
52.46 7.5
52.46 7.5
52.52 7.5
52.43 7.6
52.37 7.5
52.46 7.6
52.37 7.6
52.18 7.5
52.05 7.6
52.20 7.6
51.84 7.5
51.87 7.6
52.00 7.6
51.79 7.6
51.68 7.6
51.61 7.6
51.54 7.6
51.61 7.6
51.51 7.6
51.38 7.6
51.36 7.6
51.32 7.6
51.42 7.6
51.35 7.6
51.24 7.6
51.09 7.6
50.97 7.6
51.06 7.6
50.72 7.6
50.74 7.6
50.63 7.6
50.61 7.6
50.31 7.7
50.24 7.7
49.95 7.6
49.60 7.7
49.85 7.7
49.98 7.7
49.83 7.7
49.65 7.7
49.80 7.7
49.45 7.8
49.23 7.8
49.31 7.8
49.15 7.8
49.33 7.7
49.25 7.8
49.01 7.8
49.02 7.8
49.04 7.8
48.73 7.8
48.80 7.8
48.75 7.8
48.42 7.8
48.77 7.8
48.54 7.8
48.33 7.8
48.32 7.8
48.42 7.8
48.11 7.9
48.05 7.9
47.97 7.9
48.30 7.9
48.28 7.8
48.22 7.8
48.13 7.8
48.33 7.8
48.59 7.8
48.55 7.6
48.56 7.7
48.62 7.6
47.83 7.7
47.41 7.7
47.72 7.8
47.62 7.9
47.49 7.9
47.35 7.9
47.21 7.9
47.54 7.9
47.65 7.9
47.42 7.9
47.56 7.9
47.59 7.9
47.74 7.9
47.66 7.8
47.74 7.9
47.85 7.8
47.90 7.8
47.97 7.8
47.98 7.8
47.95 7.8
48.09 7.8
48.14 7.8
48.00 7.8
48.34 7.8
48.81 7.7
48.50 7.7
48.73 7.7
48.89 7.7
48.88 7.7
48.48 7.7
49.16 7.7
49.11 7.6
48.74 7.6
49.31 7.6
49.06 7.6
49.47 7.6
49.35 7.6
49.33 7.6
48.86 7.6
49.26 7.6
49.62 7.5
49.16 7.5
49.49 7.5
49.88 7.5
50.00 7.5
50.13 7.5
50.60 7.5
50.39 7.5
50.67 7.5
50.75 7.5
50.66 7.5
51.13 7.5
51.03 7.4
50.93 7.5
50.65 7.5
50.77 7.5
50.66 7.5
50.76 7.5
50.17 7.5
50.96 7.5
50.60 7.5
50.34 7.5
50.22 7.5
50.21 7.5
49.95 7.5
49.44 7.5
49.52 7.5
49.64 7.5
49.78 7.5
49.64 7.5
49.84 7.5
49.64 7.5
49.75 7.5
49.82 7.5
49.74 7.5
49.80 7.5
49.78 7.5
49.75 7.5
49.57 7.6
49.44 7.6
49.36 7.6
49.11 7.6
48.97 7.6
48.58 7.6
48.61 7.6
48.55 7.7
48.30 7.6
47.97 7.7
48.13 7.7
47.75 7.7
47.52 7.7
47.71 7.7
47.32 7.7
47.15 7.7
47.03 7.8
47.14 7.8
47.25 7.7
46.94 7.8
46.98 7.8
46.73 7.8
46.48 7.8
46.68 7.8
46.60 7.8
46.52 7.8
46.47 7.8
46.14 7.9
45.99 7.9
45.87 7.8
45.83 7.9
46.03 7.9
45.78 7.9
45.98 7.9
45.61 8.0
45.53 8.0
45.68 7.9
45.34 8.0
44.80 8.0
45.46 8.0
44.98 8.0
44.67 8.0
44.41 8.0
44.90 8.0
44.67 8.0
44.28 8.0
44.37 8.0
44.09 8.0
43.73 8.1
43.61 8.0
43.65 8.1
43.66 8.1
44.01 8.1
44.08 8.1
44.27 8.0
43.71 8.1
44.06 8.1
44.04 8.1
43.78 8.1
44.08 8.0
42.83 8.1
41.81 8.1
43.85 8.2
43.85 8.2
43.90 8.1
43.70 8.1
43.93 8.0
44.21 8.1
43.33 7.9
43.31 8.0
43.04 8.0
43.59 8.2
43.55 8.0
43.16 8.0
43.42 8.1
43.23 8.0
43.61 8.2
43.00 8.2
43.04 8.2
43.05 8.2
42.83 8.2
42.84 8.2
43.10 8.2
42.92 8.2
43.09 8.2
43.01 8.2
43.12 8.2
42.89 8.2
42.83 8.2
43.11 8.2
43.18 8.2
43.43 8.1
42.69 8.1
43.40 8.1
43.05 8.1
43.57 8.1
43.08 8.1
43.79 8.1
44.07 8.1
43.60 8.1
43.68 8.0
43.79 8.0
44.03 8.0
44.18 8.0
44.48 8.0
44.39 8.0
44.59 7.9
45.27 7.9
45.34 7.9
45.24 7.9
45.99 7.9
45.79 7.9
46.25 7.8
46.38 7.8
46.54 7.8
46.66 7.8
47.52 7.8
47.50 7.8
47.26 7.8
48.16 7.8
47.87 7.8
47.96 7.8
48.13 7.8
48.26 7.8
48.55 7.8
48.36 7.7
48.76 7.7
48.70 7.7
48.49 7.7
48.58 7.7
48.40 7.8
48.75 7.8
48.97 7.8
48.75 7.8
48.50 7.8
48.57 7.8
48.33 7.8
48.08 7.8
47.71 7.8
48.00 7.8
48.12 7.8
47.88 7.8
47.90 7.8
47.84 7.8
47.96 7.8
47.82 7.8
47.79 7.8
47.78 7.8
47.53 7.8
47.55 7.8
47.56 7.8
47.31 7.8
47.32 7.8
47.07 7.8
47.11 7.8
46.74 7.8
46.72 7.9
46.74 7.9
46.59 7.9
46.51 7.9
46.34 7.9
46.42 7.9
46.25 7.9
45.84 8.0
45.81 8.0
45.81 8.0
46.00 7.9
45.60 8.0
45.74 8.0
45.80 8.0
45.73 8.0
45.55 8.0
45.23 8.0
45.30 8.0
45.09 8.0
45.09 8.0
45.02 8.0
44.61 8.1
44.74 8.0
44.78 8.0
44.71 8.0
44.38 8.1
44.44 8.1
44.35 8.1
44.31 8.1
44.40 8.1
44.24 8.1
43.94 8.1
44.38 8.1
44.21 8.1
44.07 8.1
44.24 8.1
43.80 8.1
44.03 8.1
43.77 8.1
43.69 8.1
43.65 8.1
43.66 8.1
43.33 8.1
43.46 8.1
43.55 8.2
43.47 8.2
43.19 8.2
43.53 8.1
43.53 8.1
43.18 8.2
43.19 8.2
43.14 8.2
43.25 8.2
43.29 8.2
43.02 8.2
42.89 8.2
42.72 8.2
42.90 8.2
42.93 8.2
43.01 8.2
43.15 8.2
43.07 8.2
43.03 8.0
42.85 8.0
42.90 8.2
42.77 8.2
42.82 8.2
42.86 8.2
42.74 8.2
42.45 8.2
42.40 8.1
42.38 8.2
42.19 8.3
42.44 8.3
41.94 8.3
42.24 8.3
42.35 8.3
42.10 8.3
42.05 8.3
42.11 8.3
42.16 8.3
41.96 8.3
42.07 8.3
42.04 8.3
42.14 8.3
42.23 8.3
42.21 8.3
42.30 8.3
42.18 8.2
42.34 8.2
42.31 8.2
41.87 8.2
42.42 8.2
42.57 8.2
42.22 8.2
42.37 8.2
42.30 8.2
42.30 8.2
42.41 8.1
42.35 8.1
42.62 8.1
42.95 8.1
43.47 8.1
42.98 8.1
42.99 8.1
42.75 8.1
43.08 8.1
43.22 8.0
43.76 8.0
43.95 8.0
44.27 8.0
43.91 8.0
44.62 8.0
44.59 8.0
44.83 8.0
45.05 8.0
45.45 8.0
45.28 8.0
44.99 8.0
45.29 8.0
45.35 8.0
45.09 8.0
45.32 8.0
45.56 8.0
45.78 8.0
45.83 8.0
45.79 8.0
45.41 8.0
45.76 8.0
45.08 8.0
44.85 8.0
44.93 8.0
44.76 8.0
44.68 8.0
44.66 8.0
44.36 8.0
44.40 8.0
44.65 8.0
44.61 8.0
44.59 8.0
44.38 8.0
44.41 8.0
44.30 8.1
44.14 8.1
44.07 8.1
43.99 8.1
43.81 8.2
43.66 8.1
43.66 8.1
43.51 8.1
43.35 8.1
43.53 8.1
42.96 8.2
43.07 8.2
43.04 8.2
42.93 8.2
42.80 8.2
42.94 8.2
42.83 8.2
42.81 8.2
42.75 8.2
42.77 8.2
42.68 8.2
42.65 8.2
42.76 8.2
42.40 8.2
42.33 8.3
42.31 8.2
42.33 8.2
42.18 8.2
42.37 8.2
42.19 8.3
42.07 8.2
42.04 8.3
42.00 8.3
41.99 8.3
41.84 8.3
41.80 8.2
41.88 8.3
41.46 8.3
41.76 8.3
41.77 8.3
41.69 8.3
41.38 8.3
41.58 8.3
41.60 8.3
41.18 8.4
41.26 8.3
41.58 8.3
41.40 8.4
41.66 8.4
41.59 8.4
41.46 8.3
41.45 8.4
41.31 8.4
41.52 8.4
41.45 8.4
41.60 8.4
41.45 8.4
41.35 8.4
41.70 8.4
41.67 8.4
41.29 8.4
41.44 8.4
41.38 8.4
41.18 8.4
41.93 8.4
41.51 8.4
41.12 8.4
40.69 8.3
40.57 8.3
40.90 8.4
40.98 8.4
40.83 8.4
40.24 8.3
40.62 8.3
41.33 8.4
41.28 8.5
41.37 8.5
41.34 8.5
41.14 8.5
40.72 8.5
40.67 8.5
40.68 8.5
40.33 8.5
40.61 8.5
40.68 8.5
40.88 8.5
40.75 8.5
40.62 8.5
40.14 8.5
40.34 8.5
40.67 8.4
40.68 8.4
40.63 8.4
40.41 8.4
40.83 8.4
40.79 8.4
40.42 8.4
41.06 8.4
40.82 8.4
40.97 8.4
41.16 8.3
40.88 8.3
40.78 8.3
41.37 8.3
41.04 8.3
41.54 8.3
41.71 8.2
41.97 8.2
41.58 8.2
41.77 8.2
42.37 8.2
41.56 8.2
42.50 8.2
42.81 8.2
43.12 8.2
43.22 8.2
43.25 8.2
42.99 8.1
43.62 8.2
44.04 8.1
43.96 8.1
44.32 8.1
44.20 8.1
44.43 8.1
44.99 8.1
45.12 8.1
45.08 8.1
45.10 8.1
45.07 8.1
44.73 8.1
44.99 8.1
44.92 8.1
45.45 8.1
45.47 8.1
45.44 8.1
45.17 8.1
45.23 8.1
45.51 8.1
45.06 8.1
45.05 8.1
45.04 8.1
45.22 8.1
44.82 8.1
44.96 8.1
44.71 8.1
44.72 8.1
44.81 8.1
44.38 8.1
44.60 8.1
44.56 8.1
44.38 8.1
44.40 8.1
44.37 8.1
44.33 8.1
44.01 8.2
43.93 8.2
43.57 8.2
43.62 8.2
43.56 8.2
43.48 8.2
43.24 8.2
43.38 8.2
43.47 8.2
43.05 8.2
43.17 8.2
43.12 8.2
43.11 8.2
43.09 8.2
43.17 8.2
43.10 8.2
43.04 8.3
43.16 8.3
42.98 8.3
42.92 8.3
42.81 8.3
42.82 8.3
42.90 8.3
42.77 8.3
42.88 8.3
42.88 8.3
42.92 8.3
42.72 8.3
42.87 8.3
43.18 8.3
42.93 8.3
42.70 8.3
42.55 8.4
42.97 8.3
42.86 8.4
42.78 8.4
42.75 8.4
42.73 8.4
42.66 8.4
42.77 8.4
42.89 8.4
42.78 8.4
43.03 8.4
42.77 8.4
42.85 8.4
42.90 8.4
42.82 8.4
42.92 8.4
43.05 8.4
43.15 8.4
42.96 8.4
42.79 8.4
42.81 8.4
42.55 8.4
43.04 8.4
42.87 8.4
42.93 8.4
43.14 8.4
42.89 8.4
42.94 8.4
43.03 8.4
42.76 8.4
42.77 8.4
42.77 8.4
42.98 8.3
42.97 8.3
42.92 8.4
42.47 8.3
42.34 8.3
42.30 8.3
41.86 8.3
41.76 8.3
42.18 8.4
42.37 8.4
42.08 8.4
41.72 8.3
42.47 8.5
42.60 8.4
42.64 8.6
42.71 8.6
42.52 8.5
42.02 8.6
42.21 8.6
42.14 8.6
41.93 8.6
41.90 8.6
41.79 8.6
41.99 8.6
42.20 8.6
42.03 8.6
42.04 8.6
42.08 8.6
41.92 8.6
42.29 8.6
41.88 8.5
42.07 8.5
42.03 8.5
42.05 8.5
41.83 8.5
41.58 8.5
42.14 8.5
42.09 8.5
41.94 8.5
41.74 8.4
41.89 8.4
41.86 8.4
42.39 8.4
41.92 8.4
41.73 8.4
42.04 8.4
42.02 8.4
42.00 8.3
42.12 8.3
42.43 8.4
41.68 8.3
42.12 8.3
42.43 8.3
42.55 8.3
42.20 8.3
42.77 8.3
42.56 8.3
42.97 8.3
42.92 8.3
42.92 8.3
43.06 8.3
43.40 8.3
43.13 8.3
43.28 8.3
43.33 8.3
43.50 8.3
43.48 8.3
43.49 8.3
43.55 8.3
43.27 8.3
43.42 8.3
43.19 8.3
43.06 8.3
42.84 8.3
43.02 8.3
42.91 8.3
42.85 8.3
42.86 8.3
42.97 8.3
43.01 8.3
42.92 8.3
42.79 8.3
42.69 8.3
42.82 8.3
42.82 8.3
42.73 8.4
42.65 8.3
42.47 8.4
42.50 8.4
42.41 8.4
42.47 8.4
42.45 8.4
42.41 8.4
42.28 8.4
42.42 8.4
42.28 8.4
42.35 8.4
42.42 8.4
42.39 8.5
42.52 8.4
42.38 8.4
42.49 8.5
42.57 8.5
42.41 8.4
42.73 8.5
42.75 8.5
42.62 8.5
42.47 8.5
42.71 8.5
42.51 8.5
42.87 8.5
42.65 8.5
42.74 8.5
42.71 8.5
42.81 8.5
43.02 8.5
42.77 8.5
42.70 8.5
42.71 8.5
42.85 8.5
42.97 8.5
42.70 8.5
42.90 8.6
42.91 8.6
42.86 8.5
42.59 8.6
43.04 8.6
42.89 8.6
42.61 8.5
42.58 8.5
42.58 8.5
42.67 8.5
42.89 8.6
43.01 8.6
42.88 8.6
43.10 8.7
43.14 8.6
43.00 8.6
43.02 8.6
43.11 8.6
43.13 8.6
43.27 8.6
43.22 8.6
43.30 8.6
42.76 8.5
42.39 8.4
42.92 8.6
41.85 8.5
42.25 8.6
43.09 8.7
41.85 8.6
41.98 8.6
42.56 8.6
42.40 8.6
42.51 8.6
42.89 8.7
42.67 8.7
42.66 8.7
42.41 8.7
42.46 8.7
42.22 8.7
42.41 8.7
42.20 8.7
42.31 8.7
42.32 8.7
42.14 8.7
42.24 8.7
42.41 8.7
42.20 8.6
42.19 8.6
42.21 8.6
41.93 8.6
42.13 8.6
42.09 8.6
42.17 8.6
42.25 8.6
41.78 8.5
42.11 8.5
41.91 8.5
42.14 8.5
42.02 8.5
41.73 8.4
42.13 8.4
41.85 8.4
42.20 8.4
41.62 8.4
42.16 8.4
41.94 8.4
42.17 8.4
42.21 8.4
42.41 8.4
42.27 8.4
42.19 8.4
42.22 8.4
42.80 8.3
42.65 8.3
43.04 8.3
43.18 8.3
43.20 8.3
43.08 8.3
43.51 8.3
43.43 8.3
43.87 8.3
43.70 8.3
43.81 8.3
43.65 8.3
44.01 8.3
44.07 8.3
44.08 8.3
44.07 8.3
44.08 8.2
44.14 8.2
44.13 8.2
44.19 8.3
44.29 8.3
44.21 8.3
44.25 8.3
44.20 8.3
44.16 8.3
44.17 8.3
44.10 8.3
44.07 8.3
43.79 8.3
43.94 8.3
43.91 8.3
43.88 8.3
43.98 8.3
43.87 8.3
44.16 8.3
43.97 8.3
43.90 8.3
43.77 8.3
43.80 8.3
43.64 8.3
43.74 8.3
43.74 8.3
43.61 8.3
43.46 8.3
43.45 8.3
43.55 8.3
43.42 8.3
43.39 8.3
43.25 8.3
43.43 8.3
43.35 8.3
43.39 8.3
43.15 8.3
43.33 8.3
43.28 8.3
43.24 8.3
43.48 8.4
43.50 8.4
43.36 8.3
43.49 8.4
43.47 8.4
43.53 8.3
43.52 8.4
43.66 8.4
43.65 8.4
43.61 8.4
43.73 8.4
43.65 8.4
43.75 8.4
43.98 8.4
43.86 8.4
43.71 8.4
43.80 8.5
43.81 8.4
43.97 8.4
43.78 8.4
43.94 8.5
43.80 8.5
44.11 8.5
43.87 8.5
43.94 8.5
44.01 8.5
43.97 8.5
43.99 8.5
44.13 8.6
44.01 8.5
44.14 8.5
44.16 8.5
44.05 8.5
44.04 8.5
43.97 8.5
44.07 8.5
44.27 8.5
44.21 8.5
44.26 8.5
44.40 8.6
44.28 8.6
44.35 8.6
44.37 8.6
44.53 8.6
44.38 8.5
44.43 8.6
44.44 8.6
44.45 8.5
44.43 8.5
44.38 8.5
44.50 8.6
44.19 8.5
44.01 8.5
42.56 8.4
43.09 8.5
42.65 8.6
44.33 8.7
44.30 8.7
44.11 8.6
44.28 8.6
44.29 8.6
43.69 8.6
43.64 8.6
43.83 8.6
43.79 8.6
43.79 8.6
43.79 8.7
43.67 8.7
43.84 8.7
43.66 8.7
43.71 8.7
43.43 8.6
43.33 8.6
43.38 8.6
43.31 8.6
43.19 8.6
43.05 8.6
43.00 8.6
43.11 8.6
43.05 8.6
42.85 8.6
43.07 8.6
42.75 8.6
42.69 8.6
42.68 8.6
42.51 8.6
42.50 8.5
42.35 8.5
42.61 8.5
42.60 8.5
42.57 8.5
42.40 8.5
42.50 8.5
42.43 8.4
42.62 8.5
42.65 8.5
42.42 8.4
42.62 8.4
42.77 8.4
42.83 8.4
42.80 8.4
42.87 8.4
42.94 8.4
43.09 8.4
43.18 8.4
43.15 8.4
43.19 8.4
43.02 8.4
43.21 8.4
43.14 8.4
43.32 8.4
43.36 8.4
43.42 8.4
43.34 8.4
43.10 8.4
43.26 8.4
43.07 8.4
43.38 8.4
42.79 8.4
43.11 8.4
43.04 8.4
42.91 8.4
43.13 8.4
43.20 8.4
43.04 8.5
43.08 8.4
43.09 8.4
42.84 8.4
43.05 8.4
43.02 8.5
42.96 8.5
42.93 8.5
42.80 8.5
42.70 8.5
42.82 8.5
42.77 8.5
42.87 8.5
42.70 8.5
42.72 8.5
42.94 8.5
42.92 8.5
42.97 8.5
42.98 8.5
43.09 8.5
43.21 8.5
43.10 8.5
43.08 8.5
43.23 8.5
43.26 8.5
43.40 8.5
43.34 8.6
43.59 8.5
43.58 8.5
43.66 8.5
43.94 8.6
43.87 8.6
43.70 8.6
43.74 8.6
44.01 8.6
43.89 8.6
43.86 8.6
44.02 8.6
44.00 8.5
44.06 8.6
44.07 8.6
44.18 8.6
43.99 8.6
44.14 8.6
43.96 8.6
44.05 8.6
43.93 8.6
43.97 8.6
44.18 8.6
44.34 8.6
44.23 8.6
44.18 8.7
44.43 8.6
44.09 8.6
44.23 8.6
44.38 8.7
44.38 8.7
44.51 8.6
44.36 8.6
44.39 8.6
44.17 8.6
44.15 8.6
44.27 8.6
44.22 8.6
44.48 8.6
44.42 8.6
44.31 8.6
44.25 8.6
44.17 8.6
44.47 8.6
44.12 8.6
44.58 8.7
44.65 8.7
43.95 8.7
44.11 8.7
44.23 8.7
44.15 8.7
44.09 8.7
44.53 8.8
44.26 8.8
43.97 8.8
43.79 8.7
43.94 8.8
43.82 8.7
43.95 8.7
44.02 8.7
43.90 8.7
43.89 8.7
43.84 8.7
43.82 8.7
43.87 8.7
43.48 8.7
43.55 8.7
43.55 8.6
43.51 8.6
43.36 8.6
43.37 8.6
43.19 8.6
43.13 8.6
43.10 8.5
42.89 8.5
42.73 8.5
42.79 8.5
42.60 8.4
42.70 8.4
42.59 8.4
42.35 8.4
42.03 8.4
42.49 8.4
42.44 8.4
42.41 8.4
42.37 8.4
42.52 8.4
42.56 8.4
42.79 8.4
43.02 8.4
43.06 8.4
43.22 8.4
43.00 8.4
43.12 8.3
43.42 8.3
43.53 8.3
43.12 8.3
43.59 8.3
43.51 8.3
43.59 8.3
43.64 8.3
43.76 8.3
43.90 8.3
43.97 8.3
44.03 8.3
44.16 8.3
44.02 8.3
44.07 8.3
44.29 8.3
44.20 8.3
44.11 8.3
44.39 8.3
44.11 8.3
44.39 8.3
44.36 8.3
44.50 8.3
44.49 8.3
44.29 8.3
44.21 8.3
44.06 8.3
44.07 8.3
44.19 8.3
44.22 8.3
44.14 8.3
44.18 8.3
44.07 8.3
44.09 8.3
43.87 8.3
44.00 8.3
43.87 8.3
43.92 8.3
43.87 8.3
43.70 8.3
43.85 8.3
43.80 8.3
43.66 8.3
43.78 8.3
43.69 8.3
43.78 8.3
43.74 8.3
43.81 8.3
43.86 8.3
43.77 8.3
43.81 8.3
43.78 8.3
43.89 8.3
44.14 8.4
44.03 8.4
44.13 8.4
44.32 8.4
44.05 8.4
44.20 8.4
44.25 8.4
44.34 8.4
44.25 8.4
44.55 8.4
44.50 8.4
44.54 8.4
44.52 8.4
44.46 8.4
44.75 8.5
44.47 8.5
44.62 8.5
44.77 8.5
44.65 8.5
44.68 8.5
44.52 8.5
44.73 8.5
44.65 8.5
44.88 8.5
44.80 8.5
44.96 8.5
44.84 8.5
44.81 8.5
45.05 8.6
44.77 8.5
45.07 8.6
44.98 8.6
45.05 8.6
45.17 8.6
44.87 8.6
45.30 8.6
44.96 8.6
45.06 8.6
45.24 8.6
45.11 8.6
45.25 8.6
45.25 8.6
45.11 8.6
45.17 8.6
45.23 8.6
45.51 8.6
45.12 8.6
45.29 8.6
45.21 8.6
45.32 8.6
45.49 8.6
45.12 8.6
45.36 8.6
45.30 8.6
44.74 8.6
44.39 8.5
44.12 8.5
43.53 8.5
45.23 8.7
45.03 8.6
44.82 8.6
44.92 8.6
44.84 8.7
44.89 8.7
45.02 8.7
44.57 8.6
44.90 8.7
44.79 8.7
44.51 8.7
44.58 8.7
44.66 8.7
44.62 8.7
44.71 8.7
44.50 8.7
44.45 8.6
44.53 8.6
44.48 8.6
44.46 8.6
44.35 8.6
44.13 8.6
44.27 8.6
44.16 8.6
44.16 8.6
44.09 8.6
44.00 8.6
43.89 8.6
43.73 8.6
44.06 8.5
43.91 8.5
44.02 8.5
43.77 8.5
43.87 8.5
43.74 8.5
43.98 8.5
43.63 8.5
43.80 8.4
43.46 8.5
43.76 8.4
43.70 8.4
43.85 8.4
43.77 8.4
43.71 8.4
43.99 8.4
43.83 8.4
44.06 8.4
44.11 8.4
44.22 8.4
44.24 8.4
44.23 8.4
44.26 8.4
44.27 8.4
44.36 8.4
44.38 8.4
44.37 8.4
44.38 8.4
44.32 8.4
44.36 8.4
44.36 8.4
44.37 8.4
44.28 8.4
44.41 8.4
44.33 8.4
44.21 8.4
44.19 8.4
44.26 8.4
44.40 8.4
44.23 8.4
44.26 8.4
44.13 8.4
44.22 8.4
44.23 8.4
44.11 8.4
44.15 8.4
44.26 8.4
44.19 8.4
44.26 8.4
44.27 8.4
44.16 8.4
44.26 8.4
44.20 8.4
44.35 8.4
44.38 8.5
44.28 8.5
44.16 8.5
44.29 8.4
44.40 8.5
44.40 8.4
44.46 8.5
44.42 8.4
44.50 8.5
44.30 8.5
44.66 8.5
44.89 8.5
44.83 8.5
44.85 8.5
45.17 8.5
45.03 8.5
44.81 8.5
45.02 8.5
45.08 8.5
44.92 8.5
45.15 8.5
45.01 8.5
45.08 8.5
45.20 8.5
45.20 8.6
45.12 8.6
45.17 8.6
45.21 8.6
45.26 8.6
45.26 8.6
45.28 8.6
45.12 8.6
45.37 8.6
45.21 8.6
45.17 8.6
45.31 8.6
45.31 8.6
45.31 8.6
45.12 8.6
45.27 8.6
45.40 8.6
45.12 8.6
45.42 8.6
45.35 8.6
45.30 8.6
45.37 8.6
45.31 8.6
45.44 8.6
45.59 8.6
45.35 8.6
45.53 8.6
45.41 8.6
45.09 8.5
44.44 8.5
45.53 8.7
44.76 8.6
45.25 8.7
45.14 8.7
44.87 8.6
44.25 8.6
44.72 8.6
44.47 8.7
44.89 8.7
44.92 8.7
44.46 8.7
44.51 8.7
44.18 8.7
44.42 8.7
44.45 8.7
44.42 8.7
44.32 8.7
44.31 8.7
44.56 8.7
44.34 8.6
44.34 8.6
44.48 8.6
44.23 8.6
44.36 8.6
44.24 8.6
44.21 8.6
44.08 8.6
44.06 8.5
44.05 8.6
43.71 8.5
43.95 8.5
43.62 8.5
43.78 8.5
43.72 8.5
43.68 8.4
43.63 8.4
43.36 8.4
43.65 8.4
43.65 8.4
43.67 8.4
43.81 8.4
43.71 8.4
43.91 8.4
43.69 8.3
43.82 8.3
43.91 8.3
43.66 8.3
43.76 8.3
43.97 8.3
44.08 8.3
44.27 8.3
44.04 8.3
44.20 8.3
44.20 8.3
44.46 8.3
44.32 8.3
44.50 8.2
44.65 8.2
44.62 8.2
44.69 8.2
44.76 8.2
44.80 8.2
44.84 8.2
44.83 8.2
44.79 8.1
44.82 8.2
44.77 8.2
44.78 8.2
44.79 8.2
44.81 8.2
44.78 8.2
44.83 8.2
44.82 8.2
44.76 8.2
44.81 8.2
44.69 8.2
44.72 8.2
44.78 8.2
44.73 8.2
44.73 8.2
44.48 8.2
44.66 8.2
44.62 8.2
44.56 8.2
44.64 8.2
44.50 8.3
44.60 8.2
44.63 8.3
44.58 8.3
44.64 8.3
44.65 8.3
44.50 8.3
44.40 8.3
44.58 8.3
44.42 8.3
44.65 8.3
44.72 8.3
44.66 8.3
44.76 8.3
44.76 8.3
44.82 8.3
44.81 8.3
45.28 8.4
45.41 8.4
45.33 8.4
45.02 8.4
45.16 8.4
45.25 8.4
45.15 8.4
45.26 8.5
45.46 8.5
45.32 8.5
45.21 8.5
45.37 8.5
45.36 8.5
45.28 8.5
45.31 8.5
45.43 8.5
45.34 8.5
45.37 8.5
45.34 8.5
45.43 8.6
45.60 8.5
45.44 8.5
45.44 8.5
45.51 8.5
45.43 8.6
45.47 8.6
45.53 8.5
45.69 8.6
45.53 8.6
45.38 8.6
45.60 8.6
45.46 8.6
45.55 8.6
45.56 8.6
45.52 8.6
45.51 8.6
45.53 8.6
45.49 8.6
45.50 8.6
45.50 8.7
45.47 8.6
45.53 8.6
45.39 8.7
45.41 8.7
45.49 8.7
45.43 8.6
45.45 8.7
45.39 8.6
45.29 8.7
45.30 8.7
45.31 8.8
45.32 8.7
45.30 8.7
45.40 8.7
45.42 8.7
45.23 8.7
45.43 8.7
45.55 8.7
45.54 8.7
45.58 8.8
45.01 8.7
45.36 8.7
45.14 8.7
45.24 8.7
45.03 8.7
45.21 8.7
45.30 8.7
45.03 8.7
45.23 8.7
45.05 8.7
45.20 8.7
45.10 8.7
45.16 8.6
44.92 8.6
44.91 8.6
45.03 8.6
44.94 8.6
44.88 8.6
44.65 8.5
44.62 8.5
44.63 8.5
44.79 8.6
44.56 8.6
44.64 8.6
44.91 8.5
44.87 8.5
44.86 8.5
44.67 8.5
44.61 8.4
44.71 8.4
44.59 8.4
44.43 8.4
44.44 8.4
44.30 8.4
44.31 8.4
44.64 8.4
44.33 8.4
44.38 8.3
44.52 8.4
44.55 8.4
44.76 8.3
44.72 8.3
44.74 8.3
44.78 8.3
44.79 8.3
44.95 8.3
45.02 8.3
45.06 8.3
45.15 8.3
45.12 8.3
45.22 8.3
45.26 8.3
45.08 8.3
45.17 8.3
45.24 8.3
45.19 8.3
45.22 8.3
45.22 8.3
45.25 8.3
45.24 8.3
45.20 8.3
45.29 8.3
45.24 8.3
45.11 8.3
45.21 8.3
45.09 8.3
45.20 8.3
45.21 8.3
44.88 8.3
45.12 8.3
45.11 8.3
45.23 8.3
45.14 8.3
45.14 8.3
45.16 8.4
45.09 8.4
45.00 8.4
45.15 8.4
45.12 8.4
44.91 8.4
45.17 8.4
45.19 8.4
45.14 8.4
45.00 8.4
45.14 8.4
45.16 8.4
45.42 8.5
45.15 8.4
45.28 8.5
45.26 8.5
46.06 8.5
46.24 8.5
46.80 8.5
46.46 8.5
46.32 8.5
46.36 8.5
46.40 8.5
46.52 8.5
46.48 8.5
46.55 8.5
46.47 8.6
46.44 8.5
46.48 8.5
46.54 8.6
46.52 8.6
46.49 8.6
46.53 8.6
46.43 8.6
46.62 8.6
46.38 8.6
46.47 8.6
46.35 8.7
46.30 8.6
46.41 8.6
46.56 8.6
46.49 8.7
46.51 8.6
46.43 8.7
46.39 8.6
46.44 8.6
46.32 8.7
46.45 8.7
46.45 8.7
46.46 8.6
46.28 8.7
46.40 8.7
46.41 8.7
46.41 8.7
46.42 8.6
46.55 8.6
46.57 8.7
46.08 8.6
46.52 8.7
46.46 8.7
46.55 8.7
46.49 8.7
46.30 8.7
46.45 8.7
46.50 8.8
46.14 8.8
46.30 8.7
46.16 8.7
46.23 8.7
45.98 8.7
45.76 8.7
45.88 8.7
45.91 8.7
45.77 8.7
45.91 8.7
45.78 8.6
45.75 8.6
45.62 8.6
45.66 8.6
45.70 8.6
46.10 8.5
46.15 8.5
46.34 8.5
46.41 8.5
46.35 8.5
46.36 8.5
46.40 8.5
46.22 8.5
46.17 8.4
45.89 8.4
46.24 8.4
45.94 8.4
46.17 8.4
45.92 8.4
45.70 8.4
45.59 8.4
45.92 8.4
45.58 8.4
45.59 8.4
45.49 8.4
45.26 8.3
45.43 8.3
45.11 8.3
45.19 8.3
45.31 8.3
45.54 8.3
45.51 8.3
45.55 8.3
45.11 8.3
45.10 8.3
45.25 8.3
45.39 8.3
45.39 8.2
45.42 8.2
45.38 8.2
45.69 8.2
45.64 8.2
45.69 8.2
45.81 8.2
45.63 8.2
45.64 8.2
45.64 8.2
45.80 8.2
45.66 8.2
45.69 8.2
45.67 8.2
45.63 8.2
45.56 8.2
45.79 8.2
45.81 8.2
45.81 8.2
45.62 8.2
45.77 8.2
45.77 8.2
45.72 8.2
45.66 8.2
45.59 8.2
45.87 8.2
45.70 8.2
45.51 8.2
45.71 8.2
45.62 8.2
45.53 8.2
45.66 8.2
45.58 8.2
45.59 8.2
45.55 8.2
45.55 8.2
45.61 8.2
45.62 8.2
45.61 8.2
45.66 8.2
45.65 8.2
45.63 8.2
45.59 8.2
45.64 8.2
45.83 8.3
45.82 8.3
45.81 8.3
46.00 8.3
46.32 8.3
46.03 8.2
47.22 8.3
46.87 8.2
46.84 8.2
47.14 8.2
46.90 8.2
47.09 8.2
47.15 8.3
46.97 8.2
47.12 8.3
47.04 8.2
46.94 8.3
47.21 8.2
47.17 8.3
47.04 8.3
47.01 8.3
47.16 8.3
46.96 8.3
46.88 8.4
46.89 8.3
46.86 8.4
47.07 8.3
46.87 8.4
47.09 8.3
47.07 8.3
46.94 8.4
46.70 8.4
47.02 8.4
46.62 8.5
46.76 8.4
46.88 8.4
46.90 8.4
46.80 8.4
46.77 8.4
46.94 8.4
46.94 8.4
46.64 8.5
46.66 8.5
46.61 8.4
46.51 8.5
46.59 8.4
46.47 8.4
46.66 8.4
46.51 8.4
46.37 8.5
46.37 8.5
46.24 8.5
46.24 8.5
45.97 8.5
45.94 8.5
46.27 8.5
46.24 8.5
46.35 8.5
46.22 8.5
46.12 8.6
45.97 8.5
45.95 8.5
45.27 8.4
44.84 8.4
44.63 8.4
45.51 8.6
45.46 8.6
45.43 8.5
45.66 8.6
45.53 8.6
45.29 8.6
45.13 8.6
45.61 8.6
45.44 8.6
45.44 8.6
45.45 8.6
45.61 8.6
45.42 8.6
45.48 8.5
45.34 8.6
45.37 8.5
45.47 8.5
45.49 8.5
45.58 8.5
45.44 8.5
45.41 8.5
45.13 8.5
45.23 8.4
45.17 8.4
45.13 8.4
44.92 8.4
45.08 8.4
44.60 8.4
44.99 8.4
44.63 8.4
45.00 8.4
44.96 8.4
44.99 8.4
45.17 8.4
45.08 8.4
45.11 8.4
44.46 8.4
45.16 8.3
44.82 8.3
44.60 8.3
45.04 8.3
44.95 8.3
44.62 8.3
45.38 8.2
44.87 8.3
45.25 8.3
45.81 8.2
45.52 8.2
45.81 8.2
45.83 8.2
45.58 8.2
45.73 8.2
45.72 8.2
45.71 8.2
45.76 8.2
45.88 8.2
45.82 8.2
45.86 8.2
45.83 8.2
45.87 8.2
45.90 8.2
45.69 8.3
45.82 8.2
45.72 8.2
45.76 8.2
45.85 8.2
45.66 8.2
45.67 8.2
45.68 8.2
45.75 8.2
45.75 8.2
45.67 8.2
45.68 8.2
45.77 8.2
45.72 8.2
45.71 8.2
45.70 8.2
45.65 8.2
45.73 8.2
45.85 8.2
45.60 8.2
45.84 8.3
45.71 8.3
45.72 8.3
45.76 8.3
45.65 8.3
45.72 8.3
45.36 8.3
45.62 8.3
45.44 8.3
45.53 8.3
45.62 8.3
45.72 8.3
45.74 8.3
45.63 8.3
45.67 8.4
45.74 8.4
45.77 8.4
45.67 8.4
45.75 8.4
45.78 8.3
45.65 8.4
45.81 8.4
45.74 8.4
45.84 8.4
45.48 8.4
45.62 8.4
45.62 8.4
45.47 8.4
45.54 8.4
45.52 8.4
45.37 8.4
45.58 8.4
45.47 8.4
45.33 8.5
45.36 8.4
45.43 8.5
45.30 8.5
45.38 8.5
45.29 8.4
45.28 8.4
45.26 8.4
45.38 8.5
45.25 8.5
45.20 8.5
45.15 8.5
45.22 8.5
45.49 8.5
45.22 8.4
45.34 8.4
45.19 8.5
45.23 8.4
45.40 8.4
45.31 8.5
45.27 8.5
45.34 8.6
45.41 8.6
45.10 8.5
44.95 8.5
44.93 8.5
44.80 8.5
44.76 8.5
44.66 8.5
44.45 8.5
44.50 8.5
44.64 8.5
44.35 8.5
44.45 8.5
44.60 8.5
44.46 8.5
44.61 8.5
44.39 8.5
44.60 8.5
44.59 8.4
44.50 8.4
44.46 8.4
44.51 8.4
44.36 8.4
44.24 8.4
44.26 8.3
44.38 8.3
44.38 8.3
44.22 8.3
44.06 8.3
44.10 8.3
44.11 8.3
44.30 8.2
44.42 8.2
44.22 8.2
44.33 8.2
43.89 8.2
44.38 8.1
44.15 8.1
44.25 8.1
44.05 8.1
44.03 8.1
44.20 8.1
44.28 8.1
44.19 8.1
44.18 8.1
44.07 8.1
44.21 8.0
44.60 8.0
44.70 8.0
44.70 8.0
44.85 8.0
44.88 8.0
44.95 8.0
45.24 8.0
45.32 8.0
45.33 8.0
45.44 8.0
45.24 8.0
45.25 7.9
45.41 8.0
45.49 8.0
45.52 8.0
45.43 8.0
45.47 8.0
45.42 8.0
45.40 8.0
45.45 8.0
45.36 8.0
45.44 8.0
45.26 8.1
45.42 8.0
45.37 8.0
45.18 8.0
45.39 8.0
45.36 8.0
45.35 8.0
45.32 8.0
45.45 8.0
45.40 8.0
45.36 8.0
45.38 8.0
45.35 8.0
45.31 8.0
45.31 8.0
45.32 8.0
44.37 8.0
45.22 8.0
45.28 8.0
45.31 8.0
45.28 8.0
45.26 8.0
45.16 8.0
45.33 8.0
45.15 8.0
45.16 8.0
45.12 8.0
45.33 8.1
45.31 8.0
45.18 8.1
45.17 8.1
45.15 8.1
45.29 8.1
45.17 8.0
45.45 8.1
45.30 8.0
45.30 8.1
45.45 8.1
45.46 8.1
45.29 8.0
45.35 8.1
45.24 8.1
45.19 8.1
45.07 8.2
45.14 8.2
45.19 8.2
45.11 8.2
45.14 8.2
45.37 8.2
45.15 8.2
45.08 8.2
45.17 8.2
45.22 8.2
45.10 8.2
45.14 8.2
45.10 8.3
45.09 8.3
45.03 8.3
45.03 8.3
44.79 8.3
45.08 8.3
45.07 8.4
45.11 8.3
44.98 8.3
44.88 8.3
44.98 8.4
44.96 8.3
44.93 8.3
44.99 8.4
44.92 8.3
44.90 8.4
44.80 8.4
44.82 8.4
44.83 8.4
44.61 8.4
44.73 8.4
44.77 8.4
44.75 8.4
44.70 8.4
44.48 8.4
44.60 8.4
44.72 8.3
44.55 8.4
44.68 8.3
44.67 8.4
44.06 8.4
43.32 8.3
43.44 8.4
44.22 8.5
43.74 8.4
43.36 8.3
44.03 8.4
43.83 8.4
43.82 8.5
44.01 8.5
43.45 8.4
43.73 8.5
43.76 8.4
43.99 8.5
44.05 8.4
43.72 8.5
43.63 8.5
43.80 8.5
44.00 8.4
43.84 8.4
43.98 8.4
43.80 8.4
43.96 8.4
43.87 8.3
43.79 8.3
43.90 8.3
43.83 8.3
43.90 8.3
43.59 8.3
43.64 8.3
43.62 8.3
43.68 8.3
43.46 8.3
43.10 8.3
43.32 8.2
43.17 8.2
43.23 8.2
43.52 8.2
43.34 8.2
43.53 8.2
43.75 8.2
43.97 8.2
44.14 8.2
43.56 8.2
43.44 8.2
44.33 8.1
44.49 8.1
44.25 8.1
44.64 8.1
44.26 8.1
44.98 8.1
44.98 8.1
44.97 8.1
45.16 8.1
45.28 8.1
45.31 8.1
45.30 8.1
45.38 8.1
45.25 8.1
45.33 8.1
45.38 8.1
45.33 8.1
45.25 8.1
45.41 8.1
45.37 8.1
45.42 8.1
45.35 8.1
45.29 8.1
45.15 8.1
44.93 8.1
45.11 8.1
45.10 8.1
45.06 8.1
44.92 8.1
44.96 8.1
44.89 8.1
44.84 8.1
45.00 8.1
44.97 8.1
45.00 8.1
45.03 8.1
44.73 8.1
45.02 8.1
44.93 8.1
44.75 8.1
44.90 8.1
44.67 8.1
44.79 8.1
44.58 8.1
44.81 8.2
44.76 8.2
44.73 8.2
44.83 8.2
44.78 8.2
44.50 8.2
44.68 8.2
44.63 8.2
44.70 8.2
44.72 8.2
44.83 8.2
44.70 8.2
44.87 8.2
44.85 8.2
44.73 8.2
44.78 8.3
44.90 8.2
44.68 8.2
44.70 8.2
44.60 8.3
44.69 8.3
44.61 8.3
44.62 8.3
44.40 8.3
44.51 8.3
44.38 8.3
44.46 8.3
44.43 8.3
44.27 8.3
44.35 8.4
44.17 8.4
44.16 8.4
43.93 8.4
43.96 8.4
43.98 8.4
43.77 8.5
43.82 8.4
43.78 8.5
43.77 8.4
43.58 8.5
43.39 8.5
43.61 8.5
43.32 8.5
43.59 8.5
43.66 8.5
43.53 8.5
43.57 8.5
43.41 8.5
43.48 8.5
43.48 8.5
43.49 8.5
43.48 8.5
43.48 8.5
43.40 8.6
43.44 8.6
43.55 8.6
43.29 8.5
43.16 8.5
43.39 8.5
43.49 8.5
43.34 8.4
42.99 8.5
42.97 8.5
42.94 8.4
43.23 8.4
42.96 8.4
43.21 8.4
42.88 8.4
43.09 8.4
43.05 8.4
43.10 8.4
43.30 8.3
43.40 8.3
43.31 8.2
43.55 8.2
43.72 8.2
43.30 8.2
43.43 8.2
43.67 8.2
43.43 8.2
43.31 8.2
42.97 8.1
43.30 8.1
43.44 8.1
43.07 8.1
43.12 8.1
43.58 8.1
43.75 8.1
43.77 8.1
43.67 8.0
43.91 8.0
43.84 8.0
43.66 8.0
43.72 8.0
43.88 8.0
44.08 8.0
43.74 8.0
43.85 8.0
44.27 8.0
43.76 8.0
44.11 8.0
43.99 8.0
43.86 8.0
44.05 8.0
44.41 8.0
44.37 8.0
44.50 7.9
44.52 8.0
44.52 7.9
44.51 8.0
44.55 7.9
44.51 7.9
44.47 7.9
44.78 7.9
44.81 7.9
44.66 7.9
44.79 7.9
44.79 7.9
44.74 7.9
44.71 8.0
44.72 8.0
44.69 8.0
44.80 8.0
44.63 8.0
44.70 8.0
44.70 7.9
44.62 7.9
44.68 7.9
44.61 7.9
44.63 8.0
44.55 7.9
44.61 7.9
44.33 7.9
44.56 7.9
44.57 7.9
44.60 8.0
44.54 8.0
44.62 8.0
44.52 7.9
44.39 8.0
44.43 8.0
44.39 8.0
44.33 8.0
44.32 8.0
44.36 8.0
44.28 8.0
44.18 8.0
44.21 8.0
44.23 8.0
44.23 8.0
44.10 8.0
44.04 8.0
44.19 8.0
44.14 8.0
44.08 8.0
44.26 8.0
44.29 8.0
44.45 8.0
44.53 8.0
44.43 8.0
44.58 8.0
44.35 8.0
44.43 8.0
44.47 8.0
44.37 8.0
44.29 8.0
44.57 8.0
44.24 8.0
44.15 8.0
44.11 8.0
44.43 8.0
44.43 8.0
44.03 8.0
44.13 8.0
44.26 8.0
44.13 8.0
44.20 8.0
43.76 8.1
44.04 8.1
43.87 8.1
43.92 8.1
43.95 8.0
43.52 8.1
43.75 8.1
43.80 8.1
43.82 8.1
43.79 8.1
43.89 8.0
43.73 8.1
43.72 8.1
43.47 8.1
43.38 8.1
43.63 8.1
43.66 8.1
43.61 8.1
43.59 8.1
43.58 8.1
43.33 8.2
43.27 8.2
43.20 8.2
43.08 8.2
43.20 8.2
43.00 8.2
43.18 8.1
43.14 8.2
43.23 8.1
42.93 8.2
42.91 8.2
42.98 8.2
42.76 8.2
42.78 8.2
42.72 8.2
42.73 8.2
42.83 8.1
42.96 8.1
42.46 8.1
42.37 8.0
42.02 8.0
41.22 8.0
42.13 8.2
42.08 8.3
41.90 8.2
42.22 8.4
41.95 8.2
41.89 8.2
42.25 8.2
42.52 8.2
42.51 8.2
42.39 8.2
42.38 8.2
42.48 8.2
42.26 8.2
42.13 8.2
42.31 8.2
42.33 8.2
42.01 8.2
42.18 8.2
42.55 8.2
42.43 8.2
42.49 8.2
42.31 8.2
42.52 8.2
42.60 8.2
42.20 8.2
42.50 8.2
42.15 8.2
41.39 8.2
41.46 8.2
42.38 8.2
42.08 8.2
42.40 8.1
41.96 8.1
43.04 8.2
43.04 8.2
42.44 8.2
43.06 8.1
42.74 8.2
42.72 8.1
42.51 8.1
42.96 8.1
43.08 8.1
43.70 8.1
43.85 8.1
44.05 8.1
43.92 8.1
44.10 8.0
44.11 8.1
44.04 8.1
44.01 8.1
44.25 8.1
44.26 8.1
44.10 8.1
44.15 8.1
44.10 8.1
44.06 8.1
44.07 8.1
43.77 8.1
43.63 8.1
43.78 8.1
43.44 8.1
43.40 8.1
43.38 8.1
43.47 8.1
43.73 8.1
43.63 8.1
43.77 8.1
43.52 8.0
43.63 8.1
43.51 8.1
43.69 8.1
43.50 8.1
43.55 8.1
43.30 8.1
43.24 8.1
43.35 8.1
43.43 8.1
43.21 8.1
43.33 8.1
42.99 8.1
43.27 8.1
43.20 8.1
43.24 8.1
42.92 8.1
42.56 8.1
43.15 8.2
42.79 8.2
43.09 8.1
42.75 8.1
42.94 8.2
43.00 8.2
43.09 8.1
43.00 8.1
42.60 8.1
42.76 8.2
42.55 8.2
42.76 8.2
42.75 8.2
42.46 8.2
42.67 8.2
42.62 8.2
42.40 8.2
42.18 8.2
42.46 8.2
42.29 8.2
42.05 8.2
42.39 8.2
42.07 8.2
41.95 8.2
42.01 8.2