18.2 762
18.1 767
18.1 765
18.1 772
18.1 767
18.1 769
18.1 772
18.0 774
18.0 774
18.0 776
18.0 786
18.0 778
18.0 780
18.0 789
18.0 787
18.0 788
18.0 791
18.1 795
18.1 794
18.1 794
18.1 796
18.1 803
18.1 801
18.1 800
18.1 809
18.1 808
18.1 817
18.1 812
18.1 814
18.2 813
18.2 816
18.2 818
18.2 822
18.2 821
18.2 824
18.2 821
18.2 826
18.2 826
18.2 830
18.2 834
18.2 834
18.2 835
18.2 837
18.3 841
18.3 839
18.3 840
18.3 841
18.2 844
18.3 843
18.3 845
18.3 847
18.2 853
18.2 853
18.2 858
18.2 858
18.2 863
18.2 868
18.2 867
18.2 870
18.2 881
18.2 878
18.2 882
18.2 884
18.2 885
18.2 886
18.2 887
18.2 888
18.2 889
18.2 891
18.2 890
18.2 891
18.2 892
18.2 896
18.2 893
18.2 892
18.2 894
18.2 894
18.2 896
18.2 898
18.2 895
18.1 895
18.1 896
18.1 896
18.1 897
18.1 894
18.1 897
18.1 895
18.1 893
18.1 892
18.1 892
18.1 891
18.1 890
18.1 889
18.0 889
18.0 890
18.0 892
18.0 888
18.0 887
18.0 886
18.0 885
18.0 889
18.0 885
18.0 885
17.9 883
17.9 882
17.9 882
17.9 881
17.9 883
17.9 880
17.9 877
17.9 876
17.9 873
17.9 874
17.9 870
17.9 869
17.9 873
17.9 869
17.9 870
18.0 869
18.0 869
18.0 868
18.0 870
18.0 869
18.0 868
18.1 867
18.1 867
18.1 867
18.1 869
18.1 866
18.1 867
18.1 865
18.2 864
18.2 864
18.2 862
18.2 862
18.2 865
18.2 861
18.2 861
18.2 861
18.2 862
18.3 861
18.2 862
18.3 861
18.3 864
18.3 861
18.2 861
18.3 861
18.3 860
18.2 859
18.2 858
18.2 861
18.2 858
18.2 855
18.2 855
18.2 855
18.2 850
18.2 851
18.2 850
18.2 848
18.2 846
18.2 847
18.2 844
18.1 842
18.1 836
18.1 837
18.1 838
18.1 834
18.1 838
18.1 835
18.0 833
18.0 832
18.0 834
18.0 833
18.0 834
18.0 832
18.0 831
18.0 833
18.0 831
17.9 831
17.9 831
17.9 832
17.9 832
17.9 832
17.9 833
17.9 832
17.8 832
17.8 832
17.8 832
17.8 833
17.8 833
17.8 833
17.8 835
17.8 835
17.8 836
17.7 838
17.7 839
17.7 842
17.7 845
17.7 844
17.7 847
17.7 848
17.7 852
17.7 852
17.6 856
17.6 858
17.6 859
17.7 864
17.7 869
17.7 872
17.7 874
17.7 874
17.7 876
17.7 880
17.8 881
17.8 881
17.8 884
17.9 884
17.9 885
17.9 886
17.9 888
18.0 887
18.0 887
18.0 886
18.0 887
18.0 885
18.0 885
18.1 885
18.1 885
18.1 885
18.1 884
18.2 884
18.2 883
18.2 883
18.2 886
18.2 883
18.2 882
18.2 883
18.3 881
18.3 878
18.3 878
18.3 875
18.3 874
18.3 868
18.3 866
18.2 868
18.2 865
18.2 864
18.2 861
18.2 862
18.2 862
18.2 860
18.1 860
18.1 860
18.1 862
18.1 861
18.1 861
18.0 861
18.0 861
18.0 861
18.0 861
18.0 863
18.0 863
18.0 863
17.9 862
17.9 863
17.9 863
17.9 865
17.9 864
17.9 865
17.8 866
17.8 867
17.8 867
17.8 867
17.8 867
17.8 867
17.8 869
17.8 868
17.8 869
17.7 869
17.7 869
17.7 870
17.7 872
17.7 871
17.7 873
17.7 876
17.7 876
17.7 878
17.6 878
17.6 879
17.6 880
17.6 879
17.6 881
17.6 882
17.6 883
17.5 883
17.5 884
17.5 887
17.5 888
17.5 887
17.5 888
17.5 889
17.5 889
17.5 890
17.5 892
17.5 892
17.5 892
17.5 892
17.5 893
17.5 892
17.5 893
17.5 893
17.5 893
17.5 893
17.5 894
17.5 893
17.5 892
17.5 893
17.5 892
17.5 892
17.5 892
17.5 891
17.5 891
17.5 890
17.5 890
17.5 889
17.5 890
17.5 889
17.5 888
17.5 887
17.5 886
17.5 887
17.5 887
17.5 885
17.5 883
17.5 883
17.5 881
17.5 882
17.5 880
17.5 879
17.5 879
17.4 878
17.4 877
17.4 877
17.4 875
17.4 873
17.4 872
17.3 872
17.3 871
17.3 870
17.3 870
17.3 871
17.2 871
17.2 871
17.2 871
17.2 872
17.2 872
17.1 872
17.1 873
17.1 873
17.1 874
17.0 873
17.0 874
17.0 874
17.0 874
17.0 874
16.9 875
16.9 875
16.9 875
16.9 876
16.8 875
16.8 874
16.8 875
16.8 875
16.8 875
16.8 875
16.7 876
16.7 876
16.7 878
16.7 880
16.7 880
16.6 881
16.6 881
16.6 883
16.6 883
16.6 884
16.6 883
16.6 884
16.5 884
16.5 884
16.5 884
16.5 886
16.5 886
16.5 886
16.5 886
16.5 886
16.5 886
16.4 886
16.4 885
16.4 885
16.4 883
16.4 882
16.4 882
16.4 880
16.4 879
16.4 879
16.5 878
16.4 878
16.5 877
16.5 876
16.5 876
16.5 875
16.5 876
16.5 876
16.5 875
16.5 876
16.5 876
16.5 876
16.5 876
16.5 876
16.5 876
16.5 877
16.6 876
16.6 875
16.6 875
16.6 876
16.6 876
16.6 876
16.6 875
16.6 873
16.6 874
16.6 875
16.6 873
16.6 873
16.6 871
16.6 866
16.6 867
16.6 867
16.6 866
16.6 865
16.6 865
16.6 862
16.6 862
16.6 861
16.5 861
16.5 862
16.5 862
16.4 860
16.4 861
16.4 860
16.4 861
16.4 861
16.4 860
16.4 860
16.4 861
16.4 859
16.4 858
16.4 859
16.4 859
16.3 859
16.3 858
16.3 858
16.3 858
16.3 858
16.2 858
16.2 858
16.2 858
16.2 858
16.2 858
16.2 859
16.2 859
16.1 859
16.1 859
16.1 859
16.1 859
16.1 860
16.1 858
16.0 860
16.0 860
16.0 860
16.0 859
16.0 859
16.0 860
15.9 860
15.9 859
15.9 859
15.9 860
15.9 859
15.9 859
15.8 860
15.8 860
15.8 860
15.8 859
15.8 860
15.8 860
15.8 861
15.8 861
15.9 860
15.9 860
15.9 861
15.9 862
15.9 864
16.0 865
16.0 866
16.0 867
16.0 867
16.1 868
16.2 867
16.2 872
16.2 873
16.2 873
16.3 875
16.3 878
16.3 879
16.3 881
16.4 883
16.4 884
16.4 888
16.5 888
16.5 888
16.5 890
16.6 890
16.6 892
16.6 895
16.7 895
16.7 894
16.7 895
16.7 896
16.7 898
16.8 898
16.8 900
16.8 902
16.8 903
16.8 903
16.8 904
16.8 903
16.8 902
16.8 903
16.8 903
16.8 903
16.8 902
16.8 903
16.8 904
16.7 904
16.7 904
16.7 905
16.7 904
16.7 904
16.7 904
16.7 904
16.7 905
16.6 903
16.6 902
16.6 901
16.6 901
16.6 900
16.6 898
16.6 896
16.6 894
16.6 891
16.5 891
16.5 889
16.5 887
16.5 880
16.5 872
16.5 874
16.5 875
16.5 877
16.5 877
16.4 876
16.4 876
16.4 869
16.4 866
16.4 866
16.4 860
16.3 858
16.3 857
16.3 855
16.3 850
16.3 852
16.3 853
16.3 853
16.3 854
16.3 854
16.3 853
16.3 853
16.3 854
16.3 855
16.3 856
16.3 856
16.3 857
16.3 857
16.3 857
16.3 858
16.4 858
16.4 859
16.4 860
16.4 862
16.5 863
16.5 863
16.6 863
16.6 863
16.7 863
16.7 864
16.8 863
16.8 863
16.8 862
16.9 863
16.9 863
16.9 863
16.9 863
17.0 862
17.0 861
17.0 860
17.1 859
17.1 859
17.1 856
17.2 854
17.2 850
17.2 850
17.2 849
17.3 848
17.3 845
17.3 844
17.3 843
17.3 845
17.3 844
17.3 841
17.3 839
17.3 840
17.3 841
17.3 839
17.3 840
17.3 842
17.3 844
17.3 843
17.3 844
17.2 846
17.2 848
17.2 847
17.2 849
17.2 849
17.2 850
17.2 851
17.2 853
17.2 854
17.2 853
17.1 856
17.1 857
17.1 859
17.1 860
17.1 861
17.1 861
17.1 860
17.1 861
17.1 862
17.1 864
17.0 864
17.0 863
17.0 864
17.0 864
17.0 865
17.0 864
17.0 865
17.0 864
17.0 864
17.0 864
17.0 864
17.0 863
16.9 864
16.9 864
16.9 864
16.9 863
16.9 861
16.9 862
16.9 862
16.9 862
16.8 860
16.8 860
16.8 860
16.8 860
16.8 859
16.8 857
16.8 857
16.8 855
16.8 855
16.9 855
16.9 853
16.9 855
16.9 853
16.9 852
17.0 851
17.0 851
17.0 851
17.1 851
17.1 849
17.2 849
17.2 849
17.3 849
17.3 847
17.4 846
17.4 846
17.5 846
17.5 845
17.6 845
17.6 846
17.6 846
17.7 846
17.7 845
17.8 846
17.8 847
17.8 846
17.9 847
17.9 847
18.0 846
18.0 846
18.0 847
18.0 846
18.1 848
18.1 848
18.1 848
18.1 849
18.1 849
18.1 849
18.1 850
18.1 851
18.1 851
18.1 851
18.1 850
18.1 848
18.1 849
18.0 849
18.0 850
18.0 850
18.0 850
18.0 850
17.9 850
17.9 851
17.9 852
17.8 852
17.8 854
17.8 855
17.8 856
17.8 858
17.7 859
17.7 860
17.7 863
17.6 866
17.6 866
17.6 867
17.6 867
17.6 869
17.5 871
17.5 872
17.5 872
17.5 871
17.5 872
17.4 874
17.4 874
17.4 873
17.4 874
17.4 876
17.4 878
17.3 878
17.3 878
17.3 879
17.3 880
17.3 881
17.3 881
17.2 881
17.2 881
17.2 881
17.2 882
17.2 883
17.2 882
17.2 882
17.2 881
17.3 880
17.3 878
17.3 878
17.3 878
17.3 874
17.4 872
17.4 871
17.4 869
17.4 868
17.5 866
17.6 858
17.6 856
17.7 853
17.7 852
17.8 848
17.8 847
17.8 846
17.9 845
17.9 843
18.0 841
18.0 840
18.0 841
18.1 839
18.1 837
18.2 837
18.2 838
18.2 839
18.3 837
18.3 835
18.3 835
18.3 833
18.4 829
18.4 828
18.4 830
18.5 831
18.5 831
18.4 830
18.5 831
18.5 831
18.5 831
18.5 832
18.5 832
18.5 831
18.5 832
18.5 834
18.5 836
18.5 838
18.5 838
18.4 838
18.4 840
18.4 843
18.4 844
18.4 845
18.3 848
18.3 850
18.3 851
18.2 851
18.2 850
18.2 852
18.2 852
18.2 853
18.2 853
18.2 854
18.2 855
18.1 856
18.1 856
18.1 855
18.1 855
18.0 855
18.0 856
18.0 856
18.0 856
18.0 856
18.0 857
17.9 856
17.9 856
17.9 857
17.8 857
17.8 857
17.8 858
17.8 859
17.8 859
17.7 859
17.7 860
17.7 861
17.7 862
17.7 863
17.6 864
17.6 865
17.6 865
17.6 864
17.6 864
17.6 865
17.6 866
17.5 865
17.5 865
17.5 866
17.5 866
17.5 867
17.6 867
17.6 868
17.6 869
17.6 869
17.6 870
17.7 871
17.8 872
17.8 872
17.8 872
17.9 871
17.9 872
17.9 871
18.0 871
18.0 870
18.1 870
18.2 870
18.2 869
18.3 868
18.4 867
18.4 866
18.4 865
18.5 864
18.5 862
18.6 861
18.6 862
18.7 857
18.7 855
18.7 855
18.8 856
18.8 854
18.8 850
18.9 849
18.9 848
18.9 847
18.9 844
18.9 839
18.9 833
19.0 833
18.9 829
18.9 825
18.9 824
18.9 823
18.9 822
18.9 822
18.8 822
18.8 822
18.8 821
18.7 820
18.7 820
18.7 820
18.7 821
18.7 822
18.6 822
18.6 821
18.6 822
18.6 824
18.5 824
18.5 825
18.5 826
18.4 827
18.4 827
18.4 827
18.3 828
18.3 827
18.3 828
18.3 827
18.2 825
18.2 826
18.2 825
18.1 824
18.1 824
18.1 824
18.1 824
18.1 824
18.0 824
18.0 823
18.0 823
18.0 824
18.0 823
17.9 823
17.9 823
17.9 824
17.9 824
17.8 825
17.8 825
17.8 826
17.8 826
17.8 828
17.8 829
17.8 830
17.8 831
17.8 831
17.8 834
17.8 834
17.7 834
17.8 834
17.8 835
17.8 837
17.8 838
17.8 839
17.8 840
17.9 840
17.9 840
17.9 842
18.0 844
18.0 845
18.0 846
18.1 845
18.1 847
18.2 850
18.2 851
18.2 852
18.3 854
18.3 852
18.4 854
18.4 856
18.4 858
18.5 857
18.5 859
18.6 860
18.6 860
18.7 862
18.8 861
18.8 862
18.8 865
18.8 867
18.8 869
18.9 869
18.9 870
18.9 871
18.9 872
18.9 873
18.9 873
18.9 873
18.9 874
18.9 874
19.0 874
19.0 874
19.0 874
19.0 874
19.0 873
19.0 874
19.0 873
19.0 873
19.0 872
19.0 872
19.0 872
19.0 871
18.9 871
18.9 871
18.9 871
18.9 870
18.9 869
18.9 869
18.9 869
18.9 871
18.8 871
18.8 870
18.8 870
18.8 871
18.8 872
18.7 871
18.7 871
18.7 871
18.7 870
18.7 871
18.6 871
18.6 871
18.6 872
18.6 873
18.6 873
18.6 874
18.5 874
18.5 874
18.5 874
18.5 875
18.5 876
18.4 876
18.4 876
18.4 876
18.4 876
18.4 877
18.4 877
18.3 877
18.3 877
18.3 877
18.3 876
18.3 876
18.2 876
18.2 877
18.2 877
18.2 877
18.2 877
18.2 877
18.3 877
18.3 878
18.3 877
18.3 878
18.4 879
18.4 880
18.4 880
18.4 880
18.5 881
18.5 881
18.5 881
18.6 882
18.6 882
18.6 883
18.7 883
18.7 882
18.7 882
18.8 882
18.8 881
18.9 880
18.9 879
19.0 878
19.0 877
19.1 876
19.1 874
19.2 872
19.2 872
19.3 871
19.3 869
19.4 866
19.4 859
19.5 858
19.5 860
19.5 860
19.6 859
19.6 855
19.6 851
19.7 851
19.7 851
19.7 850
19.7 849
19.8 848
19.8 847
19.8 846
19.8 844
19.8 844
19.8 844
19.8 842
19.8 841
19.8 841
19.8 835
19.8 837
19.8 838
19.8 837
19.8 836
19.8 835
19.8 836
19.8 835
19.8 834
19.8 834
19.8 832
19.8 831
19.8 829
19.8 829
19.8 828
19.7 827
19.7 828
19.7 828
19.7 828
19.7 829
19.7 830
19.7 829
19.7 830
19.6 830
19.6 830
19.6 832
19.6 833
19.6 834
19.6 834
19.5 836
19.5 838
19.5 840
19.5 842
19.5 843
19.5 843
19.4 844
19.4 846
19.4 848
19.4 849
19.4 847
19.4 849
19.4 851
19.3 852
19.3 852
19.3 852
19.3 851
19.3 852
19.3 853
19.3 854
19.3 854
19.3 851
19.3 852
19.3 852
19.3 851
19.4 851
19.4 852
19.4 850
19.4 851
19.4 851
19.5 852
19.5 851
19.5 851
19.5 850
19.6 846
19.6 848
19.5 845
19.6 845
19.7 846
19.7 847
19.7 848
19.7 845
19.8 845
19.8 846
19.9 846
19.8 846
19.8 845
19.9 841
19.9 841
20.0 841
20.0 841
20.1 842
20.1 842
20.2 840
20.2 838
20.3 839
20.3 840
20.3 839
20.3 839
20.3 839
20.3 839
20.3 838
20.3 839
20.3 839
20.3 839
20.3 840
20.4 839
20.4 838
20.4 837
20.4 836
20.4 836
20.4 834
20.4 833
20.4 832
20.5 832
20.5 832
20.5 831
20.5 831
20.5 829
20.5 829
20.5 830
20.5 830
20.5 828
20.5 827
20.5 828
20.5 825
20.6 823
20.5 823
20.5 821
20.5 822
20.5 823
20.5 821
20.5 823
20.5 824
20.5 825
20.5 826
20.5 827
20.5 831
20.5 836
20.5 839
20.5 841
20.5 842
20.5 841
20.5 842
20.4 845
20.4 849
20.4 851
20.4 854
20.4 857
20.4 859
20.4 860
20.4 862
20.4 864
20.4 866
20.4 869
20.3 872
20.3 875
20.3 878
20.3 878
20.3 881
20.4 882
20.4 883
20.4 884
20.4 886
20.4 887
20.4 887
20.5 887
20.5 889
20.5 889
20.6 889
20.6 890
20.6 891
20.6 890
20.6 888
20.6 887
20.6 883
20.7 884
20.7 884
20.7 882
20.8 882
20.8 882
20.9 879
20.9 878
21.0 878
21.0 877
21.1 874
21.2 873
21.3 869
21.3 869
21.3 867
21.4 864
21.4 863
21.4 864
21.4 864
21.4 859
21.4 860
21.4 860
21.4 859
21.4 860
21.4 860
21.4 858
21.5 859
21.5 859
21.5 859
21.5 858
21.5 859
21.5 860
21.5 860
21.5 860
21.5 860
21.6 859
21.6 858
21.6 859
21.6 857
21.6 858
21.6 857
21.6 858
21.6 857
21.6 858
21.6 855
21.6 855
21.6 856
21.6 855
21.6 855
21.6 854
21.6 852
21.6 853
21.6 851
21.6 851
21.6 851
21.7 851
21.7 849
21.7 849
21.7 847
21.7 847
21.7 846
21.7 845
21.7 845
21.7 844
21.7 844
21.7 844
21.7 844
21.7 843
21.7 842
21.7 843
21.7 843
21.7 844
21.7 845
21.7 845
21.8 846
21.8 847
21.8 847
21.8 849
21.8 850
21.8 851
21.9 851
21.9 852
21.9 853
21.9 854
22.0 858
22.0 860
22.0 863
22.0 867
22.0 871
22.1 875
22.1 875
22.2 875
22.3 878
22.4 879
22.4 879
22.4 878
22.4 880
22.5 878
22.5 879
22.6 880
22.6 877
22.6 879
22.7 879
22.6 880
22.6 881
22.7 882
22.7 881
22.7 883
22.8 879
22.8 880
22.8 879
22.9 879
22.9 879
22.9 879
22.9 879
22.9 878
22.9 876
22.9 876
22.9 874
22.9 875
22.9 874
22.9 874
22.9 874
22.9 875
22.9 875
22.8 876
22.8 875
22.8 875
22.8 874
22.8 875
22.8 875
22.8 876
22.8 875
22.8 876
22.7 878
22.7 879
22.7 879
22.7 879
22.7 878
22.7 879
22.7 879
22.7 879
22.7 879
22.7 880
22.6 880
22.6 878
22.6 879
22.6 880
22.6 880
22.6 880
22.6 880
22.6 881
22.6 881
22.6 880
22.6 881
22.6 881
22.5 880
22.5 881
22.5 881
22.5 880
22.5 880
22.5 880
22.5 880
22.5 881
22.5 880
22.4 880
22.4 879
22.4 879
22.4 879
22.4 880
22.5 880
22.5 879
22.5 878
22.5 880
22.5 880
22.6 879
22.6 880
22.6 883
22.6 883
22.6 884
22.6 886
22.6 889
22.7 891
22.7 891
22.8 892
22.8 892
22.8 894
22.8 894
22.9 901
23.0 902
23.0 903
23.0 902
23.0 902
23.1 902
23.1 901
23.1 901
23.2 900
23.2 899
23.2 898
23.2 897
23.3 896
23.3 894
23.3 892
23.3 891
23.2 889
23.2 888
23.2 886
23.2 884
23.2 882
23.2 881
23.2 881
23.2 881
23.1 880
23.1 878
23.1 877
23.0 877
23.0 877
23.0 876
23.0 876
23.0 876
23.0 874
22.9 874
22.9 874
23.0 873
23.0 873
22.9 875
22.9 874
22.9 873
22.8 872
22.8 872
22.8 872
22.8 870
22.7 870
22.7 870
22.7 870
22.6 870
22.6 871
22.6 871
22.6 871
22.6 872
22.5 872
22.5 873
22.5 874
22.4 874
22.4 875
22.4 877
22.3 879
22.3 881
22.3 882
22.2 882
22.2 884
22.2 886
22.2 890
22.1 892
22.1 899
22.0 901
22.0 903
22.0 903
22.0 909
21.9 913
21.9 915
21.9 918
21.8 923
21.8 925
21.8 928
21.8 927
21.8 922
21.8 923
21.8 925
21.7 927
21.7 930
21.7 933
21.7 935
21.7 937
21.7 938
21.7 940
21.7 944
21.7 948
21.7 948
21.7 951
21.7 952
21.7 955
21.8 956
21.8 959
21.8 961
21.8 962
21.9 965
21.9 967
21.9 967
21.9 968
21.9 969
21.9 968
22.0 968
22.0 968
22.0 967
22.0 967
22.0 966
22.0 965
22.0 963
22.0 963
22.0 963
22.0 961
22.0 959
22.0 958
22.0 957
22.0 956
22.0 954
21.9 952
21.9 950
21.9 948
21.9 947
21.9 943
21.8 938
21.8 938
21.8 937
21.8 935
21.8 931
21.8 931
21.8 927
21.8 924
21.7 924
21.7 924
21.7 923
21.7 922
21.7 921
21.7 922
21.7 922
21.7 921
21.6 922
21.6 922
21.6 922
21.6 922
21.6 922
21.6 922
21.6 922
21.5 921
21.5 921
21.5 918
21.5 917
21.5 915
21.5 916
21.4 915
21.4 914
21.4 914
21.4 911
21.4 910
21.3 907
21.3 907
21.3 906
21.3 902
21.2 898
21.2 895
21.2 894
21.2 889
21.2 889
21.2 887
21.2 887
21.2 883
21.2 883
21.1 882
21.1 880
21.2 880
21.2 879
21.2 879
21.2 880
21.2 880
21.2 880
21.3 881
21.3 880
21.3 881
21.3 884
21.3 884
21.3 883
21.3 889
21.3 894
21.4 898
21.4 896
21.4 898
21.4 902
21.4 905
21.5 904
21.5 910
21.5 915
21.6 918
21.5 920
21.6 922
21.6 923
21.6 925
21.7 928
21.7 929
21.8 931
21.8 932
21.8 933
21.8 935
21.8 936
21.8 936
21.8 937
21.8 938
21.8 939
21.8 939
21.9 940
21.9 940
21.9 940
21.8 941
21.8 942
21.8 942
21.8 941
21.8 942
21.8 942
21.8 942
21.7 941
21.7 942
21.7 943
21.7 943
21.6 942
21.6 941
21.6 943
21.6 943
21.6 943
21.5 941
21.5 941
21.5 940
21.4 940
21.4 940
21.4 936
21.4 936
21.4 936
21.4 935
21.3 936
21.3 936
21.3 930
21.3 930
21.2 929
21.2 928
21.2 928
21.2 927
21.1 926
21.1 926
21.1 925
21.1 923
21.1 922
21.0 921
21.0 920
21.0 920
21.0 918
21.0 917
21.0 916
21.0 917
20.9 915
20.9 914
20.9 913
20.9 912
20.8 911
20.8 911
20.8 909
20.8 905
20.8 904
20.8 903
20.7 902
20.7 897
20.7 895
20.8 890
20.8 890
20.8 889
20.8 886
20.8 883
20.8 882
20.8 879
20.8 876
20.8 868
20.8 864
20.8 858
20.8 855
20.8 852
20.8 849
20.8 841
20.8 837
20.8 827
20.8 827
20.8 828
20.8 827
20.8 822
20.7 820
20.7 822
20.7 821
20.7 823
20.7 823
20.7 824
20.7 828
20.7 830
20.7 838
20.7 839
20.7 847
20.6 856
20.6 859
20.6 866
20.5 876
20.5 878
20.5 880
20.5 884
20.5 888
20.4 892
20.4 892
20.4 897
20.3 901
20.3 901
20.3 902
20.3 903
20.2 906
20.2 910
20.2 914
20.1 919
20.1 922
20.1 924
20.1 926
20.1 927
20.0 929
20.0 931
20.0 933
20.0 936
19.9 941
19.9 944
19.9 946
19.9 948
19.8 948
19.8 948
19.8 949
19.8 949
19.8 948
19.8 946
19.7 947
19.7 946
19.7 946
19.7 946
19.6 945
19.6 943
19.5 943
19.5 941
19.4 941
19.4 942
19.4 941
19.3 939
19.2 938
19.2 940
19.2 942
19.2 942
19.1 942
19.1 941
19.1 939
19.0 937
19.0 933
19.0 926
19.0 918
19.0 911
19.0 904
19.0 895
19.0 887
18.9 878
18.9 874
18.9 866
18.9 862
18.9 857
18.8 849
18.8 847
18.9 836
18.9 835
18.8 836
18.8 836
18.8 840
18.8 843
18.8 845
18.8 846
18.8 846
18.8 848
18.8 850
18.8 851
18.8 853
18.8 854
18.8 858
18.8 861
18.8 862
18.8 866
18.8 872
18.8 875
18.8 895
18.8 899
18.8 889
18.8 899
18.8 901
18.8 895
18.7 892
18.7 889
18.7 888
18.7 896
18.7 897
18.7 899
18.7 899
18.7 900
18.7 900
18.7 903
18.7 903
18.6 904
18.6 908
18.6 909
18.6 910
18.6 911
18.6 916
18.6 919
18.6 918
18.6 919
18.5 920
18.5 919
18.5 920
18.5 923
18.5 923
18.5 924
18.5 925
18.5 924
18.5 924
18.4 925
18.4 925
18.4 924
18.4 922
18.4 920
18.4 919
18.4 914
18.4 910
18.4 910
18.4 909
18.4 906
18.4 902
18.4 897
18.4 888
18.4 887
18.4 887
18.4 885
18.4 883
18.4 881
18.4 879
18.4 876
18.4 874
18.4 871
18.4 870
18.4 869
18.4 868
18.3 866
18.3 864
18.3 863
18.3 862
18.3 862
18.3 862
18.3 861
18.3 862
18.3 862
18.3 862
18.3 862
18.3 864
18.3 865
18.2 869
18.2 870
18.2 871
18.2 874
18.2 875
18.2 876
18.2 876
18.2 876
18.2 874
18.1 895
18.1 888
18.1 899
18.1 905
18.0 918
18.0 920
18.0 920
18.0 921
18.0 922
17.9 941
17.9 942
17.9 940
17.9 941
17.9 942
17.9 944
17.9 947
17.9 947
17.8 950
17.8 953
17.8 954
17.8 953
17.8 953
17.8 956
17.8 959
17.8 960
17.7 961
17.7 962
17.7 963
17.7 965
17.7 966
17.7 967
17.6 968
17.6 969
17.6 969
17.6 969
17.6 969
17.6 968
17.5 966
17.5 966
17.5 965
17.5 964
17.5 964
17.5 964
17.5 962
17.4 960
17.4 960
17.4 958
17.4 954
17.4 952
17.3 948
17.3 950
17.3 950
17.3 949
17.3 949
17.3 947
17.2 944
17.2 942
17.2 937
17.2 936
17.2 934
17.2 931
17.2 927
17.2 925
17.2 924
17.2 922
17.2 918
17.1 916
17.1 915
17.1 915
17.1 913
17.1 914
17.1 914
17.1 915
17.1 915
17.1 916
17.0 918
17.0 919
17.0 923
17.0 927
17.0 929
17.0 932
17.0 936
17.0 941
17.0 945
17.0 947
17.0 949
17.0 953
17.0 954
17.0 953
16.9 952
16.9 952
16.9 950
16.9 948
16.9 948
16.9 949
16.9 948
16.9 946
16.9 945
16.9 944
16.9 942
16.8 939
16.8 937
16.8 937
16.8 935
16.8 934
16.8 934
16.8 934
16.8 933
16.8 933
16.8 932
16.8 930
16.8 929
16.8 920
16.8 913
16.7 906
16.7 907
16.8 909
16.7 895
16.7 891
16.7 893
16.8 897
16.8 899
16.8 898
16.8 895
16.8 895
16.8 894
16.8 888
16.8 883
16.8 872
16.7 866
16.7 863
16.7 858
16.7 857
16.7 857
16.7 854
16.7 847
16.7 847
16.7 848
16.7 846
16.6 841
16.6 838
16.6 840
16.6 842
16.6 841
16.5 837
16.5 835
16.5 835
16.4 834
16.4 835
16.5 837
16.5 839
16.4 839
16.4 840
16.4 839
16.4 839
16.4 841
16.3 842
16.3 843
16.3 845
16.3 848
16.3 848
16.3 848
16.3 849
16.2 850
16.2 850
16.2 851
16.2 850
16.2 851
16.2 852
16.2 852
16.2 852
16.2 853
16.2 853
16.2 854
16.2 855
16.2 855
16.2 855
16.2 855
16.2 856
16.2 855
16.2 854
16.2 854
16.2 854
16.3 857
16.3 860
16.3 862
16.4 865
16.4 868
16.4 869
16.4 871
16.5 873
16.5 875
16.5 879
16.6 881
16.6 881
16.6 885
16.6 886
16.7 886
16.7 889
16.7 890
16.8 889
16.7 885
16.8 884
16.8 886
16.8 887
16.8 883
16.9 885
16.9 884
16.9 880
17.0 874
17.0 870
16.9 861
17.0 861
16.9 855
16.9 846
16.9 840
17.0 848
16.9 841
16.9 836
16.9 834
17.0 833
17.0 836
17.0 836
17.0 835
17.0 829
17.0 827
16.9 828
16.9 827
16.9 823
16.9 820
16.9 823
16.9 826
16.9 826
16.9 825
16.9 825
16.9 826
16.9 827
16.9 829
16.9 831
16.9 832
16.9 832
16.9 834
16.9 833
16.9 834
16.9 834
16.9 835
16.9 835
16.9 835
16.8 836
16.8 836
16.8 836
16.8 835
16.8 836
16.8 835
16.8 836
16.8 836
16.8 836
16.8 837
16.8 837
16.8 838
16.8 838
16.8 839
16.8 839
16.8 840
16.7 841
16.7 842
16.8 842
16.8 844
16.8 844
16.8 844
16.8 846
16.8 846
16.8 847
16.8 848
16.8 848
16.9 849
16.9 848
16.9 849
16.9 849
17.0 849
17.0 850
17.0 850
17.0 850
17.0 850
17.0 850
17.0 850
17.0 851
17.1 851
17.1 851
17.1 851
17.1 853
17.1 853
17.1 853
17.2 853
17.2 853
17.2 852
17.2 850
17.3 851
17.3 851
17.3 844
17.3 843
17.4 842
17.4 841
17.4 833
17.4 832
17.4 834
17.4 839
17.5 838
17.5 838
17.5 839
17.5 841
17.5 840
17.5 838
17.5 836
17.5 836
17.5 835
17.5 836
17.6 835
17.6 833
17.5 828
17.5 828
17.6 828
17.5 826
17.5 820
17.5 821
17.5 819
17.5 818
17.5 818
17.5 818
17.5 818
17.5 819
17.5 819
17.5 818
17.5 819
17.5 818
17.5 818
17.5 818
17.5 818
17.5 817
17.5 818
17.5 817
17.5 817
17.5 816
17.4 816
17.4 816
17.4 817
17.4 817
17.4 817
17.4 817
17.4 817
17.4 818
17.5 818
17.5 817
17.5 817
17.5 818
17.5 818
17.5 819
17.5 819
17.4 819
17.4 819
17.4 819
17.5 820
17.5 820
17.5 820
17.5 820
17.5 820
17.4 820
17.5 820
17.5 820
17.5 820
17.5 821
17.5 821
17.5 819
17.5 816
17.5 812
17.5 813
17.5 813
17.5 812
17.5 801
17.5 796
17.5 790
17.5 792
17.5 790
17.4 784
17.4 780
17.4 786
17.4 784
17.4 783
17.4 783
17.4 782
17.4 780
17.4 779
17.4 778
17.4 778
17.4 778
17.4 777
17.4 773
17.4 772
17.4 754
17.4 752
17.4 751
17.4 751
17.4 749
17.4 747
17.4 746
17.4 745
17.4 745
17.4 743
17.4 741
17.4 742
17.4 742
17.4 742
17.4 741
17.3 743
17.3 744
17.3 746
17.3 747
17.3 750
17.3 751
17.3 752
17.3 756
17.3 776
17.3 778
17.2 779
17.2 781
17.2 786
17.2 790
17.2 792
17.2 791
17.2 789
17.2 788
17.2 788
17.1 791
17.1 793
17.1 794
17.1 797
17.1 798
17.1 799
17.1 801
17.1 804
17.1 805
17.1 807
17.0 806
17.0 808
17.0 809
17.0 810
17.0 810
17.0 810
17.0 811
17.0 812
17.0 813
17.0 814
17.0 814
17.0 814
17.0 815
17.0 815
17.0 816
17.0 816
17.0 816
17.0 817
17.1 817
17.1 817
17.1 817
17.2 820
17.2 824
17.3 828
17.3 828
17.3 826
17.3 826
17.3 826
17.4 826
17.4 828
17.5 829
17.5 833
17.6 832
17.6 834
17.7 836
17.7 837
17.7 838
17.8 839
17.8 838
17.9 839
17.9 841
17.9 842
17.9 843
18.0 842
18.0 843
18.0 843
18.0 843
18.1 843
18.1 843
18.1 843
18.1 841
18.2 842
18.2 841
18.2 841
18.2 841
18.2 838
18.2 835
18.2 836
18.2 833
18.1 827
18.1 827
18.1 828
18.1 826
18.1 825
18.1 824
18.1 817
18.1 809
18.1 806
18.1 804
18.1 800
18.1 800
18.1 800
18.0 791
18.0 786
18.0 787
18.1 791
18.1 792
18.1 791
18.1 790
18.0 788
18.0 785
18.0 785
18.0 779
18.0 769
17.9 733
17.9 734
17.9 738
17.9 741
17.9 741
17.9 735
17.9 731
17.9 729
17.8 732
17.8 728
17.8 727
17.8 722
17.8 721
17.8 722
17.8 723
17.8 724
17.8 723
17.8 723
17.7 724
17.7 725
17.7 727
17.7 731
17.7 734
17.7 737
17.7 756
17.7 758
17.7 758
17.7 763
17.7 769
17.7 772
17.7 771
17.8 784
17.8 786
17.8 784
17.8 792
17.8 797
17.8 795
17.8 797
17.8 799
17.8 800
17.8 801
17.8 803
17.9 803
17.9 803
17.9 802
18.0 802
18.0 801
18.0 801
18.0 802
18.1 802
18.1 803
18.1 803
18.1 804
18.2 804
18.2 804
18.2 805
18.2 805
18.2 806
18.2 806
18.2 804
18.2 804
18.2 805
18.2 803
18.2 803
18.2 801
18.2 798
18.2 799
18.2 799
18.2 795
18.2 796
18.1 789
18.1 778
18.1 783
18.1 784
18.1 784
18.1 779
18.1 779
18.1 776
18.0 772
18.0 765
18.0 764
18.0 765
18.0 749
18.0 748
18.0 749
18.0 747
18.0 744
17.9 745
17.9 744
17.9 744
17.8 759
17.8 760
17.8 763
17.8 765
17.8 767
17.8 769
17.8 770
17.8 771
17.8 778
17.8 782
17.7 792
17.7 793
17.7 794
17.7 793
17.7 797
17.7 796
17.7 797
17.7 796
17.7 796
17.7 802
17.7 804
17.7 806
17.7 806
17.7 806
17.7 806
17.7 809
17.6 810
17.6 811
17.6 812
17.6 813
17.6 815
17.6 818
17.6 818
17.6 820
17.6 822
17.7 823
17.7 825
17.7 826
17.7 827
17.7 827
17.8 829
17.8 830
17.8 830
17.9 829
17.9 828
18.0 828
18.0 827
18.0 823
18.0 822
18.1 817
18.1 812
18.2 808
18.2 804
18.2 802
18.2 798
18.3 794
18.3 792
18.3 789
18.4 777
18.4 778
18.4 778
18.4 780
18.4 781
18.4 777
18.4 777
18.4 778
18.4 776
18.4 775
18.4 774
18.5 774
18.5 774
18.5 772
18.5 771
18.5 770
18.5 769
18.5 769
18.5 768
18.5 767
18.5 767
18.5 767
18.4 765
18.4 764
18.4 764
18.4 764
18.4 762
18.4 763
18.4 764
18.4 765
18.3 767
18.3 771
18.3 773
18.2 773
18.2 773
18.2 773
18.2 774
18.2 778
18.2 781
18.1 783
18.1 788
18.1 789
18.0 797
18.0 799
18.0 801
18.0 807
18.0 811
18.0 815
18.0 814
18.0 813
18.0 810
18.0 810
18.0 811
18.0 813
18.0 813
18.0 811
17.9 812
17.9 815
17.9 816
17.9 817
17.9 819
17.9 820
17.9 821
17.9 822
17.9 825
17.9 829
17.9 830
17.9 831
17.9 832
17.9 834
17.9 836
17.9 836
17.9 837
17.9 838
18.0 839
18.0 839
18.0 840
18.0 840
18.0 841
18.1 841
18.1 842
18.1 842
18.1 844
18.2 844
18.2 844
18.2 845
18.2 846
18.3 847
18.3 849
18.3 850
18.3 851
18.3 852
18.4 852
18.4 852
18.4 853
18.4 854
18.5 854
18.5 855
18.5 855
18.5 856
18.6 859
18.6 860
18.6 861
18.6 861
18.6 862
18.7 862
18.6 864
18.7 864
18.7 865
18.6 866
18.6 866
18.6 867
18.6 866
18.6 866
18.6 864
18.6 864
18.6 864
18.6 863
18.6 863
18.6 862
18.6 860
18.6 858
18.6 857
18.6 857
18.6 857
18.6 856
18.6 856
18.6 856
18.6 856
18.6 856
18.6 855
18.6 854
18.6 854
18.6 855
18.6 855
18.6 855
18.6 855
18.6 856
18.6 856
18.5 856
18.5 856
18.5 856
18.5 856
18.5 855
18.5 855
18.4 855
18.4 854
18.4 854
18.4 853
18.4 853
18.4 852
18.4 852
18.3 852
18.3 851
18.3 851
18.3 851
18.3 851
18.2 850
18.2 851
18.2 851
18.2 851
18.2 850
18.2 849
18.2 848
18.2 848
18.2 848
18.2 848
18.3 847
18.3 846
18.3 844
18.3 843
18.4 842
18.4 839
18.4 839
18.4 839
18.5 838
18.5 838
18.6 838
18.6 839
18.6 839
18.6 840
18.6 840
18.7 840
18.7 841
18.7 841
18.8 841
18.8 841
18.8 841
18.9 841
18.9 841
18.9 842
19.0 841
19.0 842
19.0 842
19.0 841
19.0 842
19.0 841
19.1 841
19.1 841
19.1 842
19.1 842
19.1 842
19.1 842
19.1 842
19.1 842
19.1 842
19.1 842
19.1 842
19.1 842
19.1 843
19.1 843
19.1 843
19.1 844
19.1 843
19.1 841
19.1 841
19.1 841
19.1 841
19.1 841
19.0 840
19.0 841
19.0 840
19.0 839
19.0 839
19.0 839
19.0 837
19.0 837
19.0 837
19.0 837
19.0 836
19.0 836
19.0 836
19.0 835
19.0 834
19.0 833
19.0 832
19.0 833
19.0 830
19.0 830
19.0 829
19.0 830
19.0 829
19.0 829
19.0 829
19.0 830
18.9 830
18.9 830
18.9 830
18.9 831
18.9 831
18.9 831
18.9 831
18.9 832
18.8 832
18.8 832
18.8 833
18.8 832
18.8 833
18.8 834
18.8 834
18.8 835
18.8 835
18.8 835
18.8 836
18.8 837
18.8 837
18.9 838
18.9 838
18.9 838
18.9 838
18.9 839
18.9 839
19.0 839
19.0 839
19.0 839
19.0 840
19.0 841
19.0 841
19.1 843
19.1 844
19.2 845
19.2 846
19.2 847
19.2 847
19.3 849
19.3 849
19.4 849
19.5 849
19.4 850
19.4 850
19.4 851
19.4 853
19.4 853
19.5 854
19.4 857
19.5 861
19.5 859
19.5 859
19.5 861
19.5 862
19.5 861
19.5 861
19.5 861
19.5 861
19.5 862
19.5 861
19.4 861
19.4 861
19.4 861
19.4 861
19.4 861
19.4 861
19.4 861
19.4 862
19.4 862
19.4 862
19.4 862
19.4 864
19.4 865
19.4 866
19.4 867
19.4 868
19.4 869
19.4 869
19.4 870
19.3 872