13.8 539
13.7 540
13.6 540
13.4 540
13.3 540
13.2 541
13.0 541
12.9 541
12.8 542
12.7 542
12.6 543
12.5 543
12.4 543
12.3 543
12.2 544
12.0 544
12.0 544
11.8 544
11.7 544
11.6 544
11.5 544
11.4 544
11.3 544
11.2 543
11.1 543
11.0 543
10.8 543
10.8 543
10.7 542
10.6 542
10.5 542
10.4 542
10.4 541
10.4 541
10.4 541
10.4 541
10.5 540
10.7 540
10.9 540
11.1 540
11.4 539
11.6 539
11.9 539
12.2 539
12.5 539
12.8 539
13.1 539
13.4 539
13.7 538
14.0 538
14.3 538
14.6 538
14.9 538
15.2 538
15.5 538
15.7 538
16.0 538
16.3 538
16.5 538
16.8 538
17.0 538
17.1 538
17.3 538
17.5 538
17.6 538
17.7 538
17.8 538
17.9 538
18.0 538
18.0 538
18.1 537
18.1 537
18.1 537
18.0 537
18.0 537
18.0 537
17.9 537
17.8 537
17.7 537
17.6 537
17.5 537
17.4 537
17.3 537
17.2 537
17.2 537
17.0 537
16.9 538
16.8 538
16.7 538
16.6 538
16.5 538
16.3 538
16.2 538
16.1 538
16.0 538
15.9 538
15.8 539
15.6 539
15.5 539
15.4 539
15.3 539
15.1 539
15.0 539
14.9 539
14.8 539
14.6 539
14.5 539
14.4 539
14.3 539
14.2 539
14.1 539
14.0 539
13.9 539
13.7 539
13.6 539
13.5 539
13.4 539
13.3 538
13.1 538
13.0 538
12.9 538
12.8 538
12.7 538
12.6 538
12.5 538
12.4 538
12.4 538
12.3 538
12.3 538
12.2 538
12.2 538
12.3 538
12.4 538
12.5 538
12.7 538
13.0 538
13.2 538
13.5 538
13.8 538
14.0 538
14.4 538
14.6 538
15.0 538
15.2 538
15.5 538
15.8 538
16.1 538
16.4 538
16.6 538
16.9 539
17.2 539
17.5 539
17.8 539
18.0 539
18.2 539
18.5 539
18.6 539
18.5 539
18.7 539
18.8 539
18.8 538
18.7 539
18.7 538
18.7 538
18.7 538
18.7 538
18.6 538
18.5 538
18.5 538
18.5 538
18.4 538
18.4 538
18.3 538
18.2 538
18.1 538
17.9 538
17.8 538
17.7 538
17.5 539
17.4 539
17.3 539
17.2 539
17.1 539
17.0 539
16.9 539
16.8 540
16.7 540
16.6 540
16.5 540
16.4 540
16.4 541
16.3 540
16.2 540
16.1 541
16.0 541
16.0 541
15.9 541
15.9 541
15.8 542
15.8 542
15.7 542
15.6 542
15.6 542
15.5 542
15.4 542
15.4 542
15.3 543
15.2 543
15.1 543
15.0 543
15.0 543
14.9 543
14.8 543
14.7 543
14.7 543
14.6 543
14.5 543
14.4 543
14.4 543
14.3 543
14.3 543
14.2 543
14.2 544
14.2 544
14.2 544
14.2 544
14.2 544
14.2 544
14.1 544
14.1 544
14.0 544
14.0 544
14.0 544
14.1 544
14.2 543
14.4 543
14.6 543
14.8 543
14.8 543
15.0 542
15.2 542
15.4 542
15.6 542
15.7 542
15.7 542
15.7 542
15.7 542
15.8 542
15.8 542
15.9 541
16.0 541
16.0 541
16.2 541
16.3 540
16.3 540
16.4 540
16.3 540
16.2 540
16.1 540
16.0 540
15.8 540
15.7 540
15.6 540
15.5 540
15.4 540
15.4 540
15.3 540
15.2 541
15.2 541
15.1 541
15.0 541
15.0 541
14.9 541
14.8 541
14.7 541
14.6 541
14.5 541
14.4 542
14.3 542
14.3 542
14.2 542
14.1 542
14.0 542
13.8 542
13.7 542
13.6 542
13.5 543
13.4 543
13.4 543
13.3 543
13.2 543
13.2 543
13.1 543
13.0 543
12.9 543
12.8 543
12.7 543
12.7 543
12.6 543
12.5 544
12.4 544
12.3 544
12.2 544
12.1 544
12.0 544
12.0 544
11.9 544
11.8 545
11.7 545
11.6 545
11.6 545
11.5 545
11.4 545
11.4 545
11.3 546
11.2 546
11.3 546
11.2 546
11.2 546
11.2 546
11.3 546
11.4 546
11.6 546
11.6 546
11.8 546
12.0 546
12.2 546
12.4 546
12.6 546
12.9 546
13.1 546
13.3 546
13.5 546
13.7 546
14.0 546
14.2 546
14.4 546
14.7 546
14.9 546
15.1 546
15.3 546
15.5 546
15.6 546
15.8 546
16.0 546
16.1 546
16.2 546
16.3 546
16.4 546
16.4 546
16.4 546
16.4 546
16.4 546
16.4 546
16.3 546
16.3 546
16.2 546
16.1 546
16.0 546
15.9 546
15.8 546
15.6 546
15.5 546
15.3 546
15.2 546
15.0 546
14.9 546
14.8 546
14.7 545
14.6 546
14.5 545
14.4 546
14.2 546
14.1 546
14.0 546
13.9 546
13.8 546
13.7 546
13.6 546
13.5 546
13.4 546
13.3 546
13.2 546
13.0 546
12.9 547
12.8 547
12.7 547
12.5 547
12.4 547
12.3 547
12.1 547
12.0 548
11.9 548
11.7 548
11.6 548
11.5 548
11.4 549
11.3 549
11.2 549
11.1 549
11.0 549
10.9 549
10.8 549
10.7 549
10.6 550
10.5 550
10.4 550
10.3 550
10.2 550
10.2 550
10.1 550
10.0 550
10.0 550
10.0 550
10.0 550
10.1 550
10.2 550
10.3 550
10.5 550
10.7 549
10.9 549
11.1 549
11.4 548
11.6 548
11.9 547
12.1 547
12.4 547
12.6 546
12.9 546
13.1 546
13.4 546
13.6 545
13.9 545
14.2 545
14.4 545
14.6 544
14.9 544
15.1 544
15.3 544
15.5 543
15.7 543
15.8 543
16.0 543
16.1 543
16.2 543
16.2 542
16.3 542
16.3 542
16.3 542
16.3 542
16.2 542
16.2 542
16.1 541
16.0 541
15.9 541
15.8 541
15.7 541
15.6 541
15.4 541
15.3 541
15.2 541
15.1 541
15.0 541
15.0 540
14.9 540
14.8 540
14.6 540
14.5 540
14.4 540
14.3 540
14.2 540
14.1 540
14.0 540
13.9 540
13.8 540
13.7 540
13.6 540
13.4 540
13.3 541
13.2 541
13.1 541
13.0 541
12.8 541
12.7 541
12.5 542
12.4 542
12.3 542
12.1 542
12.0 542
11.8 543
11.7 543
11.6 543
11.5 543
11.4 543
11.3 543
11.2 544
11.1 544
11.0 544
10.9 544
10.8 544
10.6 544
10.6 545
10.5 545
10.4 545
10.3 545
10.2 545
10.2 545
10.1 545
10.1 545
10.1 545
10.1 545
10.2 544
10.3 544
10.4 544
10.6 544
10.9 544
11.1 544
11.4 544
11.7 544
12.0 543
12.3 543
12.6 543
12.9 543
13.2 543
13.4 543
13.8 543
14.0 543
14.3 543
14.6 543
14.9 543
15.2 543
15.4 543
15.7 543
15.9 543
16.2 543
16.4 543
16.6 543
16.8 543
17.0 543
17.1 543
17.3 543
17.4 543
17.5 543
17.6 543
17.6 542
17.7 542
17.7 542
17.7 542
17.7 542
17.7 542
17.6 543
17.6 542
17.5 542
17.4 543
17.3 543
17.2 543
17.1 543
16.9 543
16.8 543
16.8 543
16.7 543
16.6 543
16.5 543
16.4 543
16.2 544
16.1 544
16.0 544
15.9 544
15.7 544
15.6 544
15.4 544
15.3 545
15.1 545
15.0 545
14.8 545
14.7 545
14.6 546
14.4 546
14.3 546
14.2 547
14.1 547
13.9 547
13.8 547
13.7 547
13.6 548
13.4 547
13.3 547
13.2 547
13.1 548
13.0 548
12.8 549
12.7 549
12.6 549
12.5 550
12.4 550
12.4 550
12.3 551
12.2 551
12.1 551
12.1 552
12.0 552
12.0 552
11.9 552
11.9 553
12.0 553
12.0 553
12.0 553
12.0 553
12.2 553
12.4 553
12.6 553
12.8 553
13.1 553
13.4 553
13.7 553
14.0 553
14.3 553
14.6 553
14.9 553
15.4 557
15.8 557
16.1 557
16.4 557
16.6 557
16.7 557
16.9 557
17.2 557
17.5 556
17.7 556
17.9 557
18.1 557
18.3 557
18.5 557
18.6 557
18.7 557
18.8 557
18.8 557
18.8 557
18.9 557
18.8 558
18.7 558
18.7 558
18.6 558
18.6 558
18.4 558
18.3 558
18.3 558
18.2 558
18.1 558
18.0 557
17.9 557
17.7 557
17.6 557
17.4 557
17.3 557
17.1 557
17.0 557
16.8 557
16.7 557
16.6 557
16.4 557
16.3 557
16.2 557
16.0 557
15.9 557
15.8 557
15.7 558
15.6 558
15.4 558
15.4 558
15.2 559
15.2 559
15.0 560
15.0 560
14.8 561
14.8 561
14.6 562
14.6 562
14.4 563
14.4 563
14.3 564
14.2 564
14.1 564
14.0 565
14.0 563
13.9 564
13.8 564
13.7 565
13.6 565
13.5 566
13.4 566
13.3 566
13.3 567
13.2 567
13.1 567
13.0 568
13.0 568
12.9 568
12.9 568
12.9 568
12.9 568
13.0 568
13.0 568
13.1 568
13.3 568
13.5 568
13.8 567
14.0 567
14.2 567
14.4 566
14.7 566
15.2 566
15.5 565
15.6 565
16.0 565
16.4 564
16.6 564
16.8 563
17.1 563
17.4 563
17.6 563
17.8 562
18.2 562
18.4 562
18.6 562
18.8 562
19.0 562
19.2 562
19.4 562
19.4 562
19.6 562
19.6 562
19.7 562
19.7 562
19.7 562
19.7 562
19.8 562
19.8 563
19.8 563
19.8 563
19.7 563
19.7 564
19.6 564
19.5 564
19.5 564
19.4 565
19.3 565
19.2 565
19.0 565
18.9 566
18.8 566
18.6 566
18.5 566
18.4 566
18.3 567
18.2 567
18.1 567
18.0 567
17.8 568
17.7 568
17.5 568
17.4 568
17.2 569
17.0 569
16.9 569
16.7 569
16.6 569
16.4 569
16.3 569
16.1 570
16.0 570
15.8 570
15.7 570
15.5 570
15.4 570
15.3 569
15.1 569
15.0 569
14.9 569
14.7 569
14.6 569
14.4 569
14.3 569
14.2 568
14.1 568
14.0 568
14.0 566
13.9 566
13.8 566
13.7 566
13.7 566
13.6 566
13.6 566
13.6 566
13.6 566
13.6 566
13.6 566
13.7 566
13.8 567
13.9 567
14.1 566
14.3 567
14.4 567
14.6 567
14.8 567
15.0 567
15.2 567
15.5 567
15.9 567
16.2 567
16.4 567
16.8 567
17.1 567
17.3 567
17.6 568
18.0 568
18.3 568
18.6 568
18.8 568
19.1 568
19.3 568
19.5 569
19.7 569
19.8 569
19.9 569
20.0 569
20.1 569
20.2 569
20.3 569
20.4 569
20.4 569
20.4 569
20.4 569
20.4 569
20.4 570
20.4 570
20.4 570
20.3 570
20.2 570
20.2 570
20.1 570
20.0 570
19.9 570
19.8 570
19.7 570
19.6 570
19.5 570
19.4 570
19.4 570
19.3 570
19.2 570
19.1 570
19.0 570
18.8 571
18.7 571
18.6 571
18.5 571
18.4 571
18.2 571
18.1 571
17.9 571
17.8 571
17.7 571
17.6 572
17.4 572
17.3 572
17.2 572
17.1 572
16.9 572
16.8 572
16.7 573
16.5 573
16.4 573
16.2 573
16.1 573
16.0 573
15.9 574
15.8 574
15.6 574
15.5 574
15.4 575
15.3 575
15.2 575
15.1 576
15.0 576
14.9 576
14.8 576
14.8 577
14.7 577
14.7 577
14.7 578
14.6 578
14.6 578
14.6 579
14.7 579
14.8 580
15.0 580
15.2 580
15.4 581
15.6 581
15.7 581
15.9 582
16.2 582
16.4 583
16.8 584
17.1 584
17.4 585
17.6 586
17.8 586
17.9 587
18.0 588
18.2 589
18.4 589
18.6 590
18.9 591
19.2 591
19.4 592
19.6 592
19.8 593
19.9 594
20.1 594
20.1 595
20.2 595
20.3 595
20.4 596
20.5 596
20.5 596
20.5 597
20.4 597
20.5 597
20.4 598
20.4 598
20.3 598
20.3 599
20.2 599
20.2 599
20.1 600
20.0 600
19.8 600
19.7 600
19.5 600
19.3 601
19.2 601
19.1 601
19.0 601
18.9 601
18.8 601
18.7 601
18.6 601
18.4 601
18.3 601
18.2 600
18.1 600
18.0 600
17.8 600
17.7 600
17.6 600
17.5 600
17.4 600
17.3 600
17.2 600
17.1 600
17.0 600
16.9 600
16.8 600
16.7 600
16.6 600
16.5 600
16.4 600
16.4 600
16.3 600
16.2 600
16.1 600
16.0 600
15.9 600
15.8 600
15.7 600
15.6 601
15.6 601
15.5 601
15.4 601
15.4 601
15.3 601
15.3 601
15.3 601
15.2 601
15.2 602
15.3 602
15.3 602
15.3 602
15.3 602
15.3 602
15.4 602
15.5 602
15.6 602
15.8 602
16.0 602
16.2 602
16.3 602
16.3 602
16.5 602
16.8 602
17.0 602
17.0 602
17.0 602
17.1 603
17.1 603
17.1 603
17.1 603
17.1 603
17.1 603
17.1 603
17.1 603
17.0 604
17.0 604
17.0 604
17.0 604
17.0 604
17.0 604
16.9 604
16.8 604
16.8 604
16.7 604
16.7 604
16.7 603
16.8 603
16.8 603
16.6 603
16.5 603
16.5 603
16.4 603
16.3 603
16.2 603
16.1 603
16.0 603
15.9 603
15.8 603
15.8 603
15.7 603
15.7 603
15.6 603
15.6 602
15.6 602
15.5 602
15.4 602
15.4 602
15.3 602
15.3 602
15.2 602
15.1 602
15.0 602
15.0 602
14.9 602
14.8 602
14.7 602
14.7 601
14.5 599
14.4 599
14.3 599
14.3 599
14.2 599
14.2 599
14.1 598
14.0 598
14.0 598
14.0 596
14.0 596
13.9 596
13.8 596
13.8 596
13.7 596
13.6 596
13.5 596
13.4 596
13.4 597
13.3 597
13.2 597
13.2 598
13.1 598
13.1 598
13.1 598
13.1 598
13.0 598
12.9 596
12.8 594
12.6 593
12.6 594
12.7 595
12.7 595
12.7 595
12.7 595
12.7 595
12.8 595
12.9 595
13.0 595
13.2 595
13.4 596
13.7 596
13.8 596
13.8 596
13.8 596
13.9 596
14.2 596
14.5 596
14.8 596
14.8 597
14.8 597
14.7 597
14.8 597
15.2 598
15.4 598
15.5 598
15.4 598
15.2 599
15.1 599
15.1 599
15.2 599
15.2 599
15.2 599
15.2 599
15.2 598
15.3 598
15.3 598
15.2 598
15.2 598
15.2 597
15.2 597
15.1 597
15.0 597
14.9 596
14.7 596
14.6 596
14.4 596
14.3 596
14.2 596
14.1 595
14.1 595
14.0 595
14.0 595
13.9 595
13.8 595
13.8 595
13.7 595
13.6 595
13.6 595
13.5 595
13.4 595
13.4 595
13.3 594
13.1 594
13.0 593
12.9 593
12.9 593
12.8 593
12.8 593
12.7 593
12.6 593
12.6 593
12.5 593
12.4 593
12.4 593
12.3 593
12.2 593
12.1 593
12.0 594
11.9 594
11.9 594
11.8 594
11.7 594
11.7 594
11.6 594
11.5 594
11.5 594
11.4 594
11.4 594
11.4 594
11.4 594
11.4 594
11.4 594
11.4 594
11.4 594
11.4 594
11.5 594
11.6 594
11.6 594
11.6 594
11.7 593
11.8 593
11.8 593
12.0 593
12.0 593
12.0 593
12.0 593
12.0 593
12.1 593
12.2 592
12.3 592
12.3 592
12.4 592
12.5 592
12.8 592
13.0 592
13.2 591
13.4 591
13.5 591
13.5 591
13.6 591
13.6 591
13.7 591
13.7 590
13.7 590
13.8 590
13.9 590
13.9 590
14.0 590
14.0 590
14.0 590
14.0 590
14.0 590
13.9 590
13.9 590
13.9 590
13.8 591
13.8 591
13.8 591
13.7 591
13.6 591
13.6 592
13.4 592
13.3 592
13.2 593
13.1 593
13.0 593
12.9 594
12.9 594
12.8 594
12.7 595
12.6 595
12.6 596
12.5 596
12.4 596
12.4 597
12.3 597
12.2 598
12.2 598
12.1 598
12.0 599
12.0 599
12.0 600
11.9 600
11.8 601
11.8 601
11.8 602
11.7 602
11.6 603
11.6 603
11.5 604
11.4 604
11.4 605
11.3 605
11.2 606
11.2 606
11.1 607
11.0 607
11.0 608
10.9 608
10.8 609
10.7 609
10.7 609
10.6 610
10.6 610
10.6 611
10.5 611
10.5 611
10.5 612
10.5 612
10.6 612
10.6 612
10.6 612
10.6 613
10.6 613
10.7 613
10.8 613
11.0 614
11.0 614
11.2 614
11.4 614
11.7 614
11.9 614
12.2 614
12.6 615
13.0 615
13.3 615
13.6 615
13.9 615
14.2 615
14.6 615
14.8 615
15.1 615
15.4 616
15.7 616
15.9 616
16.1 616
16.2 616
16.4 616
16.6 616
16.6 616
16.7 616
16.7 616
16.8 616
16.8 615
16.8 615
16.7 615
16.7 615
16.7 615
16.6 615
16.6 615
16.5 615
16.4 615
16.4 615
16.3 615
16.2 614
16.1 614
16.0 614
15.8 614
15.7 614
15.6 614
15.5 614
15.4 613
15.4 613
15.3 613
15.2 613
15.1 613
15.0 613
14.9 613
14.8 612
14.6 613
14.5 613
14.4 612
14.2 612
14.1 612
14.0 612
13.8 612
13.7 612
13.6 612
13.4 612
13.3 612
13.2 612
13.1 612
13.0 612
12.9 612
12.8 612
12.6 612
12.5 612
12.4 612
12.2 612
12.1 612
12.0 612
11.9 612
11.8 612
11.6 612
11.5 612
11.4 612
11.3 612
11.3 612
11.2 612
11.2 612
11.1 612
11.1 612
11.0 612
11.1 611
11.1 611
11.2 611
11.2 611
11.3 611
11.3 611
11.5 611
11.7 611
11.9 611
12.1 611
12.4 610
12.6 611
12.9 610
13.2 610
13.5 610
13.8 610
14.0 610
14.3 610
14.6 610
14.9 610
15.2 610
15.5 610
15.8 610
16.0 610
16.3 610
16.5 610
16.8 610
17.0 610
17.1 611
17.2 610
17.3 610
17.4 610
17.5 610
17.5 610
17.5 610
17.4 610
17.4 610
17.4 610
17.3 610
17.2 610
17.1 611
17.0 611
16.9 611
16.8 611
16.7 611
16.6 611
16.5 611
16.4 611
16.3 611
16.2 611
16.0 611
15.9 611
15.8 611
15.8 610
15.7 610
15.6 610
15.4 610
15.4 610
15.3 609
15.2 609
15.1 609
15.0 609
15.0 609
14.9 609
14.8 609
14.8 609
14.7 609
14.7 609
14.6 609
14.6 609
14.5 609
14.4 609
14.4 609
14.3 609
14.2 609
14.2 608
14.1 608
14.0 608
13.9 608
13.8 608
13.8 608
13.7 608
13.6 608
13.5 608
13.4 608
13.4 608
13.3 608
13.2 608
13.2 608
13.1 608
13.1 608
13.0 608
13.0 608
13.0 608
13.0 608
13.0 608
13.0 608
13.0 608
13.0 608
13.0 608
13.1 608
13.2 608
13.4 608
13.6 608
13.8 608
14.0 608
14.1 608
14.3 608
14.4 608
14.4 609
14.5 609
14.7 609
14.9 609
15.1 610
15.4 610
15.5 610
15.7 610
16.0 610
16.1 611
16.3 611
16.4 611
16.7 611
16.9 611
17.2 612
17.3 612
17.4 612
17.5 612
17.6 612
17.8 612
17.9 612
17.9 612
17.9 613
18.0 613
18.1 613
18.2 613
18.2 613
18.3 613
18.3 613
18.4 613
18.3 613
18.3 613
18.2 614
18.2 614
18.1 614
18.0 614
17.9 614
17.8 614
17.7 614
17.6 614
17.4 614
17.4 614
17.3 614
17.2 614
17.1 614
17.0 614
16.9 614
16.8 614
16.8 614
16.7 614
16.6 614
16.5 614
16.4 614
16.4 614
16.3 613
16.2 613
16.1 613
16.0 613
15.9 613
15.8 613
15.8 613
15.7 613
15.6 613
15.5 613
15.4 613
15.3 613
15.2 613
15.2 613
15.1 613
15.0 613
14.9 613
14.8 612
14.8 612
14.7 612
14.6 612
14.6 612
14.5 612
14.4 612
14.4 612
14.3 612
14.3 612
14.2 612
14.2 612
14.1 612
14.1 612
14.0 612
14.0 612
14.0 612
14.0 611
14.1 611
14.1 611
14.2 611
14.3 611
14.4 610
14.4 610
14.5 610
14.7 610
14.8 610
15.0 610
15.0 610
15.0 610
15.1 610
15.0 610
15.1 610
15.1 610
15.2 610
15.2 609
15.3 609
15.4 609
15.5 609
15.6 609
15.9 609
16.1 609
16.2 609
16.3 609
16.5 609
16.8 609
16.9 609
16.9 609
17.0 609
17.0 608
17.1 608
17.2 609
17.2 609
17.1 609
17.0 609
17.0 609
16.9 610
16.8 610
16.8 610
16.7 610
16.6 610
16.5 610
16.3 610
16.2 611
16.1 610
16.1 611
16.0 611
15.9 610
15.8 610
15.7 610
15.5 610
15.4 610
15.3 610
15.2 610
15.0 610
14.9 610
14.8 610
14.6 610
14.5 610
14.3 610
14.2 611
14.0 610
13.9 611
13.8 611
13.6 611
13.5 611
13.4 611
13.3 611
13.2 611
13.1 611
13.0 611
12.9 611
12.8 611
12.7 611
12.6 611
12.5 612
12.4 612
12.3 612
12.2 612
12.1 612
12.0 612
12.0 612
11.9 612
11.8 613
11.8 613
11.8 613
11.7 613
11.7 613
11.6 613
11.6 613
11.5 613
11.5 613
11.6 614
11.6 613
11.6 613
11.7 614
11.7 614
11.8 614
12.0 613
12.2 613
12.3 613
12.5 613
12.7 613
12.9 613
13.0 613
13.3 613
13.7 613
13.9 613
14.2 613
14.5 613
14.5 612
14.4 612
14.4 613
14.5 613
14.5 613
14.7 613
14.9 612
15.0 612
15.0 612
14.9 612
14.8 612
14.8 612
15.0 612
15.1 612
15.1 612
15.0 612
15.0 612
14.9 612
14.9 612
14.9 612
14.9 612
14.8 612
14.7 612
14.6 613
14.5 613
14.4 613
14.3 613
14.2 613
14.0 613
13.9 613
13.8 614
13.6 614
13.5 614
13.4 614
13.3 614
13.2 614
13.2 614
13.1 614
13.0 614
12.9 614
12.8 614
12.7 614
12.6 614
12.5 614
12.5 614
12.4 614
12.3 615
12.2 615
12.2 615
12.1 615
12.0 615
11.9 615
11.9 615
11.8 615
11.7 616
11.6 616
11.6 616
11.5 616
11.4 616
11.3 616
11.2 616
11.2 617
11.1 617
11.0 617
10.9 617
10.8 617
10.8 617
10.7 617
10.7 618
10.7 618
10.6 618
10.6 618
10.6 618
10.6 618
10.6 618
10.6 618
10.7 618
10.7 618
10.8 618
10.8 618
10.9 618
11.0 618
11.1 618
11.1 618
11.2 618
11.4 618
11.7 618
11.8 618
11.9 618
12.0 618
12.1 618
12.2 618
12.2 618
12.4 617
12.8 617
13.2 617
13.5 618
13.6 617
13.7 617
14.0 617
14.3 617
14.5 617
14.8 617
14.9 617
14.9 617
15.0 618
15.2 618
15.4 617
15.5 617
15.5 618
15.5 618
15.5 618
15.5 618
15.6 618
15.6 618
15.6 618
15.6 618
15.6 618
15.6 618
15.6 618
15.6 618
15.5 618
15.5 618
15.4 618
15.3 619
15.2 619
15.1 619
15.0 619
14.9 619
14.8 619
14.7 619
14.6 620
14.5 620
14.4 620
14.3 620
14.2 620
14.1 620
14.0 620
13.8 620
13.7 620
13.6 620
13.4 620
13.3 620
13.2 620
13.1 620
13.0 620
12.8 620
12.7 620
12.6 620
12.5 620
12.4 620
12.3 620
12.2 620
12.1 620
12.0 620
11.9 620
11.8 620
11.7 620
11.6 620
11.5 621
11.4 621
11.3 621
11.2 621
11.1 621
11.0 621
10.9 621
10.8 621
10.8 621
10.7 621
10.7 621
10.7 621
10.7 621
10.7 621
10.8 621
10.9 621
11.0 621
11.2 621
11.4 621
11.7 620
11.9 620
12.2 620
12.4 620
12.6 620
12.9 620
13.1 620
13.4 620
13.7 620
14.0 620
14.3 620
14.7 620
15.0 620
15.3 620
15.6 620
15.9 620
16.2 620
16.4 620
16.7 620
16.9 620
17.2 620
17.3 620
17.5 620
17.7 620
17.8 620
18.0 620
18.0 620
18.1 620
18.2 620
18.2 620
18.2 620
18.1 620
18.1 620
18.0 620
18.0 620
17.9 620
17.8 620
17.7 620
17.6 620
17.5 620
17.3 620
17.2 620
17.0 620
16.8 620
16.6 620
16.5 620
16.5 620
16.4 620
16.3 620
16.1 619
16.0 619
15.9 619
15.8 619
15.6 619
15.5 619
15.4 619
15.2 619
15.1 619
14.9 619
14.8 619
14.6 619
14.5 619
14.4 620
14.2 620
14.1 620
13.9 620
13.8 620
13.7 620
13.6 620
13.4 620
13.3 620
13.2 620
13.0 620
12.9 620
12.8 620
12.6 620
12.5 620
12.4 620
12.2 621
12.1 621
12.0 621
11.8 621
11.7 621
11.6 621
11.5 621
11.4 621
11.4 621
11.3 621
11.3 621
11.3 621
11.3 621
11.3 621
11.4 621
11.5 621
11.7 621
12.0 621
12.2 621
12.5 621
12.7 620
13.0 620
13.3 620
13.6 620
14.0 620
14.3 620
14.6 620
15.0 620
15.3 620
15.6 620
15.9 620
16.2 620
16.5 620
16.8 620
17.0 621
17.3 621
17.5 621
17.7 621
17.9 621
18.1 621
18.3 621
18.5 622
18.6 622
18.7 622
18.7 622
18.8 622
18.8 622
18.8 622
18.8 622
18.8 622
18.8 622
18.8 623
18.8 623
18.8 623
18.7 623
18.6 623
18.6 624
18.5 624
18.4 624
18.3 624
18.2 624
18.1 624
18.0 624
17.9 625
17.8 625
17.7 625
17.6 625
17.5 625
17.4 625
17.2 625
17.2 625
17.1 625
16.9 625
16.8 625
16.7 625
16.6 625
16.5 626
16.4 626
16.3 626
16.2 626
16.1 626
16.0 626
15.8 626
15.7 626
15.6 626
15.5 626
15.3 627
15.2 626
15.1 627
15.0 627
14.9 627
14.8 626
14.7 627
14.6 627
14.5 627
14.4 627
14.3 626
14.2 627
14.1 627
14.1 627
14.0 627
13.9 627
13.9 627
13.9 627
13.8 627
13.8 627
13.8 627
13.8 627
13.9 627
14.0 627
14.0 627
14.0 627
14.1 627
14.2 627
14.4 627
14.5 626
14.7 627
15.0 626
15.2 626
15.4 626
15.4 626
15.5 627
15.7 627
15.8 627
16.1 627
16.4 627
16.4 627
16.7 627
16.9 627
17.2 627
17.2 628
17.4 628
17.5 628
17.8 628
18.1 628
18.0 628
17.9 628
17.9 629
18.0 629
18.1 629
18.1 629
18.0 630
18.0 630
18.0 630
18.0 630
17.9 630
17.8 630
17.8 630
17.8 631
17.7 631
17.6 631
17.5 631
17.4 631
17.3 631
17.2 632
17.1 632
17.0 632
16.9 632
16.8 632
16.7 632
16.6 633
16.5 633
16.4 633
16.4 633
16.3 633
16.2 633
16.1 633
16.0 633
15.9 633
15.8 633
15.7 634
15.6 634
15.5 634
15.4 634
15.3 634
15.2 634
15.1 634
15.0 634
14.9 634
14.8 634
14.7 634
14.6 634
14.4 634
14.3 634
14.2 635
14.1 635
14.0 635
13.8 635
13.7 635
13.6 635
13.5 635
13.3 635
13.2 635
13.1 635
13.0 635
12.9 635
12.8 635
12.7 635
12.6 635
12.6 635
12.5 635
12.5 635
12.5 635
12.5 635
12.5 635
12.6 634
12.7 634
12.8 634
13.0 634
13.3 634
13.6 634
13.8 633
14.1 633
14.4 633
14.7 633
15.0 633
15.4 633
15.8 632
16.1 632
16.4 632
16.8 632
17.2 632
17.5 632
17.7 632
18.0 632
18.2 632
18.5 632
18.8 632
19.1 632
19.4 632
19.6 632
19.7 633
19.9 633
20.0 633
20.2 633
20.3 633
20.4 633
20.4 633
20.5 633
20.5 633
20.5 633
20.5 633
20.5 633
20.5 633
20.4 633
20.4 633
20.2 633
20.1 633
20.0 633
19.9 634
19.8 634
19.7 633
19.5 633
19.4 633
19.2 633
19.1 633
19.0 633
18.9 633
18.8 633
18.7 633
18.6 633
18.4 633
18.3 633
18.2 633
18.0 633
17.9 633
17.7 633
17.6 633
17.4 633
17.3 633
17.1 633
17.0 633
16.8 634
16.7 634
16.5 634
16.4 634
16.3 634
16.1 635
16.0 635
15.9 635
15.7 635
15.6 635
15.5 635
15.3 636
15.2 636
15.0 636
14.9 636
14.8 636
14.6 636
14.5 636
14.4 637
14.2 637
14.1 637
14.0 637
13.9 637
14.0 635
13.9 635
13.9 635
13.9 635
13.9 635
13.9 635
13.9 635
14.0 635
14.2 635
14.4 635
14.6 635
14.9 635
15.1 635
15.4 635
15.7 635
16.0 635
16.3 636
16.7 636
17.0 636
17.3 636
17.7 636
18.0 636
18.3 637
18.7 637
19.0 637
19.3 638
19.6 638
19.8 639
20.1 639
20.4 639
20.6 640
20.8 640
21.1 641
21.3 641
21.4 642
21.6 642
21.7 642
21.8 643
21.9 643
22.0 644
21.9 644
21.8 645
21.8 645
21.8 645
21.7 646
21.6 646
21.6 646
21.6 647
21.5 647
21.4 647
21.3 647
21.2 647
21.2 648
21.0 648
20.8 648
20.7 648
20.6 648
20.5 648
20.4 648
20.4 648
20.3 648
20.2 648
20.1 648
20.0 647
19.9 647
19.8 647
19.7 647
19.6 647
19.4 647
19.3 647
19.2 647
19.0 647
18.9 648
18.8 648
18.6 648
18.5 648
18.4 648
18.2 648
18.1 648
18.0 648
17.8 648
17.7 648
17.6 648
17.4 648
17.3 648
17.2 648
17.0 648
16.9 648
16.7 648
16.6 648
16.4 648
16.3 648
16.2 648
16.0 648
15.9 648
15.8 648
15.8 648
15.7 648
15.7 648
15.7 647
15.7 647
15.7 647
15.8 647
15.8 646
16.0 646
16.3 646
16.5 645
16.8 645
17.1 644
17.4 644
17.6 644
18.0 643
18.3 643
18.6 643
19.0 643
19.3 643
19.6 642
20.0 642
20.3 642
20.5 642
20.8 642
21.0 642
21.2 642
21.3 642
21.6 642
21.9 642
21.8 642
21.8 642
21.7 642
21.9 642
22.1 642
22.1 642
22.2 643
22.3 643
22.3 643
22.2 642
22.2 643
22.2 643
22.2 644
22.2 644
22.2 644
22.1 644
22.0 644
21.9 645
21.8 645
21.6 645
21.5 645
21.3 645
21.2 645
21.0 645
20.8 645
20.6 646
20.5 646
20.4 645
20.2 645
20.1 645
20.0 645
19.9 645
19.7 645
19.6 645
19.5 645
19.4 644
19.3 644
19.2 644
19.0 644
18.9 644
18.8 644
18.7 644
18.6 644
18.4 644
18.3 644
18.2 644
18.1 645
18.0 645
17.9 645
17.8 645
17.7 645
17.6 645
17.5 646
17.4 646
17.3 646
17.2 646
17.1 646
17.0 646
16.9 647
16.8 647
16.8 647
16.7 647
16.6 647
16.5 647
16.5 647
16.4 646
16.4 646
16.3 646
16.3 646
16.3 646
16.3 646
16.3 645
16.4 645
16.6 645
16.6 644
16.8 644
16.9 644
17.2 643
17.3 643
17.5 642
17.8 642
18.0 642
18.3 641
18.6 641
18.8 641
19.1 641
19.3 640
19.6 640
19.8 640
20.1 640
20.5 640
20.7 640
21.0 639
21.2 639
21.5 639
21.8 639
22.0 639
22.2 639
22.4 639
22.6 638
22.8 638
22.8 638
22.8 638
22.9 638
23.0 638
23.0 638
23.0 638
23.0 638
22.9 638
22.9 639
22.8 639
22.7 639
22.6 639
22.5 639
22.4 640
22.3 640
22.2 640
22.0 640
21.9 640
21.7 640
21.5 641
21.3 641
21.2 641
20.9 641
20.8 641
20.6 641
20.5 641
20.4 641
20.2 641
20.1 641
20.0 641
19.8 641
19.7 641
19.5 641
19.4 641
19.2 641
19.1 641
18.9 641
18.7 641
18.6 641
18.4 641
18.3 641
18.2 641
18.0 641
17.9 641
17.7 641
17.6 641
17.5 641
17.4 642
17.2 642
17.1 642
17.0 642
16.8 642
16.7 642
16.6 642
16.4 642
16.3 642
16.1 642
16.0 642
15.8 642
15.7 642
15.6 642
15.5 642
15.4 642
15.3 642
15.2 642
15.2 642
15.2 642
15.2 642
15.2 642
15.4 641
15.6 641
15.8 640
16.1 640
16.4 639
16.6 639
16.9 639
17.2 639
17.5 638
17.8 638
18.1 638
18.4 638
18.8 637
19.1 637
19.4 637
19.7 637
20.0 637
20.3 637
20.6 637
20.9 637
21.2 637
21.4 637
21.6 637
21.9 637
22.1 637
22.3 637
22.4 637
22.6 637
22.7 638
22.8 638
23.0 638
23.0 638
23.1 639
23.1 639
23.2 639
23.1 640
23.1 640
23.0 641
23.0 641
22.9 642
22.8 642
22.8 643
22.6 643
22.5 644
22.4 644
22.2 645
22.0 645
21.9 646
21.8 646
21.7 646
21.6 647
21.4 647
21.3 647
21.2 647
21.0 647
20.9 648
20.8 648
20.6 648
20.5 648
20.4 648
20.2 649
20.1 649
19.9 649
19.8 649
19.6 650
19.4 650
19.3 650
19.1 651
19.0 651
18.8 652
18.6 652
18.5 652
18.4 653
18.2 653
18.0 653
17.9 654
17.8 654
17.6 654
17.5 655
17.3 655
17.2 655
17.1 656
16.9 656
16.8 656
16.6 657
16.5 657
16.4 657
16.3 658
16.2 658
16.2 658
16.1 658
16.1 659
16.1 659
16.1 659
16.1 659
16.2 659
16.4 659
16.6 659
16.9 658
17.2 658
17.4 658
17.7 658
18.0 658
18.3 658
18.6 658
19.0 658
19.4 658
19.7 658
20.1 658
20.4 658
20.8 657
21.1 658
21.4 657
21.8 657
22.1 657
22.4 657
22.7 657
22.7 657
23.0 658
23.0 657
23.1 658
23.2 658
23.3 657
23.4 657
23.4 657
23.5 658
23.5 658
23.4 658
23.3 658
23.3 659
23.3 659
23.3 659
23.2 659
23.2 659
23.1 659
23.1 659
23.1 659
23.0 659
22.9 659
22.8 659
22.7 659
22.6 659
22.5 660
22.4 660
22.3 660
22.1 660
22.0 660
21.9 660
21.8 660
21.7 660
21.6 660
21.5 660
21.4 660
21.3 660
21.2 660
21.1 660
21.0 660
20.9 660
20.8 660
20.7 660
20.6 660
20.4 660
20.3 660
20.2 660
20.1 660
20.0 660
19.8 660
19.7 661
19.6 661
19.5 661
19.4 661
19.3 661
19.1 661
19.0 661
18.9 661
18.8 661
18.6 661
18.5 661
18.4 661
18.3 661
18.2 661
18.0 661
18.0 661
17.9 660
17.8 660
17.7 660
17.7 660
17.7 660
17.7 660
17.7 660
17.7 659
17.7 659
17.9 659
18.1 659
18.3 658
18.5 658
18.7 657
19.0 657
19.2 657
19.5 657
19.7 656
20.0 656
20.4 656
20.6 655
20.9 655
21.2 655
21.6 655
21.7 654
21.8 654
21.9 654
22.0 654
22.2 654
22.4 653
22.6 653
22.7 653
22.8 653
23.1 652
23.3 652
23.4 652
23.5 652
23.6 652
23.7 652
23.8 652
23.8 653
23.8 653
23.8 653
23.8 653
23.8 654
23.7 654
23.6 655
23.6 655
23.5 656
23.4 657
23.3 657
23.2 658
23.0 659
22.9 660
22.7 660
22.5 661
22.4 662
22.2 663
22.1 663
22.0 664
21.8 664
21.7 665
21.5 665
21.4 666
21.2 666
21.1 666
21.0 667
20.8 667
20.7 668
20.6 668
20.4 668
20.3 669
20.1 669
20.0 669
19.8 670
19.7 670
19.5 670
19.4 670
19.2 671
19.0 671
18.9 671
18.8 671
18.6 672
18.5 672
18.3 672
18.2 672
18.1 672
17.9 672
17.8 672
17.6 673
17.5 673
17.4 673
17.2 673
17.1 673
17.0 673
16.8 673
16.7 673
16.7 673
16.6 673
16.5 673
16.5 673
16.4 673
16.4 673
16.5 673
16.5 673
16.7 672
16.9 672
17.2 671
17.5 671
17.8 670
18.1 670
18.4 670
18.6 670
18.9 669
19.3 669
19.6 669
20.0 669
20.3 668
20.7 668
21.0 668
21.4 668
21.7 667
22.0 667
22.3 667
22.6 667
22.9 666
23.2 666
23.4 666
23.6 666
23.8 665
24.0 665
24.2 665
24.4 665
24.6 664
24.7 664
24.8 664
24.8 664
24.9 664
25.0 664
25.0 664
25.0 664
25.0 664
25.0 664
25.0 664
24.9 664
24.8 665
24.7 665
24.6 665
24.5 665
24.4 666
24.3 666
24.2 666
24.0 667
23.9 667
23.7 667
23.6 668
23.5 668
23.3 668
23.2 668
23.1 668
23.0 669
22.9 669
22.7 669
22.6 669
22.4 669
22.2 669
22.1 669
21.9 670
21.8 670
21.6 670
21.4 670
21.3 670
21.1 670
21.0 670
20.8 671
20.6 671
20.5 671
20.3 671
20.2 671
20.0 671
19.9 671
19.8 672
19.6 672
19.5 672
19.4 672
19.2 672
19.1 672
19.0 672
18.8 672
18.7 672
18.6 672
18.5 672
18.4 672
18.3 672
18.3 672
18.3 672
18.2 672
18.2 672
18.2 672
18.2 672
18.3 671
18.4 671
18.6 671
18.8 670
19.1 670
19.3 670
19.6 669
19.8 669
20.1 669
20.4 669
20.7 668
21.0 668
21.3 668
21.7 667
22.0 667
22.4 667
22.7 666
23.1 666
23.3 666
23.5 665
23.8 665
24.1 665
24.4 664
24.6 664
24.7 663
24.9 663
24.9 663
24.9 662
25.1 662
25.2 662
25.3 661
25.4 661
25.4 661
25.4 660
25.4 660
25.3 660
25.3 660
25.2 660
25.1 659
25.0 659
24.8 659
24.7 659
24.5 659
24.2 659
24.0 659
23.8 659
23.5 659
23.3 659
23.0 660
22.8 660
22.5 660
22.3 660
22.1 660
22.0 660
21.8 660
21.6 660
21.4 660
21.3 660
21.1 660
20.9 660
20.8 660