0.39 10.8
0.38 10.8
0.39 10.8
0.39 10.8
0.34 10.8
0.39 10.8
0.43 10.7
0.46 10.7
0.46 10.7
0.42 10.7
0.42 10.7
0.50 10.7
0.48 10.7
0.49 10.7
0.45 10.7
0.49 10.7
0.46 10.7
0.46 10.7
0.37 10.7
0.45 10.7
0.40 10.7
0.36 10.7
0.37 10.7
0.51 10.8
0.50 10.8
0.41 10.8
0.38 10.8
0.31 10.8
0.37 10.9
0.34 10.9
0.37 10.9
0.35 11.0
0.40 11.0
0.41 11.1
0.39 11.2
0.34 11.2
0.31 11.3
0.35 11.3
0.31 11.4
0.27 11.4
0.34 11.5
0.18 11.5
0.28 11.6
0.31 11.6
0.31 11.6
0.30 11.7
0.31 11.7
0.26 11.7
0.30 11.8
0.35 11.8
0.21 11.8
0.20 11.8
0.30 11.8
0.28 11.8
0.21 11.8
0.23 11.9
0.26 11.9
0.43 11.9
0.27 11.9
0.29 11.9
0.39 11.9
0.33 11.9
0.42 11.9
0.43 11.8
0.39 11.8
0.43 11.8
0.44 11.8
0.98 11.8
0.55 11.8
0.45 11.8
0.43 11.7
0.44 11.7
0.50 11.7
0.46 11.6
0.52 11.6
0.49 11.6
0.52 11.5
0.55 11.5
0.55 11.4
0.54 11.4
0.48 11.4
0.39 11.3
0.45 11.2
0.34 11.2
0.43 11.1
0.61 11.1
0.48 11.0
0.59 11.0
0.56 10.9
0.36 10.9
0.50 10.8
0.50 10.8
0.42 10.7
0.54 10.7
0.56 10.7
0.53 10.6
0.44 10.6
0.93 10.6
0.51 10.5
0.46 10.5
0.39 10.5
0.34 10.5
0.45 10.5
0.42 10.5
0.50 10.4
0.31 10.4
0.35 10.4
0.39 10.4
0.41 10.4
0.41 10.4
0.44 10.4
0.43 10.4
0.37 10.4
0.45 10.4
0.31 10.4
0.37 10.4
0.46 10.4
0.46 10.5
0.38 10.5
0.42 10.5
0.33 10.5
0.47 10.5
0.50 10.5
0.51 10.6
0.50 10.6
0.48 10.6
0.41 10.7
0.42 10.7
0.38 10.8
0.33 10.8
0.40 10.9
0.36 11.0
0.35 11.0
0.32 11.1
0.27 11.1
0.38 11.2
0.30 11.2
0.28 11.3
0.27 11.3
0.39 11.4
0.34 11.4
0.24 11.4
0.24 11.5
0.22 11.5
0.25 11.6
0.28 11.6
0.32 11.6
0.29 11.6
0.25 11.6
0.42 11.7
0.36 11.7
0.26 11.7
0.26 11.7
0.23 11.7
0.27 11.7
0.29 11.7
0.29 11.7
0.30 11.7
0.25 11.7
0.27 11.7
0.25 11.7
0.31 11.7
0.33 11.7
0.29 11.7
0.34 11.7
0.32 11.6
0.34 11.6
0.35 11.6
0.33 11.6
0.40 11.6
0.39 11.5
0.32 11.5
0.32 11.4
0.36 11.4
0.29 11.4
0.34 11.3
0.34 11.3
0.41 11.2
0.41 11.1
0.44 11.1
0.40 11.0
0.35 11.0
0.39 11.0
0.32 10.9
0.40 10.8
0.45 10.8
0.47 10.8
0.40 10.8
0.39 10.7
0.39 10.7
0.40 10.7
0.37 10.6
0.45 10.6
0.39 10.6
0.33 10.6
0.44 10.6
0.37 10.5
0.42 10.5
0.39 10.5
0.44 10.5
0.42 10.5
0.39 10.5
0.33 10.5
0.35 10.5
0.41 10.5
0.38 10.5
0.40 10.5
0.36 10.5
0.41 10.5
0.39 10.5
0.37 10.5
0.44 10.5
0.42 10.5
0.42 10.5
0.60 10.5
0.42 10.5
0.51 10.5
0.44 10.5
0.46 10.6
0.52 10.6
0.42 10.6
0.53 10.6
0.41 10.6
0.38 10.7
0.48 10.7
0.56 10.8
0.39 10.8
0.44 10.9
0.44 10.9
0.47 10.9
0.45 10.9
0.45 11.0
0.42 11.0
0.39 11.1
0.36 11.2
0.34 11.2
0.37 11.3
0.35 11.3
0.22 11.4
0.28 11.4
0.29 11.5
0.23 11.5
0.28 11.6
0.30 11.6
0.53 11.6
0.28 11.7
0.29 11.7
0.25 11.7
0.22 11.8
0.25 11.8
0.37 11.8
0.34 11.8
0.23 11.8
0.27 11.8
0.31 11.9
0.31 11.9
0.28 11.9
0.30 11.9
0.22 11.9
0.30 11.9
0.28 11.9
0.30 11.9
0.29 11.9
0.34 11.8
0.30 11.8
0.32 11.8
0.30 11.8
0.39 11.8
0.22 11.8
0.33 11.8
0.33 11.7
0.38 11.7
0.33 11.7
0.40 11.6
0.43 11.6
0.37 11.6
0.30 11.6
0.29 11.5
0.36 11.5
0.30 11.5
0.44 11.4
0.35 11.4
0.31 11.4
0.42 11.4
0.31 11.3
0.35 11.3
0.36 11.3
0.42 11.3
0.36 11.3
0.40 11.2
0.36 11.2
0.35 11.2
0.43 11.2
0.43 11.2
0.47 11.2
0.44 11.2
0.41 11.2
0.52 11.2
0.40 11.3
0.38 11.3
0.36 11.3
0.50 11.3
0.42 11.3
0.47 11.3
0.43 11.4
0.45 11.4
0.41 11.4
0.42 11.4
0.42 11.4
0.52 11.4
0.42 11.4
0.47 11.4
0.55 11.4
0.56 11.4
0.41 11.5
0.36 11.5
0.40 11.5
0.39 11.5
0.37 11.6
0.32 11.6
0.31 11.7
0.33 11.7
0.31 11.8
0.37 11.8
0.31 11.8
0.27 11.9
0.18 11.9
0.33 12.0
0.25 12.0
0.24 12.0
0.28 12.0
0.30 12.1
0.30 12.1
0.24 12.1
0.29 12.2
0.30 12.2
0.34 12.2
0.34 12.2
0.32 12.2
0.39 12.2
0.34 12.2
0.31 12.2
0.30 12.2
0.27 12.2
0.22 12.2
0.30 12.2
0.27 12.2
0.33 12.2
0.22 12.2
0.27 12.2
0.22 12.2
0.27 12.2
0.24 12.2
0.21 12.2
0.33 12.1
0.26 12.1
0.21 12.1
0.33 12.1
0.28 12.0
0.33 12.0
0.34 12.0
0.26 12.0
0.31 12.0
0.35 11.9
0.36 11.9
0.35 11.8
0.33 11.8
0.33 11.8
0.33 11.7
0.26 11.7
0.32 11.6
0.28 11.6
0.26 11.5
0.26 11.5
0.38 11.4
0.27 11.4
0.30 11.3
0.34 11.3
0.31 11.2
0.36 11.2
0.33 11.2
0.40 11.1
0.30 11.1
0.35 11.1
0.32 11.0
0.36 11.0
0.35 11.0
0.35 11.0
0.28 11.0
0.38 10.9
0.39 10.9
0.32 10.9
0.39 10.9
0.30 10.9
0.35 10.9
0.35 10.9
0.36 10.9
0.38 10.9
0.36 10.9
0.36 10.9
0.42 10.9
0.39 10.9
0.35 10.9
0.41 10.9
0.32 10.9
0.36 11.0
0.36 11.0
0.39 11.0
0.39 11.0
0.41 11.0
0.38 11.0
0.33 11.1
0.40 11.1
0.42 11.1
0.34 11.2
0.37 11.2
0.38 11.3
0.34 11.3
0.35 11.4
0.22 11.4
0.25 11.5
0.29 11.5
0.30 11.6
0.33 11.6
0.32 11.7
0.28 11.7
0.25 11.8
0.20 11.8
0.33 11.8
0.21 11.9
0.27 11.9
0.29 11.9
0.20 11.9
0.28 12.0
0.33 12.0
0.24 12.0
0.30 12.0
0.28 12.0
0.23 12.0
0.17 12.0
0.24 12.1
0.22 12.1
0.15 12.1
0.25 12.1
0.19 12.1
0.17 12.1
0.20 12.0
0.24 12.0
0.17 12.0
0.22 12.0
0.13 12.0
0.20 12.0
0.26 12.0
0.28 12.0
0.29 12.0
0.27 11.9
0.27 11.9
0.28 11.9
0.31 11.9
0.29 11.8
0.28 11.8
0.32 11.8
0.32 11.7
0.29 11.7
0.26 11.6
0.29 11.6
0.37 11.5
0.32 11.4
0.44 11.4
0.23 11.3
0.26 11.3
0.36 11.2
0.36 11.2
0.34 11.1
0.27 11.1
0.35 11.0
0.38 11.0
0.35 11.0
0.38 10.9
0.45 10.9
0.37 10.9
0.41 10.8
0.40 10.8
0.48 10.8
0.44 10.8
0.40 10.7
0.46 10.7
0.46 10.7
0.39 10.7
0.41 10.7
0.46 10.7
0.48 10.6
0.48 10.6
0.41 10.6
0.46 10.6
0.43 10.6
0.39 10.6
0.41 10.6
0.42 10.6
0.41 10.7
0.49 10.7
0.35 10.7
0.40 10.7
0.41 10.7
0.41 10.7
0.40 10.7
0.41 10.7
0.37 10.8
0.37 10.8
0.28 10.8
0.33 10.9
0.33 10.9
0.32 11.0
0.27 11.0
0.23 11.1
0.37 11.1
0.28 11.2
0.32 11.2
0.25 11.3
0.22 11.3
0.18 11.4
0.27 11.4
0.17 11.5
0.24 11.5
0.22 11.5
0.11 11.6
0.18 11.6
0.21 11.6
0.23 11.7
0.30 11.7
0.28 11.7
0.30 11.7
0.27 11.7
0.25 11.8
0.34 11.8
0.30 11.8
0.29 11.8
0.23 11.8
0.34 11.8
0.33 11.8
0.28 11.8
0.36 11.8
0.24 11.8
0.29 11.8
0.32 11.8
0.28 11.8
0.36 11.8
0.43 11.8
0.31 11.7
0.27 11.7
0.30 11.7
0.32 11.7
0.30 11.7
0.30 11.6
0.30 11.6
0.29 11.6
0.33 11.6
0.31 11.5
0.36 11.5
0.32 11.4
0.34 11.4
0.39 11.3
0.41 11.3
0.23 11.2
0.35 11.2
0.30 11.1
0.32 11.1
0.39 11.0
0.37 11.0
0.40 10.9
0.41 10.9
0.37 10.8
0.39 10.8
0.30 10.8
0.36 10.7
0.45 10.7
0.40 10.7
0.38 10.6
0.38 10.6
0.42 10.6
0.39 10.6
0.44 10.5
0.38 10.5
0.44 10.5
0.43 10.5
0.38 10.5
0.48 10.5
0.37 10.4
0.38 10.4
0.42 10.4
0.38 10.4
0.43 10.4
0.50 10.4
0.42 10.4
0.46 10.4
0.42 10.4
0.47 10.4
0.44 10.4
0.48 10.5
0.48 10.5
0.57 10.5
0.47 10.5
0.53 10.5
0.50 10.6
0.48 10.6
0.54 10.6
0.43 10.6
0.49 10.7
0.49 10.7
0.51 10.8
0.48 10.9
0.48 10.9
0.45 11.0
0.36 11.0
0.38 11.1
0.23 11.1
0.35 11.2
0.39 11.2
0.28 11.3
0.36 11.3
0.36 11.3
0.18 11.4
0.31 11.4
0.29 11.5
0.31 11.5
0.37 11.5
0.37 11.6
0.29 11.6
0.41 11.6
0.34 11.6
0.34 11.6
0.40 11.7
0.32 11.7
0.36 11.7
0.35 11.7
0.33 11.8
0.31 11.8
0.28 11.8
0.39 11.8
0.36 11.8
0.38 11.8
0.42 11.8
0.43 11.8
0.40 11.8
0.36 11.7
0.43 11.7
0.47 11.7
0.41 11.7
0.41 11.7
0.37 11.7
0.39 11.6
0.30 11.6
0.32 11.6
0.29 11.5
0.28 11.5
0.31 11.4
0.33 11.4
0.29 11.4
0.37 11.3
0.35 11.3
0.42 11.2
0.38 11.2
0.42 11.2
0.39 11.1
0.41 11.1
0.42 11.0
0.45 11.0
0.50 11.0
0.52 10.9
0.54 10.9
0.46 10.9
0.52 10.8
0.41 10.8
0.65 10.8
0.51 10.8
0.49 10.7
0.46 10.7
0.41 10.7
0.49 10.7
0.49 10.7
0.47 10.6
0.46 10.6
0.43 10.6
0.49 10.6
0.49 10.6
0.39 10.6
0.50 10.6
0.41 10.6
0.45 10.6
0.48 10.6
0.47 10.6
0.45 10.6
0.51 10.6
0.53 10.6
0.47 10.6
0.51 10.6
0.47 10.6
0.57 10.7
0.53 10.7
0.48 10.7
0.53 10.7
0.49 10.8
0.45 10.8
0.47 10.9
0.51 10.9
0.49 11.0
0.46 11.0
0.37 11.0
0.40 11.1
0.46 11.2
0.39 11.2
0.43 11.2
0.42 11.3
0.40 11.3
0.38 11.4
0.39 11.4
0.34 11.4
0.35 11.5
0.43 11.5
0.34 11.5
0.38 11.6
0.37 11.6
0.43 11.6
0.37 11.6
0.32 11.6
0.37 11.6
0.21 11.6
0.32 11.6
0.38 11.6
0.26 11.6
0.22 11.6
0.21 11.6
0.24 11.6
0.24 11.6
0.22 11.6
0.27 11.6
0.26 11.6
0.23 11.6
0.24 11.6
0.27 11.6
0.27 11.6
0.30 11.6
0.30 11.6
0.30 11.5
0.29 11.5
0.35 11.5
0.93 11.5
0.64 11.4
0.36 11.4
0.32 11.4
0.34 11.3
0.34 11.3
0.32 11.2
0.33 11.2
0.34 11.1
0.36 11.1
0.36 11.0
0.36 11.0
0.33 10.9
0.42 10.9
0.34 10.8
0.39 10.8
0.39 10.7
0.38 10.7
0.46 10.7
0.35 10.6
0.23 10.6
0.41 10.6
0.39 10.5
0.36 10.5
0.39 10.5
0.26 10.5
0.33 10.4
0.35 10.4
0.34 10.4
0.31 10.4
0.34 10.4
0.37 10.4
0.42 10.4
0.37 10.4
0.36 10.4
0.47 10.4
0.36 10.4
0.41 10.4
0.39 10.4
0.35 10.4
0.31 10.4
0.38 10.4
0.35 10.4
0.56 10.4
0.60 10.4
0.40 10.4
0.39 10.4
0.37 10.5
0.38 10.5
0.38 10.5
0.37 10.6
0.39 10.6
0.39 10.7
0.34 10.7
0.33 10.8
0.42 10.8
0.30 10.9
0.40 10.9
0.26 11.0
0.31 11.0
0.28 11.1
0.34 11.1
0.26 11.2
0.31 11.2
0.35 11.3
0.31 11.3
0.34 11.2
0.29 11.4
0.27 11.5
0.22 11.5
0.22 11.5
0.31 11.5
0.27 11.6
0.27 11.6
0.23 11.6
0.22 11.6
0.25 11.6
0.30 11.6
0.26 11.7
0.33 11.7
0.24 11.7
0.29 11.7
0.51 11.7
0.30 11.7
0.33 11.7
0.47 11.7
0.30 11.6
0.30 11.6
0.35 11.6
0.24 11.6
0.29 11.6
0.38 11.6
0.34 11.6
0.39 11.6
0.33 11.5
0.29 11.5
0.43 11.5
0.30 11.4
0.36 11.4
0.31 11.4
0.32 11.3
0.39 11.3
0.35 11.2
0.37 11.2
0.35 11.2
0.34 11.1
0.29 11.0
0.37 11.0
0.39 10.9
0.39 10.9
0.37 10.8
0.32 10.8
0.31 10.7
0.39 10.7
0.39 10.6
0.35 10.6
0.39 10.6
0.31 10.5
0.31 10.5
0.34 10.5
0.32 10.4
0.32 10.4
0.38 10.4
0.28 10.4
0.29 10.4
0.28 10.3
0.36 10.3
0.30 10.3
0.39 10.3
0.28 10.3
0.35 10.3
0.25 10.3
0.33 10.3
0.31 10.3
0.34 10.3
0.35 10.3
0.25 10.3
0.31 10.3
0.29 10.3
0.30 10.3
0.29 10.3
0.40 10.3
0.43 10.3
0.45 10.4
0.40 10.4
0.43 10.4
0.40 10.4
0.45 10.5
0.41 10.5
0.30 10.6
0.41 10.7
0.37 10.7
0.38 10.8
0.31 10.8
0.37 10.9
0.35 10.9
0.28 11.0
0.38 11.0
0.40 11.1
0.29 11.2
0.30 11.2
0.36 11.2
0.38 11.3
0.31 11.3
0.44 11.4
0.25 11.4
0.25 11.4
0.25 11.4
0.26 11.5
0.34 11.5
0.31 11.5
0.32 11.5
0.29 11.6
0.25 11.6
0.25 11.6
0.32 11.6
0.29 11.6
0.29 11.6
0.29 11.6
0.29 11.6
0.31 11.6
0.34 11.6
0.34 11.6
0.38 11.6
0.40 11.6
0.33 11.6
0.38 11.6
0.40 11.6
0.27 11.6
0.46 11.6
0.34 11.6
0.44 11.5
0.40 11.5
0.39 11.5
0.31 11.4
0.41 11.4
0.33 11.3
0.31 11.3
0.37 11.2
0.33 11.2
0.35 11.2
0.39 11.1
0.28 11.0
0.43 11.0
0.42 11.0
0.28 10.9
0.39 10.8
0.39 10.8
0.42 10.8
0.31 10.7
0.38 10.7
0.35 10.7
0.35 10.6
0.39 10.6
0.51 10.6
0.71 10.6
0.38 10.5
0.34 10.5
0.51 10.5
0.47 10.5
0.41 10.5
0.31 10.5
0.38 10.5
0.35 10.4
0.47 10.4
0.45 10.4
0.43 10.4
0.54 10.4
0.48 10.4
0.42 10.4
0.50 10.4
0.54 10.4
0.42 10.4
0.44 10.4
0.60 10.4
0.43 10.4
0.51 10.4
0.50 10.5
0.47 10.5
0.56 10.5
0.50 10.5
0.55 10.5
0.48 10.6
0.48 10.6
0.44 10.6
0.46 10.7
0.54 10.7
0.47 10.8
0.50 10.8
0.52 10.9
0.51 10.9
0.44 11.0
0.52 11.0
0.45 11.1
0.44 11.1
0.43 11.2
0.46 11.2
0.54 11.3
0.42 11.3
0.39 11.3
0.38 11.4
0.35 11.4
0.43 11.4
0.40 11.5
0.33 11.5
0.34 11.5
0.30 11.5
0.23 11.6
0.28 11.6
0.18 11.6
0.35 11.6
0.30 11.6
0.27 11.6
0.25 11.6
0.28 11.7
0.27 11.7
0.31 11.7
0.35 11.7
0.30 11.7
0.22 11.7
0.35 11.7
0.36 11.7
0.34 11.7
0.31 11.7
0.39 11.7
0.38 11.6
0.47 11.6
0.42 11.6
0.45 11.6
0.41 11.6
0.39 11.5
0.44 11.5
0.40 11.5
0.34 11.4
0.38 11.4
0.34 11.4
0.47 11.3
0.50 11.3
0.38 11.3
0.38 11.2
0.39 11.2
0.40 11.2
0.43 11.1
0.42 11.1
0.49 11.1
0.46 11.1
0.42 11.0
0.38 11.0
0.45 11.0
0.37 11.0
0.53 11.0
0.44 11.0
0.43 11.0
0.44 11.0
0.42 11.0
0.40 11.0
0.48 10.9
0.48 10.9
0.41 10.9
0.52 10.9
0.53 10.9
0.49 10.9
0.46 10.9
0.34 10.9
0.39 10.9
0.49 10.8
0.40 10.8
0.49 10.8
0.39 10.8
0.47 10.8
0.43 10.8
0.48 10.8
0.44 10.8
0.54 10.8
0.43 10.8
0.47 10.8
0.43 10.8
0.44 10.9
0.43 10.9
0.43 10.9
0.48 10.9
0.52 11.0
0.45 11.0
0.45 11.1
0.37 11.1
0.38 11.2
0.34 11.2
0.44 11.2
0.35 11.3
0.42 11.3
0.39 11.4
0.36 11.4
0.39 11.4
0.38 11.5
0.35 11.5
0.38 11.5
0.43 11.6
0.38 11.6
0.33 11.6
0.43 11.6
0.38 11.6
0.34 11.6
0.35 11.7
0.31 11.7
0.47 11.7
0.32 11.7
0.68 11.7
0.18 11.8
0.26 11.8
0.24 11.8
0.27 11.7
0.32 11.4
0.41 11.7
0.33 11.7
0.37 11.7
0.29 11.7
0.32 11.7
0.30 11.7
0.29 11.7
0.33 11.7
0.31 11.7
0.37 11.7
0.29 11.7
0.31 11.7
0.32 11.7
0.31 11.6
0.25 11.6
0.31 11.6
0.36 11.6
0.36 11.6
0.35 11.6
0.40 11.6
0.33 11.5
0.35 11.5
0.38 11.4
0.29 11.4
0.25 11.3
0.31 11.3
0.43 11.3
0.33 11.2
0.36 11.2
0.39 11.2
0.30 11.2
0.36 11.2
0.36 11.1
0.31 11.1
0.37 11.1
0.31 11.1
0.38 11.1
0.41 11.1
0.32 11.0
0.38 11.0
0.36 11.0
0.34 11.0
0.30 11.0
0.41 11.0
0.33 11.0
0.39 11.0
0.36 11.0
0.35 11.0
0.37 11.0
0.34 11.0
0.40 11.0
0.41 11.0
0.37 11.0
0.39 11.0
0.40 11.0
0.38 11.0
0.42 11.0
0.39 11.0
0.39 11.0
0.39 11.0
0.45 11.1
0.37 11.1
0.35 11.1
0.36 11.1
0.33 11.2
0.36 11.2
0.36 11.2
0.48 11.3
0.31 11.3
0.35 11.4
0.34 11.4
0.34 11.5
0.38 11.5
0.33 11.6
0.34 11.6
0.28 11.6
0.27 11.7
0.37 11.7
0.37 11.8
0.27 11.8
0.31 11.8
0.32 11.8
0.35 11.8
0.30 11.9
0.29 11.9
0.29 11.9
0.29 11.9
0.30 11.9
0.33 11.9
0.26 11.9
0.38 11.9
0.34 11.9
0.29 12.0
0.27 12.0
0.27 12.0
0.33 12.0
0.31 12.0
0.30 12.0
0.34 11.9
0.38 11.9
0.30 11.9
0.37 11.9
0.34 11.9
0.36 11.8
0.36 11.8
0.25 11.8
0.36 11.8
0.27 11.8
0.34 11.8
0.34 11.7
0.37 11.7
0.40 11.7
0.37 11.6
0.32 11.6
0.34 11.6
0.38 11.6
0.26 11.6
0.30 11.5
0.37 11.5
0.40 11.5
0.37 11.4
0.33 11.4
0.38 11.4
0.38 11.4
0.35 11.4
0.29 11.3
0.38 11.3
0.38 11.3
0.40 11.2
0.67 11.2
0.28 11.2
0.43 11.2
0.38 11.2
0.33 11.2
0.39 11.1
0.39 11.1
0.36 11.1
0.39 11.1
0.37 11.1
0.41 11.1
0.39 11.1
0.42 11.1
0.42 11.2
0.37 11.1
0.37 11.2
0.43 11.2
0.31 11.2
0.35 11.2
0.43 11.2
0.45 11.2
0.40 11.2
0.34 11.2
0.38 11.2
0.43 11.2
0.46 11.2
0.40 11.2
0.42 11.2
0.39 11.2
0.41 11.2
0.43 11.3
0.39 11.3
0.42 11.3
0.49 11.4
0.39 11.4
0.42 11.4
0.44 11.5
0.39 11.5
0.39 11.6
0.40 11.6
0.39 11.6
0.40 11.7
0.34 11.7
0.28 11.8
0.36 11.8
0.37 11.8
0.43 11.9
0.37 11.9
0.37 11.9
0.34 11.9
0.31 12.0
0.38 12.0
0.35 12.0
0.29 12.0
0.26 12.0
0.18 12.0
0.31 12.0
0.35 12.0
0.31 12.0
0.30 12.0
0.32 12.0
0.31 12.0
0.39 12.0
0.27 12.0
0.32 12.0
0.31 12.0
0.27 12.0
0.29 12.0
0.26 12.0
0.25 11.9
0.28 11.9
0.22 11.9
0.24 11.9
0.30 11.9
0.23 11.9
0.34 11.9
0.28 11.8
0.31 11.8
0.32 11.8
0.34 11.8
0.49 11.8
0.90 11.7
0.40 11.7
0.28 11.7
0.41 11.6
0.31 11.6
0.33 11.5
0.30 11.5
0.35 11.5
0.34 11.4
0.34 11.4
0.32 11.4
0.36 11.3
0.36 11.3
0.38 11.2
0.38 11.2
0.33 11.2
0.37 11.2
0.38 11.1
1.15 11.1
0.37 11.1
0.35 11.0
0.40 11.0
0.32 11.0
0.43 11.0
0.34 10.9
0.39 10.9
0.30 10.9
0.34 10.9
0.40 10.9
0.36 10.9
0.35 10.9
0.46 10.9
0.38 10.8
0.33 10.8
0.43 10.8
0.35 10.8
0.39 10.8
0.39 10.8
0.42 10.8
0.32 10.8
0.32 10.8
0.31 10.9
0.33 10.9
0.30 11.0
0.29 11.0
0.30 11.0
0.29 11.1
0.37 11.1
0.44 11.2
0.39 11.2
0.33 11.3
0.37 11.3
0.24 11.4
0.29 11.4
0.25 11.5
0.36 11.5
0.35 11.6
0.20 11.6
0.31 11.6
0.25 11.7
0.22 11.7
0.26 11.7
0.27 11.8
0.27 11.8
0.26 11.8
0.21 11.9
0.27 11.9
0.26 11.9
0.17 11.9
0.28 11.9
0.25 11.9
0.27 11.9
0.32 11.9
0.16 12.0
0.33 12.0
0.25 12.0
0.22 12.0
0.35 12.0
0.27 12.0
0.27 12.0
0.33 11.9
0.27 11.9
0.29 11.9
0.30 11.9
0.35 11.9
0.31 11.9
0.31 11.9
0.32 11.9
0.30 11.8
0.29 11.8
0.36 11.8
0.28 11.8
0.34 11.7
0.32 11.7
0.29 11.7
0.28 11.6
0.36 11.6
0.27 11.6
0.25 11.5
0.32 11.5
0.34 11.4
0.31 11.4
0.37 11.3
0.37 11.3
0.29 11.2
0.34 11.2
0.32 11.2
0.38 11.2
0.29 11.1
0.21 11.1
0.36 11.1
0.35 11.0
0.36 11.0
0.39 11.0
0.34 11.0
0.31 11.0
0.29 10.9
0.34 10.9
0.35 10.9
0.33 10.9
0.35 10.9
0.40 10.9
0.30 10.9
0.29 10.9
0.28 10.9
0.36 10.9
0.34 10.9
0.31 10.9
0.37 10.9
0.37 10.9
0.38 10.9
0.34 10.9
0.33 10.9
0.29 10.9
0.37 10.9
0.39 10.9
0.32 10.9
0.34 11.0
0.38 11.0
0.36 11.0
0.43 11.0
0.35 11.1
0.38 11.1
0.34 11.2
0.33 11.2
0.31 11.2
0.32 11.3
0.34 11.4
0.30 11.4
0.32 11.4
0.29 11.5
0.33 11.5
0.33 11.6
0.26 11.6
0.30 11.6
0.26 11.6
0.26 11.7
0.24 11.7
0.18 11.7
0.17 11.7
0.22 11.7
0.22 11.8
0.28 11.8
0.27 11.8
0.30 11.8
0.33 11.8
0.33 11.8
0.36 11.8
0.28 11.8
0.29 11.8
0.28 11.8
0.31 11.8
0.34 11.8
0.25 11.8
0.32 11.8
0.31 11.8
0.29 11.8
0.24 11.8
0.32 11.8
0.27 11.8
0.35 11.7
0.26 11.7
0.31 11.7
0.35 11.7
0.26 11.7
0.34 11.7
0.24 11.6
0.30 11.6
0.27 11.6
0.25 11.5
0.35 11.5
0.27 11.4
0.31 11.4
0.30 11.3
0.37 11.3
0.20 11.2
0.41 11.2
0.34 11.1
0.40 11.1
0.45 11.0
0.34 11.0
0.31 10.9
0.47 10.9
0.34 10.8
0.38 10.8
0.37 10.8
0.38 10.7
0.39 10.7
0.42 10.7
0.37 10.7
0.43 10.6
0.38 10.6
0.40 10.6
0.31 10.6
0.35 10.6
0.43 10.5
0.38 10.5
0.39 10.5
0.42 10.5
0.38 10.5
0.37 10.5
0.38 10.4
0.47 10.4
0.50 10.4
0.37 10.4
0.36 10.4
0.33 10.4
0.44 10.4
0.39 10.4
0.38 10.4
0.38 10.4
0.41 10.4
0.38 10.4
0.41 10.4
0.43 10.5
0.35 10.5
0.49 10.5
0.38 10.5
0.41 10.6
0.46 10.6
0.43 10.6
0.40 10.7
0.48 10.7
0.45 10.8
0.43 10.8
0.41 10.8
0.43 10.9
0.35 10.9
0.44 11.0
0.40 11.0
0.34 11.1
0.38 11.1
0.35 11.1
0.34 11.2
0.36 11.2
0.37 11.3
0.42 11.3
0.38 11.3
0.32 11.4
0.40 11.4
0.35 11.4
0.32 11.4
0.26 11.5
0.35 11.5
0.33 11.5
0.47 11.5
0.36 11.5
0.54 11.5
0.38 11.6
0.35 11.6
0.30 11.5
0.29 11.6
0.38 11.6
0.55 11.6
0.41 11.6
0.32 11.6
0.29 11.6
0.34 11.6
0.28 11.6
2.53 11.6
0.39 11.6
0.24 11.6
0.34 11.6
0.29 11.6
0.27 11.6
0.24 11.6
0.31 11.5
0.34 11.5
0.32 11.5
0.30 11.4
0.29 11.4
0.33 11.4
0.34 11.3
0.34 11.2
0.33 11.1
0.29 11.1
0.31 11.1
0.33 11.0
0.28 11.0
0.39 11.0
0.32 10.9
0.37 10.9
0.40 10.9
0.45 10.9
0.34 10.9
0.29 10.8
0.37 10.8
0.40 10.8
0.42 10.8
0.33 10.8
0.35 10.8
0.34 10.8
0.44 10.8
0.35 10.8
0.33 10.8
0.33 10.8
0.39 10.8
0.38 10.8
0.39 10.8
0.43 10.9
0.37 10.9
0.36 10.9
0.41 10.9
0.36 10.9
0.42 10.9
0.47 10.9
0.41 11.0
0.35 11.0
0.49 11.0
0.39 11.0
0.36 11.1
0.41 11.1
0.38 11.2
0.41 11.2
0.34 11.2
0.34 11.3
0.29 11.4
0.30 11.4
0.35 11.4
0.35 11.5
0.41 11.5
0.36 11.6
0.33 11.6
0.36 11.6
0.39 11.6
0.40 11.7
0.37 11.7
0.34 11.8
0.27 11.8
0.39 11.8
0.38 11.8
0.42 11.9
0.37 11.9
0.41 11.9
0.40 11.9
0.38 11.9
0.33 12.0
0.31 12.0
0.28 12.0
0.37 12.0
0.26 12.0
0.30 12.0
0.34 12.0
0.42 12.0
0.44 12.0
0.42 12.0
0.39 12.0
0.43 12.0
0.38 11.9
0.42 11.9
0.37 11.9
0.40 11.9
0.45 11.9
0.38 11.9
0.47 11.9
0.41 11.9
0.37 11.9
0.43 11.9
0.44 11.8
0.45 11.8
0.37 11.8
0.38 11.8
0.41 11.8
0.30 11.7
0.35 11.7
0.42 11.7
0.47 11.6
0.42 11.6
0.44 11.6
0.37 11.6
0.43 11.6
0.41 11.5
0.37 11.5
0.43 11.5
0.37 11.5
0.47 11.5
0.39 11.5
0.50 11.4
0.45 11.4
0.44 11.4
0.44 11.4
0.46 11.4
0.49 11.4
0.37 11.4
0.38 11.4
0.42 11.4
0.42 11.4
0.46 11.4
0.37 11.4
0.44 11.4
0.41 11.4
0.46 11.4
0.44 11.4
0.39 11.4
0.46 11.4
0.38 11.4
0.43 11.4
0.44 11.4
0.46 11.4
0.45 11.4
0.42 11.4
0.43 11.4
0.47 11.4
0.45 11.4
0.41 11.4
0.46 11.5
0.41 11.5
0.49 11.6
0.55 11.6
0.46 11.6
0.42 11.6
0.47 11.7
0.42 11.7
0.44 11.8
0.37 11.8
0.39 11.8
0.42 11.9
0.36 11.9
0.37 11.9
0.42 11.9
0.34 12.0
0.40 12.0
0.44 12.0
0.48 12.0
0.37 12.0
0.38 12.0
0.38 12.0
0.31 12.1
0.27 12.1
0.38 12.1
0.37 12.1
0.40 12.1
0.33 12.1
0.51 12.1
0.49 12.1
0.35 12.1
0.39 12.1
0.36 12.1
0.25 12.1
0.28 12.0
0.24 12.0
0.39 12.0
0.24 12.0
0.31 12.0
0.33 12.0
0.37 12.0
0.25 11.9
0.32 11.9
0.30 11.9
0.38 11.9
0.31 11.9
0.34 11.8
0.35 11.8
0.29 11.8
0.36 11.7
0.39 11.7
0.31 11.6
0.38 11.6
0.33 11.5
0.34 11.5
0.37 11.4
0.28 11.4
0.36 11.4
0.35 11.3
0.39 11.3
0.36 11.3
0.32 11.2
0.36 11.2
0.42 11.2
0.53 11.2
0.34 11.2
0.37 11.1
0.40 11.1
0.43 11.1
0.45 11.1
0.43 11.1
0.42 11.1
0.45 11.1
0.37 11.0
0.34 11.0
0.44 11.0
0.35 11.0
0.41 11.0
0.39 11.0
0.42 11.0
0.36 11.0
0.33 11.0
0.32 11.0
0.38 11.0
0.39 11.0
0.41 10.9
0.33 10.9
0.39 10.9
0.37 10.9
0.31 11.0
0.38 11.0
0.44 11.0
0.44 11.0
0.44 11.0
0.36 11.1
0.35 11.1
0.45 11.2
0.29 11.2
0.34 11.3
0.28 11.3
0.36 11.4
0.35 11.4
0.31 11.5
0.29 11.5
0.35 11.7
0.29 11.7
0.25 11.8
0.28 11.8
0.26 11.8
0.28 11.8
0.23 11.8
0.32 11.9
0.25 11.9
0.39 11.9
0.24 11.9
0.28 11.9
0.27 11.9
0.28 11.9
0.28 11.9
0.24 11.9
0.32 11.9
0.31 11.9
0.25 11.9
0.20 11.9
0.28 11.9
0.22 11.9
0.30 11.9
0.48 11.9
0.33 11.9
0.25 11.9
0.33 11.9
0.28 11.8
0.40 11.8
0.37 11.8
0.32 11.8
0.33 11.8
0.39 11.8
0.24 11.7
0.41 11.7
0.38 11.6
0.39 11.6
0.36 11.6
0.29 11.5
0.38 11.5
0.34 11.4
0.37 11.4
0.36 11.4
0.37 11.3
0.39 11.3
0.36 11.2
0.46 11.2
0.45 11.2
0.36 11.2
0.34 11.1
0.45 11.1
0.36 11.1
0.37 11.1
0.45 11.0
0.34 11.0
0.36 11.0
0.35 11.0
0.33 11.0
0.39 10.9
0.44 10.9
0.40 10.9
0.44 10.9
0.46 10.9
0.49 10.8
0.39 10.8
0.43 10.8
0.36 10.8
0.39 10.8
0.41 10.8
0.50 10.8
0.36 10.8
0.34 10.8
0.36 10.8
0.44 10.9
0.45 10.9
0.47 10.9
0.46 10.9
0.42 10.9
0.40 11.0
0.33 11.0
0.47 11.1
0.46 11.1
0.42 11.2
0.36 11.2
0.40 11.2
0.35 11.3
0.36 11.3
0.36 11.4
0.36 11.4
0.31 11.5
0.33 11.5
0.33 11.5
0.34 11.6
0.25 11.6
0.33 11.6
0.34 11.7
0.37 11.7
0.24 11.7
0.31 11.7
0.24 11.8
0.26 11.8
0.31 11.8
0.34 11.8
0.29 11.8
0.37 11.8
0.31 11.8
0.24 11.8
0.25 11.8
0.25 11.8
0.28 11.8
0.30 11.8
0.31 11.8
0.25 11.8
0.27 11.8
0.35 11.8
0.32 11.8
0.32 11.8
0.32 11.8
0.33 11.8
0.30 11.8
0.26 11.8
0.23 11.8
0.35 11.7
0.35 11.7
0.34 11.7
0.36 11.7
0.24 11.6
0.31 11.6
0.43 11.6
0.32 11.6
0.35 11.5
0.34 11.5
0.41 11.4
0.41 11.4
0.40 11.3
0.31 11.3
0.32 11.2
0.34 11.2
0.35 11.1
0.35 11.1
0.41 11.0
0.34 11.0
0.36 10.9
0.33 10.9
0.40 10.9
0.34 10.8
0.36 10.8
0.42 10.8
0.44 10.7
0.50 10.7
0.96 10.7
1.42 10.6
0.42 10.6
0.44 10.6
0.40 10.6
0.41 10.6
0.43 10.6
0.43 10.6
0.46 10.6
0.49 10.6
0.34 10.5
0.43 10.5
0.43 10.5
0.50 10.5
0.36 10.5
0.43 10.5
0.37 10.5
0.40 10.5
0.44 10.5
0.41 10.5
0.39 10.5
0.46 10.5
0.42 10.5
0.50 10.6
0.48 10.6
0.40 10.6
0.50 10.6
0.46 10.6
0.46 10.7
0.45 10.7
0.42 10.7
0.52 10.8
0.49 10.8
0.46 10.8
0.42 10.9
0.43 10.9
0.35 11.0
0.42 11.0
0.35 11.0
0.38 11.1
0.28 11.1
0.37 11.2
0.34 11.2
0.39 11.2
0.38 11.3
0.34 11.3
0.29 11.4
0.28 11.4
0.28 11.5
0.25 11.5
0.26 11.6
0.36 11.6
0.26 11.6
0.35 11.6
0.21 11.7
0.31 11.7
0.29 11.7
0.29 11.7
0.29 11.8
0.37 11.8
0.32 11.8
0.29 11.8
0.32 11.8
0.26 11.8
0.31 11.8
0.32 11.8
0.33 11.8
0.31 11.8
0.38 11.8
0.36 11.8
0.32 11.8
0.37 11.8
0.37 11.7
0.37 11.7
0.39 11.7
0.33 11.7
0.35 11.6
0.37 11.6
0.42 11.5
0.41 11.5
0.43 11.5
0.38 11.4
0.46 11.4
0.43 11.4
0.46 11.3
0.35 11.3
0.36 11.2
0.34 11.2
0.42 11.2
0.43 11.2
0.42 11.2
0.38 11.2
0.37 11.1
0.35 11.1
0.45 11.1
0.44 11.1
0.41 11.1
0.40 11.1
0.44 11.1
0.43 11.1
0.41 11.1
0.35 11.0
0.40 11.0
0.41 11.0
0.46 11.0
0.44 11.0
0.34 11.0
0.33 11.0
0.39 11.0
0.45 11.0
0.41 11.0
0.48 11.0
0.46 11.0
0.52 11.0
0.46 11.0
0.51 11.0
0.50 11.0
0.65 11.0
0.60 11.0
0.69 11.0
0.59 11.1
0.44 11.1
0.42 11.1
0.39 11.1
0.43 11.2
0.45 11.2
0.36 11.2
0.41 11.3
0.34 11.3
0.39 11.4
0.37 11.4
0.37 11.4
0.39 11.4
0.25 11.5
0.33 11.5
0.33 11.6
0.34 11.6
0.30 11.6
0.31 11.7
0.35 11.7
0.27 11.7
0.17 11.7
0.25 11.7
0.25 11.7
0.24 11.7
0.33 11.7
0.34 11.7
0.22 11.7
0.35 11.7
0.33 11.7
0.29 11.7
0.36 11.7
0.32 11.7
0.23 11.7
0.22 11.7
0.33 11.6
0.28 11.6
0.30 11.6
0.34 11.6
0.34 11.6
0.31 11.6
0.35 11.5
0.39 11.5
0.28 11.5
0.36 11.5
0.34 11.5
0.30 11.5
0.28 11.4
0.39 11.4
0.35 11.4
0.35 11.4
0.31 11.4
0.33 11.3
0.35 11.3
0.39 11.3
0.38 11.2
0.36 11.2
0.33 11.1
0.44 11.1
0.41 11.0
0.37 11.0
0.33 10.9
0.43 10.9
0.42 10.8
0.33 10.8
0.40 10.7
0.34 10.7
0.39 10.6
0.31 10.6
0.31 10.5
0.37 10.5
0.33 10.5
0.32 10.4
0.35 10.4
0.33 10.4
0.36 10.4
0.35 10.3
0.40 10.3
0.32 10.3
0.36 10.3
0.29 10.3
0.29 10.3
0.33 10.2
0.39 10.2
0.37 10.2
0.44 10.2
0.40 10.2
0.34 10.2
0.30 10.2
0.38 10.2
0.43 10.2
0.35 10.2
0.41 10.2
0.31 10.2
0.38 10.3
0.26 10.3
0.35 10.3
0.38 10.3
0.32 10.4
0.43 10.4
0.38 10.5
0.35 10.5
0.38 10.6
0.38 10.6
0.33 10.7
0.30 10.7
0.26 10.8
0.30 10.8
0.28 10.8
0.29 10.9
0.24 10.9
0.27 11.0
0.28 11.0
0.23 11.0
0.24 11.1
0.23 11.1
0.28 11.2
0.19 11.2
0.25 11.2
0.17 11.2
0.19 11.2
0.13 11.2
0.37 11.3
0.16 11.3
0.20 11.3
0.18 11.3
0.18 11.3
0.21 11.3
0.14 11.3
0.19 11.3
0.19 11.3
0.19 11.3
0.31 11.3
0.20 11.3
0.20 11.3
0.23 11.3
0.20 11.3
0.30 11.3
0.29 11.3
0.17 11.3
0.21 11.3
0.26 11.3
0.26 11.2
0.26 11.2
0.26 11.2
0.27 11.2
0.33 11.2
0.29 11.1
0.27 11.1
0.32 11.0
0.35 11.0
0.37 11.0
0.32 10.9
0.33 10.8
0.31 10.8
0.40 10.8
0.36 10.7
0.42 10.6
0.40 10.6
0.27 10.6
0.32 10.5
0.36 10.5
0.39 10.4
0.24 10.4
0.28 10.4
0.26 10.3
0.32 10.3
0.25 10.3
0.27 10.2
0.29 10.2
0.31 10.2
0.32 10.2
0.23 10.2
0.22 10.1
0.33 10.1
0.32 10.1
0.30 10.1
0.38 10.1
0.26 10.1
0.31 10.1
0.37 10.0
0.26 10.0
0.28 10.0
0.30 10.0
0.32 10.0
0.37 10.0
0.36 10.0
0.38 10.0
0.39 10.1
0.37 10.1
0.30 10.1
0.31 10.1
0.33 10.1
0.37 10.1
0.36 10.2
0.32 10.2
0.30 10.2
0.32 10.2
1.03 10.3
0.24 10.3
0.30 10.4
0.30 10.4
0.30 10.5
0.38 10.6
0.27 10.6
0.34 10.6
0.28 10.7
0.35 10.8
0.27 10.8
0.34 10.9
0.28 10.9
0.34 11.0
0.29 11.0
0.32 11.1
0.27 11.1
0.26 11.1
0.42 11.2
0.23 11.2
0.30 11.2
0.35 11.3
0.43 11.3
0.39 11.3
0.27 11.4
0.29 11.4
0.26 11.4
0.33 11.4
0.29 11.4
0.29 11.4
0.31 11.4
0.26 11.4
0.25 11.5
0.33 11.5
0.31 11.5
0.45 11.5
0.81 11.5
0.39 11.5
0.25 11.4
0.40 11.5
0.41 11.4
0.38 11.4
0.37 11.4
0.59 11.4
0.35 11.4
0.42 11.4
0.41 11.4
0.43 11.3
1.08 11.3
0.43 11.2
0.40 11.2
0.38 11.2
0.38 11.1
0.35 11.0
0.33 11.0
0.42 11.0
0.44 10.9
0.48 10.9
0.44 10.9
0.43 10.8
0.45 10.8
0.46 10.8
0.44 10.7
0.51 10.7
0.38 10.7
0.46 10.6
0.42 10.6
0.45 10.6
0.39 10.5
0.46 10.5
0.47 10.5
0.40 10.5
0.43 10.4
0.51 10.4
0.53 10.4
0.49 10.4
0.44 10.4
0.47 10.3
0.43 10.3
0.43 10.3
0.43 10.3
0.40 10.3
0.34 10.3
0.36 10.3
0.41 10.3
0.37 10.2
0.41 10.2
0.41 10.2
0.41 10.3
0.39 10.3
0.29 10.3
0.41 10.3
0.35 10.4
0.34 10.4
0.47 10.4
0.42 10.5
0.34 10.5
0.30 10.6
0.34 10.6
0.31 10.7
0.27 10.7
0.29 10.8
0.30 10.8
0.29 10.9
0.90 10.9
0.36 11.0
0.22 11.0
0.34 11.0
0.31 11.1
0.37 11.1
0.37 11.2
0.26 11.2
0.18 11.2
0.21 11.2
0.17 11.3
0.16 11.3
0.11 11.3
0.18 11.3
0.15 11.3
0.22 11.3
0.16 11.3
0.16 11.3
0.21 11.3
0.14 11.3
0.23 11.3
0.25 11.3
0.24 11.3
0.27 11.3
0.28 11.3
0.22 11.3
0.22 11.3
0.23 11.3
0.22 11.2
0.20 11.2
0.27 11.2
0.16 11.2
0.16 11.2
0.22 11.2
0.15 11.2
0.20 11.1
0.20 11.1
0.12 11.1
0.19 11.0
0.30 11.0
0.28 11.0
0.35 11.0
0.24 10.9
0.32 10.9
0.34 10.8
0.35 10.8
0.31 10.8
0.30 10.7
0.34 10.7
0.34 10.6
0.32 10.6
0.33 10.6
0.27 10.5
0.29 10.5
0.33 10.5
0.40 10.4
0.44 10.4
0.34 10.4
0.53 10.3
0.24 10.3
0.26 10.3
0.24 10.3
0.28 10.2
0.31 10.2
0.37 10.2
0.35 10.2
0.31 10.2
0.29 10.2
0.30 10.2
0.32 10.1
0.33 10.1
0.26 10.1
0.26 10.1
0.28 10.1
0.33 10.1
0.29 10.2
0.27 10.2
0.39 10.2
0.29 10.2
0.31 10.2
0.29 10.2
0.42 10.2
0.35 10.3
0.37 10.3
0.26 10.4
0.29 10.4
0.32 10.5
0.35 10.5
0.26 10.5
0.35 10.6
0.28 10.6
0.34 10.7
0.30 10.7
0.30 10.8
0.23 10.8
0.20 10.9
0.25 10.9
0.25 10.9
0.16 11.0
0.23 11.0
0.21 11.0
0.21 11.1
0.16 11.1
0.14 11.1
0.19 11.2
0.17 11.2
0.20 11.2
0.16 11.2
0.26 11.2
0.34 11.2
0.19 11.2
0.16 11.2
0.21 11.3
0.20 11.3
0.19 11.3
0.21 11.3
0.19 11.3
0.19 11.3
0.24 11.3
0.18 11.3
0.18 11.3
0.19 11.2
0.15 11.2
0.19 11.2
0.12 11.2
0.13 11.2
0.25 11.2
0.25 11.2
0.52 11.2
0.35 11.1
0.18 11.1
0.20 11.1
0.20 11.0
0.17 11.0
0.22 11.0
0.16 10.9
0.22 10.9
0.23 10.8
0.30 10.8
0.37 10.8
0.14 10.7
0.19 10.6
0.26 10.6
0.23 10.6
0.27 10.5
0.28 10.5
0.21 10.4
0.25 10.4
0.20 10.4
0.15 10.3
0.23 10.3
0.19 10.2
0.19 10.2
0.16 10.2
0.24 10.1
0.17 10.1
0.28 10.1
0.26 10.1
0.23 10.0
0.21 10.0
0.26 10.0
0.37 10.0
0.27 10.0
0.45 9.9
0.31 9.9
0.32 9.9
0.37 9.9
0.34 9.9
0.40 9.9
0.38 9.9
0.33 9.9
0.30 9.9
0.34 9.9
0.41 9.9
0.38 9.9
0.41 9.9
0.37 9.9
0.43 9.9
0.33 10.0
0.30 10.0
0.40 10.0
0.29 10.1
0.37 10.1
0.30 10.2
0.29 10.2
0.23 10.2
0.32 10.3
0.26 10.3
0.22 10.4
0.23 10.4
0.32 10.5
0.27 10.5
0.21 10.6
0.30 10.6
0.36 10.7
0.31 10.7
0.27 10.7
0.25 10.8
0.26 10.8
0.43 10.8
0.19 10.8
0.17 10.8
0.18 10.8
0.26 10.9
0.28 10.9
0.33 10.9
0.29 10.9
0.17 10.9
0.19 11.0
0.23 11.0
0.26 11.0
0.17 11.0
0.19 11.0
0.22 11.0
0.25 11.0
0.22 11.0
0.25 11.0
0.23 11.0
0.32 11.0
0.18 11.0
0.25 11.0
0.35 11.0
0.24 11.0
0.20 11.0
0.26 10.9
0.24 10.9
0.22 10.9
0.21 10.9
0.27 10.8
0.33 10.8
0.25 10.8
0.27 10.8
0.30 10.7
0.29 10.7
0.23 10.6
0.19 10.6
0.23 10.5
0.32 10.5
0.24 10.4
0.27 10.4
0.29 10.4
0.29 10.3
0.24 10.3
0.28 10.2
0.31 10.2
0.26 10.2
0.33 10.1
0.29 10.1
0.29 10.0
0.33 10.0
0.33 10.0
0.31 10.0
0.38 10.0
0.38 10.0
0.34 10.0
0.33 9.9
0.34 9.9
0.35 9.9
0.37 9.9
0.33 9.9
0.31 9.9
0.33 9.8
0.39 9.8
0.44 9.8
0.37 9.8
0.42 9.8
0.44 9.8
0.39 9.8
0.42 9.8
0.41 9.8
0.44 9.8
0.35 9.8
0.47 9.9
0.42 9.9
0.43 9.9
0.31 9.9
0.27 10.0
0.33 10.0
0.31 10.0
0.27 10.1
0.32 10.4
0.31 10.4
0.25 10.5
0.30 10.5
0.27 10.6
0.26 10.6
0.25 10.7
0.23 10.7
0.27 10.8
0.29 10.8
0.24 10.8
0.20 10.9
0.24 11.1
0.29 11.1
0.30 11.1
0.26 11.1
0.30 11.2
0.27 11.2
0.19 11.2
0.27 11.2
0.28 11.2
0.25 11.2
0.24 11.2
0.18 11.2
0.32 11.2
0.25 11.2
0.74 11.2
0.29 11.2
0.26 11.2
0.24 11.2
0.25 11.2
0.25 11.2
0.26 11.2
0.24 11.1
0.21 11.1
0.21 11.1
0.27 11.1
0.22 11.1
0.26 11.0
0.23 11.0
0.23 11.0
0.21 10.9
0.25 10.9
0.35 10.8
0.31 10.8
0.32 10.8
0.33 10.7
0.36 10.7
0.33 10.6
0.34 10.6
0.29 10.6
0.32 10.6
0.35 10.5
0.36 10.5
0.34 10.5
0.32 10.4
0.32 10.4
0.39 10.4
0.42 10.4
0.49 10.3
0.37 10.3
0.32 10.3
0.31 10.3
0.29 10.2
0.30 10.2
0.31 10.2
0.28 10.2
0.30 10.2
0.29 10.2
0.30 10.2
0.34 10.2
0.33 10.2
0.33 10.1
0.30 10.1
0.28 10.1
0.30 10.1
0.41 10.1
0.41 10.2
0.40 10.2
0.44 10.2
0.36 10.2
0.37 10.3
0.38 10.3
0.40 10.4
0.38 10.4
0.50 10.4
0.33 10.5
0.40 10.5
0.41 10.5
0.40 10.6
0.28 10.6
0.31 10.6
0.21 10.7
0.26 10.7
0.27 10.8
0.33 10.8
0.35 10.8
0.36 10.9
0.21 10.9
0.33 10.9
0.29 10.9
0.31 11.0
0.25 11.0
0.30 11.0
0.31 11.0
0.23 11.0
0.34 11.0
0.34 11.0
0.24 11.0
0.33 11.0
0.19 11.0
0.22 11.0
0.29 11.0
0.19 11.0
0.27 11.0
0.32 11.0
0.29 11.0
0.28 11.0
0.29 11.0
0.27 11.0
0.31 11.0
0.28 11.0
0.27 11.0
0.28 10.9
0.22 10.9
0.30 10.9
0.34 10.9
0.39 10.8
0.33 10.8
0.27 10.8
0.36 10.8
0.30 10.7
0.39 10.7
0.42 10.6
0.33 10.6
0.34 10.6
0.31 10.5
0.28 10.4
0.28 10.4
0.32 10.4
0.35 10.3
0.36 10.3
0.32 10.2
0.36 10.2
0.37 10.1
0.33 10.1
0.38 10.0
0.41 10.0
0.37 10.0
0.37 10.0
0.40 9.9
0.40 9.9
0.38 9.9
0.36 9.9
0.38 9.9
0.36 9.8
0.40 9.8
0.35 9.8
0.42 9.8
0.40 9.8
0.38 9.8
0.47 9.8
0.42 9.7
0.40 9.7
0.47 9.7
0.51 9.7
0.47 9.7
0.47 9.7
0.42 9.7
0.51 9.7
0.45 9.7
0.43 9.7
0.46 9.7
0.52 9.8
0.39 9.8
0.44 9.8
0.49 9.8
0.41 9.9
0.39 9.9
0.34 10.0
0.32 10.0
0.35 10.1
0.38 10.1
0.31 10.2
0.40 10.2
0.38 10.3
0.28 10.3
0.23 10.4
0.23 10.4
0.28 10.5
0.22 10.5
0.26 10.6
0.25 10.6
0.24 10.6
0.19 10.7
0.20 10.7
0.21 10.7
0.18 10.7
0.17 10.8
0.22 10.8
0.23 10.8
0.20 10.8
0.30 10.8
0.28 10.8
0.19 10.8
0.22 10.8
0.29 10.9
0.21 10.9
0.34 10.9
0.21 10.9
0.37 10.9
0.30 10.9
0.21 10.9
0.22 10.9
0.24 10.9
0.22 10.9
0.23 10.9
0.24 10.9
0.32 10.9
0.27 10.9
0.21 10.9
0.30 10.9
0.26 10.9
0.27 10.8
0.24 10.8
0.19 10.8
0.22 10.7
0.25 10.7
0.27 10.6
0.21 10.6
0.24 10.5
0.24 10.5
0.26 10.4
0.27 10.4
0.30 10.3
0.29 10.3
0.22 10.2
0.28 10.2
0.27 10.2
0.29 10.1
0.24 10.1
0.23 10.1
0.30 10.0