-9.20 374.0
-9.30 377.0
-7.80 372.0
-8.10 365.0
-8.60 378.0
-7.20 374.0
-6.80 381.0
7.80 380.0
57.2 371.0
62.2 352.0
133 358.0
445 324.0
821 358.0
620 396.0
581 354.0
335 356.0
683 358.0
607 340.0
180 343.0
130 359.0
11.0 375.0
-3.00 395.0
-8.40 382.0
-9.70 372.0
-10.6 385.0
-10.1 374.0
-10.7 364.0
-10.3 359.0
-10.1 369.0
-9.90 346.0
-9.60 320.0
2.20 330.0
29.5 303.0
336 272.0
631 235.0
809 368.0
939 372.0
1020 360.0
1030 394.0
979 389.0
862 377.0
705 362.0
364 346.0
64.9 381.0
8.70 406.0
-2.80 405.0
-3.00 422.0
-2.90 424.0
-2.80 417.0
-2.70 415.0
-2.70 418.0
-2.70 417.0
-2.70 409.0
-2.40 409.0
-2.00 405.0
8.40 400.0
33.0 406.0
343 383.0
641 345.0
814 321.0
943 331.0
1020 340.0
1030 363.0
983 388.0
873 410.0
709 346.0
413 316.0
84.6 357.0
12.3 388.0
-2.30 411.0
-3.50 415.0
-3.40 424.0
-2.80 413.0
-2.50 424.0
-2.70 424.0
-2.30 418.0
-2.30 400.0
-2.30 402.0
-1.90 407.0
12.6 414.0
50.7 391.0
354 366.0
678 368.0
725 359.0
684 345.0
609 364.0
559 380.0
765 359.0
471 361.0
526 352.0
330 357.0
102 386.0
16.6 409.0
-2.10 409.0
-2.30 402.0
-2.30 396.0
-2.80 387.0
-3.20 381.0
-2.80 390.0
-2.40 393.0
-1.10 382.0
-2.40 371.0
-1.80 348.0
16.6 355.0
92.7 349.0
365 332.0
627 342.0
750 369.0
894 360.0
900 353.0
506 354.0
133 389.0
347 352.0
217 336.0
370 326.0
82.2 353.0
1.30 341.0
-7.80 352.0
-8.80 360.0
-8.20 353.0
-9.20 336.0
-9.50 322.0
-9.00 241.0
-9.60 252.0
-9.20 254.0
-6.50 226.0
-7.20 245.0
3.50 265.0
57.8 287.0
76.8 309.0
131 345.0
317 440.0
248 455.0
285 375.0
250 438.0
211 354.0
250 359.0
130 417.0
107 412.0
29.2 372.0
3.80 334.0
-5.10 340.0
-5.60 342.0
-6.10 358.0
-6.30 373.0
-6.50 381.0
-8.80 402.0
-8.60 396.0
-7.90 388.0
-7.10 411.0
-6.00 426.0
0.90 414.0
26.2 444.0
164 518.0
159 564.0
338 750.0
428 1038
507 1135
195 827.0
502 806.0
580 928.0
530 746.0
303 595.0
80.0 476.0
22.9 409.0
-2.40 375.0
-3.10 370.0
-2.70 379.0
-2.60 340.0
-2.40 346.0
-2.30 329.0
-4.40 306.0
-9.60 295.0
-9.50 265.0
-8.60 231.0
3.90 229.0
29.8 236.0
327 240.0
637 981.0
822 1325
951 433.0
964 248.0
498 267.0
207 307.0
356 325.0
419 294.0
199 296.0
66.9 329.0
26.1 357.0
-1.70 351.0
-3.00 321.0
-3.00 328.0
-2.40 333.0
-4.70 321.0
-10.1 318.0
-9.80 331.0
-9.30 334.0
-9.10 313.0
-8.40 311.0
7.90 287.0
46.4 352.0
229 562.0
266 1275
816 1557
358 892.0
679 276.0
962 179.0
295 204.0
418 279.0
702 247.0
329 237.0
81.1 300.0
23.4 353.0
-1.20 367.0
-2.60 361.0
-2.50 361.0
-2.60 363.0
-2.40 346.0
-2.40 341.0
-2.50 334.0
-2.40 330.0
-2.30 329.0
-1.50 318.0
12.0 303.0
38.5 291.0
360 297.0
648 816.0
822 322.0
950 141.0
1030 222.0
1040 306.0
969 324.0
746 304.0
729 219.0
386 82.00
42.4 279.0
10.8 357.0
-2.70 375.0
-3.10 389.0
-2.90 390.0
-2.80 390.0
-2.40 376.0
-2.20 389.0
-2.10 377.0
-2.20 353.0
-2.40 355.0
-1.40 346.0
11.8 349.0
33.5 324.0
379 269.0
644 243.0
816 239.0
780 206.0
780 253.0
558 285.0
479 320.0
600 350.0
138 274.0
343 354.0
85.7 326.0
18.3 358.0
-1.30 390.0
-1.50 388.0
-1.90 390.0
-2.10 382.0
-2.50 388.0
-2.10 391.0
-2.20 371.0
-2.10 375.0
-2.10 358.0
-1.00 369.0
13.3 351.0
37.0 345.0
388 290.0
646 320.0
816 349.0
828 291.0
889 343.0
860 403.0
798 431.0
628 425.0
603 365.0
456 314.0
38.9 323.0
18.0 379.0
-0.50 387.0
-2.70 399.0
-2.70 403.0
-2.60 404.0
-2.70 399.0
-2.30 390.0
-2.20 397.0
-2.20 399.0
-2.30 399.0
-0.30 395.0
24.8 383.0
67.4 391.0
199 369.0
255 351.0
215 357.0
270 358.0
521 368.0
322 358.0
525 367.0
730 440.0
605 370.0
507 345.0
37.8 346.0
13.4 393.0
-2.40 398.0
-2.80 409.0
-2.70 405.0
-2.90 412.0
-2.70 414.0
-2.60 404.0
-2.80 398.0
-2.70 413.0
-2.60 404.0
-1.30 398.0
14.5 392.0
36.7 390.0
417 370.0
647 365.0
816 373.0
620 352.0
341 365.0
39.5 390.0
22.7 405.0
43.7 412.0
14.3 403.0
15.2 394.0
6.10 418.0
-2.10 403.0
-5.60 413.0
-5.40 421.0
-4.80 401.0
-4.70 406.0
-5.00 407.0
-5.30 400.0
-5.20 403.0
-5.30 396.0
-5.50 405.0
-5.60 418.0
-4.40 398.0
1.50 387.0
10.7 379.0
39.1 369.0
128 367.0
467 331.0
556 305.0
368 322.0
713 299.0
358 300.0
184 326.0
114 347.0
34.2 327.0
1.40 337.0
-6.80 346.0
-4.30 346.0
-6.80 342.0
-4.80 343.0
-5.90 350.0
-5.90 361.0
-6.00 366.0
-6.40 352.0
-6.70 350.0
-6.90 361.0
13.0 369.0
38.2 348.0
248 315.0
394 240.0
561 205.0
880 191.0
458 228.0
321 266.0
340 283.0
297 263.0
216 270.0
159 278.0
72.9 305.0
11.7 308.0
-8.50 311.0
-10.0 290.0
-10.1 282.0
-10.1 260.0
-9.90 223.0
-8.90 197.0
-2.20 160.0
-1.10 146.0
-1.00 93.00
-0.10 89.00
45.8 95.00
82.4 47.00
369 -174.0
569 -312.0
419 -100.0
317 119.0
533 250.0
651 253.0
430 282.0
497 287.0
206 285.0
348 299.0
60.2 354.0
23.4 361.0
-2.00 376.0
-3.00 383.0
-2.60 376.0
-2.70 375.0
-2.30 386.0
-2.90 369.0
-2.60 365.0
-2.40 380.0
-2.40 371.0
-0.80 359.0
16.4 360.0
42.1 336.0
445 315.0
664 291.0
845 291.0
327 297.0
278 353.0
330 348.0
123 371.0
372 369.0
169 375.0
154 371.0
103 356.0
15.4 362.0
-8.30 365.0
-9.70 364.0
-9.70 382.0
-7.90 368.0
-6.90 365.0
-7.60 366.0
-7.70 374.0
-7.30 355.0
-6.80 367.0
-6.10 351.0
2.00 379.0
54.1 365.0
54.6 345.0
51.8 357.0
78.7 352.0
243 321.0
469 274.0
512 269.0
707 278.0
517 269.0
524 263.0
544 297.0
58.6 370.0
32.4 373.0
-0.40 374.0
-0.80 388.0
-1.10 357.0
-1.20 369.0
-1.20 351.0
-1.10 375.0
-1.20 353.0
-0.90 356.0
-0.90 347.0
-0.30 356.0
10.9 342.0
34.2 358.0
89.3 346.0
159 324.0
261 321.0
474 328.0
345 335.0
214 353.0
469 344.0
407 353.0
322 361.0
418 358.0
114 370.0
39.6 397.0
-0.30 399.0
-1.30 392.0
-1.30 398.0
-5.70 387.0
-9.20 375.0
-10.7 377.0
-8.80 364.0
-9.30 352.0
-11.0 346.0
-9.60 349.0
15.3 328.0
78.4 316.0
147 291.0
281 244.0
522 185.0
465 220.0
375 288.0
1040 339.0
1060 345.0
760 289.0
749 267.0
498 232.0
74.8 348.0
33.6 401.0
1.30 395.0
-2.70 410.0
-2.10 408.0
-2.40 404.0
-2.70 394.0
-2.90 408.0
-2.70 397.0
-2.60 399.0
-2.40 396.0
-0.20 393.0
15.9 396.0
45.4 366.0
423 350.0
660 325.0
838 313.0
602 277.0
531 302.0
567 329.0
548 352.0
410 333.0
295 327.0
234 340.0
94.0 355.0
22.2 364.0
-1.40 393.0
-2.00 397.0
-1.70 391.0
-2.10 392.0
-2.50 402.0
-2.40 399.0
-2.70 408.0
-2.60 401.0
-2.40 386.0
-0.30 395.0
14.6 396.0
45.6 381.0
402 367.0
665 366.0
568 351.0
734 344.0
850 359.0
699 402.0
685 438.0
626 435.0
505 351.0
454 326.0
121 322.0
24.3 376.0
-1.40 393.0
-1.70 407.0
-2.40 404.0
-3.20 380.0
-3.60 397.0
-3.20 396.0
-2.80 396.0
-2.80 394.0
-2.40 402.0
0.10 400.0
20.4 381.0
71.9 383.0
426 359.0
668 371.0
632 389.0
535 338.0
458 329.0
358 331.0
409 350.0
379 340.0
165 322.0
130 344.0
92.4 335.0
28.2 328.0
0.20 330.0
-1.70 346.0
-2.50 352.0
-2.60 360.0
-2.40 346.0
-2.50 328.0
-4.70 321.0
-10.3 311.0
-9.90 294.0
-7.60 281.0
8.40 279.0
36.7 176.0
425 90.00
607 35.00
805 90.00
312 200.0
178 309.0
384 306.0
188 310.0
120 319.0
81.3 343.0
33.3 329.0
42.4 312.0
5.10 285.0
-0.80 292.0
-5.80 286.0
-7.70 305.0
-7.60 305.0
-8.70 299.0
-9.30 306.0
-9.70 286.0
-9.80 269.0
-9.90 266.0
-7.40 263.0
17.4 251.0
93.9 202.0
291 138.0
514 -51.00
768 -345.0
511 -328.0
310 141.0
163 162.0
371 211.0
672 96.00
313 93.00
111 321.0
101 300.0
16.4 260.0
-4.50 238.0
-10.2 242.0
-9.50 212.0
-2.60 216.0
-8.20 202.0
-9.70 178.0
-9.60 155.0
-9.60 141.0
-9.40 116.0
-6.00 90.00
24.7 -4.00
67.8 -53.00
414 -594.0
655 -1185
821 -795.0
893 -368.0
721 -49.00
201 178.0
483 297.0
762 198.0
647 155.0
359 86.00
56.5 255.0
36.1 328.0
0.30 331.0
-2.10 331.0
-1.50 317.0
-1.20 301.0
-3.90 295.0
-11.1 276.0
-9.90 252.0
-10.0 259.0
-9.80 236.0
-7.90 195.0
12.0 184.0
70.2 111.0
407 -119.0
593 -324.0
694 -235.0
561 31.00
320 135.0
442 221.0
391 251.0
498 247.0
170 215.0
52.3 303.0
33.7 324.0
5.30 317.0
-6.80 297.0
-6.90 303.0
-8.30 284.0
-8.50 279.0
-7.40 273.0
-8.40 271.0
-8.40 254.0
-7.80 262.0
-7.40 252.0
-6.20 248.0
31.3 243.0
120 213.0
221 143.0
375 33.00
495 -145.0
548 -200.0
706 -146.0
888 8.00
339 57.00
613 109.0
498 110.0
504 45.00
106 177.0
46.1 253.0
0.70 274.0
-2.50 280.0
-2.50 280.0
-6.80 256.0
-10.2 211.0
-10.0 200.0
-9.80 150.0
-9.80 143.0
-9.50 106.0
-5.40 27.00
30.8 -73.00
106 -240.0
341 -699.0
568 -1143
733 -885.0
892 -679.0
901 -350.0
448 -72.00
608 116.0
92.4 125.0
252 226.0
196 215.0
100 216.0
40.2 246.0
16.9 282.0
-2.10 275.0
-3.00 270.0
-2.30 292.0
-2.40 279.0
-2.40 251.0
-2.30 235.0
-2.00 203.0
-2.10 171.0
0.60 166.0
17.1 131.0
72.7 -15.00
417 -430.0
655 -798.0
734 -629.0
715 -505.0
622 -187.0
580 45.00
378 68.00
397 82.00
320 74.00
325 37.00
72.1 103.0
27.2 267.0
1.30 310.0
-3.40 346.0
-3.20 316.0
-3.10 290.0
-3.10 287.0
-2.60 287.0
-3.10 297.0
-10.0 282.0
-10.0 248.0
-7.20 247.0
7.20 206.0
31.4 142.0
411 -95.00
616 -381.0
521 -265.0
443 -233.0
400 -23.00
298 129.0
190 120.0
108 233.0
423 326.0
370 294.0
101 311.0
18.7 361.0
0.00 410.0
-2.50 400.0
-2.50 398.0
-2.60 413.0
-2.50 395.0
-2.40 386.0
-2.10 395.0
-2.30 388.0
-2.10 385.0
2.30 386.0
29.1 360.0
85.5 328.0
185 309.0
246 264.0
433 244.0
458 205.0
317 204.0
384 254.0
316 263.0
208 291.0
122 311.0
142 333.0
64.1 351.0
31.5 391.0
1.70 401.0
-0.80 393.0
-5.50 390.0
-6.00 364.0
-6.60 351.0
-8.20 348.0
-7.30 318.0
-7.00 243.0
-8.40 271.0
-6.40 252.0
24.6 229.0
102 205.0
168 189.0
376 128.0
619 17.00
384 127.0
311 286.0
243 333.0
281 252.0
500 128.0
487 -29.00
154 213.0
98.4 348.0
30.6 310.0
5.40 316.0
-2.40 322.0
-1.30 303.0
-1.40 297.0
-2.10 299.0
-1.90 296.0
-1.90 300.0
-2.30 300.0
-9.40 298.0
-5.60 232.0
17.9 179.0
409 24.00
659 -406.0
743 -189.0
856 7.00
440 184.0
443 282.0
682 315.0
400 286.0
170 320.0
401 338.0
119 322.0
27.8 391.0
0.40 390.0
-1.20 377.0
-1.40 382.0
-3.10 379.0
-8.80 386.0
-9.60 380.0
-9.50 369.0
-9.20 367.0
-9.50 348.0
-7.00 347.0
1.60 336.0
15.0 302.0
361 238.0
504 14.00
398 -37.00
531 83.00
177 201.0
502 333.0
756 219.0
248 253.0
270 292.0
174 277.0
76.4 315.0
23.4 348.0
1.00 346.0
-1.60 344.0
-1.70 344.0
-1.20 304.0
-2.10 284.0
-9.90 279.0
-9.50 281.0
-9.90 275.0
-8.80 248.0
-7.90 213.0
7.20 216.0
47.6 202.0
122 160.0
343 10.00
445 -301.0
754 -233.0
324 -36.00
154 240.0
664 144.0
52.7 200.0
23.6 351.0
19.4 326.0
129 283.0
25.1 251.0
-5.50 237.0
-8.50 232.0
-10.1 238.0
-9.30 226.0
-9.50 208.0
-8.90 185.0
-9.80 168.0
-9.30 87.00
-9.80 73.00
-6.50 54.00
32.4 -14.00
106 -162.0
224 -466.0
487 -1032
834 -2008
894 -1352
975 -688.0
627 -325.0
670 -94.00
492 4.00
395 38.00
348 55.00
107 195.0
19.3 319.0
1.20 357.0
-2.50 385.0
-2.30 376.0
-2.20 328.0
-2.10 328.0
-2.10 313.0
-2.00 283.0
-1.30 265.0
-1.60 264.0
0.90 268.0
15.0 228.0
35.1 196.0
411 -169.0
665 -526.0
733 -324.0
699 -240.0
553 -32.00
546 142.0
576 211.0
467 129.0
407 -181.0
341 -327.0
135 130.0
18.5 339.0
1.70 395.0
-2.50 401.0
-1.00 391.0
-0.90 377.0
-1.30 363.0
-2.30 356.0
-4.80 371.0
-10.3 348.0
-10.4 330.0
-7.30 318.0
6.20 287.0
27.0 268.0
419 156.0
683 -173.0
810 17.00
754 49.00
711 166.0
640 281.0
533 337.0
430 250.0
385 10.00
316 -51.00
77.8 207.0
15.1 373.0
0.30 413.0
-2.90 416.0
-2.90 409.0
-2.80 402.0
-2.70 406.0
-2.60 408.0
-2.50 401.0
-2.50 401.0
-2.30 389.0
0.70 378.0
15.0 370.0
45.7 356.0
423 317.0
535 276.0
462 260.0
434 155.0
396 181.0
362 307.0
300 382.0
245 295.0
157 185.0
85.8 313.0
52.9 361.0
32.8 378.0
0.90 412.0
-1.40 407.0
-3.10 410.0
-2.60 420.0
-2.30 403.0
-1.90 411.0
-2.50 403.0
-2.30 395.0
-2.30 400.0
-0.10 388.0
10.4 354.0
25.5 330.0
301 274.0
458 206.0
473 247.0
400 191.0
334 187.0
280 257.0
401 285.0
401 385.0
277 301.0
274 199.0
98.7 292.0
21.0 346.0
2.70 381.0
-4.80 405.0
-2.70 402.0
-2.90 402.0
-2.80 400.0
-2.30 407.0
-2.00 382.0
-1.00 367.0
-1.50 336.0
2.60 364.0
21.4 342.0
60.6 325.0
233 301.0
365 224.0
338 170.0
376 120.0
271 182.0
81.9 172.0
417 403.0
84.1 287.0
538 329.0
332 238.0
15.6 309.0
25.8 413.0
4.00 375.0
-9.80 336.0
-9.80 320.0
-9.90 287.0
-9.40 245.0
-8.80 153.0
-5.30 83.00
-9.20 56.00
-9.10 93.00
0.20 134.0
13.0 107.0
37.5 41.00
395 -672.0
662 -1651
644 -1293
392 -981.0
216 -511.0
323 6.00
257 153.0
238 72.00
160 40.00
233 171.0
93.0 214.0
40.6 309.0
0.80 329.0
-2.90 398.0
-2.80 381.0
-2.80 391.0
-2.30 396.0
-2.30 394.0
-2.60 391.0
-2.70 402.0
-2.40 406.0
-0.30 407.0
14.4 392.0
37.7 376.0
339 320.0
316 344.0
299 269.0
248 111.0
188 165.0
191 284.0
175 348.0
158 312.0
147 214.0
133 230.0
72.8 292.0
17.0 370.0
0.40 407.0
-2.90 404.0
-3.10 421.0
-3.10 417.0
-2.90 408.0
-2.80 415.0
-2.80 424.0
-2.60 416.0
-2.60 423.0
0.30 423.0
15.2 413.0
37.1 403.0
323 405.0
255 483.0
148 416.0
131 233.0
156 235.0
122 381.0
131 408.0
152 384.0
121 371.0
137 353.0
89.8 366.0
26.5 385.0
1.10 427.0
-2.70 424.0
-2.70 403.0
-2.60 424.0
-2.60 417.0
-2.60 418.0
-2.70 422.0
-2.50 418.0
-2.60 420.0
0.00 416.0
14.8 403.0
38.6 386.0
287 370.0
277 445.0
180 433.0
189 328.0
148 386.0
125 479.0
160 461.0
149 476.0
122 429.0
121 329.0
82.2 372.0
54.8 419.0
1.00 411.0
-1.80 431.0
-2.80 424.0
-1.20 416.0
-1.50 418.0
-1.40 411.0
-2.10 420.0
-2.40 423.0
-2.50 411.0
1.90 410.0
42.1 413.0
89.1 407.0
314 400.0
304 480.0
249 414.0
340 445.0
262 397.0
175 399.0
908 436.0
635 470.0
458 444.0
224 366.0
54.2 376.0
29.5 402.0
3.40 414.0
-2.70 404.0
-2.40 406.0
-2.50 377.0
-2.40 365.0
-2.40 347.0
-2.30 348.0
-2.30 323.0
-2.20 306.0
0.70 267.0
16.1 267.0
35.6 221.0
375 185.0
630 113.0
602 270.0
536 323.0
504 376.0
442 441.0
350 518.0
302 467.0
261 372.0
235 276.0
57.6 305.0
17.1 414.0
1.50 405.0
-2.80 421.0
-2.80 413.0
-2.70 410.0
-2.40 409.0
-2.60 405.0
-2.40 394.0
-2.30 380.0
-2.20 384.0
0.30 354.0
13.4 351.0
32.1 303.0
344 252.0
380 290.0
255 388.0
182 316.0
123 341.0
132 380.0
115 458.0
142 379.0
112 427.0
97.0 378.0
114 363.0
60.0 392.0
5.70 396.0
-2.80 405.0
-2.50 409.0
-2.50 407.0
-2.50 423.0
-2.60 409.0
-2.40 412.0
-2.70 411.0
-2.70 427.0
0.70 423.0
21.7 421.0
49.2 414.0
248 413.0
225 496.0
203 490.0
202 408.0
147 436.0
128 464.0
151 462.0
84.6 483.0
100 406.0
89.1 374.0
36.2 369.0
17.2 418.0
1.20 419.0
-3.10 419.0
-3.20 433.0
-3.10 416.0
-2.70 417.0
-2.70 428.0
-2.70 424.0
-2.80 402.0
-2.70 407.0
-0.20 417.0
13.5 416.0
34.0 386.0
315 390.0
326 442.0
276 532.0
158 489.0
105 474.0
61.1 542.0
26.0 575.0
21.8 537.0
27.0 370.0
29.0 265.0
35.8 328.0
16.9 400.0
1.90 411.0
-3.10 412.0
-2.90 408.0
-2.90 415.0
-2.60 409.0
-2.60 402.0
-2.80 404.0
-2.60 405.0
-2.70 407.0
0.00 396.0
12.7 383.0
31.9 368.0
370 355.0
407 378.0
386 445.0
340 453.0
309 451.0
252 495.0
249 511.0
230 503.0
162 422.0
155 397.0
130 415.0
45.0 403.0
2.60 408.0
-3.00 421.0
-2.90 407.0
-2.60 382.0
-2.60 383.0
-2.60 402.0
-2.70 398.0
-2.50 383.0
-2.30 364.0
-0.50 345.0
12.7 328.0
34.5 304.0
374 301.0
558 296.0
451 371.0
376 412.0
348 391.0
214 390.0
200 368.0
56.5 373.0
130 333.0
372 200.0
86.5 253.0
16.0 291.0
4.00 286.0
-1.70 285.0
-2.70 293.0
-2.40 300.0
-1.70 307.0
-2.60 281.0
-2.70 302.0
-2.50 302.0
-1.90 279.0
-0.20 290.0
25.3 284.0
99.2 235.0
300 98.00
332 -197.0
284 -36.00
331 -18.00
140 87.00
289 215.0
275 281.0
181 185.0
235 241.0
195 215.0
76.6 288.0
39.9 337.0
0.90 344.0
-1.90 345.0
-2.10 354.0
-1.70 349.0
-1.50 346.0
-1.60 339.0
-1.50 341.0
-1.60 329.0
-1.70 328.0
0.30 341.0
13.2 336.0
34.4 239.0
309 157.0
327 -14.00
316 99.00
326 192.0
272 253.0
220 283.0
328 349.0
233 316.0
383 361.0
225 274.0
96.4 318.0
45.8 376.0
3.20 374.0
-2.50 375.0
-2.50 358.0
-2.30 328.0
-2.20 289.0
-2.40 258.0
-2.20 242.0
-4.40 246.0
-9.60 279.0
-7.00 187.0
7.80 157.0
30.6 116.0
363 -21.00
536 -451.0
412 -315.0
383 -92.00
382 220.0
319 284.0
309 340.0
208 383.0
206 232.0
214 268.0
68.6 277.0
45.8 379.0
10.2 378.0
-1.80 381.0
-2.90 382.0
-2.70 381.0
-2.60 398.0
-2.60 383.0
-2.50 382.0
-2.30 390.0
-2.60 391.0
0.00 357.0
16.6 343.0
39.1 299.0
307 260.0
236 224.0
238 298.0
182 219.0
242 288.0
238 351.0
148 333.0
202 372.0
139 350.0
146 251.0
119 318.0
35.0 365.0
2.90 397.0
-2.90 400.0
-2.80 398.0
-2.70 401.0
-2.50 402.0
-2.10 408.0
-2.50 411.0
-2.50 417.0
-2.20 407.0
0.00 388.0
16.2 388.0
37.5 358.0
273 343.0
221 399.0
178 412.0
150 341.0
132 326.0
130 389.0
160 394.0
151 366.0
152 343.0
65.8 354.0
59.4 385.0
10.0 395.0
-2.80 406.0
-1.80 400.0
-2.60 397.0
-1.70 402.0
-2.20 400.0
-2.50 412.0
-2.30 395.0
-2.30 412.0
-0.10 361.0
16.1 374.0
40.1 355.0
331 344.0
340 341.0
310 408.0
220 357.0
204 334.0
132 431.0
146 374.0
255 379.0
239 398.0
146 325.0
105 297.0
31.2 379.0
5.70 391.0
-2.70 390.0
-2.30 382.0
-2.10 371.0
-2.10 357.0
-2.20 344.0
-2.40 329.0
-2.30 347.0
0.10 345.0
13.4 295.0
33.5 202.0
368 152.0
440 87.00
404 177.0
216 147.0
199 156.0
140 378.0
93.3 377.0
136 303.0
265 221.0
294 202.0
131 278.0
44.4 338.0
4.20 340.0
-3.10 330.0
-3.30 345.0