4.46 48.40
3.96 48.82
3.02 48.93
3.08 49.08
3.97 49.13
2.01 49.01
3.05 48.92
3.09 48.91
5.16 48.94
5.25 49.06
4.72 49.03
2.88 49.93
2.19 50.24
4.05 49.98
1.70 49.76
1.55 48.40
1.78 48.14
0.25 46.20
1.95 45.57
2.20 44.93
1.59 44.95
2.02 45.49
2.78 46.02
2.27 46.00
1.96 46.08
1.24 46.14
1.04 46.28
1.43 46.39
1.79 46.34
1.73 46.39
2.08 46.70
2.09 46.78
2.44 46.81
2.11 47.58
1.99 47.52
2.01 48.20
1.95 48.49
1.20 49.22
0.85 49.63
0.46 49.72
4.71 49.77
3.61 49.93
2.32 50.00
1.54 49.98
1.03 49.85
2.11 49.96
1.94 50.28
2.64 50.20
2.55 50.21
3.66 50.22
4.88 50.23
4.30 49.97
3.33 49.77
2.97 49.91
3.91 49.92
2.86 49.25
3.38 49.09
4.20 49.01
3.86 48.98
3.96 49.76
4.34 50.03
4.02 49.62
4.65 49.30
4.21 48.68
1.47 48.43
1.36 47.73
2.22 47.07
2.54 46.08
1.54 45.80
1.45 45.73
1.62 45.78
2.46 46.07
2.71 46.17
3.27 46.16
3.56 46.18
4.03 46.13
3.81 45.91
3.78 46.21
3.33 46.31
3.60 46.73
3.85 46.94
3.61 46.65
3.16 47.50
2.69 47.83
2.61 48.55
2.12 49.70
1.88 49.90
1.59 50.11
3.62 50.25
5.75 50.15
4.82 50.15
4.63 50.19
5.36 50.23
5.96 50.19
4.42 50.31
4.66 50.07
3.85 49.90
1.20 50.19
3.17 50.23
2.45 50.15
3.02 50.12
2.05 49.97
0.59 49.91
2.76 49.91
2.86 49.91
3.28 49.98
2.83 49.99
4.10 50.14
3.53 50.18
3.29 49.30
2.53 49.06
0.94 48.45
3.17 47.85
5.15 46.21
3.78 45.69
3.66 45.47
5.12 45.34
3.59 45.92
3.16 46.04
4.86 45.55
5.07 45.55
5.89 45.42
6.40 45.37
11.2 45.49
11.4 45.40
10.5 45.54
11.5 45.60
9.50 45.76
5.05 45.89
4.11 47.08
0.25 47.41
5.96 47.58
9.26 48.19
7.35 48.28
5.07 48.49
2.90 49.81
3.30 50.11
5.04 50.16
3.15 50.20
2.68 50.17
0.42 50.13
1.89 50.15
2.09 49.84
3.08 48.50
2.62 48.07
2.17 47.80
2.47 47.65
9.46 47.03
11.5 46.91
4.43 46.75
8.53 46.69
1.98 46.97
0.94 46.98
4.22 46.99
4.06 46.99
3.63 47.66
3.05 48.07
4.47 49.03
5.55 48.81
6.42 47.33
6.76 46.80
5.79 45.83
5.90 45.23
5.31 44.65
4.59 44.51
3.97 43.79
3.14 43.92
3.05 44.40
1.38 44.48
2.12 44.95
6.52 44.87
11.4 44.81
9.96 45.03
6.45 44.60
2.46 44.12
3.61 44.74
1.99 45.39
1.39 47.31
1.90 47.95
2.27 48.91
0.77 49.19
1.31 49.33
2.52 49.32
2.59 49.60
1.21 49.90
0.32 50.20
0.78 50.30
1.76 50.07
0.88 50.10
0.64 50.15
3.17 50.10
4.29 49.03
4.17 48.71
3.06 48.87
3.19 48.89
1.33 49.00
2.30 49.03
0.87 48.84
2.05 48.76
2.81 48.79
1.33 48.79
0.32 48.84
4.10 48.88
4.74 49.30
6.87 49.43
6.20 49.63
6.53 49.54
5.92 48.36
4.36 47.79
6.13 45.37
6.84 44.47
7.17 43.79
8.02 43.72
8.37 44.55
7.64 44.91
8.08 45.12
8.78 45.21
8.31 44.87
7.93 44.68
7.01 44.64
5.43 44.39
5.07 45.02
3.71 45.07
2.38 45.47
2.67 45.56
2.26 45.76
1.31 45.45
0.65 46.52
0.23 46.56
1.03 48.01
1.94 48.49
0.82 48.99
0.75 49.16
0.80 49.27
0.31 49.57
1.25 48.92
1.13 48.74
2.13 48.72
1.19 48.69
1.17 48.45
1.09 48.44
1.10 48.21
1.05 48.13
2.42 48.02
2.83 48.00
2.92 48.00
2.98 48.01
3.19 48.09
3.55 48.12
3.96 48.03
4.48 48.03
4.32 48.75
4.47 48.93
5.17 49.03
5.00 48.61
5.07 48.46
4.79 48.27
4.80 47.15
3.59 46.84
3.48 46.73
2.03 46.63
2.15 46.73
1.08 46.80
0.88 46.88
1.61 46.91
1.02 46.80
0.94 46.76
5.06 46.98
2.68 46.98
6.15 46.60
4.16 46.73
1.30 46.81
1.50 47.05
3.09 46.90
2.51 46.91
3.84 47.97
3.02 48.53
2.59 49.08
7.35 49.26
6.61 49.40
5.66 49.48
3.79 49.37
1.39 49.29
2.49 49.14
2.70 49.12
2.68 48.92
0.88 48.99
2.16 48.73
2.44 48.61
2.03 48.90
2.31 49.07
3.16 48.45
2.50 48.27
2.86 48.23
1.92 48.20
2.37 48.20
3.23 48.24
4.05 47.70
4.67 47.60
3.48 48.83
4.55 49.05
5.17 49.15
4.00 48.72
2.60 48.73
2.62 47.89
2.49 46.35
1.57 46.39
1.81 45.71
1.92 45.19
1.64 45.08
1.49 45.39
1.65 45.68
2.36 45.76
2.01 46.13
2.40 46.20
2.36 46.00
2.56 45.87
2.47 46.21
2.46 46.03
2.30 45.75
1.80 45.27
1.73 45.98
1.54 45.73
1.32 46.35
1.29 47.05
1.09 48.76
1.35 49.27
1.38 50.08
1.45 50.36
3.10 50.30
3.41 50.29
4.42 50.33
3.04 50.31
2.83 50.85
4.83 50.98
4.90 51.00
4.96 51.04
3.59 50.92
1.79 50.85
2.52 50.25
2.79 50.06
2.10 49.98
2.06 49.94
2.21 50.02
2.46 50.06
3.06 50.98
3.15 51.21
3.65 51.38
2.94 51.38
2.24 51.32
0.63 51.11
1.26 49.94
2.68 49.18
2.42 46.98
2.15 46.21
1.72 45.16
1.49 44.87
1.73 45.43
2.14 45.48
2.25 46.15
1.74 46.30
1.42 46.32
1.44 46.32
1.58 46.57
1.54 46.67
1.85 46.45
2.80 46.16
2.90 46.27
2.94 46.31
2.24 46.59
1.77 46.84
1.10 48.50
0.78 49.21
1.06 50.94
1.66 51.49
0.16 51.88
0.66 51.93
0.47 52.03
0.29 52.00
1.00 51.98
1.79 51.81
1.95 51.67
2.53 51.48
1.35 51.42
0.49 51.43
1.29 51.10
2.29 50.94
2.46 50.10
2.35 49.22
2.47 49.03
3.40 48.92
3.62 48.92
2.91 48.92
2.66 48.90
2.79 48.85
0.90 49.84
0.70 50.25
1.08 51.19
1.09 51.45
1.73 49.06
1.87 48.27
2.14 46.74
2.17 46.32
2.38 46.56
2.46 46.66
2.01 45.69
1.76 45.74
2.18 46.02
2.56 46.03
2.38 46.07
1.34 45.86
1.75 45.70
1.98 45.56
0.99 45.74
1.97 46.00
1.59 47.00
0.49 47.28
0.60 47.99
0.81 48.07
1.37 48.56
1.25 50.00
0.54 50.85
1.57 51.79
2.17 52.00
1.88 51.84
2.29 52.20
1.78 52.23
2.54 52.31
2.81 52.14
1.96 51.78
1.58 52.18
1.21 51.88
0.80 51.37
0.61 50.20
0.98 49.81
3.46 49.76
2.93 49.69
2.27 49.59
2.60 49.49
2.23 48.57
1.91 48.34
1.77 48.29
1.21 48.25
1.87 49.16
1.92 49.57
1.78 49.00
1.23 48.77
0.90 47.08
2.31 46.62
3.03 47.05
3.40 46.89
2.34 46.35
2.57 45.98
3.03 46.28
6.38 45.99
7.08 46.30
5.72 46.33
5.30 46.32
4.97 46.50
4.57 46.50
4.74 46.96
4.54 47.12
5.86 47.27
5.70 47.61
3.63 47.69
4.84 47.41
6.21 47.65
6.23 48.13
7.36 48.48
7.20 49.63
6.56 50.47
5.58 51.48
5.13 51.61
6.21 52.03
7.04 52.08
6.57 52.45
6.13 52.52
8.04 52.15
8.76 52.02
8.95 51.70
7.30 51.07
7.78 49.78
5.76 49.32
0.76 49.34
1.25 48.42
1.60 48.81
0.84 48.16
0.51 48.27
2.42 48.32
5.32 48.38
5.96 48.38
5.75 49.07
7.54 49.22
8.46 48.59
10.2 48.44
11.0 47.31
11.3 46.93
11.1 46.72
10.6 46.40
8.99 45.68
11.3 45.83
10.0 46.10
9.26 46.23
10.2 46.40
10.7 46.25
12.9 46.10
9.26 45.97
10.8 46.27
10.0 46.25
8.84 46.10
9.88 46.08
9.65 46.49
10.6 46.58
11.3 46.59
8.90 46.72
9.46 47.49
8.34 47.86
6.75 50.62
6.96 51.69
7.60 51.70
8.00 51.80
8.55 52.47
8.77 52.62
5.60 52.62
7.32 52.61
9.68 52.29
10.7 51.77
9.13 49.66
8.44 49.00
3.72 50.14
4.66 50.36
6.46 50.37
5.37 50.45
6.91 50.09
7.81 49.97
3.90 49.82
3.85 49.34
3.36 48.00
6.76 47.57
6.50 48.39
5.80 48.65
4.76 50.80
4.16 50.57
5.19 48.55
5.49 47.97
5.42 47.13
5.39 46.64
10.5 45.60
10.7 45.53
12.7 46.26
11.2 46.64
11.8 47.15
10.7 47.01
11.2 46.99
12.3 46.73
11.3 46.50
9.33 46.23
12.6 46.30
12.3 46.33
12.0 46.48
10.8 46.60
11.5 46.73
11.4 46.75
10.9 47.68
11.6 48.30
10.1 50.34
10.9 51.57
10.6 51.76
11.4 51.85
11.1 52.02
10.8 51.83
9.77 51.92
8.39 51.90
7.15 51.85
7.98 51.86
2.46 51.54
5.67 50.89
5.46 48.89
4.41 48.23
3.90 47.68
5.04 47.38
6.31 46.68
8.55 46.65
1.96 46.56
4.41 46.59
11.9 46.85
7.46 46.98
6.34 49.64
3.87 50.29
2.97 50.42
0.66 50.59
3.18 48.14
4.34 46.50
3.74 45.44
3.31 45.14
3.50 45.05
4.43 45.57
4.18 46.31
3.35 46.47
2.44 46.76
2.67 46.39
3.07 46.07
1.54 46.04
3.08 45.67
4.41 45.48
4.89 45.82
5.62 45.93
6.22 46.23
5.62 46.21
5.85 45.89
5.16 45.64
4.38 46.11
6.81 46.38
7.05 49.49
6.42 50.04
7.22 51.36
6.23 52.05
7.03 52.40
9.12 52.31
11.6 51.88
10.5 51.69
10.3 51.63
9.31 51.83
8.21 51.15
6.61 50.90
6.20 50.11
7.08 49.78
6.71 48.84
5.94 48.54
5.58 48.01
6.64 47.87
6.02 47.52
4.15 47.29
5.56 48.52
3.49 48.93
3.11 49.85
3.58 50.09
3.50 50.42
2.11 49.97
0.47 46.76
0.80 45.15
0.64 44.57
2.87 44.65
1.08 45.02
3.30 45.72
2.30 46.05
3.80 46.18
2.40 46.21
3.99 45.95
4.68 45.40
4.01 44.99
3.92 44.77
4.33 45.10
4.32 45.58
2.34 45.89
3.90 46.13
3.58 45.83
3.74 45.51
3.71 45.30
4.10 45.49
3.94 45.87
2.81 48.76
2.40 50.22
1.73 51.42
1.09 51.45
1.40 51.66
0.05 52.02
0.54 52.15
3.10 52.17
4.42 52.16
1.81 51.73
2.09 52.05
2.78 52.09
3.18 52.34
3.88 52.29
4.00 51.50
4.19 51.27
3.77 50.18
3.27 49.91
3.02 49.47
3.56 49.06
3.37 49.67
4.47 50.11
4.40 51.39
3.41 51.73
3.11 51.05
0.61 50.10
2.05 46.60
2.26 45.32
2.13 44.86
2.46 44.86
3.17 45.40
3.63 45.95
3.07 46.35
2.93 46.34
3.12 46.38
3.97 46.00
3.77 45.61
4.15 45.37
3.39 45.25
3.06 45.45
2.72 45.65
2.15 45.88
0.80 46.16
2.13 45.77
2.26 45.57
1.51 45.57
1.85 46.03
1.69 46.86
3.73 49.43
5.48 50.07
5.11 51.48
4.45 51.60
6.16 51.54
6.19 51.46
6.14 50.23
5.19 49.50
4.87 50.02
6.23 49.95
6.91 50.70
6.32 51.24
5.36 51.70
5.36 51.58
4.59 51.94
3.56 51.90
1.51 50.32
2.44 49.82
2.87 49.31
3.24 49.20
3.49 49.13
3.84 49.21
3.45 51.49
3.72 52.07
3.71 51.59
2.81 50.58
1.39 46.97
3.03 45.39
4.82 44.81
5.57 45.04
6.35 45.53
5.07 46.00
4.23 46.43
4.99 46.47
5.64 46.55
5.67 46.26
3.97 46.05
4.06 45.37
4.49 45.57
3.97 45.78
4.41 46.17
4.12 46.05
4.86 46.03
5.21 46.03
4.67 46.35
4.58 46.36
4.93 46.30
5.45 46.34
6.12 49.98
6.80 50.78
8.81 51.42
7.69 51.63
6.07 51.89
6.06 51.86
6.07 52.02
7.08 52.02
7.07 51.85
6.30 51.56
6.11 50.74
5.86 50.02
5.64 48.59
6.70 48.09
5.81 47.72
5.52 48.19
5.61 47.15
5.98 47.05
6.44 46.93
7.30 46.88
7.23 46.64
8.06 46.65
8.47 47.37
9.19 47.49
8.36 48.37
8.85 47.29
8.83 46.77
8.53 46.39
8.20 45.50
7.85 45.36
8.17 45.30
8.68 45.47
10.6 45.97
10.5 46.15
11.9 45.95
10.6 45.92
11.0 45.74
9.62 45.45
7.62 45.56
7.71 45.76
6.52 45.52
7.52 45.80
8.00 45.85
10.2 45.87
8.85 45.82
9.03 45.67
7.86 45.50
9.91 45.63
14.4 47.83
13.9 48.33
14.0 49.95
16.2 50.38
11.9 51.17
7.04 51.19
8.95 50.89
5.30 50.70
8.57 49.78
6.94 49.29
5.72 48.05
4.75 47.78
5.79 48.16
5.46 48.16
6.09 47.12
6.20 46.88
6.87 46.19
5.69 45.89
4.97 45.09
1.93 44.98
1.37 45.25
1.02 45.49
0.70 46.75
1.93 47.28
2.56 48.53
1.29 47.09
2.79 45.40
2.61 44.80
2.46 45.10
1.14 45.49
1.93 44.77
1.96 45.03
3.88 45.43
3.35 45.40
3.27 45.42
4.64 45.21
5.01 44.51
3.92 44.19
4.12 44.53
5.12 44.95
4.74 44.93
3.71 45.19
2.40 45.37
4.74 45.10
4.09 45.36
4.03 45.22
4.22 45.41
2.90 45.18
2.63 45.80
2.96 46.13
1.78 48.75
0.77 49.34
0.40 49.70
1.25 49.79
1.07 50.10
3.48 50.10
8.48 49.73
8.19 49.40
6.99 48.12
5.38 47.67
4.91 48.67
4.99 48.90
5.17 48.59
6.17 48.47
6.20 48.36
6.12 48.32
7.04 48.36
5.91 48.30
5.04 48.47
5.58 48.58
4.68 48.99
5.01 49.08
4.67 48.65
5.47 47.22
6.71 45.68
6.81 44.52
6.13 44.60
4.62 44.51
4.17 44.88
1.43 45.05
1.33 44.63
1.75 44.72
3.00 44.67
3.96 44.52
3.43 44.19
4.17 44.03
4.15 44.10
4.01 44.49
3.98 44.89
4.55 44.79
4.85 44.70
3.67 44.36
2.53 44.17
3.42 44.24
3.53 44.07
3.29 44.74
2.68 48.21
1.73 49.33
1.69 49.41
1.08 49.88
0.91 49.93
0.17 49.82
2.22 50.31
2.78 50.45
2.74 50.43
2.63 50.52
3.22 50.80
3.10 50.87
3.37 50.63
2.71 50.54
2.82 49.74
3.73 49.47
5.30 49.48
3.80 49.54
3.25 49.60
2.56 49.62
2.91 49.29
3.43 49.20
3.83 49.65
4.79 50.00
4.79 48.95
2.45 48.32
0.50 46.92
1.02 45.29
1.26 44.10
1.96 43.87
1.83 44.12
1.83 44.47
1.66 45.09
1.77 45.31
1.66 45.27
1.75 45.18
1.65 44.85
1.07 44.56
1.89 44.42
1.75 44.42
1.54 44.78
2.35 45.23
3.21 45.67
3.11 45.83
2.14 45.36
1.95 45.15
1.71 44.91
2.35 45.18
3.12 49.85
1.32 51.26
2.20 51.72
2.73 51.89
3.46 51.95
4.03 51.70
3.81 51.50
4.05 51.43
3.70 51.77
1.35 51.84
1.01 51.82
2.76 51.85
3.18 51.44
3.23 51.11
3.95 51.03
3.01 51.37
2.96 50.65
4.77 50.28
4.29 50.37
4.42 50.32
4.27 50.72
4.62 51.00
3.96 51.35
3.02 51.40
1.72 50.53
1.24 50.29
0.13 48.80
1.88 47.68
2.57 45.09
2.49 44.19
2.26 44.23
1.91 44.74
1.69 45.56
2.05 45.97
1.63 46.18
1.45 46.00
1.21 46.23
1.15 46.09
1.61 46.03
1.85 45.90
2.88 45.84
3.69 46.11
2.67 46.00
3.96 46.09
4.39 47.21
6.08 47.40
7.18 47.29
6.87 47.74
6.40 50.43
7.79 51.35
7.31 51.53
6.11 51.34
5.67 51.43
6.42 51.36
5.63 50.98
6.88 50.73
7.09 51.23
7.04 51.39
7.97 51.23
4.80 51.43
2.10 51.26
2.89 51.24
2.88 51.56
2.18 51.50
2.93 50.62
2.25 50.37
2.30 49.84
2.39 49.68
2.77 50.95
3.35 51.04
4.13 51.43
3.18 51.48
2.11 50.58
1.20 50.30
1.31 49.61
4.06 48.76
5.95 47.05
5.39 46.13
4.96 44.95
3.49 44.82
5.15 45.13
5.98 45.32
5.95 45.72
6.77 45.81
6.96 46.63
7.44 46.74
8.61 45.98
9.11 45.72
9.14 46.30
8.78 46.37
8.02 46.47
7.32 46.56
8.83 46.71
8.30 46.42
7.08 46.43
6.98 46.74
5.78 50.22
6.35 50.98
6.23 51.66
5.23 52.01
6.78 52.25
8.13 52.20
7.49 52.03
6.89 51.88
6.80 51.71
7.23 51.69
5.44 50.92
6.73 50.74
6.06 48.66
6.80 47.97
6.24 47.57
4.47 47.41
1.76 47.18
6.59 47.20
4.02 47.39
3.50 47.49
2.61 48.60
1.79 48.91
2.94 49.37
2.19 49.43
1.73 49.20
1.50 49.14
0.87 48.53
3.19 48.32
4.94 47.83
4.15 47.43
6.42 45.99
3.20 45.65
2.69 45.05
1.26 45.04
5.49 45.39
6.61 45.65
8.51 45.81
10.0 45.81
9.52 45.99
8.17 45.93
10.1 45.65
9.17 45.42
11.2 45.31
9.08 45.39
9.46 46.25
9.92 46.43
9.25 47.77
8.35 47.99
7.81 49.59
8.49 50.26
7.54 50.64
7.19 50.93
5.53 51.03
7.03 51.00
4.67 50.66
3.41 50.98
4.29 51.17
4.90 51.25
3.14 50.77
2.49 50.72
4.54 49.86
1.60 49.50
0.82 48.79
2.08 48.53
2.54 47.79
6.53 47.62
4.80 47.63
5.92 47.53
7.01 47.19
5.80 47.11
3.11 47.20
5.75 47.21
5.26 47.74
4.01 47.63
4.16 46.44
4.61 45.63
5.39 44.91
4.44 44.87
3.55 45.17
2.02 45.07
1.59 45.11
1.72 45.20
0.97 45.49
2.13 45.37
4.94 45.11
5.10 44.78
6.94 44.69
4.61 44.88
8.53 45.39
8.73 45.28
8.45 45.19
8.35 45.16
8.64 45.12
7.72 45.02
3.45 45.41
0.85 46.34
1.02 47.90
3.94 48.41
2.79 50.06
2.71 50.55
4.21 51.07
4.65 51.30
4.80 51.38
5.38 51.29
4.83 50.86
4.30 50.72
3.29 50.26
4.28 50.07
1.30 48.88
2.68 48.54
3.66 48.40
3.48 48.25
4.53 47.70
3.97 47.56
3.81 47.50
4.24 47.50
4.06 47.44
2.88 46.97
3.73 46.46
2.83 46.23
2.03 46.49
1.77 45.86
0.65 45.07
2.43 44.89
2.08 45.06
1.13 44.93
1.16 45.00
1.27 45.14
0.96 44.72
0.47 44.85
0.39 45.35
2.41 45.20
2.58 44.75
2.94 44.50
3.23 44.65
3.67 44.89
2.71 45.15
2.77 45.20
2.63 45.06
2.28 45.00
2.22 45.05
1.42 45.05
1.48 45.38
1.82 45.81
3.47 47.02
5.48 47.30
5.27 48.18
4.50 48.39
2.99 48.78
3.68 48.72
5.28 48.84
5.90 48.83
6.72 49.00
7.82 49.01
8.08 48.98
8.53 48.71
6.96 46.62
6.93 45.97
7.68 45.68
7.13 45.57
7.31 46.23
7.13 46.55
5.83 47.80
5.80 48.15
6.57 48.30
6.28 48.33
6.56 48.30
7.07 48.19
6.91 47.68
5.81 45.19
6.98 44.32
7.12 44.15
6.77 43.88
5.27 44.11
5.21 44.30
5.45 44.37
5.96 44.33
5.73 44.59
5.24 44.58
5.56 44.43
5.30 44.36
5.34 44.31
6.96 44.48
7.08 44.81
8.37 44.70
9.59 44.60
9.53 44.68
9.36 44.79
9.57 44.80
7.90 45.09
7.07 44.63
7.10 45.12
7.13 48.43
6.18 49.31
6.61 50.25
5.85 50.53
4.93 50.95
7.08 51.23
6.90 51.02
5.63 50.99
6.00 51.34
5.64 51.22
6.01 50.69
4.87 50.07
3.68 48.61
1.83 48.09
0.91 47.40
1.10 47.17
2.11 47.51
2.32 47.74
2.72 49.55
3.72 50.00
3.85 49.85
4.76 50.05
3.38 50.87
0.90 51.12
3.72 48.98
4.80 48.28
4.30 47.34
2.09 46.60
2.84 45.15
1.78 44.62
1.62 43.76
1.54 43.71
1.69 44.41
1.64 44.67
1.56 44.93
0.76 44.70
0.96 44.45
2.57 44.23
2.33 44.47
2.15 44.20
1.95 44.94
2.13 45.18
2.51 44.55
2.23 44.59
1.34 44.80
1.64 44.65
3.62 45.81
5.63 46.17
5.27 48.95
5.68 49.78
5.38 50.49
4.79 51.00
4.03 51.20
4.93 51.16
4.32 51.25
5.08 51.35
5.67 51.53
4.99 51.49
5.49 51.22
4.99 51.50
4.10 52.02
1.02 52.21
2.64 51.03
3.02 50.67
3.48 50.47
3.45 50.31
3.85 50.85
3.40 50.83
3.81 50.00
4.10 50.12
3.49 49.90
3.97 49.95
1.78 50.23
1.32 49.35
0.64 46.04
1.02 45.02
0.77 44.37