335.1 0.11
334.7 0.11
334.5 0.11
333.9 0.11
333.9 0.11
334.4 0.11
333.8 0.11
332.9 0.11
332.8 0.11
332.6 0.08
331.8 0.11
332.5 0.11
333.1 0.11
332.1 0.14
332.8 0.14
334.2 0.14
334.0 0.14
334.5 0.14
335.3 0.14
335.7 0.14
335.5 0.14
335.1 0.11
334.8 0.14
334.4 0.14
333.9 0.14
334.0 0.14
334.3 0.14
335.0 0.14
334.8 0.14
335.0 0.14
334.8 0.14
334.7 0.14
334.9 0.14
334.1 0.08
333.5 0.08
334.2 0.11
334.4 0.14
333.7 0.14
334.4 0.14
335.3 0.14
335.1 0.14
335.5 0.14
336.1 0.14
336.4 0.14
336.3 0.14
335.7 0.14
335.4 0.14
335.4 0.14
335.3 0.14
335.5 0.14
335.5 0.14
335.5 0.14
335.6 0.14
336.2 0.14
336.3 0.14
336.2 0.14
335.8 0.14
335.2 0.08
335.0 0.08
335.5 0.11
335.0 0.11
334.9 0.14
335.3 0.11
335.7 0.11
335.9 0.11
336.2 0.11
336.2 0.11
337.1 0.11
337.3 0.11
336.8 0.11
339.9 0.11
350.8 0.11
349.5 0.11
342.8 0.11
339.1 0.11
356.6 0.11
350.0 0.11
341.6 0.11
338.7 0.11
339.0 0.11
340.6 0.11
338.4 0.11
356.4 0.08
354.3 0.08
358.5 0.11
365.5 0.11
358.2 0.11
360.1 0.11
363.7 0.11
356.8 0.11
367.7 0.11
372.4 0.11
361.5 0.11
366.0 0.11
363.7 0.11
356.9 0.11
353.8 0.11
352.8 0.11
352.4 0.11
352.5 0.11
353.2 0.11
353.7 0.11
353.7 0.11
353.7 0.11
353.7 0.11
353.7 0.11
353.8 0.06
353.7 0.08
353.7 0.11
353.5 0.11
353.5 0.11
353.5 0.11
353.5 0.11
353.5 0.11
353.7 0.11
353.8 0.11
353.9 0.11
353.9 0.11
354.0 0.11
354.0 0.11
354.7 0.11
355.7 0.11
356.8 0.11
355.5 0.11
356.3 0.11
356.0 0.11
356.9 0.11
357.9 0.11
357.7 0.11
357.7 0.14
357.4 0.14
356.4 0.08
356.8 0.11
357.6 0.11
357.9 0.11
358.4 0.11
358.4 0.14
359.9 0.11
360.8 0.14
361.7 0.11
361.9 0.11
366.9 0.14
368.3 0.14
368.6 0.14
369.0 0.14
369.6 0.11
369.9 0.14
370.2 0.14
370.4 0.14
370.8 0.11
371.1 0.14
371.1 0.14
370.8 0.14
370.9 0.11
370.9 0.14
371.1 0.08
371.1 0.08
371.2 0.11
371.4 0.14
371.5 0.11
371.7 0.14
371.7 0.14
371.8 0.11
371.8 0.11
371.8 0.11
371.8 0.11
371.9 0.11
371.9 0.11
371.9 0.11
371.9 0.11
372.0 0.11
372.1 0.11
372.0 0.11
372.1 0.11
372.1 0.11
372.2 0.11
372.2 0.11
372.2 0.11
372.2 0.11
372.2 0.14
372.2 0.08
372.3 0.11
372.2 0.11
372.3 0.11
372.2 0.11
372.2 0.11
372.3 0.11
372.3 0.11
372.3 0.11
372.4 0.11
372.4 0.11
372.4 0.11
372.4 0.11
372.5 0.11
372.5 0.11
372.5 0.11
372.6 0.11
372.6 0.14
372.6 0.11
372.6 0.14
372.7 0.14
372.6 0.14
372.7 0.14
372.7 0.14
372.7 0.08
372.7 0.08
372.7 0.11
372.7 0.14
372.7 0.14
372.7 0.14
372.7 0.14
372.8 0.14
372.8 0.14
372.8 0.14
372.9 0.14
372.9 0.14
372.9 0.14
372.9 0.14
372.9 0.14
373.0 0.14
372.9 0.14
372.9 0.14
372.9 0.14
372.9 0.14
372.9 0.14
372.9 0.14
372.9 0.14
372.9 0.14
373.0 0.14
372.9 0.11
372.8 0.11
372.7 0.14
372.7 0.14
372.7 0.14
372.7 0.14
372.6 0.14
372.6 0.14
372.6 0.14
372.7 0.14
372.7 0.14
372.7 0.14
372.8 0.14
372.7 0.14
372.8 0.14
372.8 0.14
372.7 0.14
372.7 0.14
372.7 0.11
372.7 0.11
372.7 0.11
372.7 0.11
372.7 0.14
372.7 0.14
372.7 0.08
372.6 0.08
372.6 0.11
372.7 0.11
372.6 0.11
372.7 0.11
372.7 0.11
372.8 0.11
372.8 0.11
372.8 0.11
372.8 0.11
372.8 0.11
372.8 0.11
372.8 0.11
372.9 0.11
373.0 0.11
372.9 0.11
372.9 0.11
372.9 0.11
372.9 0.11
373.0 0.11
373.0 0.11
373.0 0.11
373.0 0.11
372.9 0.11
372.9 0.08
372.9 0.08
372.9 0.11
372.9 0.11
373.0 0.11
372.9 0.11
373.0 0.11
373.1 0.11
373.1 0.11
373.2 0.11
373.2 0.11
373.2 0.11
373.2 0.11
373.3 0.11
373.3 0.11
373.3 0.11
373.3 0.11
373.3 0.11
373.3 0.11
373.3 0.11
373.3 0.11
373.3 0.11
373.3 0.11
373.3 0.11
373.3 0.08
373.2 0.08
373.3 0.11
373.3 0.11
373.3 0.11
373.4 0.11
373.6 0.11
373.8 0.11
373.5 0.11
373.6 0.11
373.8 0.11
373.6 0.11
373.6 0.11
373.6 0.11
374.6 0.11
376.6 0.11
377.6 0.11
378.5 0.11
384.3 0.11
386.5 0.14
384.3 0.11
381.9 0.11
375.3 0.11
377.2 0.11
376.0 0.11
400.3 0.08
402.0 0.08
394.9 0.11
399.8 0.11
404.8 0.11
400.0 0.11
398.6 0.11
398.3 0.11
398.0 0.11
396.8 0.11
394.7 0.14
394.4 0.11
394.3 0.11
394.1 0.11
393.4 0.14
393.1 0.14
393.1 0.14
393.1 0.14
393.0 0.14
392.8 0.14
392.1 0.14
390.4 0.14
389.2 0.14
388.2 0.14
386.9 0.08
385.3 0.08
385.4 0.11
383.9 0.14
384.7 0.14
387.9 0.14
384.8 0.14
380.7 0.14
378.5 0.14
379.3 0.14
382.7 0.14
381.0 0.14
379.5 0.14
377.3 0.14
375.8 0.14
375.0 0.14
374.5 0.14
374.4 0.14
374.3 0.14
374.1 0.14
374.0 0.14
374.0 0.14
373.9 0.14
373.9 0.14
373.7 0.14
373.5 0.08
373.1 0.08
373.1 0.11
372.9 0.11
372.9 0.11
372.9 0.11
372.9 0.11
372.9 0.11
372.9 0.11
372.8 0.11
372.8 0.11
372.8 0.11
372.7 0.11
372.7 0.11
372.5 0.11
372.5 0.11
372.5 0.11
372.4 0.11
372.3 0.11
372.3 0.11
372.2 0.11
371.9 0.11
371.7 0.11
372.0 0.11
371.8 0.06
371.8 0.08
371.8 0.11
371.9 0.11
372.1 0.11
372.2 0.11
372.2 0.11
372.2 0.11
372.3 0.11
372.3 0.11
372.2 0.11
372.0 0.11
371.9 0.11
371.8 0.11
371.7 0.11
372.1 0.11
371.8 0.11
372.3 0.11
379.2 0.11
383.7 0.11
385.8 0.11
388.1 0.11
389.6 0.11
388.4 0.11
387.4 0.11
394.7 0.06
391.2 0.08
387.3 0.11
399.4 0.11
391.8 0.11
387.7 0.11
387.2 0.11
386.9 0.11
386.7 0.11
386.7 0.11
386.5 0.11
386.3 0.11
386.3 0.11
386.2 0.11
386.1 0.11
385.6 0.11
385.1 0.11
384.4 0.11
384.4 0.11
384.4 0.11
385.0 0.11
385.5 0.11
386.4 0.11
386.6 0.11
387.5 0.08
387.5 0.08
388.3 0.11
389.1 0.11
391.7 0.14
392.9 0.14
391.6 0.14
391.7 0.14
392.4 0.14
391.5 0.14
393.0 0.14
392.1 0.14
391.1 0.14
388.3 0.14
387.5 0.14
381.7 0.14
375.6 0.14
373.3 0.14
374.8 0.14
378.1 0.14
379.8 0.14
381.9 0.14
384.8 0.14
387.0 0.14
387.4 0.14
388.0 0.08
389.3 0.11
388.5 0.11
389.3 0.11
386.0 0.11
384.2 0.11
384.1 0.11
384.5 0.11
385.0 0.11
385.5 0.11
385.9 0.11
387.5 0.14
388.9 0.11
388.4 0.11
388.8 0.11
386.3 0.11
382.7 0.11
381.8 0.11
382.0 0.14
383.2 0.14
383.5 0.11
384.1 0.11
385.7 0.14
385.3 0.11
388.3 0.08
390.0 0.08
390.8 0.11
386.8 0.11
386.5 0.14
385.6 0.14
385.4 0.14
386.1 0.14
386.5 0.14
386.9 0.14
387.3 0.14
387.9 0.14
388.3 0.14
388.7 0.14
389.7 0.14
390.5 0.14
391.3 0.14
391.0 0.14
393.0 0.11
397.0 0.14
397.3 0.11
398.5 0.14
397.4 0.11
396.6 0.11
396.8 0.11
397.8 0.08
396.8 0.11
394.7 0.11
395.7 0.11
391.4 0.11
392.5 0.11
392.3 0.11
392.3 0.11
393.4 0.11
395.2 0.11
397.1 0.11
397.2 0.11
397.5 0.11
397.8 0.11
397.6 0.11
397.3 0.11
396.8 0.11
397.4 0.11
398.5 0.11
397.5 0.11
398.2 0.11
404.0 0.11
405.4 0.11
403.9 0.11
402.8 0.06
402.3 0.08
402.2 0.11
402.2 0.11
402.2 0.11
402.0 0.11
401.2 0.11
399.1 0.11
404.0 0.11
394.9 0.11
391.6 0.11
391.2 0.11
390.7 0.11
389.9 0.11
389.4 0.11
388.7 0.11
388.8 0.11
389.8 0.11
389.9 0.11
388.6 0.11
388.8 0.11
388.4 0.11
389.0 0.11
389.7 0.11
389.4 0.11
389.4 0.06
388.8 0.08
388.5 0.11
388.5 0.11
388.7 0.11
388.9 0.11
388.8 0.11
388.5 0.11
389.5 0.11
391.6 0.11
390.8 0.11
390.8 0.11
388.6 0.11
386.1 0.11
385.1 0.11
385.3 0.11
386.2 0.11
387.1 0.11
387.3 0.11
387.6 0.11
388.3 0.11
389.0 0.11
390.4 0.11
393.8 0.11
395.1 0.06
394.4 0.08
393.1 0.11
390.7 0.11
389.7 0.11
389.0 0.11
390.3 0.11
389.7 0.11
388.6 0.11
388.0 0.11
388.4 0.11
387.2 0.11
384.0 0.11
380.8 0.11
379.0 0.11
380.3 0.11
382.4 0.11
384.7 0.11
385.4 0.11
386.2 0.11
387.4 0.14
388.6 0.11
390.3 0.11
392.9 0.11
393.4 0.11
392.2 0.08
392.8 0.08
391.5 0.11
390.9 0.11
390.4 0.11
390.1 0.11
390.2 0.11
389.2 0.11
388.9 0.11
387.8 0.14
386.0 0.14
383.7 0.11
378.3 0.14
375.6 0.14
378.8 0.14
381.7 0.14
384.1 0.14
385.4 0.14
386.1 0.14
386.4 0.14
387.4 0.14
390.8 0.14
392.9 0.14
389.9 0.14
391.7 0.08
393.0 0.08
392.6 0.14
391.2 0.14
389.8 0.14
387.4 0.14
386.8 0.14
386.9 0.14
384.8 0.14
384.4 0.14
385.6 0.14
384.4 0.14
378.7 0.14
379.8 0.14
380.3 0.14
381.2 0.14
383.9 0.14
384.2 0.14
385.5 0.14
385.9 0.14
386.2 0.14
388.0 0.14
389.8 0.14
388.9 0.14
388.8 0.14
388.5 0.08
388.7 0.11
389.0 0.14
388.9 0.14
388.7 0.14
388.4 0.14
388.4 0.14
388.8 0.14
391.1 0.14
392.0 0.14
391.9 0.14
387.0 0.14
382.9 0.14
382.3 0.14
384.0 0.14
385.7 0.14
386.1 0.14
387.3 0.14
388.4 0.14
389.9 0.14
390.7 0.14
391.7 0.14
392.9 0.14
392.9 0.14
394.8 0.11
396.6 0.11
394.1 0.14
394.7 0.14
390.7 0.14
388.4 0.14
389.9 0.14
389.2 0.14
387.4 0.14
388.7 0.14
389.9 0.14
384.4 0.14
382.6 0.14
380.3 0.14
380.4 0.14
380.7 0.14
381.4 0.14
387.7 0.14
388.9 0.14
390.2 0.14
390.2 0.14
391.2 0.14
395.8 0.14
391.3 0.14
385.7 0.14
385.9 0.08
385.4 0.11
385.4 0.11
385.8 0.11
386.4 0.11
385.3 0.11
385.2 0.11
386.2 0.11
386.9 0.11
385.9 0.11
383.2 0.11
381.3 0.11
380.8 0.11
380.8 0.11
381.7 0.11
383.6 0.11
385.2 0.11
386.1 0.11
387.1 0.11
389.1 0.11
389.8 0.11
390.1 0.11
390.0 0.11
390.0 0.11
389.5 0.08
389.4 0.08
389.3 0.11
389.2 0.11
388.9 0.11
389.0 0.11
390.2 0.11
392.0 0.11
393.0 0.11
393.1 0.11
393.1 0.11
393.1 0.11
395.3 0.14
396.2 0.14
398.5 0.14
398.4 0.14
398.3 0.11
399.2 0.14
400.0 0.11
401.0 0.11
403.0 0.14
404.4 0.14
405.0 0.14
406.0 0.11
407.7 0.11
409.3 0.08
406.0 0.11
406.2 0.11
403.1 0.14
406.7 0.14
410.0 0.14
409.4 0.14
409.2 0.14
409.0 0.14
408.7 0.14
408.5 0.14
408.3 0.14
407.7 0.14
406.3 0.14
405.3 0.14
404.3 0.14
404.1 0.14
404.4 0.14
404.8 0.14
405.2 0.14
405.8 0.14
406.3 0.14
406.7 0.14
407.1 0.14
407.3 0.08
407.3 0.11
406.9 0.14
406.5 0.14
404.8 0.14
403.9 0.14
403.7 0.14
403.6 0.14
403.1 0.14
402.2 0.14
401.4 0.14
401.1 0.14
400.5 0.14
400.3 0.14
400.8 0.14
401.4 0.14
402.3 0.14
403.0 0.14
403.5 0.14
404.2 0.14
405.1 0.14
406.0 0.14
406.7 0.14
407.0 0.14
407.2 0.14
407.4 0.08
407.4 0.11
407.6 0.14
407.8 0.14
408.0 0.14
408.0 0.11
408.0 0.11
407.7 0.11
407.0 0.11
406.0 0.11
404.5 0.11
402.0 0.11
400.1 0.14
399.4 0.11
399.2 0.11
399.9 0.11
401.0 0.11
401.8 0.11
402.8 0.11
403.6 0.11
404.2 0.11
404.8 0.11
405.1 0.11
405.4 0.11
405.5 0.08
405.6 0.08
405.9 0.11
406.2 0.11
406.0 0.11
405.9 0.11
405.7 0.11
405.8 0.11
405.8 0.11
405.1 0.14
403.9 0.14
402.5 0.14
400.9 0.11
400.2 0.14
401.4 0.14
403.7 0.14
404.8 0.14
405.7 0.14
406.6 0.14
407.3 0.14
408.0 0.14
408.7 0.14
409.2 0.14
409.7 0.14
410.0 0.14
410.3 0.08
410.5 0.11
410.5 0.14
410.6 0.14
410.6 0.14
410.5 0.14
410.4 0.14
409.9 0.14
409.2 0.14
408.1 0.14
407.3 0.14
406.5 0.14
405.9 0.14
405.7 0.14
405.8 0.14
406.5 0.14
407.3 0.14
408.1 0.14
408.8 0.14
409.4 0.14
409.9 0.14
410.5 0.14
411.0 0.14
411.5 0.14
411.7 0.08
411.8 0.08
411.9 0.11
411.7 0.14
411.6 0.14
411.5 0.14
411.3 0.14
410.7 0.14
409.8 0.14
408.3 0.14
406.9 0.14
405.7 0.14
405.0 0.14
404.9 0.14
405.1 0.14
405.7 0.14
406.5 0.14
407.6 0.14
408.6 0.14
409.5 0.14
410.4 0.14
411.1 0.14
411.7 0.14
411.8 0.14
411.6 0.14
411.5 0.08
411.4 0.11
411.1 0.14
410.9 0.14
410.7 0.14
410.4 0.14
409.7 0.14
408.4 0.14
407.1 0.14
406.1 0.14
405.5 0.14
405.3 0.14
404.8 0.14
405.4 0.14
406.2 0.14
407.2 0.14
409.4 0.14
410.0 0.14
410.3 0.14
410.7 0.14
411.0 0.14
411.0 0.14
414.0 0.14
414.0 0.14
413.8 0.08
413.3 0.11
413.3 0.14
413.4 0.14
413.4 0.14
413.2 0.14
412.6 0.11
411.5 0.14
410.2 0.11
408.8 0.14
407.8 0.11
407.0 0.11
406.8 0.11
406.2 0.11
406.8 0.14
407.1 0.11
407.9 0.14
408.3 0.14
408.8 0.14
409.1 0.14
409.5 0.14
409.7 0.14
409.8 0.14
409.8 0.14
410.0 0.14
410.0 0.08
410.0 0.11
409.9 0.11
409.8 0.14
409.4 0.11
408.1 0.14
406.4 0.14
404.6 0.14
403.4 0.14
402.8 0.14
402.7 0.14
402.9 0.14
403.6 0.14
404.4 0.14
405.3 0.14
406.4 0.14
408.0 0.14
409.0 0.14
409.7 0.14
410.0 0.14
409.8 0.14
409.4 0.14
409.8 0.14
409.5 0.14
409.4 0.08
410.0 0.11
409.8 0.14
409.8 0.14
409.2 0.14
406.8 0.14
404.0 0.14
401.7 0.14
400.6 0.14
400.1 0.14
400.3 0.14
400.9 0.14
401.9 0.14
402.9 0.14
403.6 0.14
403.9 0.14
404.9 0.14
406.3 0.14
407.3 0.14
407.1 0.14
406.3 0.14
406.4 0.14
405.9 0.14
406.2 0.14
406.0 0.14
406.9 0.11
406.1 0.14
405.8 0.14
405.4 0.14
404.5 0.21
402.7 0.21
400.7 0.21
400.0 0.21
400.9 0.21
402.4 0.21
403.1 0.21
403.7 0.21
403.9 0.21
403.7 0.21
403.1 0.21
403.3 0.21
403.6 0.21
403.8 0.21
403.8 0.21
404.1 0.21
404.7 0.21
404.8 0.21
404.7 0.21
405.0 0.21
404.4 0.11
403.8 0.14
404.0 0.21
403.2 0.21
401.6 0.21
400.3 0.21
398.1 0.21
397.5 0.21
398.7 0.21
399.9 0.21
400.9 0.21
401.5 0.21
401.5 0.21
401.3 0.21
402.0 0.21
402.6 0.21
402.9 0.21
403.0 0.21
403.5 0.21
404.5 0.21
404.1 0.21
402.6 0.21
401.3 0.21
400.8 0.21
400.6 0.21
402.4 0.11
403.2 0.14
402.1 0.14
400.4 0.14
398.4 0.14
397.3 0.14
397.2 0.14
397.4 0.21
397.3 0.14
397.7 0.14
398.7 0.14
399.9 0.21
401.0 0.14
402.2 0.14
404.1 0.14
405.4 0.14
405.4 0.14
404.7 0.14
403.9 0.14
403.1 0.14
402.6 0.14
402.6 0.14
402.1 0.14
401.8 0.14
400.9 0.11
399.0 0.11
397.0 0.14
393.9 0.21
391.5 0.21
390.3 0.21
390.3 0.21
392.1 0.21
393.5 0.21
395.4 0.21
396.8 0.21
397.8 0.21
398.7 0.21
399.8 0.21
400.8 0.28
399.7 0.28
400.1 0.28
401.6 0.28
402.2 0.28
402.3 0.28
401.9 0.28
401.6 0.28
400.8 0.28
399.8 0.28
398.6 0.27
398.4 0.14
395.7 0.20
392.6 0.27
391.5 0.27
389.3 0.27
391.5 0.27
394.3 0.27
395.6 0.27
396.5 0.27
397.3 0.27
397.5 0.20
397.6 0.20
397.8 0.20
398.8 0.20
401.1 0.20
402.4 0.20
402.9 0.20
403.2 0.20
403.2 0.20
403.6 0.20
404.1 0.20
404.2 0.20
404.1 0.20
404.0 0.20
403.5 0.10
403.0 0.10
402.6 0.14
401.6 0.20
400.4 0.14
400.2 0.20
398.4 0.14
397.5 0.20
397.9 0.20
399.0 0.20
399.7 0.20
400.9 0.20
402.1 0.20
402.9 0.20
403.0 0.20
402.1 0.20
401.5 0.20
400.9 0.20
401.0 0.20
402.3 0.20
403.7 0.20
404.9 0.20
405.7 0.20
406.0 0.20
406.3 0.20
406.7 0.10
406.8 0.14
406.9 0.14
406.8 0.20
406.7 0.20
406.5 0.20
407.0 0.20
408.4 0.20
409.7 0.20
410.4 0.14
411.4 0.14
412.5 0.14
413.7 0.14
415.1 0.14
416.1 0.14
416.4 0.14
416.0 0.14
415.9 0.14
415.5 0.14
415.2 0.14
415.0 0.14
415.0 0.14
415.7 0.14
415.9 0.14
415.3 0.07
415.0 0.10
414.8 0.14
414.4 0.14
414.0 0.14
413.6 0.14
413.4 0.14
413.7 0.14
414.9 0.14
415.8 0.14
416.2 0.14
416.7 0.14
417.2 0.14
417.5 0.14
417.9 0.14
418.5 0.14
419.0 0.14
420.0 0.14
420.0 0.14
424.1 0.14
427.8 0.14
425.7 0.14
430.3 0.14
427.4 0.14
427.1 0.14
426.0 0.07
425.7 0.10
425.6 0.14
425.4 0.14
425.1 0.14
426.1 0.14
425.0 0.14
426.6 0.14
426.5 0.14
426.4 0.14
426.5 0.14
426.6 0.14
426.7 0.14
426.9 0.14
427.0 0.14
427.1 0.14
427.2 0.14
427.4 0.14
427.6 0.14
427.6 0.14
427.6 0.14
427.7 0.14
427.6 0.14
427.6 0.14
427.5 0.07
427.3 0.07
426.6 0.10
424.5 0.14
423.1 0.14
423.6 0.14
423.0 0.14
422.8 0.14
423.6 0.14
424.0 0.14
424.2 0.14
424.5 0.14
424.7 0.14
424.9 0.14
425.1 0.14
425.2 0.14
425.5 0.14
425.6 0.14
425.6 0.14
425.6 0.14
425.6 0.14
425.7 0.14
425.7 0.14
425.6 0.14
425.5 0.14
425.2 0.10
425.0 0.10
424.3 0.14
423.8 0.14
423.3 0.14
422.8 0.14
422.4 0.14
422.4 0.14
422.5 0.14
422.6 0.14
422.9 0.14
423.0 0.14
423.4 0.14
423.5 0.14
423.6 0.14
423.7 0.14
423.7 0.14
423.8 0.14
423.8 0.14
423.8 0.14
423.8 0.13
423.8 0.13
423.8 0.13
423.8 0.13
423.7 0.10
423.3 0.10
422.9 0.13
422.5 0.13
422.3 0.13
422.1 0.20
422.1 0.20
422.0 0.20
422.2 0.20
422.6 0.20
422.9 0.20
423.0 0.20
423.5 0.20
423.7 0.20
423.9 0.20
424.0 0.20
424.0 0.20
424.2 0.20
424.1 0.20
424.3 0.13
424.4 0.13
423.8 0.13
423.6 0.13
423.4 0.13
423.3 0.13
422.9 0.10
422.3 0.13
421.8 0.13
421.6 0.13
421.5 0.13
421.5 0.13
421.6 0.13
421.8 0.13
423.0 0.20
424.2 0.20
424.7 0.20
424.6 0.20
424.2 0.20
424.7 0.20
424.8 0.20
424.6 0.20
424.5 0.20
424.4 0.13
424.3 0.13
424.0 0.13
423.2 0.13
421.6 0.13
421.4 0.13
421.3 0.13
421.4 0.10
421.0 0.10
420.7 0.13
420.5 0.13
420.5 0.13
420.7 0.13
420.9 0.13
421.2 0.13
422.4 0.19
423.8 0.19
423.7 0.19
423.7 0.19
423.4 0.19
423.4 0.19
423.1 0.19
423.4 0.19
423.3 0.19
423.8 0.19
424.2 0.19
423.7 0.19
422.7 0.19
421.3 0.19
420.0 0.19
419.9 0.19
420.3 0.19
419.7 0.10
419.3 0.13
419.3 0.19
419.4 0.19
420.0 0.19
420.7 0.19
423.1 0.19
426.7 0.19
429.7 0.19
430.9 0.19
431.1 0.26
431.0 0.26
430.7 0.26
430.7 0.26
430.1 0.19
429.1 0.19
428.9 0.19
428.1 0.19
426.9 0.19
425.6 0.19
424.2 0.19
423.3 0.19
422.7 0.19
422.9 0.26
422.7 0.13
422.1 0.13
421.9 0.19
422.3 0.26
422.5 0.26
422.8 0.26
422.9 0.26
423.0 0.26
423.2 0.26
423.5 0.26
424.1 0.25
424.3 0.25
423.5 0.25
422.8 0.25
422.4 0.25
422.4 0.25
422.1 0.25
421.8 0.25
421.6 0.25
422.1 0.25
422.6 0.25
422.3 0.25
420.8 0.25
418.8 0.25
418.4 0.25
419.8 0.19
420.0 0.25
419.1 0.25
420.0 0.25
421.8 0.25
422.0 0.25
424.9 0.25
426.3 0.25
426.8 0.25
425.8 0.25
424.3 0.25
423.4 0.25
422.7 0.25
422.4 0.25
422.0 0.25
421.8 0.25
421.4 0.25
421.1 0.25
419.0 0.25
415.9 0.25
413.0 0.19
411.4 0.19
412.5 0.19
415.0 0.19
415.7 0.13
417.4 0.13
416.0 0.19
417.7 0.19
418.6 0.19
419.0 0.19
420.3 0.19
422.3 0.19
423.5 0.19
423.5 0.19
422.1 0.19
421.2 0.19
421.6 0.19
421.7 0.19
421.4 0.19
420.0 0.19
419.1 0.19
418.4 0.19
417.3 0.19
415.1 0.19
413.0 0.19
411.1 0.19
410.7 0.19
411.8 0.19
412.6 0.19
413.1 0.10
413.7 0.13
414.2 0.19
415.3 0.19
416.6 0.19
417.5 0.19
417.1 0.19
417.1 0.19
417.3 0.19