17100 2610
17500 2850
18000 2800
18500 2780
19000 2810
19300 2830
19600 2820
20000 2770
20300 2760
20500 2740
20800 2750
21100 2710
21200 2700
21500 2480
21800 2540
22000 2440
22200 2280
22400 2120
22600 2010
22800 1860
23000 1960
23100 1900
23400 1720
23500 1580
23600 1430
23700 1430
23900 1420
24100 1350
24200 1300
24400 1210
24500 1170
24700 1100
24700 965
24900 1020
25000 1080
25100 1080
25200 958
25300 956
25400 936
25500 900
25600 887
25700 949
25700 908
25800 834
26000 905
26000 884
26000 892
26100 942
26200 860
26300 868
26300 860
26300 819
26400 857
26400 766
26500 830
26500 803
26400 781
26500 767
26500 708
26600 737
26600 752
26500 817
26600 742
26600 772
26600 759
26700 744
26600 775
26600 770
26700 752
26600 771
26600 747
26600 763
26600 780
26700 805
26700 771
26700 764
26700 754
26700 756
26700 787
26800 780
26700 827
26700 775
26700 752
26800 780
26800 767
26800 926
26800 830
26800 795
26800 825
26800 817
26800 780
26800 813
26800 846
26800 828
26900 785
26900 829
26900 747
27000 761
26900 791
26900 767
27000 770
27000 823
27000 811
27000 796
27100 692
27100 754
27100 775
27100 740
27200 774
27200 731
27100 736
27100 705
27200 670
27200 653
27100 650
27300 670
27200 633
27200 610
27300 673
27200 632
27300 644
27300 595
27300 642
27300 629
27300 606
27300 588
27300 577
27400 564
27300 553
27300 553
27400 587
27400 592
27400 525
27400 562
27300 567
27400 564
27400 503
27400 536
27300 524
27300 539
27300 508
27400 506
27300 496
27300 507
27300 465
27300 472
27200 507
27200 485
27200 462
27100 464
27100 465
27100 498
27100 471
27100 464
27100 453
27000 454
27000 470
26900 428
26900 427
26900 397
26700 411
26700 427
26700 408
26700 391
26600 393
26500 366
26500 377
26500 371
26400 382
26400 378
26300 337
26200 372
26200 380
26100 329
26000 319
25900 331
25900 325
25800 309
25700 328
25700 331
25600 309
25500 312
25400 302
25300 309
25200 306
25200 317
25100 311
25100 302
25000 293
24900 283
24800 302
24700 286
24600 296
24500 281
24500 289
24400 288
24300 277
24300 275
24200 299
24100 281
24000 296
23900 307
23800 279
23700 288
23600 289
23500 295
23500 290
23400 257
23200 267
23200 264
23100 289
23000 287
22900 280
22800 305
22700 285
22600 294
22600 286
22400 313
22400 296
22300 319
22200 308
22100 317
22000 314
21900 306
21900 301
21800 325
21700 306
21600 307
21600 313
21400 302
21400 306
21300 308
21200 300
21100 286
21100 311
21000 307
20900 296
20800 300
20700 315
20700 298
20500 303
20500 293
20400 290
20300 291
20200 299
20100 298
20000 295
20000 304
19900 269
19800 289
19800 289
19700 297
19600 298
19500 298
19500 301
19400 270
19300 293
19300 296
19200 299
19200 309
19100 296
19000 312
19000 288
18900 300
18900 290
18800 298
18700 303
18700 307
18700 304
18600 316
18600 302
18500 316
18500 316
18400 301
18300 314
18300 321
18300 315
18200 297
18200 317
18100 320
18100 326
18100 327
18000 326
18000 320
18000 326
17900 330
17900 315
17900 318
17800 324
17800 339
17700 321
17700 338
17600 348
17600 325
17600 332
17500 332
17500 333
17500 331
17500 321
17400 318
17400 342
17400 329
17300 344
17300 344
17200 350
17200 335
17200 341
17100 347
17100 349
17100 352
17100 380
17000 366
17000 364
17000 375
17000 366
17000 362
17000 369
16900 376
16900 360
16800 365
16900 364
16800 388
16800 377
16800 349
16800 358
16800 377
16800 355
16800 369
16700 374
16700 345
16700 359
16700 358
16600 368
16600 343
16600 346
16600 369
16500 375
16500 353
16500 371
16500 350
16500 349
16400 344
16400 368
16300 334
16300 361
16300 385
16300 351
16200 371
16200 320
16200 326
16200 350
16200 346
16100 309
16100 333
16100 344
16100 305
16000 332
16000 327
16000 329
16000 334
16000 315
15900 338
15900 321
15900 336
15900 307
15900 314
15900 319
15800 323
15800 327
15800 343
15800 331
15800 320
15800 329
15700 332
15700 341
15700 321
15700 322
15600 316
15700 312
15600 327
15600 323
15600 315
15600 302
15500 315
15500 305
15500 307
15500 304
15500 299
15400 325
15400 299
15400 311
15300 323
15300 310
15300 309
15300 306
15200 301
15200 311
15200 303
15100 313
15100 311
15100 309
15100 300
15000 300
15000 313
15000 291
14900 308
14900 301
14900 310
14900 325
14800 321
14800 320
14700 310
14800 312
14700 313
14700 298
14700 304
14600 300
14600 304
14500 289
14600 293
14600 327
14500 313
14500 304
14400 319
14400 306
14400 309
14400 319
14400 312
14300 309
14300 317
14200 322
14200 326
14300 313
14200 320
14200 306
14200 332
14100 328
14000 329
14000 327
14000 319
14000 332
14000 325
14000 320
13900 329
13900 335
13900 334
13900 342
13900 329
13900 324
13900 346
13800 335
13800 335
13800 344
13800 340
13800 324
13700 345
13800 337
13700 337
13700 335
13700 351
13700 358
13700 340
13700 336
13700 349
13700 363
13600 355
13600 344
13600 376
13600 365
13600 355
13600 362
13600 380
13600 357
13600 364
13600 364
13600 365
13700 364
13700 374
13700 377
13700 381
13700 382
13700 387
13700 397
13800 384
13800 379
13800 405
13900 422
13900 400
13900 411
13900 409
13900 404
14000 411
14000 405
14000 408
14000 425
14100 423
14100 417
14100 428
14100 419
14100 413
14200 420
14200 410
14200 428
14200 430
14200 434
14300 436
14300 429
14300 427
14400 443
14300 446
14400 447
14300 452
14400 437
14400 411
14500 439
14400 427
14500 444
14500 433
14400 460
14500 427
14400 423
14500 413
14600 437
14700 416
14700 422
14700 448
14800 465
14800 453
14800 461
14900 476
14900 486
15000 465
15000 491
15000 464
15200 463
15300 508
15400 521
15500 590
15600 578
15700 559
15900 564
16100 547
16300 559
16500 565
16800 567
17100 589
17300 549
17600 603
18000 597
18300 562
18600 576
19000 627
19300 624
19700 662
20000 612
20200 670
20600 688
20800 709
21100 763
21400 819
21700 928
21900 1070
22200 1290
22400 1340
22600 1420
22800 1440
23100 1330
23300 1360
23400 1390
23700 1310
23900 1260
24000 1180
24200 1180
24400 1190
24500 1250
24700 1280
24800 1180
25000 1150
25100 1110
25300 1130
25300 1060
25500 1060
25600 1000
25700 953
25800 954
25900 900
26000 909
26100 877
26200 825
26300 783
26400 750
26500 734
26600 722
26600 683
26700 672
26800 670
26900 624
26900 633
26900 618
27000 570
27100 571
27100 557
27100 546
27100 546
27200 549
27300 531
27300 543
27300 523
27300 521
27400 501
27500 502
27400 496
27400 497
27500 481
27500 504
27500 486
27600 512
27500 464
27600 483
27600 462
27500 493
27600 482
27600 468
27600 474
27600 461
27600 431
27500 435
27500 454
27500 453
27500 486
27500 468
27500 473
27400 454
27400 449
27400 461
27400 422
27300 428
27300 422
27300 438
27300 428
27300 441
27200 430
27200 440
27200 450
27200 424
27200 450
27100 440
27100 445
27200 455
27100 445
27100 461
27100 458
27000 462
27100 440
27100 495
27000 480
27000 473
27000 480
27000 493
27000 497
27000 498
26900 488
27000 488
27000 499
27000 513
26900 516
26900 508
26900 509
27000 491
27000 537
26900 486
27000 455
26900 504
26900 483
27000 495
26900 497
26900 502
26900 491
26900 470
26900 492
26900 508
26900 469
26900 501
26900 467
26900 472
26900 491
26900 448
26900 459
26900 443
26900 453
26900 443
26900 439
26900 436
26900 446
26900 443
26900 436
26900 434
26900 423
26900 426
26900 426
26900 406
26900 422
26900 422
26900 400
26900 411
26900 417
26900 372
26900 415
26900 392
26900 399
26900 406
26900 398
26900 404
26900 391
26800 399
26800 400
26800 384
26900 403
26800 403
26800 347
26800 362
26800 400
26700 404
26700 375
26700 359
26700 372
26700 366
26600 361
26700 358
26600 360
26600 378
26600 370
26500 367
26500 356
26500 366
26500 346
26500 350
26500 372
26500 342
26500 352
26400 337
26500 355
26500 364
26400 339
26400 341
26300 354
26300 349
26400 344
26300 336
26300 343
26300 341
26200 343
26300 349
26200 341
26200 315
26200 340
26100 335
26100 328
26100 329
26000 330
26100 326
26000 344
26000 327
26000 326
26000 349
25900 325
25800 342
25900 340
25800 331
25800 326
25800 315
25700 331
25700 344
25700 324
25600 322
25600 323
25500 319
25500 343
25400 313
25400 307
25300 318
25300 320
25300 326
25200 326
25100 296
25100 311
25000 325
25000 301
24900 319
24900 301
24800 304
24700 311
24700 320
24600 319
24600 321
24500 305
24500 305
24400 303
24300 314
24300 329
24200 303
24100 327
24000 314
24000 313
23900 307
23800 329
23700 313
23600 297
23600 314
23500 325
23400 327
23300 319
23200 318
23100 303
23000 326
22900 311
22800 303
22700 307
22600 315
22500 312
22400 323
22300 323
22200 323
22200 339
22100 323
22000 328
21900 328
21800 311
21700 305
21600 328
21500 308
21500 331
21300 324
21300 319
21200 321
21100 329
21000 325
20900 322
20800 327
20700 322
20600 329
20600 308
20500 336
20400 336
20300 342
20200 334
20200 332
20100 334
20000 331
19900 324
19800 326
19700 326
19700 304
19600 333
19600 322
19500 325
19400 331
19300 333
19200 347
19200 329
19100 339
19000 365
19000 342
18900 350
18800 343
18700 369
18600 341
18600 341
18500 346
18400 338
18300 344
18300 361
18200 346
18100 344
18100 344
18000 362
17900 340
17900 339
17800 341
17700 349
17700 341
17600 343
17500 331
17400 333
17400 338
17300 336
17200 362
17200 327
17100 343
17100 327
17000 347
16900 342
16900 344
16800 346
16800 364
16700 336
16700 328
16700 349
16600 330
16600 306
16500 317
16500 341
16400 336
16300 336
16300 347
16200 350
16100 344
16100 329
16100 340
16000 342
16000 337
15900 364
15800 340
15700 325
15700 326
15600 354
15600 333
15500 340
15500 343
15400 347
15400 342
15300 337
15300 340
15200 333
15100 349
15100 330
15100 324
15000 334
15000 337
14900 354
14900 323
14800 324
14800 319
14700 335
14700 312
14600 341
14600 337
14600 334
14500 327
14400 340
14400 326
14400 317
14300 330
14300 336
14200 317
14200 330
14200 334
14100 310
14100 341
14100 339
14000 355
14000 321
14000 332
13900 325
13900 344
13800 327
13800 324
13700 319
13700 333
13700 327
13700 332
13600 329
13600 321
13500 320
13500 323
13500 334
13400 322
13400 315
13400 314
13300 323
13300 334
13300 310
13300 313
13200 335
13200 328
13200 317
13100 328
13100 320
13100 330
13000 314
13000 319
13000 315
12900 330
12900 308
12900 305
12900 331
12800 307
12800 313
12800 312
12800 309
12700 304
12700 299
12700 317
12700 314
12700 310
12600 313
12600 301
12600 293
12600 314
12600 298
12500 303
12500 306
12500 301
12400 309
12400 284
12400 287
12300 307
12300 287
12300 290
12200 298
12200 319
12100 289
12100 288
12100 293
12000 289
12000 295
12000 281
11900 305
11900 279
11900 291
11800 312
11800 287
11700 294
11700 287
11700 287
11700 289
11600 279
11600 270
11500 277
11500 273
11500 256
11400 280
11400 257
11400 269
11300 268
11300 276
11300 265
11200 275
11200 277
11200 273
11100 282
11100 281
11000 284
11000 276
10900 281
10900 274
10900 312
10900 359
10800 405
10800 402
10800 407
10700 389
10700 366
10700 340
10600 330
10500 318
10500 313
10500 306
10400 293
10400 292
10400 304
10300 274
10300 293
10200 286
10200 290
10200 274
10100 274
10100 262
10000 271
10000 276
9980 274
9970 260
9950 278
9910 258
9850 260
9810 294
9740 266
9720 242
9700 244
9640 261
9630 238
9600 259
9540 286
9530 269
9500 275
9460 267
9430 265
9400 277
9390 255
9320 263
9290 259
9260 258
9240 255
9180 244
9140 271
9110 259
9080 244
9030 251
8990 254
8950 262
8940 251
8870 258
8830 243
8780 260
8760 265
8700 241
8650 238
8620 249
8570 233
8510 257
8470 245
8440 233
8370 249
8380 230
8350 232
8270 245
8230 249
8180 235
8150 227
8090 231
8040 231
8030 236
8000 217
7960 243
7930 243
7870 241
7850 224
7820 236
7790 209
7750 243
7720 211
7690 212
7670 220
7670 202
7630 240
7590 238
7560 228
7540 232
7520 235
7490 238
7470 237
7450 245
7430 231
7420 215
7420 254
7370 255
7360 256
7360 248
7360 237
7340 232
7350 240
7350 241
7340 212
7360 232
7360 247
7370 227
7420 213
7400 224
7430 220
7440 206
7450 211
7460 222
7460 214
7520 233
7530 212
7540 211
7560 223
7560 232
7590 222
7620 211
7640 219
7640 212
7660 206
7680 213
7690 219
7740 220
7730 208
7740 221
7750 216
7760 218
7740 243
7780 215
7790 224
7790 222
7850 214
7830 219
7850 219
7830 216
7870 220
7900 223
7950 224
7940 231
7970 227
7970 254
8000 224
7950 233
7950 232
8040 225
7940 230
7990 225
7970 229
8020 241
7970 237
7970 238
8020 241
7970 247
8000 235
8060 244
7970 230
8040 216
8060 226
8030 228
8050 221
8040 224
8120 233
8090 218
8090 226
8120 214
8170 229
8210 208
8230 237
8280 210
8300 205
8310 220
8340 204
8350 214
8380 209
8400 198
8420 206
8450 205
8440 209
8500 207
8510 214
8500 203
8550 224
8550 213
8560 199
8550 217
8610 208
8640 206
8660 222
8680 215
8660 214
8700 202
8730 211
8750 208
8750 206
8790 195
8750 207
8830 192
8820 202
8840 203
8880 198
8880 206
8900 201
8900 206
8910 199
8910 205
8960 203
9010 200
8960 196
8980 206
9050 200
9030 196
9030 204
9110 208
9070 207
9040 205
9070 205
9110 204
9160 204
9170 209
9170 195
9170 197
9190 201
9190 201
9180 205
9240 205
9270 208
9260 207
9260 212
9310 202
9310 192
9280 200
9290 195
9280 205
9270 212
9280 204
9320 203
9320 201
9310 213
9320 202
9310 203
9390 206
9370 200
9310 211
9320 200
9320 200
9310 198
9350 209
9350 207
9350 209
9370 200
9430 210
9400 206
9400 205
9410 210
9410 205
9410 204
9430 205
9470 207
9470 208
9490 205
9460 217
9500 205
9480 205
9470 217
9470 207
9510 216
9520 210
9520 213
9500 209
9540 201
9540 210
9540 218
9530 215
9540 206
9580 199
9550 200
9580 205
9570 198
9570 202
9610 203
9590 200
9580 197
9640 197
9570 207
9600 204
9590 198
9640 197
9630 206
9690 201
9670 202
9670 201
9630 201
9670 198
9650 201
9640 199
9660 193
9660 194
9660 202
9740 192
9720 195
9710 199
9720 197
9750 196
9800 198
9770 192
9740 201
9770 197
9850 197
9770 199
9830 197
9830 194
9810 202
9850 196
9800 198
9840 203
9760 193
9840 201
9860 193
9800 191
9860 192
9860 194
9880 192
9890 189
9910 192
9890 195
9920 194
9920 188
9920 190
9940 191
9920 196
9960 189
9980 198
9980 192
9980 188
10000 194
10000 191
10000 190
10000 197
10100 195
10100 195
10000 194
10100 193
10100 193
10100 204
10100 194
10200 192
10100 199
10200 195
10200 195
10200 198
10200 194
10200 205
10200 193
10200 192
10200 195
10300 194
10300 197
10300 200
10300 192
10300 197
10300 202
10300 197
10300 198
10400 193
10400 199
10400 194
10300 202
10300 207
10400 204
10400 205
10400 200
10400 203
10400 210
10400 209
10400 196
10500 206
10500 196
10400 201
10400 206
10500 193
10500 207
10500 204
10500 206
10500 200
10500 206
10500 197
10500 197
10500 196
10500 196
10500 194
10500 193
10500 195
10500 197
10500 186
10500 196
10500 185
10500 188
10500 190
10500 189
10500 195
10500 189
10500 186
10500 192
10500 180
10500 181
10500 186
10500 183
10500 181
10500 185
10500 186
10500 180
10500 184
10500 188
10500 184
10500 188
10500 184
10400 184
10500 182
10500 183
10600 186
10600 183
10600 191
10600 188
10600 184
10600 178
10600 185
10600 188
10500 180
10600 180
10600 183
10600 182
10600 184
10600 174
10600 185
10600 180
10600 182
10600 182
10700 178
10700 177
10700 188
10700 188
10700 182
10700 178
10800 176
10800 180
10800 181
10800 176
10800 181
10800 180
10800 182
10900 179
10900 187
10900 181
11000 181
11000 185
11000 178
11000 182
11000 181
11100 182
11100 181
11200 188
11100 183
11200 183
11200 182
11300 183
11300 189
11300 183
11300 184
11400 188
11400 191
11500 192
11400 192
11500 188
11600 191
11600 184
11600 187
11600 188
11600 196
11700 187
11700 193
11700 187
11700 194
11700 193
11700 193
11800 189
11800 189
11800 198
11800 189
11900 186
11900 187
11900 199
12000 199
12000 206
12000 199
12000 198
12000 196
12000 202
12000 198
12000 199
12000 206
12000 195
12000 204
12100 211
12100 200
12100 194
12100 197
12100 196
12200 212
12100 204
12100 207
12100 202
12200 203
12200 202
12200 204
12200 206
12200 219
12200 211
12200 214
12200 207
12200 216
12200 218
12200 215
12200 221
12200 221
12200 213
12200 221
12200 199
12200 195
12200 205
12200 219
12200 209
12200 207
12100 203
12200 198
12200 205
12200 205
12200 190
12100 212
12200 192
12200 209
12200 189
12200 200
12200 209
12100 206
12100 195
12100 192
12200 193
12200 198
12200 206
12200 194
12100 201
12200 202
12200 196
12200 193
12200 197
12200 199
12200 198
12100 188
12100 201
12200 197
12100 181
12100 202
12100 198
12100 183
12100 187
12100 186
12100 187
12100 181
12100 179
12100 191
12100 191
12100 180
12100 178
12100 174
12100 179
12100 180
12100 179
12100 175
12100 184
12100 175
12100 174
12100 181
12200 184
12100 178
12100 172
12100 180
12100 180
12200 182
12200 169
12200 181
12300 180
12200 177
12200 177
12300 168
12300 177
12300 182
12200 170
12300 186
12300 179
12300 180
12300 177
12300 184
12300 175
12300 180
12300 181
12300 179
12300 178
12400 181
12400 173
12300 182
12400 177
12400 181
12400 185
12400 184
12500 181
12400 180
12500 179
12400 172
12500 180
12500 175
12400 183
12500 176
12500 168
12500 176
12500 172
12600 168
12500 173
12600 177
12600 182
12600 170
12600 171
12600 171
12600 175
12700 178
12600 167
12700 177
12700 178
12700 179
12600 182
12600 173
12600 177
12600 170
12600 174
12700 174
12700 173
12700 175
12700 178
12700 178
12700 167
12700 171
12700 169
12600 171
12700 181
12700 166
12700 171
12700 175
12600 178
12700 166
12700 169
12700 167
12600 161
12700 164
12600 169
12700 170
12600 163
12600 176
12700 159
12600 168
12700 175
12600 168
12600 163
12600 163
12600 161
12700 163
12600 177
12600 163
12600 174
12700 161
12600 159
12600 163
12600 172
12600 164
12600 161
12600 157
12600 156
12600 170
12600 166
12600 160
12500 162
12600 156
12600 156
12500 166
12500 164
12500 168
12500 164
12400 162
12500 164
12500 161
12500 153
12400 154
12400 156
12400 154
12400 164
12400 149
12400 160
12300 153
12300 159
12300 159
12300 152
12300 162
12300 157
12300 159
12200 162
12200 157
12200 155
12200 162
12200 153
12200 158
12200 160
12200 157
12200 160
12200 159
12100 157
12100 155
12000 154
12000 165
12000 167
12000 160
11900 156
11900 158
11900 158
11900 158
11900 157
11800 151
11800 158
11800 158
11800 159
11800 162
11700 161
11700 161
11700 159
11600 154
11600 153
11600 157
11600 160
11600 156
11600 153
11600 159
11600 149
11500 159
11600 150
11500 156
11500 151
11500 156
11500 152
11500 154
11500 156
11500 157
11500 158
11500 153
11500 160
11500 155
11500 158
11500 153
11500 155
11500 158
11500 152
11500 157
11500 152
11400 152
11500 158
11500 147
11500 155
11500 150
11500 158
11500 153
11500 151
11500 154
11600 152
11500 153
11500 156
11600 155
11500 159
11500 154
11600 150
11600 160
11600 151
11600 153
11600 158
11600 159
11600 158
11600 151
11600 158
11700 154
11700 153
11700 149
11800 162
11700 150
11700 152
11700 157
11700 158
11700 159
11700 154
11700 161
11700 157
11700 163
11700 150
11700 156
11700 161
11700 155
11700 152
11700 150
11600 159
11600 160
11600 154
11600 158
11600 150
11600 158
11600 154
11600 160
11600 150
11600 150
11600 157
11600 149
11600 152
11600 154
11600 155
11600 165
11600 157
11600 147
11600 166
11600 154
11600 154
11600 153
11600 145
11600 147
11600 151
11600 158
11600 144
11600 156
11600 149
11600 156
11600 145
11600 155
11600 153
11600 150
11700 148
11700 143
11600 140
11700 149
11700 154
11700 152
11800 142
11700 140
11800 149
11800 153
11800 158
11800 147
11800 157
11900 144
11800 150
11800 163
11900 167
11900 155
11900 147
11900 153
12000 151
12000 167
12000 155
12000 151
12000 160
12000 162
12000 153
12000 164
12000 153
12100 161
12100 158
12100 155
12100 159
12100 162
12100 147
12100 153
12200 161
12200 169
12200 153
12100 152
12200 154
12200 164
12200 168
12200 161
12200 167
12200 181
12300 161
12300 173
12200 178
12300 160
12300 156
12300 171
12300 168
12300 171
12400 172
12300 171
12400 169
12300 156
12300 175
12300 168
12300 162
12300 176
12300 164
12300 159
12300 159
12300 168
12300 160
12300 160
12200 157
12200 161
12200 164
12200 164
12100 165
12100 147
12200 165
12100 166
12200 172
12200 145
12200 157
12100 162
12100 151
12100 170
12100 152
12100 157
12100 153
12000 159
12000 146
12000 153
12000 148
12000 154
12000 168
12000 159
12000 148
12000 156
12000 150
11900 153
11900 155
11900 145
11900 149
11900 153
11800 130
11700 141
11800 155
11800 152
11900 143
11900 141
11800 148
11800 146
11800 138
11800 140
11800 155
11800 139
11800 144
11800 141
11800 137
11800 146
11800 149
11800 156
11800 144
11700 131
11800 135
11700 138
11800 142
11700 141
11700 143
11700 138
11700 137
11700 149
11600 152
11700 147
11700 141
11700 139
11600 147
11700 138
11600 141
11600 143
11500 139
11500 146
11600 126
11600 136
11600 143
11500 138
11500 137
11500 135
11500 139
11400 136
11400 144
11400 136
11400 133
11400 140
11200 130
11300 136
11200 130
11200 135
11200 128
11100 144
11100 140
11100 133
11000 136
11000 137
10900 133
10900 134
10900 131
10800 142
10800 139
10800 124
10700 135
10700 141
10600 134
10500 133
10600 131
10500 137
10500 124
10500 139
10500 127
10400 132
10400 136
10400 141
10400 140
10300 128
10300 152
10300 146
10300 135
10200 145
10200 128
10200 133
10200 125
10100 129
10100 143
10100 134
10100 122
10100 126
10000 132
10000 136
10000 136
9970 134
9950 128
9930 137
9940 132
9870 136
9880 138
9880 140
9850 131
9860 124
9820 126
9840 128
9840 123
9820 152
9800 133
9780 125
9770 133
9770 128
9780 128
9780 131
9770 126
9760 127
9720 131
9740 129
9710 123
9650 132
9710 132
9720 135
9700 132
9720 136
9720 135
9710 139
9750 131
9740 133
9720 124
9700 132
9800 134
9730 130
9730 127
9730 130
9740 141
9740 130
9800 138
9780 132
9770 140
9810 123
9820 119
9820 133
9840 129
9850 130
9840 140
9830 132
9920 139
9930 137
9890 129
9940 140
9940 128
9870 128
9920 131
9920 133
9910 127
9940 136
9930 133
9920 129
9890 132
9940 128
9970 150
9980 137
9980 134
9960 137
9950 130
9960 143
9950 139
10000 137
10000 133
9970 135
9960 149
10000 138
10000 144
10000 137
10000 137
10000 133
10000 128
10000 133
10000 139
10000 130
10100 136
10000 136
10100 132
10000 138
10000 133
10000 136
10100 138
10000 138
10000 137
10000 138
10000 138
10000 139
9990 134
10000 141
10000 144
9920 134
9990 141
10000 126
10000 138
10000 137
10000 139
9990 144
9980 134
10000 138
9990 134
10000 130
9990 132
10000 131
10000 130
9990 132
9970 132
9930 133
9930 136
9960 136
9930 129
9890 134
9890 129
9950 134
9830 126
9870 137
9920 125
9860 134
9880 132
9890 125
9890 125
9830 127
9830 132
9800 126
9860 130
9820 126
9770 130
9760 135
9810 129
9810 126
9720 129
9700 131
9670 132
9690 127
9690 127
9630 132
9610 132
9640 135
9600 133
9570 130
9570 135
9490 134
9480 124
9480 129
9440 128
9440 129
9390 128
9370 137
9320 133
9340 134
9300 123
9310 127
9250 128
9240 133
9170 131
9200 126
9160 131
9160 124
9170 129
9180 131
9060 126
9120 126
9070 123
9040 124
9050 126
9000 121
9020 127
8990 125
8990 124
8990 128
8950 127
8920 129
8920 120
8900 125
8880 131
8860 125
8840 129
8790 123
8790 123
8740 126
8790 125
8750 131
8710 118
8700 129
8610 115
8680 118
8640 119
8660 124
8660 121
8630 119
8630 118
8640 110
8610 123
8610 121
8570 125
8590 121
8540 121
8560 121
8540 125
8520 132
8540 126
8510 115
8470 125
8480 121
8480 124
8540 132
8550 131
8540 132
8530 140
8550 152
8520 148
8550 153
8550 147
8560 144
8540 144
8550 145
8460 143
8460 145
8510 151
8470 152
8530 153
8430 153
8460 154
8520 156
8550 148
8560 155
8560 143
8590 155
8610 153
8680 166
8710 164
8770 155
8830 148
8890 157
8960 154
9080 153
9240 158
9340 158
9470 156
9540 162
9770 163
9950 172
10200 181
10300 170
10500 184
10700 188
11000 188
11100 188
11400 191
11500 194
11700 200
11900 209
12000 212
12300 223
12500 214
12600 230
12800 249
12900 252
13000 256
13200 262
13300 306
13400 318
13600 339
13800 374
13900 361
14000 400
14100 404
14200 450
14300 454
14500 468
14600 489
14700 496
14800 503
14900 487
15000 488
15200 493
15300 473
15300 487
15400 451
15600 416
15700 443
15800 471
15900 422
16000 435
16100 437
16200 425
16300 426
16400 428
16500 418
16700 454
16700 432
16900 440
17000 473
17200 454
17200 487
17400 493
17500 472
17600 481
17700 548
17900 555
18000 561
18100 561
18300 529
18300 524
18400 515
18500 562
18700 532
18800 526
18900 551
19000 517
19100 533
19200 522
19300 541
19400 518
19600 526
19700 517
19700 544
19800 477
19900 562
20000 544
20100 568
20200 558
20300 566
20400 561
20500 563
20500 544
20600 539
20700 536
20700 504
20800 516
20900 532
20900 503
21000 500
21000 491
21100 483
21100 474
21100 496
21200 453
21300 469
21300 438
21300 441
21400 442
21400 435
21400 452
21400 455
21500 426
21500 417
21600 418
21500 449
21600 399
21600 429
21600 432
21600 417
21700 418
21700 451
21700 399
21700 387
21700 402
21800 398
21700 369
21800 414
21800 401
21800 380
21800 384
21900 395
21900 350
21900 402
21900 356
21900 354
21900 356
21900 352
21900 345
21900 342
21900 339
21900 352
21900 332
21900 337
21900 329
21900 353
21900 301
21900 315
21900 327
21900 324
21900 327
21800 313
21900 311
21900 309
21800 308
21800 312
21800 300
21700 310
21800 290
21700 300
21700 286
21700 285
21600 289
21600 293
21600 289
21500 282
21500 287
21500 278
21500 292
21400 276
21300 270
21300 289
21300 285
21200 269
21200 262
21100 289
21100 271
21000 281
20900 265
20900 258
20800 257
20700 237
20700 253
20600 263
20500 248
20400 249
20300 236
20200 239
20200 231
20000 223
20000 215
19900 216
19800 215
19700 209
19500 229
19400 206
19400 201
19300 218
19100 202
19000 204
18900 206
18800 214
18700 207
18500 195
18300 199
18300 195
18100 187
18000 203
17800 195
17700 207
17600 198
17400 196
17300 193
17100 190
17000 203
16900 177
16700 192
16500 199
16400 191
16300 189
16100 193
15900 179
15800 182
15600 186
15500 184
15300 188
15200 194
15000 184
14900 186
14700 186
14600 180
14400 189
14300 193
14100 188
14000 183
13800 191
13700 198
13500 197
13400 206
13200 209
13100 203
13000 215
12900 204
12700 203
12500 203
12400 216
12300 209
12100 214
12000 207
11900 219
11700 206
11600 206
11500 207
11300 219
11200 225
11100 221
11000 221
10900 230
10800 232
10600 228
10500 223
10400 243
10300 238
10300 246
10100 322
10100 351
9980 296
9910 281
9850 267
9760 240
9700 243
9620 262
9580 244
9480 231
9470 219
9420 225
9370 224
9320 233
9270 217
9250 221
9160 228
9200 226
9200 226
9140 221
9140 213
9110 233
9100 225
9110 219
9070 240
9080 227
9050 235
9040 233
9000 224
9040 235
9020 224
9060 219
9050 213
9060 221
9100 233
9070 231
9080 217
9110 214
9120 210
9140 210
9130 207
9160 199
9150 202
9220 225
9190 219
9200 213
9230 210
9250 231
9290 235
9300 221
9290 211
9320 222
9320 206
9380 216
9380 212
9410 213
9460 202
9470 212
9480 216
9510 206
9520 209
9540 206
9590 217
9600 208
9610 220
9640 215
9660 211
9690 209
9710 215
9730 218
9750 210
9800 209
9770 228
9810 214
9850 225
9840 221
9880 214
9920 221
9930 223
9940 222
9970 226
9980 215
10000 220
10000 234
10100 221
10100 230
10100 222
10100 216
10200 200
10200 208
10200 232
10300 243
10300 226
10300 257
10300 238
10300 237
10400 235
10400 254
10400 226
10500 255
10500 233
10500 228
10500 239
10600 247
10600 218
10600 231
10600 224
10700 238
10700 232
10800 241
10800 227
10900 249
10900 242
11000 240
11000 245
11000 231
11100 222
11100 226
11200 239
11200 220
11300 240
11300 238
11400 229
11400 237
11400 244
11500 236
11500 238
11600 250
11600 244
11600 266
11600 248
11700 241
11700 236
11800 225
11800 236
11800 274
11800 234
11800 243
11900 257
11900 258
11900 239
11900 225
12000 247
12000 246
12000 249
12000 254
12000 248
12000 244
12000 230
12100 218
12100 247
12100 232
12100 231
12100 246
12100 256
12100 254
12200 272
12200 244
12200 265
12200 247
12200 240
12200 250
12200 255
12200 242
12200 236
12200 240
12200 247
12200 236
12200 231
12200 225
12200 232
12200 230
12200 248
12300 237
12300 230
12300 245
12300 237
12300 236
12300 226
12300 234
12300 231
12300 217
12400 225
12300 205
12400 231
12400 232
12400 225
12400 235
12400 249
12400 224
12400 225
12400 227
12400 228
12400 229
12400 221
12400 221
12400 220
12500 210
12500 215
12400 222
12500 235
12500 234
12500 227
12600 223
12600 238
12600 218
12600 233
12600 235
12600 235
12600 209
12600 230
12700 228
12600 216
12700 210
12700 218
12600 230
12700 230
12700 210
12600 216
12700 231
12600 233
12700 225
12600 220
12600 221
12600 226
12600 229
12600 231
12600 252
12600 236
12600 235
12600 237
12600 228
12500 238
12500 229
12500 238
12500 232
12500 229
12500 238
12500 259
12500 236
12500 241
12500 242
12400 237
12500 254
12500 240
12400 242
12400 253
12400 251
12400 254
12400 249
12400 259
12400 260
12400 242
12400 234
12400 254
12300 246
12400 241
12300 233
12300 232
12300 221
12300 248
12300 236
12300 229
12300 230