715 1.9
715 4.6
715 1.8
715 2.2
715 0.8
715 6.9
715 7.8
715 6.5
715 7.9
715 8.0
715 4.4
715 1.0
715 0.7
715 1.8
715 6.6
715 0.9
715 4.7
715 6.3
715 6.8
715 8.3
715 9.4
715 5.7
715 3.5
715 2.1
715 4.2
715 1.4
715 1.4
716 1.8
716 2.1
716 1.5
716 3.1
716 2.1
716 0.4
716 1.8
716 1.9
716 2.0
716 1.8
716 2.1
716 3.1
716 1.8
716 2.1
716 2.4
716 2.9
716 4.3
716 3.0
716 2.6
716 3.8
716 4.3
716 2.4
715 1.4
715 4.6
715 3.9
715 2.9
715 2.9
714 4.9
714 5.8
714 2.8
714 3.2
714 2.3
714 3.6
714 4.7
714 2.9
713 4.4
713 3.5
713 2.6
713 6.6
713 2.6
713 5.9
713 6.0
713 5.5
712 2.2
712 2.3
712 2.9
712 3.6
712 3.5
712 4.4
712 4.2
712 3.8
712 5.8
712 2.6
712 3.7
712 3.6
712 2.2
712 6.1
712 2.9
712 2.6
712 1.3
712 7.5
712 3.0
712 2.9
712 3.1
712 2.0
712 1.8
712 2.9
712 1.1
712 1.2
712 2.3
712 1.0
712 1.0
712 2.3
712 1.0
711 1.4
711 2.3
711 2.4
711 0.6
710 2.0
710 2.6
710 0.9
710 2.7
710 2.1
710 1.6
710 0.5
710 3.0
710 0.9
710 1.4
709 1.4
709 1.3
709 1.0
709 2.6
709 2.1
709 2.0
709 1.7
709 2.8
709 1.5
709 1.4
709 2.3
709 1.6
709 2.5
709 0.8
709 0.3
709 1.5
709 1.5
709 2.3
709 1.1
709 1.2
709 3.2
709 0.4
709 2.2
709 1.3
709 2.0
709 3.0
709 4.6
709 4.9
709 8.5
709 7.7
709 1.0
708 4.1
708 3.4
708 3.7
708 4.2
708 2.7
708 6.5
708 3.6
708 3.6
708 9.8
708 2.2
708 3.6
708 6.7
708 4.1
708 5.5
708 5.9
708 3.5
708 6.7
708 4.0
708 5.1
708 4.6
708 5.9
708 2.3
708 3.6
708 3.2
708 2.5
708 5.9
708 2.9
708 1.8
709 7.1
709 5.7
709 8.9
709 6.2
709 0.7
709 0.7
709 0.6
709 1.2
709 1.9
709 1.9
710 3.4
709 1.6
710 3.2
710 0.8
710 1.0
710 1.6
710 3.0
710 2.3
710 4.0
710 2.9
710 4.5
710 4.4
710 1.4
710 3.0
710 2.6
710 2.5
709 2.1
709 3.2
709 1.8
709 3.1
709 1.8
710 2.0
710 2.0
709 1.9
709 3.1
709 2.8
709 2.1
709 2.2
709 1.7
710 2.8
710 1.7
710 1.9
710 1.6
710 2.7
710 1.7
710 0.7
710 3.9
710 1.6
710 2.1
710 1.6
710 2.5
710 2.1
710 2.9
710 3.4
710 1.7
710 2.6
710 2.3
710 1.7
710 6.0
710 0.4
710 9.5
710 8.2
710 2.9
710 1.3
710 3.7
709 3.8
709 2.0
709 1.1
709 2.8
709 2.3
708 2.1
708 4.2
709 7.0
708 5.5
708 15.9
709 7.6
708 2.0
708 7.7
708 9.4
708 2.3
709 2.2
709 5.5
709 3.9
709 1.4
709 1.0
709 1.2
709 2.7
709 2.3
709 3.9
710 3.9
710 2.2
710 1.5
710 1.7
710 1.6
710 2.8
710 0.6
710 2.2
710 1.6
710 1.4
710 0.8
710 2.0
710 2.8
710 1.0
710 1.3
711 0.8
711 0.6
711 1.0
711 0.4
711 0.6
710 0.8
711 0.9
711 0.7
711 0.6
711 2.3
711 1.8
711 1.2
711 1.2
711 1.6
711 1.2
710 1.0
710 2.1
710 1.4
710 1.4
710 0.7
710 1.3
710 1.3
710 0.3
710 0.9
710 1.5
710 0.5
710 0.8
710 1.2
710 0.4
710 1.2
710 0.5
710 0.9
710 2.1
710 0.9
710 0.7
710 1.1
710 1.0
710 0.6
710 1.3
710 0.8
711 1.8
711 1.9
711 1.1
711 1.4
711 2.5
711 1.9
711 2.5
711 1.2
711 2.7
711 2.4
711 1.9
711 3.2
711 1.0
711 2.8
711 1.4
711 1.2
711 2.3
711 3.1
711 1.5
711 1.7
712 1.0
711 1.8
711 1.0
712 1.6
712 2.0
712 1.4
712 4.0
712 1.2
712 1.1
712 3.0
712 2.5
711 1.9
711 3.6
711 2.0
711 2.2
711 2.3
711 3.8
712 1.7
712 2.8
712 2.2
712 2.4
712 0.0
712 0.0
712 1.6
712 1.9
712 4.1
712 2.2
712 3.6
712 6.1
712 4.6
712 6.2
713 0.0
713 5.2
713 0.0
713 4.8
713 4.5
713 5.8
713 4.0
713 5.5
713 6.2
713 4.2
713 3.2
714 3.0
714 0.0
714 4.6
714 4.3
714 5.9
714 3.1
714 0.0
714 5.1
714 0.0
714 4.3
714 7.5
714 3.1
714 4.8
714 5.4
714 2.0
714 5.1
714 3.1
714 2.3
714 2.7
714 5.2
714 3.7
714 5.8
714 4.2
715 5.1
715 2.4
715 4.1
715 2.9
715 3.7
715 3.6
715 3.9
716 0.0
716 4.0
716 3.8
716 4.6
716 4.2
716 4.9
716 4.0
716 7.0
716 7.7
716 5.5
717 5.0
717 6.0
717 4.8
717 3.1
717 6.3
717 6.5
717 6.5
718 5.5
718 6.1
718 3.9
718 0.0
718 5.2
718 8.9
718 8.1
718 9.6
718 6.1
718 3.6
718 8.3
718 6.8
718 4.9
718 4.4
718 6.5
718 5.6
718 3.6
718 10.1
718 4.0
718 6.9
718 6.8
718 5.8
718 4.1
718 4.5
718 3.4
718 3.9
718 4.2
718 7.8
718 6.5
718 4.1
718 5.8
718 6.4
718 6.4
718 5.1
718 4.9
718 9.1
718 10.3
718 4.9
718 3.6
718 6.1
718 5.5
718 8.2
718 5.7
718 4.4
718 3.2
718 4.6
718 6.5
718 0.0
718 5.7
718 8.6
718 4.8
718 5.2
718 6.1
718 2.0
718 7.6
718 5.2
718 2.3
717 6.9
717 4.6
717 2.4
717 2.7
717 4.6
717 5.0
717 0.0
717 0.0
717 3.7
717 1.9
717 2.5
717 2.5
717 1.2
717 1.6
716 3.1
716 5.0
716 2.8
716 4.8
717 2.2
717 5.1
717 3.3
717 1.9
717 2.4
717 4.3
717 5.6
717 3.8
717 3.1
717 0.0
717 4.5
716 4.1
716 3.1
716 2.7
716 3.2
716 3.8
716 2.1
716 3.3
716 3.1
716 2.7
716 4.2
716 1.4
716 3.5
716 3.2
716 2.5
716 5.1
716 1.7
715 1.0
715 4.1
715 7.4
715 4.5
715 1.7
715 2.1
715 1.9
714 4.4
714 3.2
714 3.9
714 4.8
714 3.3
714 4.2
714 2.2
713 3.9
713 1.3
713 1.4
713 2.5
713 3.1
712 8.2
712 2.8
712 1.1
712 3.2
712 4.7
712 3.4
712 2.3
712 4.0
712 4.6
712 2.7
712 2.5
712 2.7
712 1.7
712 2.6
712 2.5
712 1.0
712 1.6
712 0.8
712 0.9
712 3.2
712 4.4
712 4.0
712 3.9
712 2.2
711 2.6
711 2.4
711 2.9
711 4.1
711 1.9
711 0.9
711 6.9
711 2.1
711 2.1
711 1.1
711 0.9
711 1.1
711 1.4
711 2.2
710 4.2
710 1.4
710 3.0
710 2.2
710 1.3
710 2.7
710 0.9
710 2.6
710 1.0
710 2.4
710 2.9
710 1.0
710 0.7
710 0.7
710 1.6
710 0.7
711 0.6
711 2.7
711 1.0
711 1.4
711 1.3
711 4.0
711 4.5
711 2.2
711 3.4
711 4.4
711 4.0
711 4.6
711 3.5
711 3.9
711 1.5
711 1.6
711 8.3
711 2.7
711 2.2
711 3.1
711 3.0
711 3.3
710 5.9
710 3.3
711 4.4
710 1.2
710 3.6
710 4.7
710 1.5
710 2.8
710 2.7
710 4.4
710 4.2
710 3.1
710 2.8
710 3.9
710 0.7
710 2.1
710 2.3
710 2.1
710 1.2
710 3.1
710 3.1
710 2.6
710 9.8
710 4.9
710 6.3
710 5.7
710 2.1
710 6.2
710 2.8
710 2.4
711 2.9
711 6.0
711 2.5
711 2.3
711 6.1
711 5.0
711 3.1
712 1.3
712 2.6
712 3.5
712 2.8
712 2.8
712 4.9
712 2.3
712 4.9
712 5.0
712 7.4
712 5.7
712 3.1
712 3.0
712 1.4
712 1.1
712 2.2
712 1.0
712 1.6
712 1.0
712 1.7
712 2.9
712 0.8
712 1.9
712 1.2
712 0.5
712 1.5
712 0.7
712 0.8
712 1.8
712 4.7
712 3.4
712 2.5
712 4.3
712 5.7
712 2.7
712 1.8
712 0.9
712 1.2
712 4.7
712 1.4
712 1.3
712 6.5
712 4.0
712 2.7
713 2.3
713 5.1
713 1.8
713 4.2
713 4.5
713 2.3
713 4.5
713 3.1
713 4.0
713 5.3
713 1.6
713 11.1
713 9.0
713 3.8
713 5.7
713 2.9
713 6.0
713 5.9
713 3.6
713 4.7
713 4.2
713 6.3
712 4.9
712 3.8
712 8.8
712 12.1
712 11.1
712 8.9
712 7.7
712 10.2
712 15.7
712 8.2
712 10.6
712 13.4
712 9.1
712 13.5
712 7.7
713 4.3
713 7.0
713 10.4
713 9.6
713 9.0
713 7.1
713 8.2
713 8.7
713 1.6
713 1.0
713 2.6
713 2.5
714 0.7
714 5.7
714 2.2
714 1.9
714 6.0
714 4.6
714 5.0
714 7.4
714 3.4
714 3.7
714 4.3
714 0.8
714 3.5
714 1.2
714 1.5
714 1.3
714 1.2
714 0.8
713 1.6
713 0.6
713 4.0
713 0.6
713 0.8
713 1.6
713 3.3
713 2.9
713 4.0
713 2.5
713 2.1
713 2.7
713 3.8
712 3.8
712 7.2
712 7.4
712 7.7
712 6.4
712 2.7
712 4.2
712 4.7
712 3.6
712 3.1
712 2.8
712 2.6
712 2.7
712 3.0
712 0.0
712 0.0
712 0.0
712 0.0
712 0.0
712 3.9
712 4.7
712 4.7
712 3.3
712 2.9
712 5.8
712 6.5
712 3.8
712 8.3
712 6.3
712 1.6
712 0.0
712 3.1
712 3.2
711 4.6
711 3.6
711 0.0
711 4.1
711 4.4
711 3.6
711 2.7
711 4.0
711 6.6
711 5.3
711 7.9
710 7.3
710 8.2
710 8.1
710 7.1
710 9.2
710 9.0
710 8.1
710 7.5
710 5.0
710 3.5
710 6.0
710 5.2
710 4.8
710 0.0
710 8.0
710 6.5
710 6.2
710 4.8
710 6.6
710 3.6
710 6.0
710 4.2
710 4.4
710 5.7
710 4.4
710 5.3
710 5.9
709 4.6
710 5.3
709 4.7
709 0.0
709 0.0
709 4.6
709 5.1
709 5.1
709 4.0
709 5.6
709 0.0
709 5.3
709 4.8
708 2.6
708 1.9
708 0.9
708 1.8
708 2.7
708 0.6
708 2.5
708 0.9
708 2.9
707 1.2
707 1.4
707 4.4
707 4.7
707 4.3
707 5.5
707 8.4
707 4.8
707 5.3
707 6.7
707 4.2
707 4.4
707 3.6
707 3.0
707 4.6
707 7.5
707 8.0
707 6.0
707 9.2
707 8.3
707 8.0
707 8.7
707 3.8
707 8.3
707 10.2
707 14.0
707 13.1
707 13.1
708 16.6
708 11.6
708 11.0
708 0.0
708 12.3
708 15.1
708 20.7
708 15.1
709 7.4
709 9.8
709 7.1
709 13.0
709 10.5
709 12.9
709 10.6
709 5.9
710 2.4
710 3.8
710 7.2
710 1.6
710 3.1
710 5.5
710 9.1
710 3.2
710 5.1
710 4.1
710 2.5
711 6.5
711 6.4
711 6.2
711 3.3
711 2.9
711 5.7
711 2.0
711 0.6
712 3.8
712 3.2
712 1.5
712 1.7
712 1.0
712 1.4
712 1.3
712 0.8
713 1.4
713 3.4
713 1.1
713 1.9
713 2.5
714 5.3
714 2.5
714 4.3
714 3.9
714 7.0
714 4.2
714 4.0
714 2.9
714 3.7
714 2.5
714 3.2
714 5.8
714 2.8
714 3.0
714 4.0
714 4.9
714 2.5
714 3.9
714 2.5
714 2.3
714 1.6
714 4.4
714 1.5
714 3.6
714 4.9
714 1.1
714 1.3
714 5.7
714 3.3
714 4.8
715 7.6
715 3.8
715 5.4
715 2.8
715 1.9
715 2.7
716 5.8
716 3.1
716 4.5
716 4.4
716 8.6
716 5.9
716 5.5
717 4.2
717 2.7
717 15.1
717 7.6
717 6.6
717 4.7
718 1.6
718 7.6
718 11.1
718 3.6
718 3.6
718 15.3
718 5.9
718 6.7
718 5.1
718 8.0
718 4.7
718 4.9
718 11.3
718 7.3
718 3.1
718 10.5
718 10.4
718 3.5
718 7.3
718 5.2
718 6.5
718 7.2
718 8.0
718 9.8
718 5.8
718 5.1
719 6.2
719 6.0
719 14.5
719 9.5
719 6.8
719 11.0
719 11.2
719 3.7
719 5.5
719 3.2
719 1.3
719 1.3
719 0.6
720 1.5
720 0.8
720 1.6
720 1.3
720 0.9
720 0.8
720 1.3
720 1.4
720 1.0
720 1.3
720 1.4
720 1.9
720 0.9
720 1.0
720 1.0
720 0.6
720 0.8
720 0.8
720 1.7
720 1.4
720 2.0
720 1.4
720 2.0
720 0.7
720 1.6
720 1.2
720 2.5
720 1.5
720 0.6
720 1.4
720 1.3
720 1.2
720 1.3
720 1.0
720 1.2
720 1.5
720 2.0
720 1.5
720 0.6
720 1.5
720 0.9
720 1.1
720 1.9
720 2.5
720 2.0
720 3.4
720 1.7
720 4.9
720 2.0
720 3.7
720 2.5
720 2.8
720 3.7
719 3.7
719 2.4
719 4.0
719 5.1
719 1.9
719 3.4
719 5.3
719 9.2
719 3.4
719 4.0
718 6.4
718 1.5
718 3.7
718 2.5
718 5.0
717 2.4
717 5.8
717 2.3
717 6.2
716 4.3
716 5.7
716 4.2
716 7.8
716 4.1
716 6.4
716 2.7
716 3.2
716 5.5
716 3.4
716 4.8
716 2.9
715 2.7
715 2.1
715 3.5
715 2.3
715 3.9
715 3.4
715 2.4
715 3.7
715 1.3
715 2.8
715 1.8
715 2.0
715 3.4
715 5.1
715 2.0
715 3.7
716 4.2
716 2.7
716 3.4
716 1.0
716 0.9
716 1.6
716 1.7
716 1.0
716 1.0
716 1.9
716 2.1
716 2.3
716 0.9
717 1.6
717 2.3
717 1.1
717 1.8
717 2.2
716 1.3
716 1.3
717 3.1
716 1.1
716 1.4
716 1.4
717 1.5
717 2.3
717 1.2
717 0.6
717 1.7
717 2.2
717 2.6
717 2.1
717 1.1
717 1.8
718 2.7
718 1.2
718 1.5
718 3.4
718 4.2
718 3.4
719 3.6
718 3.4
719 4.6
719 1.4
719 2.6
719 2.3
719 4.2
719 4.1
719 2.0
719 5.4
719 4.0
719 3.9
719 4.4
718 2.7
718 3.9
718 2.1
718 8.6
718 3.6
718 4.2
718 3.5
718 4.3
718 4.1
718 3.5
718 4.3
718 5.1
718 2.7
718 3.1
718 10.0
717 7.0
717 6.0
717 3.3
717 1.5
717 4.7
717 6.6
717 4.8
717 1.3
717 1.0
717 6.6
717 4.9
717 5.1
717 5.7
717 4.0
717 4.8
717 7.4
717 5.0
717 3.0
717 2.8
717 3.3
717 1.6
717 2.1
717 5.3
717 2.8
717 1.9
717 2.2
717 2.8
717 2.4
717 0.8
717 1.9
717 1.5
717 3.1
717 2.5
717 1.7
717 1.3
717 1.5
717 1.0
717 1.2
717 1.0
717 2.0
717 2.0
717 0.7
717 1.2
717 1.5
717 0.8
717 0.5
717 2.8
717 1.1
717 1.2
717 1.5
717 1.9
717 1.9
717 1.5
717 1.6
716 1.8
716 2.0
716 1.6
716 0.4
716 0.5
716 0.9
716 1.0
716 1.0
717 0.8
717 2.4
717 1.9
717 1.8
717 0.9
717 2.6
717 3.0
717 2.3
717 2.6
717 2.6
717 1.8
717 1.8
717 2.2
717 3.3
717 3.7
717 2.6
717 1.5
717 4.2
717 2.2
717 3.1
717 1.9
717 2.8
717 1.3
717 0.9
716 2.0
716 1.1
716 2.9
716 2.7
716 3.5
716 2.3
716 2.1
716 1.8
716 1.2
716 1.2
716 2.5
716 0.7
716 1.7
715 0.8
715 3.1
715 2.0
715 2.5
715 3.0
715 1.7
715 1.8
715 1.1
714 1.4
714 3.1
714 3.1
714 2.2
714 3.4
714 4.0
714 2.3
714 4.4
714 2.3
714 0.9
714 1.3
714 2.6
714 2.8
714 2.6
714 1.1
714 2.7
714 1.4
714 1.7
714 4.2
714 2.7
714 1.2
714 1.9
714 2.0
714 1.9
714 2.1
713 2.0
713 2.8
713 2.0
713 1.1
713 1.1
713 2.8
713 1.6
713 3.3
713 3.5
713 1.9
713 2.0
713 2.1
712 0.9
712 2.2
712 1.9
712 3.0
712 2.5
712 2.0
712 2.4
712 1.1
712 1.5
712 1.8
712 2.1
712 2.5
712 2.3
712 1.2
712 2.7
712 2.3
712 1.4
712 1.6
712 1.7
712 3.0
712 3.2
712 2.2
712 2.6
712 1.9
712 2.3
712 1.8
712 2.8
712 1.8
711 3.4
711 2.9
711 2.7
711 2.7
711 1.4
711 2.3
711 0.9
711 1.1
711 2.6
711 2.7
711 2.6
711 2.8
711 2.4
711 2.4
711 2.1
711 1.7
711 2.1
710 5.1
710 1.0
710 1.7
710 2.4
710 1.1
710 4.0
710 2.0
709 1.3
709 3.0
709 1.3
709 0.9
709 2.4
709 3.3
709 2.5
709 2.9
709 1.2
709 2.2
709 2.0
709 2.4
709 1.0
709 2.1
709 1.7
709 0.7
709 0.0
709 3.9
709 3.4
708 3.0
708 0.0
708 0.0
708 3.1
709 0.0
709 1.5
709 2.2
709 0.0
709 0.8
708 2.0
708 0.0
708 0.0
708 1.9
708 1.8
708 2.5
708 1.1
708 0.0
708 3.8
708 0.0
708 1.9
708 0.0
708 0.0
708 0.0
708 2.5
708 3.6
708 2.1
708 1.7
708 0.0
708 0.0
708 1.7
708 2.3
708 0.0
708 0.0
708 0.0
708 0.0
708 0.0
708 0.0
708 0.0
708 1.2
707 0.0
707 0.0
707 0.0
707 1.8
707 1.4
707 1.0
707 2.1
707 1.8
707 1.0
707 2.0
707 1.9
707 2.1
707 1.8
707 4.6
707 4.9
707 2.3
707 3.4
707 2.6
707 2.3
707 0.8
707 1.0
707 2.3
707 4.3
707 1.8
707 4.6
707 1.8
706 5.7
706 3.3
706 5.7
706 3.0
706 1.8
706 4.2
706 2.3
706 2.5
706 2.9
706 3.8
705 2.7
705 3.3
705 3.1
706 2.9
706 7.9
706 4.4
706 2.0
706 3.3
706 3.7
705 6.5
705 2.4
705 2.7
705 1.5
705 2.9
705 2.8
705 3.6
705 2.0
705 2.1
705 1.7
705 2.1
705 2.5
705 1.9
705 1.6
705 2.2
705 1.2
705 2.3
705 3.0
705 2.1
705 0.8
706 2.4
706 2.1
706 1.9
705 1.3
706 1.5
706 2.0
705 1.9
705 1.4
705 1.8
705 1.7
705 2.8
705 2.2
705 1.2
705 1.0
705 2.3
705 2.7
705 1.2
704 0.5
705 1.2
705 1.1
704 1.2
704 0.9
705 0.9
704 0.6
704 1.5
704 1.4
704 2.3
704 0.8
704 0.6
704 2.3
704 1.2
704 1.2
704 1.7
704 1.4
704 1.9
704 1.0
704 2.0
704 1.7
704 1.5
704 3.0
704 3.4
704 2.2
704 1.4
704 2.3
703 3.1
703 2.1
703 3.3
703 0.5
703 3.3
703 1.2
703 1.5
702 2.3
702 1.6
702 0.6
702 2.2
702 1.0
702 2.6
702 2.1
702 1.7
701 5.6
701 3.1
701 6.6
701 5.6
700 2.9
700 2.0
700 3.5
700 2.9
700 4.1
700 4.7
699 3.0
699 5.5
699 2.9
699 3.3
699 4.1
699 3.7
699 3.1
699 3.0
699 4.2
699 3.6
699 4.9
699 2.4
698 3.4
698 1.7
700 9.2
700 8.0
700 5.7
700 5.2
700 1.9
700 6.1
700 2.9
701 2.7
701 2.9
701 3.0
701 4.2
702 8.7
702 5.8
701 5.1
701 1.2
701 2.7
701 3.7
701 10.0
701 4.0
701 2.5
701 1.4
701 2.6
701 2.5
701 2.8
701 3.3
701 2.2
701 3.4
701 5.6
701 5.5
701 4.5
701 1.8
701 6.4
701 6.3
701 7.4
701 1.2
701 6.6
701 4.2
701 8.1
700 2.5
700 2.4
701 1.3
701 3.3
701 4.0
701 1.1
701 1.2
701 4.0
701 2.8
701 4.1
701 9.3
701 4.4
701 1.9
701 1.7
701 2.2
701 3.1
701 3.0
700 1.8
700 2.5
700 2.1
700 2.0
700 3.5
700 3.4
700 3.6
700 4.2
700 10.2
700 5.8
700 1.6
700 5.8
700 2.3
700 3.7
700 5.5
700 2.9
700 5.2
700 1.8
700 2.7
700 4.7
700 9.4
700 3.9
700 6.5
700 6.7
700 9.4
700 9.6
700 5.3
700 7.5
700 12.5
700 7.3
700 2.8
700 9.3
701 6.1
701 6.8
701 9.5
701 1.7
701 7.0
701 8.0
701 10.3
701 9.0
701 3.6
701 5.3
701 3.6
701 3.6
701 5.0
701 4.9
701 4.5
702 6.3
702 1.9
701 6.2
702 12.0
702 5.9
702 8.3
702 14.2
702 5.6
702 3.0
702 9.0
702 19.8
703 14.5
703 20.5
703 13.6
703 13.1
703 11.0
703 3.6
703 1.9
703 1.2
703 3.0
703 5.5
703 3.7
703 1.4
703 5.7
703 1.9
703 15.1
703 7.5
703 4.4
703 15.7
703 12.2
703 12.1
704 4.3
704 8.7
704 7.0
704 11.0
704 5.9
704 11.4
704 13.5
704 14.4
705 12.3
705 6.1
705 1.7
705 4.1
705 4.3
705 5.4
705 1.9
706 2.7
706 4.4
706 6.5
706 4.1
706 4.9
706 6.4
706 5.1
706 2.8
706 5.8
706 2.7
706 4.8
706 0.9
706 10.5
706 5.6
706 2.8
706 5.9
706 4.3
706 10.6
706 8.0
706 6.9
705 6.3
705 11.9
705 4.9
706 6.8
706 7.4
706 7.6
706 4.5
706 3.0
706 4.0
706 1.1
706 2.4
706 7.3
706 5.7
706 4.6
706 9.8
706 2.6
706 7.7
707 7.3
707 9.1
707 7.3
707 9.0
707 8.2
707 11.0
708 9.2
708 3.9
708 11.5
708 13.1
708 9.8
708 5.9
708 10.3
708 6.3
708 4.1
708 5.0
708 5.9
708 11.2
708 4.8
708 2.2
708 1.0
708 1.5
708 5.7
708 8.5
708 8.9
708 8.7
708 8.8
708 7.0
708 13.6
708 4.0
708 5.6
708 15.0
708 12.9
708 15.4
708 7.4
708 11.2
708 16.9
708 10.4
708 7.1
708 5.5
708 8.0
708 9.9
709 6.5
709 5.7
709 11.0
709 14.7
709 15.5
709 15.2
709 6.9
709 10.7
709 3.4
709 12.1
709 10.6
709 4.8
709 9.4
709 13.6
709 14.9
709 13.6
709 9.0
710 9.1
710 16.3
710 14.4
710 14.9
710 12.9
710 9.7
710 13.0
710 5.5
710 6.4
710 11.0
710 11.4
710 5.2
711 5.8
710 13.2
710 10.8
711 13.1
711 10.3
711 9.3
711 11.0
711 13.6
711 10.6
711 16.3
711 10.5
711 9.3
711 8.7
711 8.0
711 8.1
711 6.6
711 7.0
711 9.5
711 7.8
711 10.2
711 7.8
711 3.3
711 7.3
712 5.9
712 6.9
712 5.2
712 2.9
712 3.8
712 1.7
712 3.2
712 2.0
712 2.7
712 2.1
712 2.3
712 2.0
712 2.0
712 1.9
712 2.9
712 0.6
712 3.1
712 1.2
712 2.0
712 1.8
712 2.3
713 4.0
713 1.7
713 5.1
713 2.8
713 2.0
713 2.9
713 1.2
712 2.8
712 1.4
712 1.7
712 2.8
712 3.3
712 1.7
712 2.5
713 2.0
713 1.7
713 1.6
712 3.5
712 1.3
713 1.9
713 0.7
712 2.1
712 1.7
712 1.3
712 1.7
713 6.0
713 1.4
713 1.7
713 0.6
713 1.5
713 0.9
713 0.8
713 4.8
713 1.9
713 3.0
713 1.8
713 1.5
713 1.6
713 2.7
713 1.2
713 1.8
713 2.6
713 1.4
712 1.9
712 3.1
713 3.5
713 2.3
713 1.4
713 2.5
713 2.0
713 2.6
713 3.3
713 3.3
713 3.7
713 0.0
713 0.0
713 0.0
712 0.0
712 6.0
712 2.9
712 4.1
712 3.2
712 1.3
712 5.4
712 1.5
712 3.0
712 3.3
712 3.7
712 2.4
712 3.3
712 4.1
712 5.3
712 2.7
712 2.1
712 2.5
712 1.7
712 4.7
712 4.1
712 1.3
712 1.6
712 3.3
711 1.1
711 4.1
711 5.4
711 6.3
711 3.4
711 5.2
712 5.0
712 2.3
712 4.6
712 1.9
712 2.6
712 1.9
712 1.8
712 3.6
712 2.8
712 3.6
712 4.2
712 2.6
712 2.6
712 2.9
712 2.9
712 5.8
712 3.8
712 3.4
712 1.7
711 5.9
711 4.8
711 5.7
711 5.2
711 2.5
711 5.9
711 4.3
711 5.8
711 4.3
711 2.7
710 4.1
710 4.1
710 3.1
710 2.7
710 7.3
710 9.2
710 6.2
710 4.4
710 3.7
710 6.7
710 5.0
710 4.1
710 7.0
710 6.1
710 4.2
710 5.8
710 3.3
710 2.1
710 6.4
710 4.3
710 0.0
710 4.7
710 7.8
710 0.0
710 2.5
710 8.3
710 4.7
710 4.6
710 5.4
710 5.7
710 5.0
710 5.6
710 6.1
710 6.9
710 7.5
710 3.4
710 4.6
710 4.0
709 6.1
709 4.0
709 2.4
709 3.5
709 5.6
709 3.0
709 6.6
709 3.3
709 6.0
709 3.6
709 6.1
708 5.2
708 4.1
708 3.3
708 3.6
708 6.5
708 6.6
708 4.4
708 6.8
708 2.5
708 5.1
708 6.3
708 11.2
708 7.3
708 6.2
708 7.2
708 3.5
708 3.1
708 4.7
708 5.9
708 6.4
708 5.8
708 4.9
708 6.2
708 4.2
708 4.3
708 4.9
708 5.1
708 6.2
708 5.4
708 8.0
707 6.1
707 6.6
707 7.6
707 6.1
707 4.4
707 7.3
707 10.1
707 6.4
706 4.2
706 7.0
706 7.3
706 6.4
706 0.0
706 0.0
706 0.0
706 2.6
706 4.8
706 2.8
706 3.2
705 4.0
705 2.1
705 3.0
705 3.2
705 2.1
705 2.4
705 0.0
705 3.8
705 5.4
705 0.0
705 3.7
705 0.0
706 2.4
706 2.7
706 2.2
706 1.8
706 1.5
706 1.2
706 1.9
706 2.6
706 2.4
706 1.6
706 2.1
706 2.3
706 0.4
706 1.2
706 1.6
706 2.6
706 0.7
706 0.9
706 1.8
706 1.8
706 2.2
706 1.8
706 3.8
706 1.2
706 1.3
706 0.8
706 1.8
706 3.1
706 2.0
706 3.8
706 1.4
706 3.2
706 2.0
706 3.1
706 1.7
706 1.0
706 2.3
706 1.9
706 2.0
706 1.9
706 3.4
706 1.4
706 2.0
706 2.7
706 1.1
706 1.9
706 2.6
706 1.3
706 1.6
706 4.4
706 4.5
707 1.8
707 1.9
707 3.6
707 6.9
707 4.7
707 7.8
707 3.0
707 2.6
707 4.6
707 8.1
707 3.4
707 11.4
707 3.6
707 4.6
707 5.3
707 5.2
707 2.5
707 7.1
707 3.4
707 4.9
707 2.2
707 2.8
707 1.8
707 3.4
707 2.2
707 6.7
707 3.0
707 4.3
707 10.2
707 3.1
706 12.6
706 0.0
706 2.7
706 2.9
706 4.3
706 4.2
706 2.9
706 5.1
706 5.2
706 5.6
706 7.5
707 9.8
707 5.2
707 2.5
707 3.4
707 0.0
707 6.0
707 3.1
707 0.0
707 4.0
707 0.0
707 0.0
707 2.3
708 7.6
708 5.2
708 2.3
708 6.3
708 1.7
708 3.8
708 2.9
708 6.4
708 4.6
708 5.5
708 5.5
708 5.4
708 9.8
708 4.3
708 1.4
708 1.5
708 2.6
708 3.4
708 4.2
708 4.8
708 6.3
708 5.2
708 2.3
708 6.9
708 5.4
709 5.1
709 1.9
709 4.5
709 2.1
709 3.2
709 2.2
709 4.1
709 1.9
709 2.0
709 2.6
709 1.7
709 2.5
709 6.0
709 5.8
709 9.0
710 2.6
710 5.4
710 2.3
710 3.1
710 1.8
710 3.6
710 2.8
710 8.5
710 3.5
710 4.1
710 10.4
710 2.9
710 3.3
710 7.5
710 3.7
710 4.0
710 5.6
710 6.1
711 4.2
711 8.3
711 6.7
711 6.8
711 11.5
711 5.0
711 6.4
711 5.9
711 6.4
711 6.0
711 2.3
711 8.6
711 3.0
711 1.6
711 2.6
711 1.9
711 3.9
711 6.6
711 2.5
711 3.4
711 5.7
711 7.1
711 5.2
711 5.4
711 0.0
711 0.0
711 0.0
711 2.8
712 3.6
712 2.1
712 2.3
712 2.8
712 3.0
712 2.7
712 7.8
712 3.5
712 1.6
712 3.5
712 4.5
712 1.0
712 1.2
712 1.9
712 1.3
712 2.3
712 1.8
712 5.0
712 1.6
712 1.7
712 1.9
712 2.9
712 2.4
712 5.5
712 10.6
712 2.9
712 1.9
712 9.5
712 6.0
713 4.0
713 5.2
713 4.1
713 2.3
713 4.1
713 7.0
713 2.7
713 4.0
713 5.5
713 5.1
713 8.3
713 7.1
713 5.5
713 9.3
713 6.3
713 4.5
713 5.9
713 6.9
713 2.5
713 6.8
713 3.7
713 3.4
713 6.1
713 2.0
714 2.3
714 2.8
714 5.1
714 2.4
714 4.4
714 5.1
714 5.4
714 9.0
714 5.5
714 5.1
714 7.6
715 6.8
715 4.0
715 5.6
715 3.7
715 7.0
715 5.4
715 6.1
714 5.5
714 6.8
714 7.6
714 5.7
714 6.7
714 4.4
714 5.0
714 4.8
714 5.2
714 2.1
714 3.0
714 3.2
714 3.2
714 6.3
714 5.4
714 7.7
714 6.3
714 7.0
715 11.0
715 5.8
715 5.2
715 6.1
715 6.6
715 2.5
715 8.0
715 4.8
716 4.8
716 2.9
716 10.5
716 6.3
716 8.9
716 6.7
716 2.1
716 7.8
716 4.9
717 3.4
717 2.2
717 5.7
717 6.7
717 5.2
717 4.8
717 11.8
717 4.1
717 6.7
717 10.4
717 9.5
717 4.1
717 2.8
717 3.1
717 2.1
717 5.5
717 3.1
717 6.1
717 4.4
717 5.9
717 1.8
717 10.1
717 5.3
717 7.7
717 4.5
717 5.6
717 2.3
716 7.8
716 3.0
716 7.2
716 8.9
716 5.6
716 5.3
717 10.8
717 0.6
717 3.2
717 2.0
717 2.3
717 1.8
718 3.3
718 0.8
718 0.6
718 1.1
718 1.1
718 2.1
718 4.0
718 4.2
718 6.2
718 5.5
718 6.4
718 5.6
718 6.6
718 6.2
719 6.4
719 7.6
719 7.5
719 7.4
719 6.5
719 7.6
719 5.4
719 9.1
719 5.1
719 6.8
719 7.5
719 4.4
719 2.0
719 1.3
719 0.6
719 1.1
719 2.3
719 0.8
719 1.7
719 5.4
719 2.0
719 4.1
719 1.3
719 5.1
719 2.4
719 1.6
719 4.6
719 4.4
719 4.1
719 2.7
719 1.1
719 1.4
720 0.9
720 1.2
720 1.4
720 3.5
720 1.9
720 2.1
720 2.9
720 5.3
720 5.6
721 3.7
721 3.9
721 5.7
721 3.5
721 4.6
721 4.1
721 3.2
721 1.6
720 4.8
720 4.2
720 6.4
720 3.6
720 3.8
720 3.6
720 3.0
720 3.8
720 2.0
720 1.8
720 2.3
720 1.9
720 4.2
720 0.9
720 3.1
720 2.0
720 3.6
720 1.2
720 2.5
720 3.1
719 4.6
719 1.9
719 1.7
719 1.5
719 1.7
719 0.7
719 0.8
719 1.3
719 1.5
719 0.4
719 0.9
719 1.5
719 2.0
719 0.8
719 1.3
719 3.9
719 1.5
719 1.9
719 1.0
719 1.2
719 1.9
719 2.1
719 2.4
719 2.2
719 1.9
719 2.0
719 3.4
719 0.9
719 1.5
719 2.7
719 1.0
719 1.5
719 1.9
719 2.8
719 1.7
719 1.8
719 2.5
719 3.8
719 1.9
719 2.1
719 1.9
719 1.9
719 2.9
719 2.3
719 1.1
719 1.9
719 2.4
719 1.6
719 2.0
719 2.0
719 2.2
719 0.6
719 0.9
719 1.5
719 0.7
719 0.3
719 0.3
719 1.4
719 1.2
719 0.5
719 0.4
719 1.0
719 0.4
719 1.8
720 1.7
720 1.5
719 0.8
719 2.7
719 1.6
719 2.2
720 1.3
720 1.8
720 3.4
719 1.1
719 0.6
719 4.7
719 3.2
719 2.9
719 5.1
719 2.4
719 6.0
719 1.7
719 2.0
719 4.8
719 1.2
719 7.3
719 4.6
719 2.2
719 6.5
719 3.7
719 1.7
718 2.1
718 6.3
718 7.5
718 1.8
718 2.7
718 3.2
718 6.3
718 3.8
718 6.5
717 4.0
717 4.1
717 2.7
717 2.0
717 3.0
717 4.3
717 3.7
717 3.7
717 3.5
717 2.1
717 3.4
717 1.4
717 2.1
717 5.7
717 1.7
717 2.0
717 1.8
717 2.3
717 2.5
717 0.8
717 0.9
717 1.5
717 1.1
717 1.2
717 0.8
717 1.5
717 2.2
717 1.3
717 0.7
717 0.6
717 0.6
717 1.2
717 1.7
717 1.2
717 1.6
716 0.5
716 0.8
716 1.4
716 0.4
716 1.9
716 1.4
716 1.4
716 1.8
716 0.4
716 1.1
716 1.5
716 1.1
716 1.6
715 0.5
715 1.5
715 0.7
715 0.3
715 0.5
715 1.3
715 1.2
715 1.2
715 0.4
715 1.3
715 0.7
715 0.7
715 1.1
715 1.3
715 1.4
715 0.6
715 1.0
715 1.0
715 1.1
715 2.9
714 3.4
714 1.7
714 0.6
714 3.1
714 2.5
714 0.9
714 2.2
714 2.2
714 1.8
714 2.6
713 3.1
713 2.7
713 2.3
713 2.0
713 3.4
713 1.2
712 1.2
712 1.0
712 3.7
712 1.1
712 5.7
712 2.2
712 1.6
712 1.3
712 2.7
711 2.8
711 3.2
711 3.1
711 1.2
711 1.2
711 2.5
711 0.6
711 2.5
710 2.0
710 1.1
710 0.4
710 0.4
710 0.8
710 1.2
710 1.8
710 3.3
710 0.7
710 1.7
710 1.4
710 0.7
710 1.1
710 1.2
710 0.8
710 1.7
710 1.4
710 1.3
710 2.1
710 1.7
710 2.2
709 2.8
709 3.6
709 0.9
709 0.9
709 0.6
709 0.7
709 2.5
709 1.8
709 0.5
708 0.8
708 2.1
708 1.6
708 0.9
708 1.0
708 1.2
708 0.8
708 0.9
708 0.6
708 0.7
707 0.7
707 0.8
707 1.1
707 0.7
707 0.7
707 1.3
707 1.4
707 0.8
707 2.3
706 1.2
706 4.3
706 1.9
706 1.5
706 1.2
706 2.5
706 3.7
706 1.9
706 1.3
706 1.4
706 1.4
706 2.2
706 4.9
706 2.8
706 1.9
706 2.2
706 1.3
705 4.5
705 2.8
705 1.4
705 5.2
705 1.5
705 4.1
705 1.3
705 5.4
705 5.9
705 3.8
704 7.7
704 7.3
704 4.2
704 2.4
703 3.6
703 1.3
703 6.7
703 5.4
703 3.2
703 1.6
703 2.4
703 4.2
702 1.8
702 1.9
702 1.1
702 1.2
702 2.5
702 6.1
702 1.8
702 2.1
702 1.7
701 2.8
702 1.4
702 1.0
701 0.4
701 0.6
701 1.1
701 1.8
701 1.4
701 0.7
701 1.7
701 0.7
701 0.5
700 0.6
700 1.2
700 0.8
700 0.6
700 1.3
700 1.4
700 0.9
700 1.5
700 1.7
700 1.1
700 0.6
700 0.9
700 1.4
700 1.3
700 1.6
699 1.9
699 0.4
699 0.5
699 0.8
698 0.7
698 0.4
698 1.5
698 0.7
697 1.8
697 2.1
697 0.5
697 1.7
696 1.3
696 3.3
696 1.4
696 2.4
696 2.6
696 3.8
695 4.1
695 1.8
695 3.5
695 4.2
694 6.6
694 6.3
694 7.3
693 4.5
693 7.8
693 7.7
693 2.5
693 4.2
692 3.7
692 5.3
692 6.1
692 6.2
691 8.1
691 6.8
691 4.4
691 3.5
691 6.6
691 4.4
691 6.4
691 6.2
690 4.7
690 7.5
690 6.4
690 8.1
690 8.5
690 6.9
690 10.5
690 8.6
690 7.5
690 6.6
690 9.2
690 8.8
691 2.2
691 5.9
691 8.5
691 7.8
691 6.2
691 1.5
692 4.7
692 3.9
692 11.6
692 12.3
692 5.9
693 12.2
693 3.8
693 3.6
693 6.6
693 4.9
694 7.0
694 7.8
694 7.0
694 8.5
694 4.8
694 11.8
694 7.5
695 9.7
695 3.7
695 7.2
695 9.8
695 8.7
696 6.7
696 5.6
696 3.0
697 2.5
697 6.1
697 3.9
697 5.3
697 4.0
697 4.7
697 3.9
697 4.6
697 5.1
697 0.0