19.4 0.6
19.3 0.6
19.2 0.6
19.1 0.6
19.0 0.6
19.0 0.6
18.9 0.6
18.8 0.6
18.7 0.6
18.6 0.6
18.5 0.6
18.5 0.6
18.4 0.6
18.4 0.6
18.3 0.6
18.3 0.6
18.2 0.6
18.2 0.7
18.2 0.7
18.1 0.7
18.1 0.7
18.0 0.7
18.0 0.7
17.9 0.7
17.8 0.7
17.8 0.7
17.7 0.7
17.7 0.7
17.6 0.6
17.6 0.6
17.5 0.6
17.5 0.6
17.5 0.6
17.5 0.6
17.5 0.6
17.5 0.6
17.5 0.6
17.6 0.6
17.8 0.6
18.0 0.6
18.3 0.6
18.5 0.6
18.7 0.5
18.9 0.5
19.1 0.5
19.4 0.5
19.6 0.5
20.0 0.5
20.4 0.5
20.7 0.5
21.1 0.5
21.5 0.5
21.8 0.5
22.2 0.5
22.6 0.5
23.0 0.5
23.3 0.6
23.6 0.6
23.9 0.6
24.0 0.5
24.3 0.5
24.6 0.5
24.7 0.5
24.9 0.5
25.0 0.5
25.1 0.5
25.1 0.5
25.0 0.6
25.0 0.6
24.9 0.6
24.8 0.6
24.7 0.6
24.6 0.6
24.5 0.6
24.3 0.6
24.1 0.6
23.9 0.6
23.7 0.6
23.5 0.6
23.3 0.6
23.2 0.6
22.9 0.6
22.7 0.6
22.5 0.6
22.3 0.6
22.1 0.6
21.9 0.6
21.7 0.6
21.6 0.6
21.4 0.6
21.2 0.6
21.1 0.6
21.0 0.6
20.8 0.6
20.7 0.6
20.6 0.6
20.5 0.6
20.4 0.6
20.3 0.6
20.3 0.6
20.2 0.6
20.1 0.6
20.1 0.6
20.0 0.6
20.0 0.6
19.9 0.6
19.9 0.6
19.8 0.6
19.8 0.7
19.7 0.7
19.6 0.7
19.6 0.8
19.5 0.7
19.5 0.8
19.4 0.8
19.4 0.8
19.3 0.7
19.2 0.7
19.1 0.8
19.0 0.8
18.9 0.8
18.8 0.8
18.7 0.7
18.6 0.8
18.6 0.8
18.5 0.8
18.4 0.8
18.3 0.8
18.3 0.8
18.2 0.8
18.2 0.8
18.2 0.7
18.2 0.7
18.3 0.7
18.4 0.8
18.6 0.8
18.7 0.8
18.8 0.9
19.0 0.9
19.2 0.9
19.4 0.9
19.6 1.0
19.8 1.0
20.0 1.0
20.2 1.1
20.6 1.2
20.9 1.2
21.1 1.3
21.4 1.3
21.6 1.4
21.8 1.4
22.0 1.4
22.2 1.5
22.4 1.5
22.5 1.6
22.6 1.6
22.8 1.6
22.9 1.6
23.0 1.6
23.0 1.7
22.9 1.7
23.0 1.7
23.0 1.7
23.0 1.7
23.1 1.7
23.0 1.7
23.0 1.7
22.9 1.6
22.8 1.6
22.8 1.6
22.6 1.6
22.3 1.5
22.0 1.5
21.8 1.5
21.5 1.5
21.3 1.4
21.1 1.4
20.9 1.4
20.7 1.4
20.5 1.4
20.4 1.4
20.2 1.4
19.9 1.3
19.7 1.3
19.5 1.3
19.4 1.2
19.2 1.2
19.0 1.2
18.9 1.2
18.8 1.2
18.6 1.2
18.5 1.2
18.4 1.1
18.2 1.2
18.1 1.2
18.0 1.1
17.8 1.1
17.7 1.1
17.6 1.1
17.5 1.1
17.4 1.0
17.3 1.0
17.2 1.0
17.1 1.0
17.0 1.0
16.9 1.0
16.8 1.0
16.7 1.0
16.6 1.0
16.5 1.0
16.4 1.0
16.4 1.0
16.3 1.0
16.2 1.0
16.1 1.0
16.0 1.0
16.0 1.0
15.9 1.0
15.8 1.0
15.8 1.0
15.7 1.0
15.6 0.9
15.6 0.9
15.5 0.9
15.5 0.9
15.4 0.9
15.5 0.9
15.5 0.9
15.6 0.9
15.8 0.9
16.0 0.9
16.2 0.9
16.4 0.9
16.6 0.9
16.8 0.9
17.1 0.9
17.3 0.9
17.6 0.9
17.9 0.9
18.2 0.9
18.6 0.9
18.9 0.9
19.3 0.9
19.7 0.9
20.1 0.9
20.6 0.9
21.0 0.9
21.4 0.9
21.8 0.9
22.2 0.9
22.6 0.9
22.9 0.9
23.2 0.9
23.6 0.9
23.7 0.9
23.9 0.9
24.1 0.9
24.2 0.9
24.3 0.9
24.4 0.9
24.5 0.9
24.4 0.9
24.4 0.9
24.3 0.9
24.2 0.9
24.1 0.9
24.0 0.9
23.8 0.9
23.7 0.9
23.4 0.9
23.2 0.9
23.0 0.9
22.7 0.8
22.5 0.8
22.2 0.8
21.9 0.8
21.6 0.8
21.4 0.8
21.2 0.8
20.9 0.8
20.7 0.8
20.5 0.8
20.3 0.8
20.1 0.8
19.9 0.8
19.7 0.8
19.5 0.7
19.3 0.7
19.1 0.7
19.0 0.7
18.8 0.7
18.7 0.7
18.5 0.7
18.4 0.7
18.2 0.7
18.1 0.7
18.0 0.7
17.8 0.7
17.7 0.7
17.6 0.7
17.5 0.6
17.4 0.7
17.2 0.7
17.2 0.7
17.0 0.7
16.9 0.7
16.8 0.6
16.7 0.6
16.6 0.6
16.6 0.6
16.5 0.6
16.4 0.6
16.3 0.6
16.2 0.6
16.1 0.6
16.0 0.6
16.0 0.7
15.9 0.7
15.8 0.7
15.8 0.7
15.7 0.7
15.7 0.7
15.7 0.6
15.7 0.6
15.8 0.7
16.0 0.7
16.2 0.7
16.4 0.7
16.7 0.7
17.0 0.7
17.3 0.7
17.6 0.7
17.9 0.7
18.2 0.7
18.5 0.7
18.8 0.6
19.2 0.6
19.6 0.6
19.9 0.6
20.3 0.6
20.7 0.6
21.2 0.6
21.6 0.6
22.0 0.6
22.4 0.6
22.8 0.6
23.2 0.6
23.6 0.6
24.0 0.6
24.3 0.6
24.6 0.6
24.9 0.6
25.2 0.6
25.4 0.6
25.5 0.6
25.5 0.5
25.6 0.5
25.6 0.6
25.6 0.5
25.5 0.5
25.4 0.5
25.4 0.6
25.2 0.6
25.1 0.5
24.9 0.5
24.7 0.5
24.5 0.5
24.3 0.5
24.0 0.5
23.7 0.5
23.4 0.5
23.2 0.5
22.8 0.5
22.6 0.5
22.3 0.5
22.0 0.5
21.8 0.5
21.6 0.6
21.3 0.6
21.1 0.6
20.9 0.6
20.7 0.6
20.4 0.6
20.2 0.5
20.0 0.6
19.9 0.6
19.7 0.5
19.5 0.6
19.4 0.6
19.2 0.6
19.1 0.6
19.0 0.6
18.8 0.6
18.7 0.6
18.6 0.6
18.4 0.6
18.3 0.6
18.2 0.5
18.0 0.6
17.9 0.6
17.8 0.6
17.7 0.6
17.6 0.6
17.4 0.6
17.4 0.6
17.2 0.6
17.2 0.6
17.1 0.6
17.0 0.6
16.9 0.5
16.8 0.5
16.7 0.6
16.6 0.6
16.5 0.6
16.5 0.5
16.4 0.5
16.4 0.5
16.4 0.5
16.4 0.5
16.4 0.5
16.5 0.5
16.6 0.5
16.8 0.5
17.1 0.5
17.4 0.5
17.7 0.5
18.0 0.5
18.3 0.5
18.6 0.5
18.9 0.5
19.2 0.5
19.6 0.5
20.0 0.5
20.3 0.5
20.6 0.5
21.0 0.5
21.4 0.5
21.8 0.5
22.2 0.5
22.6 0.5
23.0 0.5
23.5 0.5
23.9 0.5
24.1 0.5
24.4 0.5
24.7 0.5
25.0 0.5
25.2 0.5
25.4 0.5
25.4 0.5
25.6 0.4
25.7 0.5
25.7 0.5
25.6 0.5
25.5 0.5
25.6 0.4
25.6 0.4
25.5 0.5
25.5 0.5
25.4 0.4
25.2 0.4
25.0 0.5
24.8 0.5
24.6 0.5
24.3 0.5
24.0 0.4
23.7 0.5
23.5 0.5
23.2 0.5
22.9 0.5
22.7 0.5
22.5 0.5
22.2 0.5
22.0 0.5
21.8 0.5
21.6 0.5
21.4 0.5
21.2 0.5
21.0 0.5
20.8 0.5
20.6 0.5
20.4 0.5
20.3 0.5
20.1 0.5
20.0 0.5
19.8 0.5
19.7 0.5
19.6 0.5
19.4 0.5
19.3 0.5
19.2 0.5
19.0 0.5
18.9 0.5
18.8 0.6
18.7 0.6
18.6 0.6
18.4 0.6
18.3 0.6
18.2 0.6
18.1 0.6
18.0 0.6
18.0 0.6
17.9 0.6
17.8 0.6
17.7 0.6
17.7 0.6
17.6 0.6
17.6 0.6
17.5 0.6
17.5 0.6
17.5 0.5
17.4 0.5
17.4 0.6
17.5 0.6
17.5 0.6
17.5 0.6
17.6 0.6
17.6 0.6
17.7 0.6
17.8 0.6
17.9 0.6
18.0 0.6
18.1 0.5
18.2 0.5
18.4 0.5
18.5 0.5
18.6 0.5
18.8 0.6
18.9 0.6
19.0 0.5
19.1 0.5
19.2 0.5
19.3 0.5
19.4 0.5
19.4 0.5
19.5 0.5
19.6 0.5
19.7 0.5
19.8 0.5
19.8 0.5
19.8 0.5
19.9 0.5
20.0 0.5
20.0 0.5
20.0 0.5
20.0 0.5
20.0 0.5
20.0 0.5
20.0 0.5
20.0 0.5
20.0 0.5
20.0 0.5
20.0 0.5
20.0 0.5
19.9 0.5
19.8 0.5
19.8 0.5
19.6 0.5
19.6 0.5
19.5 0.5
19.4 0.5
19.3 0.5
19.2 0.5
19.2 0.5
19.1 0.5
19.0 0.5
18.9 0.5
18.9 0.5
18.8 0.5
18.7 0.5
18.6 0.5
18.6 0.5
18.5 0.5
18.4 0.5
18.4 0.5
18.3 0.5
18.3 0.5
18.2 0.5
18.1 0.5
18.1 0.5
18.0 0.5
18.0 0.5
17.9 0.5
17.9 0.5
17.8 0.6
17.8 0.6
17.7 0.6
17.7 0.6
17.6 0.6
17.6 0.6
17.5 0.6
17.5 0.6
17.4 0.6
17.4 0.6
17.3 0.6
17.3 0.6
17.3 0.6
17.2 0.6
17.2 0.6
17.2 0.6
17.2 0.6
17.1 0.6
17.1 0.6
17.1 0.6
17.1 0.6
17.0 0.6
17.0 0.6
17.0 0.5
17.0 0.5
17.0 0.5
17.0 0.5
17.0 0.5
17.0 0.6
16.9 0.6
16.9 0.5
16.9 0.5
16.9 0.5
16.9 0.5
16.9 0.5
16.9 0.5
16.9 0.5
16.9 0.5
16.9 0.5
16.9 0.5
16.9 0.6
16.9 0.6
16.9 0.6
17.0 0.6
17.0 0.6
17.1 0.6
17.2 0.6
17.4 0.6
17.5 0.6
17.7 0.6
17.9 0.6
18.2 0.6
18.4 0.6
18.6 0.6
18.7 0.6
18.8 0.6
18.9 0.6
18.9 0.6
18.9 0.6
19.0 0.6
19.0 0.7
19.0 0.7
18.9 0.7
18.9 0.6
18.8 0.6
18.8 0.6
18.8 0.6
18.8 0.6
18.8 0.6
18.7 0.6
18.7 0.6
18.6 0.7
18.5 0.7
18.4 0.7
18.4 0.7
18.2 0.7
18.1 0.7
18.0 0.7
17.9 0.7
17.8 0.7
17.7 0.7
17.6 0.7
17.5 0.7
17.4 0.6
17.3 0.7
17.2 0.6
17.1 0.7
17.0 0.7
17.0 0.7
16.9 0.7
16.8 0.7
16.7 0.7
16.7 0.7
16.6 0.6
16.5 0.6
16.5 0.6
16.4 0.6
16.4 0.6
16.3 0.6
16.2 0.6
16.2 0.6
16.1 0.6
16.1 0.6
16.0 0.6
16.0 0.6
15.9 0.6
15.9 0.6
15.9 0.6
15.8 0.6
15.8 0.6
15.8 0.6
15.8 0.5
15.8 0.5
15.8 0.5
15.8 0.5
15.7 0.5
15.7 0.6
15.7 0.6
15.8 0.6
15.8 0.6
15.9 0.6
15.9 0.6
16.0 0.6
16.0 0.6
15.9 0.7
15.9 0.8
15.8 1.0
15.8 1.2
15.9 1.4
16.2 1.4
16.3 1.5
16.4 1.5
16.6 1.4
16.9 1.4
17.1 1.4
17.4 1.4
17.7 1.4
18.0 1.5
18.2 1.5
18.6 1.5
18.8 1.5
19.1 1.5
19.4 1.5
19.7 1.6
20.0 1.6
20.2 1.6
20.4 1.5
20.5 1.5
20.8 1.4
20.9 1.4
21.1 1.3
21.1 1.3
21.2 1.2
21.2 1.2
21.2 1.2
21.2 1.1
21.2 1.1
21.2 1.0
21.1 1.0
21.1 0.9
21.1 0.9
21.0 0.9
20.9 0.8
20.8 0.8
20.7 0.8
20.6 0.8
20.5 0.7
20.4 0.7
20.3 0.7
20.2 0.7
20.1 0.7
20.0 0.7
19.8 0.7
19.7 0.7
19.6 0.7
19.6 0.6
19.5 0.6
19.6 0.6
19.7 0.6
19.9 0.6
20.1 0.5
20.4 0.5
20.5 0.5
20.5 0.5
20.4 0.5
20.2 0.6
19.8 0.7
19.5 0.7
19.2 0.8
18.9 0.9
18.6 0.9
18.3 1.0
18.1 1.1
17.9 1.2
17.7 1.4
17.6 1.5
17.4 1.7
17.3 2.0
17.1 2.3
17.0 2.6
16.9 2.8
16.8 3.1
16.7 3.4
16.7 3.6
16.6 3.8
16.5 4.1
16.4 4.3
16.4 4.5
16.3 4.7
16.3 4.8
16.2 4.9
16.2 5.1
16.2 5.2
16.2 5.2
16.1 5.3
16.1 5.4
16.1 5.4
16.1 5.4
16.2 5.4
16.2 5.4
16.2 5.4
16.3 5.3
16.4 5.3
16.5 5.2
16.6 5.2
16.7 5.1
16.9 5.0
17.1 4.9
17.2 4.8
17.4 4.8
17.6 4.7
17.8 4.6
18.0 4.6
18.2 4.5
18.4 4.5
18.6 4.4
18.9 4.3
19.1 4.2
19.2 4.1
19.4 4.1
19.6 4.0
19.8 4.0
19.9 3.9
20.1 3.9
20.3 3.8
20.5 3.8
20.7 3.7
20.8 3.7
21.0 3.7
21.1 3.7
21.2 3.6
21.3 3.6
21.4 3.5
21.6 3.5
21.7 3.5
21.8 3.5
21.9 3.5
21.9 3.5
22.0 3.4
22.0 3.4
22.0 3.4
21.9 3.4
21.9 3.4
21.9 3.4
21.8 3.4
21.8 3.4
21.7 3.4
21.7 3.4
21.6 3.4
21.6 3.4
21.5 3.4
21.4 3.4
21.4 3.4
21.3 3.4
21.2 3.4
21.2 3.4
21.1 3.4
21.0 3.4
20.9 3.4
20.8 3.4
20.7 3.4
20.6 3.4
20.5 3.4
20.3 3.4
20.2 3.4
20.1 3.4
20.0 3.4
19.9 3.4
19.8 3.4
19.6 3.4
19.5 3.4
19.4 3.4
19.2 3.4
19.1 3.4
19.0 3.3
18.8 3.3
18.8 3.3
18.6 3.3
18.6 3.4
18.4 3.3
18.4 3.3
18.3 3.3
18.2 3.3
18.0 3.3
17.9 3.3
17.8 3.3
17.8 3.3
17.6 3.2
17.6 3.3
17.5 3.2
17.4 3.3
17.3 3.3
17.3 3.3
17.3 3.3
17.3 3.2
17.3 3.2
17.4 3.2
17.4 3.2
17.5 3.2
17.6 3.2
17.7 3.2
17.9 3.2
18.0 3.1
18.2 3.0
18.4 3.0
18.7 3.0
18.9 3.0
19.2 3.0
19.4 3.0
19.6 3.0
19.9 3.0
20.1 3.0
20.4 3.0
20.6 3.0
20.9 3.0
21.1 3.0
21.3 2.9
21.6 2.9
21.7 2.9
21.9 2.9
22.1 2.9
22.2 2.9
22.3 2.9
22.4 2.9
22.5 2.9
22.6 2.9
22.6 2.9
22.7 2.9
22.7 2.9
22.7 2.9
22.7 2.9
22.7 2.9
22.7 2.9
22.6 2.9
22.6 3.0
22.5 2.9
22.4 2.9
22.4 2.9
22.3 2.9
22.3 3.0
22.2 3.0
22.2 3.0
22.1 3.0
22.0 2.9
22.0 3.0
21.9 2.9
21.8 3.0
21.8 3.0
21.8 3.0
21.7 3.0
21.7 3.0
21.6 3.0
21.6 2.9
21.5 2.9
21.5 2.9
21.4 3.0
21.4 3.0
21.3 3.0
21.2 3.0
21.2 3.0
21.1 3.0
21.0 3.0
20.9 3.0
20.8 3.0
20.7 3.0
20.6 3.0
20.5 3.1
20.4 3.1
20.3 3.1
20.2 3.2
20.0 3.2
19.9 3.2
19.8 3.2
19.7 3.2
19.6 3.2
19.4 3.2
19.3 3.2
19.2 3.2
19.1 3.2
19.0 3.2
18.8 3.2
18.8 3.2
18.6 3.3
18.5 3.2
18.4 3.3
18.4 3.3
18.3 3.4
18.2 3.3
18.2 3.4
18.2 3.4
18.2 3.4
18.2 3.4
18.3 3.4
18.4 3.5
18.5 3.4
18.6 3.5
18.8 3.4
19.0 3.5
19.2 3.5
19.4 3.6
19.7 3.5
20.0 3.5
20.3 3.5
20.6 3.5
21.0 3.5
21.3 3.5
21.6 3.5
21.9 3.6
22.2 3.6
22.7 3.6
22.9 3.6
23.2 3.6
23.4 3.6
23.7 3.6
23.9 3.6
24.2 3.6
24.3 3.6
24.5 3.6
24.6 3.7
24.7 3.7
24.8 3.6
24.9 3.6
24.9 3.6
24.9 3.6
24.9 3.6
24.9 3.6
24.9 3.6
24.8 3.6
24.7 3.6
24.6 3.6
24.5 3.6
24.4 3.6
24.2 3.6
24.0 3.6
23.8 3.6
23.6 3.6
23.5 3.6
23.3 3.6
23.2 3.6
23.0 3.6
22.9 3.5
22.8 3.5
22.6 3.5
22.5 3.5
22.4 3.5
22.3 3.5
22.2 3.5
22.1 3.5
22.0 3.5
22.0 3.5
21.9 3.5
21.8 3.5
21.8 3.5
21.7 3.5
21.6 3.5
21.6 3.5
21.5 3.5
21.5 3.4
21.4 3.4
21.3 3.4
21.3 3.4
21.2 3.4
21.1 3.4
21.0 3.4
21.0 3.4
20.9 3.3
20.8 3.3
20.7 3.3
20.6 3.3
20.6 3.2
20.5 3.2
20.4 3.2
20.3 3.2
20.2 3.2
20.1 3.2
20.0 3.2
19.9 3.3
19.8 3.2
19.7 3.2
19.6 3.2
19.5 3.2
19.4 3.2
19.4 3.2
19.3 3.2
19.3 3.2
19.3 3.1
19.3 3.2
19.4 3.2
19.5 3.2
19.6 3.2
19.8 3.2
19.9 3.2
20.1 3.2
20.3 3.2
20.5 3.2
20.8 3.2
21.0 3.1
21.3 3.1
21.7 3.1
22.0 3.2
22.4 3.2
22.7 3.1
23.1 3.1
23.5 3.0
23.9 3.1
24.2 3.1
24.6 3.1
25.0 3.0
25.2 3.0
25.5 3.0
25.8 3.1
26.0 3.0
26.2 3.0
26.4 2.9
26.5 2.9
26.6 2.9
26.7 2.9
26.7 2.9
26.8 2.9
26.7 2.9
26.6 2.9
26.6 2.8
26.5 2.8
26.4 2.8
26.3 2.8
26.2 2.8
26.0 2.8
25.8 2.7
25.6 2.7
25.4 2.7
25.2 2.7
25.0 2.7
24.8 2.7
24.5 2.6
24.3 2.7
24.1 2.6
23.9 2.6
23.7 2.6
23.5 2.6
23.3 2.6
23.1 2.6
23.0 2.6
22.8 2.6
22.7 2.6
22.5 2.6
22.4 2.6
22.2 2.6
22.1 2.5
22.0 2.5
21.9 2.5
21.8 2.5
21.7 2.6
21.6 2.6
21.5 2.6
21.4 2.6
21.4 2.6
21.3 2.6
21.2 2.6
21.2 2.6
21.1 2.6
21.0 2.6
21.0 2.6
20.9 2.6
20.9 2.6
20.8 2.6
20.8 2.6
20.7 2.6
20.6 2.6
20.6 2.6
20.5 2.6
20.4 2.6
20.4 2.6
20.3 2.5
20.2 2.5
20.2 2.5
20.1 2.5
20.0 2.5
20.0 2.5
19.9 2.5
19.9 2.5
19.8 2.5
19.9 2.5
19.9 2.4
20.0 2.4
20.2 2.4
20.3 2.4
20.5 2.4
20.7 2.5
20.8 2.5
21.0 2.5
21.3 2.4
21.5 2.4
21.8 2.4
22.0 2.4
22.4 2.4
22.7 2.4
24.2 2.2
24.6 2.2
25.0 2.2
25.4 2.3
25.8 2.3
26.1 2.3
26.5 2.3
26.8 2.2
27.0 2.2
27.3 2.2
27.5 2.2
27.6 2.2
27.8 2.3
27.8 2.3
27.9 2.3
27.9 2.3
27.9 2.2
27.9 2.2
27.8 2.3
27.7 2.3
27.6 2.2
27.4 2.2
27.2 2.2
27.1 2.2
26.9 2.2
26.7 2.1
26.5 2.1
26.3 2.2
26.1 2.2
25.8 2.2
25.6 2.2
25.3 2.2
25.1 2.2
24.9 2.1
24.7 2.1
24.5 2.1
24.3 2.1
24.2 2.1
24.0 2.1
23.8 2.1
23.7 2.0
23.6 2.0
23.4 2.0
23.3 2.0
23.2 2.0
23.1 2.0
23.0 2.0
22.9 2.0
22.8 2.0
22.7 1.9
22.6 1.9
22.5 1.9
22.4 1.9
22.3 1.9
22.2 1.9
22.2 1.9
22.1 1.9
22.0 1.9
22.0 1.9
21.9 1.9
21.8 1.9
21.8 1.9
21.7 1.9
21.7 2.0
21.6 2.0
21.5 2.0
21.5 1.9
21.4 1.9
21.4 1.9
21.3 1.9
21.3 1.9
21.2 1.9
21.2 1.9
21.1 1.9
21.1 1.9
21.0 1.9
21.0 1.9
21.0 1.9
21.0 1.9
21.1 1.9
21.2 1.9
21.4 1.8
21.6 1.8
21.8 1.8
22.0 1.9
22.2 1.9
22.5 1.9
22.8 1.9
23.0 1.9
23.3 1.9
23.6 1.9
24.0 1.9
24.4 1.9
24.7 1.8
25.2 1.8
25.6 1.8
26.0 1.8
26.4 1.8
26.8 1.8
27.3 1.8
27.7 1.8
28.2 1.8
28.6 1.7
28.9 1.8
29.3 1.7
29.6 1.7
29.8 1.7
30.0 1.7
30.2 1.8
30.2 1.8
30.2 1.8
30.2 1.8
30.1 1.8
30.0 1.8
29.9 1.8
29.8 1.8
29.7 1.8
29.5 1.8
29.4 1.8
29.1 1.8
28.9 1.8
28.6 1.8
28.4 1.8
28.2 1.7
28.0 1.8
27.8 1.7
27.6 1.7
27.4 1.7
27.2 1.7
26.9 1.8
26.7 1.8
26.4 1.8
26.2 1.8
26.0 1.8
25.8 1.8
25.6 1.8
25.4 1.8
25.2 1.7
25.0 1.7
24.9 1.7
24.7 1.7
24.5 1.7
24.4 1.7
24.2 1.7
24.0 1.7
23.8 1.6
23.6 1.6
23.5 1.6
23.4 1.7
23.3 1.6
23.2 1.6
23.0 1.6
22.8 1.6
22.6 1.6
22.4 1.6
22.2 1.6
22.0 1.6
21.8 1.6
21.7 1.6
21.6 1.6
21.4 1.6
21.3 1.6
21.2 1.6
21.0 1.6
20.9 1.6
20.8 1.6
20.7 1.6
20.6 1.6
20.5 1.6
20.4 1.6
20.3 1.6
20.2 1.5
20.2 1.6
20.1 1.6
20.1 1.5
20.1 1.5
20.2 1.6
20.4 1.6
20.5 1.6
20.7 1.6
20.9 1.5
21.0 1.5
21.2 1.5
21.3 1.5
21.5 1.5
22.2 1.4
22.3 1.4
22.4 1.4
23.4 1.2
23.6 1.1
23.9 1.2
24.3 1.2
24.6 1.1
25.0 1.1
25.3 1.1
25.5 1.2
25.8 1.2
26.0 1.2
26.2 1.2
26.3 1.2
26.4 1.2
26.4 1.1
26.3 1.2
26.2 1.2
26.1 1.2
26.0 1.2
26.0 1.2
25.9 1.2
25.8 1.2
25.7 1.2
25.6 1.2
25.4 1.2
25.3 1.2
25.1 1.2
24.8 1.2
24.6 1.1
24.3 1.1
24.0 1.1
23.7 1.2
23.4 1.2
23.2 1.2
23.0 1.1
22.8 1.2
22.6 1.2
22.4 1.1
22.2 1.1
22.0 1.2
21.8 1.1
21.6 1.2
21.4 1.1
21.3 1.1
21.1 1.1
20.9 1.2
20.8 1.1
20.6 1.1
20.5 1.2
20.3 1.1
20.2 1.1
20.1 1.0
20.0 1.1
19.9 1.0
19.8 1.0
19.6 1.0
19.6 1.0
19.5 1.0
19.4 1.0
19.3 1.0
19.2 1.0
19.0 1.0
18.9 1.0
18.8 0.9
18.7 1.0
18.6 1.0
18.5 0.9
18.4 0.9
18.3 1.0
18.2 0.9
18.2 0.9
18.1 0.9
18.1 0.9
18.1 0.9
18.0 0.9
18.0 0.9
18.0 0.9
18.1 0.9
18.2 0.9
18.3 0.9
18.6 0.9
18.8 0.9
19.1 0.9
19.4 0.9
19.7 0.9
20.0 0.9
20.3 0.9
20.6 0.9
20.9 0.9
21.3 0.9
21.6 0.9
21.9 0.9
22.3 0.9
22.6 0.9
23.0 0.9
23.4 0.8
23.8 0.9
24.1 0.8
24.5 0.9
24.8 0.9
25.2 0.8
25.6 0.8
25.8 0.8
26.1 0.8
26.4 0.8
26.6 0.8
26.8 0.8
26.8 0.8
26.9 0.8
26.9 0.8
26.9 0.8
26.8 0.8
26.7 0.8
26.6 0.8
26.4 0.8
26.3 0.8
26.1 0.8
25.9 0.8
25.7 0.8
25.5 0.8
25.3 0.8
25.1 0.8
24.8 0.8
24.6 0.8
24.3 0.8
24.1 0.8
23.8 0.8
23.5 0.8
23.2 0.8
23.0 0.8
22.8 0.8
22.5 0.8
22.4 0.8
22.2 0.9
22.0 0.9
21.8 0.8
21.7 0.9
21.5 0.9
21.3 0.9
21.2 0.9
21.0 0.9
20.9 0.9
20.7 0.9
20.6 0.9
20.5 0.9
20.3 0.9
20.2 0.9
20.1 0.9
20.0 0.9
19.9 0.9
19.8 0.9
19.6 0.9
19.5 0.9
19.4 0.9
19.3 0.9
19.2 0.8
19.1 0.9
19.0 0.8
18.8 0.9
18.7 0.8
18.6 0.8
18.5 0.8
18.4 0.8
18.3 0.8
18.2 0.8
18.1 0.8
18.0 0.8
17.9 0.7
17.8 0.8
17.8 0.7
17.7 0.7
17.7 0.7
17.7 0.7
17.7 0.7
17.8 0.7
17.9 0.7
18.0 0.7
18.1 0.7
18.2 0.7
18.3 0.7
18.4 0.7
18.5 0.6
18.6 0.7
18.8 0.7
18.9 0.7
19.0 0.7
19.1 0.7
19.3 0.6
19.6 0.7
20.0 0.7
20.4 0.6
20.7 0.6
21.1 0.7
21.6 0.7
22.0 0.7
22.5 0.6
22.9 0.6
23.2 0.6
23.5 0.6
23.9 0.6
24.2 0.6
24.5 0.6
24.7 0.6
24.9 0.6
25.1 0.6
25.2 0.6
25.3 0.6
25.4 0.6
25.3 0.6
25.3 0.6
25.2 0.6
25.2 0.6
25.1 0.6
25.0 0.6
24.9 0.6
24.8 0.6
24.7 0.5
24.6 0.6
24.5 0.5
24.3 0.5
24.2 0.5
24.1 0.6
23.9 0.5
23.8 0.5
23.6 0.6
23.5 0.5
23.3 0.6
23.2 0.6
23.0 0.5
22.9 0.5
22.7 0.5
22.5 0.5
22.4 0.5
22.2 0.6
22.0 0.6
21.9 0.5
21.7 0.6
21.6 0.6
21.4 0.5
21.2 0.6
21.1 0.6
21.0 0.6
20.8 0.5
20.6 0.6
20.5 0.6
20.4 0.6
20.2 0.6
20.1 0.5
20.0 0.6
19.9 0.6
19.8 0.6
19.8 0.6
19.7 0.6
19.6 0.6
19.5 0.6
19.4 0.6
19.4 0.6
19.3 0.6
19.2 0.6
19.1 0.7
19.0 0.7
18.9 0.6
18.9 0.6
18.8 0.6
18.8 0.7
18.8 0.7
18.7 0.6
18.7 0.6
18.7 0.7
18.7 0.6
18.7 0.6
18.8 0.6
18.8 0.7
18.9 0.6
18.9 0.6
18.9 0.6
19.0 0.6
19.1 0.6
19.2 0.6
19.3 0.6
19.4 0.6
19.5 0.6
19.6 0.6
19.8 0.6
20.1 0.6
20.3 0.6
20.6 0.6
20.9 0.6
21.2 0.6
21.3 0.6
21.6 0.6
21.9 0.6
22.0 0.6
22.0 0.6
22.0 0.5
22.1 0.6
22.0 0.6
22.2 0.5
22.1 0.5
22.2 0.5
22.3 0.5
22.4 0.5
22.3 0.5
22.3 0.5
22.3 0.5
22.2 0.6
22.2 0.6
22.1 0.5
22.0 0.6
21.9 0.6
21.8 0.6
21.7 0.5
21.6 0.6
21.6 0.6
21.5 0.6
21.4 0.6
21.3 0.6
21.2 0.6
21.1 0.6
21.0 0.6
20.9 0.6
20.8 0.6
20.8 0.6
20.7 0.6
20.6 0.6
20.6 0.6
20.5 0.6
20.5 0.6
20.4 0.6
20.4 0.6
20.4 0.6
20.3 0.6
20.2 0.6
20.2 0.6
20.1 0.6
20.1 0.6
20.0 0.6
20.0 0.6
20.0 0.6
19.9 0.6
19.9 0.6
19.8 0.6
19.8 0.6
19.8 0.6
19.8 0.6
19.7 0.6
19.7 0.6
19.7 0.6
19.7 0.6
19.7 0.7
19.7 0.6
19.7 0.6
19.7 0.6
19.7 0.6
19.7 0.6
19.7 0.6
19.7 0.6
19.7 0.7
19.7 0.6
19.7 0.6
19.7 0.6
19.7 0.6
19.8 0.6
19.8 0.6
19.8 0.6
19.9 0.6
20.0 0.6
20.2 0.6
20.4 0.6
20.6 0.6
20.8 0.6
21.1 0.6
21.4 0.6
21.8 0.6
22.0 0.6
22.4 0.6
22.8 0.6
22.9 0.6
23.1 0.6
23.5 0.6
23.9 0.6
24.2 0.6
24.5 0.6
24.8 0.5
25.2 0.6
25.6 0.6
26.0 0.5
26.4 0.5
26.7 0.5
27.0 0.5
27.3 0.5
27.6 0.5
27.7 0.5
28.1 0.5
28.3 0.5
28.4 0.5
28.5 0.5
28.6 0.5
28.5 0.5
28.6 0.5
28.6 0.5
28.7 0.5
28.7 0.5
28.6 0.5
28.6 0.6
28.6 0.6
28.5 0.6
28.3 0.6
28.2 0.6
28.0 0.6
27.8 0.6
27.7 0.6
27.5 0.6
27.3 0.6
27.1 0.6
26.8 0.6
26.6 0.6
26.4 0.6
26.2 0.6
26.0 0.6
25.8 0.6
25.6 0.6
25.4 0.6
25.2 0.6
24.7 0.6
23.8 0.5
23.4 0.6
23.2 0.6
22.7 0.6
22.0 0.7
21.4 0.8
21.1 0.8
20.9 0.8
20.6 0.7
20.4 0.6
20.1 0.6
20.0 0.4
19.9 0.6
19.8 0.6
19.7 0.6
19.6 0.5
19.5 0.5
19.4 0.5
19.3 0.6
19.3 0.6
19.3 0.7
19.3 0.9
19.3 0.9
19.2 0.9
19.2 1.1
19.0 1.1
18.9 1.3
18.7 1.3
18.5 1.3
18.4 1.4
18.2 1.4
18.1 1.3
18.0 1.3
18.0 1.2
17.9 1.1
17.9 1.1
17.9 1.0
18.0 0.9
18.2 0.9
18.3 0.8
18.5 0.7
18.6 0.7
18.8 0.7
19.0 0.7
19.2 0.7
19.5 0.6
19.9 0.7
20.2 0.6
20.5 0.6
20.9 0.6
21.2 0.6
21.5 0.5
21.6 0.6
21.7 0.6
21.7 0.6
21.6 0.6
21.6 0.7
21.7 0.7
21.8 0.7
21.9 0.6
22.2 0.6
22.4 0.6
22.6 0.6
22.7 0.7
22.8 0.9
22.8 1.4
22.7 1.8
22.7 2.5
22.6 3.1
22.6 3.8
22.5 4.4
22.5 4.8
22.4 4.8
22.4 4.6
22.4 4.7
22.4 4.1
22.4 3.8
22.4 3.4
22.3 3.2
22.3 3.0
22.3 2.8
22.2 2.8
22.2 2.7
22.2 2.6
22.1 2.6
22.1 2.6
22.0 2.6
21.9 2.5
21.8 2.2
21.7 2.1
21.6 2.1
21.5 1.9
21.4 1.9
21.3 1.9
21.1 1.9
21.0 1.8
20.9 1.9
20.8 1.9
20.7 1.9
20.6 1.9
20.5 2.0
20.4 2.0
20.4 2.0
20.3 2.2
20.2 2.1
20.1 2.1
20.0 2.3
19.9 2.3
19.8 2.2
19.7 2.2
19.6 2.3
19.4 2.3
19.3 2.3
19.2 2.4
19.1 2.5
19.0 2.7
18.8 2.6
18.7 2.8
18.6 2.7
18.5 2.8
18.4 2.7
18.3 2.8
18.2 2.7
18.1 2.8
18.0 3.0
18.0 3.2
17.9 3.2
17.8 3.5
17.8 3.7
17.7 3.9
17.6 4.0
17.6 4.2
17.6 4.2
17.6 4.3
17.6 4.5
17.6 4.4
17.6 4.6
17.7 4.6
17.7 4.6
17.8 4.6
17.9 4.7
18.0 4.7
18.1 4.6
18.3 4.6
18.4 4.4
18.5 4.4
18.7 4.4
18.8 4.3
19.0 4.3
19.1 4.3
19.3 4.4
19.5 4.3
19.7 4.3
19.8 4.2
20.0 4.2
20.2 4.3
20.4 4.3
20.6 4.2
20.8 4.3
20.9 4.2
21.1 4.2
21.2 4.3
21.4 4.2
21.5 4.3
21.7 4.3
21.8 4.3
21.9 4.3
21.9 4.3
22.1 4.3
22.1 4.3
22.2 4.5
22.2 4.3
22.3 4.4
22.3 4.4
22.3 4.5
22.3 4.4
22.2 4.4
22.2 4.5
22.2 4.5
22.1 4.4
22.1 4.4
22.0 4.4
22.0 4.5
21.9 4.5
21.9 4.5
21.8 4.5
21.8 4.5
21.7 4.4
21.6 4.5
21.6 4.5
21.5 4.5
21.4 4.5
21.3 4.5
21.2 4.5
21.2 4.5
21.1 4.4
21.0 4.4
20.9 4.4
20.8 4.4
20.7 4.3
20.6 4.4
20.5 4.3
20.4 4.3
20.3 4.2
20.2 4.2
20.1 4.3
20.0 4.3
19.9 4.2
19.8 4.2
19.7 4.1
19.6 4.1
19.6 4.1
19.5 4.1
19.4 4.0
19.3 4.1
19.2 4.0
19.1 4.1
19.0 4.0
19.0 3.9
18.9 3.9
18.8 4.0
18.8 3.9
18.7 3.9
18.7 3.8
18.6 3.8
18.6 3.9
18.7 3.9
18.7 3.7
18.7 3.8
18.8 3.8
18.8 3.8
18.9 3.7
18.9 3.7
19.0 3.7
19.2 3.7
19.3 3.7
19.5 3.7
19.7 3.6
19.9 3.7
20.1 3.7
20.4 3.7
20.6 3.6
20.9 3.6
21.1 3.5
21.4 3.6
21.6 3.6
21.9 3.6
22.2 3.5
22.4 3.5
22.6 3.5
22.8 3.5
23.1 3.6
23.2 3.5
23.4 3.5
23.6 3.6
23.7 3.5
23.8 3.5
23.9 3.4
24.1 3.4
24.1 3.4
24.2 3.4
24.2 3.4
24.2 3.4
24.2 3.4
24.2 3.5
24.2 3.4
24.2 3.4
24.1 3.4
24.0 3.4
24.0 3.4
23.9 3.3
23.8 3.4
23.7 3.3
23.6 3.2
23.5 3.3
23.4 3.2
23.3 3.2
23.3 3.2
23.2 3.2
23.1 3.3
23.1 3.2
23.0 3.2
22.9 3.2
22.9 3.2
22.8 3.2
22.7 3.2
22.7 3.2
22.6 3.2
22.5 3.2
22.5 3.2
22.4 3.2
22.3 3.2
22.3 3.1
22.2 3.1
22.1 3.1
22.0 3.1
21.9 3.1
21.8 3.0
21.7 3.1
21.6 3.1
21.5 3.1
21.4 3.1
21.2 3.1
21.1 3.1
21.0 3.1
20.9 3.1
20.8 3.1
20.6 3.0
20.5 3.0
20.4 3.1
20.3 3.0
20.2 3.1
20.2 3.0
20.0 3.0
20.0 3.0
19.9 3.0
19.8 3.0
19.7 3.0
19.6 2.9
19.5 2.9
19.4 2.9
19.4 2.9
19.3 2.9
19.3 2.9
19.3 2.9
19.3 2.8
19.3 2.8
19.4 2.8
19.5 2.8
19.7 2.9
19.9 2.8
20.0 2.8
20.1 2.8
20.3 2.8
20.5 2.8
20.7 2.7
21.1 2.8
21.4 2.7
21.5 2.7
21.7 2.8
21.9 2.7
21.9 2.7
22.0 2.6
22.1 2.5
22.2 2.7
22.2 2.6
22.3 2.7
22.3 2.5
22.2 2.6
22.2 2.6
22.2 2.6
22.2 2.6
22.2 2.6
22.2 2.6
22.2 2.5
22.2 2.6
22.3 2.6
22.3 2.6
22.3 2.6
22.3 2.5
22.2 2.5
22.1 2.5
22.0 2.5
21.9 2.5
21.8 2.5
21.7 2.5
21.6 2.5
21.5 2.4
21.4 2.4
21.3 2.5
21.3 2.5
21.2 2.4
21.1 2.5
21.0 2.4
20.9 2.4
20.8 2.4
20.8 2.4
20.7 2.4
20.6 2.4
20.5 2.4
20.4 2.3
20.3 2.2
20.3 2.3
20.2 2.3
20.2 2.3
20.2 2.3
20.2 2.3
20.1 2.3
20.1 2.3
20.1 2.3
20.1 2.3
20.0 2.2
20.0 2.2
20.0 2.2
19.8 2.1
19.5 2.1
19.3 2.0
18.4 1.9
17.7 1.9
17.5 1.5
17.2 1.7
17.1 1.7
16.9 1.8
15.2 1.5
15.3 1.7
15.3 1.5
15.2 1.5
15.1 1.5
15.1 1.3
15.0 1.3
15.1 1.5
15.2 1.5
15.2 1.7
15.2 1.8
15.2 2.0
15.3 1.9
15.3 2.0
15.3 1.9
15.3 2.1
15.3 2.3
15.3 2.3
15.4 2.2
15.4 2.4
15.5 2.3
15.6 2.5
15.7 2.3
15.9 2.5
16.0 2.7
16.2 2.8
16.4 2.7
16.5 2.8
16.6 2.7
16.7 3.0
16.8 2.6
16.9 2.8
17.0 2.8
17.2 2.8
17.3 2.9
17.4 2.9
17.6 2.7
17.6 3.1
17.8 2.9
17.9 3.1
18.1 3.2
18.3 3.1
18.5 3.3
18.7 3.1
18.9 3.1
19.1 3.3
19.2 3.1
19.4 3.2
19.5 3.1
19.6 3.2
19.7 3.2
19.8 3.2
19.9 3.3
20.0 3.3
20.1 3.1
20.2 3.3
20.2 3.4
20.3 3.5
20.3 3.4
20.3 3.6
20.4 3.7
20.4 3.8
20.4 3.8
20.4 3.9
20.5 3.8
20.5 3.9
20.5 3.9
20.5 3.9
20.5 4.0
20.5 4.1
20.5 4.1
20.6 4.0
20.6 4.1
20.6 4.1
20.6 4.0
20.7 4.1
20.7 4.1
20.7 4.0
20.7 4.0
20.8 3.9
20.8 4.0
20.8 3.9
20.8 3.9
20.8 3.9
20.8 3.7
20.7 3.8
20.7 3.7
20.7 3.6
20.6 3.6
20.6 3.5
20.6 3.5
20.6 3.4
20.5 3.3
20.5 3.3
20.4 3.2
20.4 3.1
20.4 3.2
20.3 3.1
20.2 2.9
20.2 2.8
20.1 2.7
20.1 2.7
20.0 2.7
20.0 2.6
19.9 2.6
19.9 2.5
19.8 2.5
19.8 2.5
19.8 2.4
19.7 2.4
19.6 2.3
19.4 2.1
19.4 2.1
19.3 2.1
19.2 2.0
19.2 1.9
19.1 1.8
19.0 1.7
19.0 1.6
19.0 1.7
19.0 1.6
19.0 1.6
19.0 1.5
19.1 1.6
19.2 1.6
19.2 1.8
19.2 1.8
19.2 1.9
19.3 2.0
19.3 2.1
19.3 2.1
19.3 2.2
19.3 2.3
19.3 2.3
19.3 1.9
19.4 2.1
19.4 2.1
19.4 2.1
19.4 2.0
19.5 2.1
19.5 2.3
19.5 2.5
19.6 2.4
19.6 2.6
19.6 2.5
19.6 2.6
19.6 2.5
19.6 2.8
19.6 2.6
19.6 2.8
19.5 2.8
19.5 2.9
19.5 3.0
19.5 3.1
19.5 3.1
19.5 3.2
19.5 3.3
19.5 3.6
19.5 4.0
19.4 3.6
19.4 3.9
19.4 3.8
19.4 4.6
19.3 4.5
19.3 4.2
19.3 4.4
19.3 4.3
19.2 4.2
19.2 4.4
19.2 4.3
19.2 3.9
19.1 4.3
19.1 4.4
19.1 4.2
19.0 4.5
19.0 4.4
19.0 4.3
18.9 4.2
18.9 4.2
18.9 4.2
18.8 4.1
18.8 4.0
18.8 4.3
18.7 4.3
18.7 4.3
18.7 4.3
18.6 4.6
18.6 4.4
18.6 4.3
18.5 4.3
18.5 4.4
18.5 4.3
18.4 4.1
18.4 4.0
18.4 4.0
18.3 4.0
18.3 4.0
18.2 3.8
18.2 3.8
18.1 3.8
18.0 3.7
18.0 3.6
17.9 3.8
17.8 3.7
17.8 3.5
17.7 3.5
17.6 3.5
17.6 3.5
17.6 3.5
17.5 3.3
17.5 3.4
17.5 3.5
17.5 3.3
17.4 3.2
17.4 3.3
17.4 3.3
17.4 3.3
17.4 3.3
17.4 3.5
17.4 3.3
17.4 3.4
17.3 3.4
17.3 3.5
17.3 3.5
17.3 3.6
17.3 3.5
17.4 3.7
17.4 3.6
17.4 3.5
17.4 3.5
17.4 3.6
17.4 3.6
17.4 3.6
17.4 3.6
17.4 3.5
17.4 3.7
17.4 3.6
17.4 3.6
17.4 3.5
17.3 3.5
17.3 3.6
17.3 3.7
17.3 3.6
17.3 3.7
17.3 3.6
17.2 3.7
17.2 3.7
17.2 3.7
17.2 3.9
17.2 3.9
17.2 3.8
17.2 3.9
17.1 3.9
17.1 3.9
17.1 3.7
17.1 3.9
17.1 4.0
17.0 4.0
17.0 3.9
17.0 4.1
17.0 4.1
17.0 4.2
17.0 4.1
17.0 4.2
17.0 4.2
17.0 4.3
17.0 4.2
17.0 4.4
16.9 4.3
16.9 4.4
16.9 4.3
16.9 4.4
16.9 4.4
16.9 4.5
16.9 4.4
16.9 4.5
16.9 4.4
16.9 4.5
16.8 4.4
16.8 4.5
16.8 4.5
16.8 4.5
16.8 4.6
16.8 4.6
16.8 4.6
16.8 4.6
16.8 4.5
16.8 4.7
16.8 4.7
16.8 4.7
16.7 4.7
16.7 4.8
16.7 4.8
16.7 4.9
16.7 4.9
16.7 4.9
16.7 4.9
16.7 4.9
16.6 4.9
16.6 4.9
16.6 5.0
16.6 5.0
16.6 4.8
16.6 4.9
16.6 5.0
16.6 5.1
16.6 5.1
16.6 5.1
16.6 5.0
16.6 5.1
16.6 5.1
16.6 5.2
16.6 5.2
16.6 5.2
16.6 5.3
16.6 5.2
16.6 5.3
16.6 5.3
16.6 5.4
16.7 5.4
16.7 5.5
16.7 5.5
16.7 5.4
16.7 5.4
16.7 5.5
16.8 5.6
16.8 5.6
16.8 5.6
16.8 5.6
16.8 5.6
16.9 5.6
16.9 5.6
16.9 5.6
16.9 5.6
17.0 5.6
17.0 5.6
17.0 5.6
17.0 5.6
17.0 5.5
17.0 5.6
17.0 5.5
17.0 5.6
17.0 5.6
16.9 5.5
16.9 5.5
16.9 5.5
16.9 5.6
16.9 5.5
16.9 5.5
16.9 5.5
16.9 5.6
16.9 5.5
16.9 5.5
16.8 5.5
16.8 5.5
16.8 5.5
16.8 5.6
16.8 5.6
16.8 5.6
16.8 5.5
16.8 5.6
16.8 5.5
16.7 5.5
16.7 5.4
16.7 5.4
16.7 5.4
16.7 5.4
16.7 5.4
16.7 5.3
16.7 5.4
16.6 5.3
16.6 5.3
16.6 5.3
16.6 5.2
16.6 5.2
16.6 5.2
16.6 5.2
16.6 5.2
16.5 5.1
16.5 5.1
16.5 5.1
16.5 5.0
16.5 5.0
16.4 5.0
16.4 5.0
16.4 4.9
16.4 4.9
16.4 4.9
16.4 4.9
16.3 4.9
16.3 4.9
16.3 4.8
16.3 4.8
16.2 4.8
16.2 4.8
16.2 4.8
16.2 4.7
16.2 4.7
16.2 4.8
16.2 4.6
16.2 4.7
16.3 4.7
16.3 4.7
16.3 4.7
16.3 4.7
16.4 4.7
16.4 4.7
16.5 4.7
16.5 4.7
16.6 4.7
16.7 4.7
16.8 4.7
16.9 4.7
17.0 4.7
17.0 4.6
17.2 4.7
17.3 4.7
17.4 4.7
17.4 4.7
17.5 4.7
17.6 4.7
17.6 4.7
17.7 4.7
17.7 4.7
17.7 4.7
17.8 4.7
17.8 4.7
17.8 4.8
17.9 4.7
17.9 4.7
17.9 4.6
17.9 4.7
17.9 4.7
18.0 4.7
18.0 4.7
17.9 4.7
17.9 4.7
17.9 4.7
17.9 4.7
17.8 4.7
17.8 4.7
17.8 4.7
17.8 4.7
17.7 4.7
17.7 4.7
17.7 4.7
17.7 4.7
17.6 4.6
17.6 4.7
17.6 4.6
17.5 4.6
17.5 4.6
17.5 4.6
17.4 4.6
17.4 4.5
17.3 4.5
17.3 4.4
17.2 4.5
17.2 4.4
17.2 4.4
17.1 4.3
17.1 4.3
17.0 4.2
17.0 4.1
16.9 4.1
16.9 4.0
16.8 4.0
16.8 4.0
16.8 3.9
16.8 3.9
16.7 3.9
16.7 3.8
16.7 3.8
16.7 3.8
16.7 3.8
16.6 3.8
16.6 3.7
16.6 3.7
16.6 3.6
16.6 3.6
16.6 3.4
16.5 3.3
16.5 3.1
16.4 3.1
16.4 3.0
16.4 3.0
16.4 2.9
16.3 2.9
16.3 2.9
16.3 2.8
16.3 2.8
16.2 2.8
16.2 2.8
16.2 2.8
16.2 2.8
16.2 2.8
16.1 2.9
16.1 3.0
16.1 3.0
16.1 3.0
16.1 3.0
16.0 3.1
16.0 2.9
16.0 3.0
16.0 3.0
16.0 3.1
16.0 3.0
16.0 3.0
16.1 3.0
16.1 3.1
16.1 2.9
16.1 2.9
16.2 3.0
16.2 3.1
16.3 2.8
16.3 2.9
16.4 3.0
16.4 3.1
16.5 3.0
16.5 3.1
16.6 2.9
16.6 3.1
16.6 3.0
16.7 3.1
16.8 3.2
16.9 3.2
16.9 3.1
17.0 3.3
17.1 3.3
17.1 3.3
17.1 3.3
17.2 3.4
17.2 3.4
17.2 3.4
17.2 3.3
17.2 3.4
17.2 3.4
17.2 3.6
17.2 3.4
17.2 3.5
17.2 3.6
17.2 3.6
17.2 3.6
17.2 3.6
17.2 3.6
17.1 3.6
17.1 3.5
17.1 3.5
17.1 3.6
17.1 3.7
17.0 3.6
17.0 3.6
17.0 3.6
17.0 3.7
17.0 3.8
17.0 3.6
17.0 3.7
17.0 3.7
17.0 3.6
17.0 3.7
17.0 3.7
17.0 3.7
17.0 3.6
16.9 3.8
16.9 3.7
16.9 3.7
16.9 3.7
16.9 3.6
16.9 3.7
16.8 3.7
16.8 3.7
16.8 3.6
16.8 3.7
16.8 3.7
16.8 3.6
16.8 3.7
16.8 3.6
16.7 3.6
16.7 3.4
16.7 3.6
16.7 3.6
16.7 3.6
16.7 3.5
16.6 3.5
16.6 3.5
16.6 3.4
16.6 3.3
16.6 3.4
16.6 3.4
16.6 3.4
16.6 3.3
16.6 3.3
16.6 3.3
16.6 3.3
16.6 3.2
16.6 3.2
16.7 3.2
16.7 3.1
16.7 3.1
16.8 3.1
16.8 3.2
16.9 3.2
16.9 3.1
17.0 3.1
17.0 3.1
17.1 3.1
17.2 3.0
17.2 3.2
17.3 3.1
17.4 3.1
17.5 3.1
17.5 3.1
17.6 3.1
17.7 3.1
17.8 3.0
17.9 3.1
17.9 3.1
18.0 3.1
18.0 3.1
18.1 3.1
18.2 3.1
18.2 3.1
18.3 3.1
18.4 3.1
18.4 3.0
18.5 3.1
18.5 3.0
18.5 3.1
18.6 3.0
18.6 3.0
18.6 3.0
18.6 3.0
18.6 3.0
18.6 2.9
18.6 3.0
18.6 2.9
18.6 3.0
18.6 3.0
18.6 2.8
18.7 2.9
18.7 2.9
18.7 2.8
18.7 2.9
18.8 2.8
18.8 2.8
18.8 2.8
18.8 2.7
18.8 2.8
18.9 2.7
18.9 2.7
18.9 2.7
19.0 2.7
19.0 2.7
19.0 2.6
19.0 2.6
19.0 2.6
19.0 2.6
19.0 2.6
19.0 2.5
18.9 2.6
18.9 2.5
18.9 2.5
18.9 2.5
18.8 2.5
18.8 2.4
18.8 2.4
18.7 2.4
18.7 2.4
18.7 2.4
18.6 2.3
18.6 2.4
18.6 2.3
18.6 2.4
18.5 2.3
18.5 2.4
18.5 2.4
18.5 2.4
18.5 2.4
18.5 2.4
18.5 2.5
18.4 2.5
18.4 2.6
18.4 2.6
18.4 2.6
18.5 2.6
18.5 2.7
18.5 2.7
18.5 2.7
18.6 2.8
18.6 2.8
18.6 2.8
18.7 2.9
18.7 2.9
18.8 3.0
18.8 3.1
18.9 3.1
19.0 3.2
19.0 3.3
19.1 3.4
19.2 3.5
19.3 3.5
19.4 3.6
19.5 3.7
19.6 3.6
19.7 3.7
19.8 3.8
19.9 3.9
20.0 3.9
20.2 4.0
20.3 3.9
20.3 4.0
20.4 3.9
20.4 4.0
20.5 4.0
20.6 3.9
20.7 3.9
20.8 3.9
20.8 3.8
21.0 3.8
21.0 3.8
21.1 3.7
21.1 3.7
21.2 3.6
21.2 3.6
21.3 3.5
21.3 3.4
21.4 3.4
21.4 3.3
21.4 3.3
21.4 3.2
21.4 3.1
21.4 3.2
21.4 3.1
21.3 3.1
21.3 3.0
21.3 3.0
21.3 3.0
21.3 3.0
21.2 3.0
21.2 3.0
21.2 2.9
21.1 2.9
21.1 3.0
21.0 3.0
21.0 3.0
21.0 3.0
20.9 3.1
20.8 3.2