0 82.0
0 77.1
0 76.8
0 79.2
0 81.4
0 90.2
0 89.3
9 86.1
112 84.3
146 80.0
483 70.1
395 61.5
490 60.2
652 56.0
458 53.8
405 53.1
674 48.9
573 44.7
380 44.1
19 77.1
2 90.9
0 96.2
0 94.9
0 94.8
0 94.4
0 94.7
0 96.1
0 96.8
0 97.3
0 97.7
0 97.6
11 96.8
123 94.5
249 88.5
327 82.1
326 78.7
399 75.1
543 71.0
702 63.7
692 56.9
199 60.7
150 75.4
130 88.6
208 77.4
61 72.1
3 75.3
0 83.7
0 90.3
0 97.3
0 97.4
0 97.1
0 96.9
0 96.8
0 96.6
0 96.4
8 95.7
88 93.6
101 90.6
73 90.1
98 94.3
166 94.5
205 94.2
128 93.5
111 95.2
221 95.5
245 92.4
162 92.1
43 91.5
15 93.5
1 95.1
0 96.6
0 97.0
0 97.3
0 97.9
0 98.0
0 98.7
0 98.6
0 96.0
0 94.3
3 94.8
43 94.5
206 91.8
456 79.7
619 71.5
610 66.0
374 64.4
405 59.9
222 62.9
294 61.3
316 60.7
457 59.1
76 65.2
31 88.6
3 94.3
0 95.8
0 97.1
0 98.2
0 98.0
0 98.2
0 99.4
0 99.2
0 99.2
0 98.5
13 99.2
132 99.2
268 95.3
401 80.4
694 65.4
789 57.8
667 50.8
590 42.4
418 41.7
440 40.6
159 44.7
161 82.2
106 84.0
40 85.0
4 88.2
0 94.6
0 93.7
0 93.3
0 93.7
0 95.4
0 95.7
0 94.2
0 94.0
0 92.9
12 93.8
54 90.8
94 86.4
338 81.1
562 73.3
440 66.8
364 66.2
187 77.6
155 90.7
106 93.0
64 94.9
48 95.6
14 96.6
11 97.0
1 96.0
0 97.0
0 96.5
0 97.0
0 97.6
0 97.6
0 98.1
0 98.9
0 99.3
0 99.2
20 99.2
169 98.8
349 90.3
506 77.4
517 70.5
459 67.4
520 64.0
670 59.8
588 55.9
516 54.3
450 52.1
408 50.5
219 48.6
86 56.5
5 70.0
0 81.6
0 89.6
0 94.9
0 96.9
0 98.0
0 98.6
0 98.8
0 99.2
0 99.3
35 99.8
191 98.1
350 84.0
526 73.1
685 64.4
796 60.4
733 56.3
919 50.8
824 51.1
656 47.1
395 49.0
263 53.2
66 59.2
72 60.9
13 64.1
0 69.4
0 73.8
0 74.7
0 76.3
0 75.3
0 77.8
0 82.5
0 85.7
0 89.9
32 91.5
181 85.4
373 76.5
469 68.6
628 62.7
796 55.5
883 49.3
922 45.5
921 41.7
862 39.6
706 36.6
511 36.1
318 37.1
110 38.6
7 43.6
0 50.4
0 55.0
0 68.3
0 78.7
0 83.5
0 91.6
0 94.4
0 95.6
0 97.0
14 97.7
107 99.4
347 95.0
555 64.5
708 41.8
816 34.8
890 30.8
906 29.3
896 26.8
767 25.1
564 25.2
317 26.7
190 29.3
113 32.7
7 43.6
0 53.0
0 65.3
0 74.6
0 83.2
0 90.8
0 93.0
0 96.4
0 97.5
0 98.0
35 98.4
166 94.7
348 75.2
542 57.3
713 49.5
831 42.2
884 35.3
859 34.8
893 33.3
786 31.8
658 31.4
503 33.0
299 37.4
77 42.5
9 51.9
0 60.4
0 70.5
0 81.9
0 90.4
0 94.6
0 95.7
0 95.0
0 94.3
0 88.7
18 85.2
163 83.3
305 70.1
470 54.5
404 48.9
304 43.0
292 44.8
360 47.6
326 51.6
152 70.3
124 77.0
111 79.6
54 87.6
35 92.2
3 90.2
0 90.0
0 88.1
0 88.3
0 87.8
0 87.6
0 89.6
0 92.2
0 93.6
0 93.6
8 93.0
87 93.0
283 89.1
306 86.5
303 81.7
330 79.8
301 80.6
454 78.0
863 72.2
788 67.6
491 66.6
294 66.4
137 67.9
90 66.6
6 70.5
0 79.6
0 80.4
0 82.0
0 84.5
0 86.2
0 88.3
0 91.4
0 93.2
0 94.6
15 96.7
84 96.3
209 92.2
279 88.6
540 82.1
420 75.6
342 73.7
394 74.3
694 68.0
469 63.4
420 83.9
520 66.2
109 73.0
62 66.8
11 74.2
0 87.5
0 94.2
0 95.4
0 92.7
0 95.1
0 92.9
0 92.4
0 94.6
0 95.4
38 94.7
137 90.7
361 84.9
503 78.4
688 70.8
800 58.2
838 57.4
787 52.4
654 49.4
597 49.3
494 50.0
332 50.5
245 53.0
114 56.0
7 64.0
0 72.0
0 73.0
0 74.1
0 76.6
0 75.6
0 77.0
0 78.6
0 80.6
0 82.0
20 83.9
152 80.9
337 74.3
417 69.2
568 65.5
590 60.1
385 60.4
212 66.1
341 74.3
383 73.6
545 62.2
500 57.2
149 59.8
68 65.4
11 70.9
0 76.0
0 78.9
0 83.6
0 85.1
0 87.2
0 86.2
0 85.7
0 80.1
0 82.4
29 84.7
175 81.6
337 77.8
413 73.0
616 66.5
594 57.3
390 55.2
342 52.0
384 52.7
596 49.1
537 41.8
260 45.5
152 46.9
99 49.4
6 53.3
0 56.5
0 61.9
0 65.5
0 65.0
0 67.0
0 73.1
0 78.6
0 85.6
0 86.4
10 79.1
99 75.7
344 70.5
539 59.6
448 56.0
344 56.5
464 53.8
843 50.2
727 49.0
574 48.0
550 46.5
206 48.2
211 48.8
75 51.3
11 53.6
0 59.1
0 71.7
0 81.1
0 87.4
0 91.1
0 95.1
0 96.4
0 97.2
0 97.5
43 97.8
171 93.3
347 78.4
478 71.4
609 69.7
604 71.6
728 66.3
775 58.9
775 53.3
844 48.7
691 44.6
528 43.0
332 44.6
127 49.1
10 54.2
0 65.3
0 76.3
0 77.0
0 79.5
0 79.4
0 78.8
0 80.0
0 81.3
1 82.2
45 79.8
184 78.5
263 74.0
192 72.4
256 69.4
393 66.2
572 63.6
418 63.0
302 63.5
232 62.4
119 62.3
86 65.3
41 77.9
36 80.6
26 76.9
0 76.4
0 74.7
0 73.8
0 74.4
0 78.0
0 84.7
0 94.6
0 96.8
0 98.5
11 99.0
90 99.1
175 96.3
374 86.1
319 82.3
446 77.4
335 72.1
169 77.5
245 91.8
400 88.0
503 61.2
246 55.7
62 71.2
62 91.7
4 89.2
0 93.9
0 93.8
0 94.8
0 95.9
0 96.1
0 95.5
0 93.3
0 91.9
0 93.0
4 95.3
34 94.6
88 93.9
110 90.4
103 92.2
176 92.5
148 89.8
258 85.3
220 83.6
201 80.7
294 83.4
123 86.4
62 93.3
28 91.7
4 93.9
0 94.3
0 93.0
0 87.8
0 86.9
0 89.1
0 90.9
0 88.3
0 90.2
0 92.2
14 88.4
105 84.9
383 77.0
542 66.5
634 55.3
494 52.5
567 49.7
572 47.2
461 47.5
197 50.0
168 53.1
92 64.6
93 83.7
110 76.3
12 83.4
0 92.4
0 96.0
0 97.5
0 98.0
0 98.3
0 98.7
0 98.9
0 99.0
1 99.3
29 99.5
147 99.8
395 89.6
577 66.6
635 57.3
805 54.6
815 52.4
704 49.2
867 45.6
777 40.9
640 39.1
538 37.0
284 38.9
143 40.1
13 52.3
0 61.4
0 69.3
0 82.0
0 90.2
0 95.1
0 96.8
0 97.5
0 98.1
0 99.0
42 99.2
215 97.0
406 84.0
584 71.0
716 55.4
706 48.5
806 44.8
533 44.7
372 44.8
309 46.1
156 48.6
161 51.5
93 56.6
46 59.7
10 69.6
0 75.1
0 82.8
0 79.4
0 71.3
0 80.5
0 87.0
0 89.5
0 91.7
1 94.1
58 94.0
212 86.1
402 66.0
580 56.7
738 49.8
856 46.8
948 44.7
967 42.6
935 41.1
847 39.5
701 37.0
550 35.7
342 37.2
125 40.9
14 49.2
0 64.6
0 74.9
0 83.1
0 87.9
0 84.0
0 62.1
0 64.0
0 70.6
0 70.2
21 70.4
87 65.2
95 63.1
146 61.7
210 63.7
145 62.9
140 60.4
121 81.9
211 88.6
104 91.6
144 93.2
46 93.6
52 94.3
16 95.3
3 95.2
0 95.1
0 94.8
0 94.3
0 95.9
0 96.6
0 95.8
0 96.8
0 97.8
0 98.7
6 98.7
31 98.9
80 99.1
143 98.0
174 96.9
121 94.4
213 92.5
168 91.0
143 90.8
106 92.0
70 93.2
71 96.1
47 96.8
30 97.3
3 97.5
0 98.0
0 98.5
0 98.6
0 98.7
0 98.8
0 98.9
0 99.0
0 99.4
0 99.8
13 99.8
58 99.8
224 98.8
169 93.2
356 87.9
780 82.2
726 69.2
414 65.8
336 81.3
614 72.5
544 62.5
304 58.5
136 60.6
135 63.7
21 72.9
0 87.2
0 93.8
0 95.8
0 97.1
0 97.5
0 97.7
0 97.6
0 97.4
0 96.9
25 96.5
173 94.0
200 79.9
167 76.2
98 83.8
74 94.1
262 94.9
159 91.2
51 93.8
149 95.9
103 95.3
72 96.5
118 96.7
85 95.9
10 96.7
0 97.5
0 97.4
0 97.5
0 97.8
0 97.5
0 97.7
0 98.0
0 98.0
0 98.1
37 96.7
137 94.7
194 89.7
281 83.6
230 77.6
697 70.7
689 63.1
760 57.2
750 49.8
581 46.8
568 46.0
478 46.8
307 49.6
130 52.7
17 59.2
0 73.6
0 87.1
0 94.1
0 96.5
0 97.2
0 97.3
0 97.6
0 98.0
1 98.5
37 98.9
120 99.1
264 94.6
448 78.2
610 65.7
711 53.5
726 44.3
830 42.2
817 38.9
722 37.3
578 37.8
476 38.0
324 35.4
148 36.4
21 45.8
0 61.5
0 77.1
0 89.8
0 95.5
0 96.7
0 97.9
0 98.9
0 98.1
1 98.1
71 97.6
210 96.5
356 87.3
518 72.4
665 53.5
812 36.9
888 34.9
932 32.5
915 30.9
829 29.9
689 27.5
524 27.5
340 28.7
149 32.4
17 51.0
0 64.8
0 77.4
0 80.9
0 85.2
0 87.1
0 90.2
0 92.3
0 92.4
1 92.7
44 91.5
190 80.3
358 68.9
536 62.1
698 53.1
840 51.6
923 39.2
946 34.3
920 33.0
839 30.4
694 26.0
525 28.4
338 29.0
151 34.8
17 50.8
0 61.8
0 72.0
0 79.2
0 82.9
0 81.4
0 78.6
0 81.3
0 82.3
1 86.7
33 83.6
172 70.4
351 62.8
466 60.3
634 57.3
805 54.3
719 49.5
789 44.8
898 42.3
695 39.2
480 40.3
420 41.4
210 44.6
133 47.2
11 57.0
0 72.7
0 83.6
0 87.4
0 89.3
0 90.9
0 92.3
0 93.6
0 94.0
1 94.5
42 94.7
168 88.1
316 81.7
507 74.5
684 67.0
724 51.8
798 49.4
290 68.7
353 82.9
239 78.9
96 81.6
11 91.9
77 95.7
48 96.6
6 97.1
0 97.6
0 98.1
0 98.6
0 98.8
0 98.9
0 99.1
0 98.7
0 99.1
0 98.9
14 99.1
126 98.8
171 95.5
368 87.1
462 78.8
630 75.6
147 81.4
385 90.4
584 82.1
169 86.2
398 88.4
328 83.2
129 84.0
62 87.1
11 91.9
0 95.5
0 95.6
0 97.2
0 97.1
0 97.5
0 98.1
0 98.4
0 98.4
0 98.5
9 98.6
52 98.6
76 96.1
163 93.7
547 82.6
645 74.2
703 67.8
568 61.8
689 57.7
391 56.9
451 54.6
276 57.5
164 64.7
72 72.6
10 78.3
0 88.2
0 94.6
0 96.8
0 96.7
0 97.1
0 97.7
0 90.4
0 87.7
0 94.0
4 94.3
18 97.4
69 96.4
93 95.7
110 94.0
353 87.9
553 78.4
434 71.4
512 78.2
665 69.2
434 72.2
568 70.2
269 67.9
69 74.6
24 80.7
0 88.4
0 92.6
0 95.9
0 97.6
0 98.1
0 98.6
0 98.8
0 98.7
1 98.4
57 98.2
193 91.4
364 82.6
365 77.2
526 72.0
660 66.3
687 63.5
609 61.7
384 60.4
208 64.6
196 69.3
92 84.5
100 91.4
46 90.5
20 90.9
0 92.4
0 91.2
0 93.1
0 96.0
0 97.5
0 98.1
0 98.3
0 98.8
1 99.1
26 98.6
132 97.4
254 89.8
498 78.7
635 70.8
604 65.1
701 58.8
886 53.4
876 48.2
790 44.4
682 41.8
498 41.7
302 42.8
145 46.0
24 58.4
0 71.0
0 80.7
0 91.0
0 95.1
0 97.0
0 97.5
0 98.3
0 98.8
1 98.8
49 97.7
198 95.9
377 85.7
552 74.0
707 58.7
830 48.3
907 44.9
929 45.6
901 43.1
816 42.2
672 42.0
518 42.9
325 44.5
161 48.0
22 58.2
0 71.2
0 79.7
0 81.0
0 88.1
0 89.8
0 93.1
0 95.9
0 96.8
1 96.3
38 97.2
176 93.7
345 83.8
490 75.5
691 59.3
808 54.7
876 51.1
843 48.9
834 46.3
786 44.4
676 44.3
459 44.0
275 46.0
138 52.6
22 64.1
0 72.8
0 83.1
0 87.9
0 91.9
0 93.5
0 93.6
0 92.7
0 92.5
1 91.9
36 95.5
67 94.8
185 89.5
291 79.3
355 73.5
669 70.6
723 64.4
612 62.6
492 58.9
572 54.0
636 50.8
303 52.3
156 61.5
41 65.0
5 83.3
0 94.8
0 94.3
0 93.4
0 94.5
0 94.8
0 95.6
0 96.2
0 97.0
0 97.8
23 97.0
65 96.5
129 94.4
181 90.7
484 84.6
465 77.0
423 75.0
719 68.4
542 65.8
726 65.5
606 61.1
180 65.3
190 74.7
164 77.9
29 84.6
1 87.8
0 91.9
0 92.6
0 95.3
0 97.3
0 97.9
0 98.3
0 98.7
1 97.8
36 98.1
145 94.7
208 89.6
216 87.6
264 84.4
127 87.9
548 86.5
694 80.9
723 71.5
642 70.0
505 69.2
298 69.3
72 92.7
75 94.9
17 95.3
0 95.5
0 96.3
0 96.7
0 97.6
0 95.3
0 95.8
0 97.8
0 98.1
0 97.5
11 97.8
78 96.4
133 93.0
174 89.6
446 85.8
496 80.4
514 76.0
839 73.2
781 68.7
782 66.0
599 65.8
482 66.3
179 68.4
73 74.8
8 78.4
0 82.5
0 91.8
0 91.4
0 87.9
0 88.7
0 92.4
0 97.1
0 97.5
0 97.8
29 98.4
118 97.2
194 92.0
127 92.0
171 86.7
356 93.0
719 86.4
761 76.7
579 67.9
287 79.5
656 78.8
133 83.4
53 93.7
107 94.2
20 94.7
0 95.4
0 96.6
0 97.2
0 98.0
0 98.1
0 98.2
0 98.1
0 98.0
0 97.6
9 97.8
32 97.8
107 97.1
177 93.5
475 86.0
655 77.4
785 71.7
724 67.8
740 64.5
695 63.6
500 63.7
469 62.5
233 63.5
129 66.6
19 72.7
0 75.5
0 82.9
0 95.5
0 94.9
0 93.3
0 92.5
0 92.7
0 93.5
1 92.7
15 93.0
32 93.9
149 91.5
216 85.5
342 80.5
531 74.7
737 68.6
429 66.2
370 76.8
464 80.2
272 75.1
360 75.4
277 79.6
189 74.5
29 77.6
1 86.3
0 93.3
0 95.8
0 97.1
0 98.2
0 98.3
0 98.5
0 98.7
1 99.1
59 99.2
203 90.4
371 79.8
545 74.3
700 69.9
823 64.7
792 55.2
925 51.0
828 47.0
677 44.2
510 45.6
290 50.4
174 57.0
60 65.8
21 69.2
0 78.0
0 85.8
0 89.3
0 90.6
0 91.9
0 90.1
0 92.5
0 94.8
1 96.6
57 95.1
90 88.5
231 81.8
532 69.0
679 62.6
819 57.5
893 52.9
874 52.0
872 51.0
718 49.3
693 49.2
519 50.5
357 51.4
180 52.9
18 59.2
1 66.6
0 69.6
0 68.2
0 69.4
0 78.2
0 85.1
0 88.2
0 86.9
1 84.9
47 83.1
184 72.9
356 69.9
529 68.1
681 65.4
812 64.3
918 58.6
800 56.5
857 52.6
750 50.3
656 49.4
466 50.6
342 50.6
170 55.3
23 65.7
1 75.4
0 82.0
0 87.6
0 88.6
0 91.9
0 94.6
0 96.7
0 97.9
1 97.8
52 97.3
191 92.4
360 84.1
532 73.1
672 62.7
710 57.6
849 53.3
930 52.2
909 49.8
824 47.1
637 47.3
535 47.0
356 48.1
180 51.1
19 66.4
0 78.2
0 87.0
0 89.4
0 93.3
0 96.0
0 96.6
0 97.3
0 97.4
1 97.7
54 97.4
190 93.0
353 84.6
524 77.5
675 69.1
787 61.9
882 52.4
875 53.2
914 50.1
827 49.4
684 49.6
478 50.9
303 52.4
88 65.6
18 73.0
0 81.9
0 87.3
0 83.1
0 74.7
0 81.4
0 87.3
0 90.3
0 94.7
1 96.5
49 97.2
181 91.6
342 78.7
503 70.3
609 65.0
760 58.5
626 55.8
855 54.2
724 53.3
870 57.9
661 58.0
347 60.0
241 68.6
105 72.3
23 76.7
0 82.1
0 86.3
0 88.2
0 89.0
0 92.8
0 94.4
0 94.7
0 95.5
1 95.9
40 96.1
184 91.5
357 81.1
530 69.9
669 64.6
779 61.6
834 59.4
794 58.0
893 54.7
686 55.7
627 53.9
94 60.7
104 90.3
27 88.5
14 88.6
0 85.2
0 82.9
0 90.9
0 94.6
0 95.5
0 97.2
0 95.9
0 94.9
0 94.7
17 95.4
25 93.9
128 90.0
259 85.4
468 74.1
591 66.9
684 65.5
742 64.2
637 66.8
706 60.8
535 61.8
482 59.6
332 59.9
79 64.4
3 71.6
0 93.5
0 93.6
0 92.7
0 91.5
0 95.2
0 94.5
0 94.1
0 93.4
1 94.2
22 94.2
97 91.3
229 87.6
415 80.9
320 88.7
764 76.7
733 70.6
643 67.6
857 64.2
730 58.6
255 62.8
34 86.4
28 96.0
22 96.8
12 97.1
1 97.6
0 97.8
0 97.9
0 98.2
0 98.2
0 98.7
0 99.1
0 99.4
1 99.4
23 99.7
68 99.6
191 98.2
173 94.1
346 89.5
481 80.7
695 76.2
718 71.0
821 66.6
667 63.3
449 60.4
298 65.2
200 71.1
80 77.4
12 85.0
0 82.9
0 80.1
0 80.7
0 86.8
0 89.0
0 90.6
0 93.8
0 95.8
0 96.0
22 94.8
102 89.3
165 83.9
396 77.2
333 73.0
642 77.1
372 71.8
534 84.0
771 72.5
66 75.5
57 93.1
273 93.0
73 90.7
73 93.5
50 93.9
0 95.7
0 96.5