2.95 146
2.94 146
2.95 146
2.94 146
2.94 146
2.94 146
2.95 146
2.95 146
2.94 146
2.94 146
2.94 146
2.94 146
2.95 146
2.94 146
2.95 146
2.96 146
2.94 146
2.95 146
2.94 146
2.94 146
2.95 146
2.94 146
2.96 146
2.94 146
2.96 146
2.94 146
2.94 146
2.94 146
2.94 146
2.96 146
2.95 146
2.94 146
2.95 146
2.94 146
2.94 146
2.93 146
2.93 146
2.96 146
2.94 147
2.93 147
2.94 147
2.94 147
2.94 147
2.94 147
2.94 147
2.94 147
2.96 147
2.94 147
2.95 147
2.94 147
2.94 147
2.94 147
2.96 147
2.94 147
2.94 147
2.94 147
2.94 147
2.94 147
2.94 147
2.95 147
2.94 147
2.94 146
2.94 146
2.94 146
2.94 146
2.93 146
2.94 146
2.96 146
2.94 146
2.94 146
2.95 146
2.94 146
2.95 146
2.94 146
2.94 146
2.95 146
2.94 146
2.93 146
2.94 146
2.94 146
2.94 146
2.93 146
2.93 146
2.93 146
2.94 146
2.93 146
2.95 146
2.95 146
2.95 146
2.94 146
2.93 146
2.93 146
2.93 146
2.94 146
2.93 146
2.93 146
2.95 146
2.93 146
2.95 146
2.93 146
2.95 146
2.94 146
2.95 146
2.94 146
2.93 146
2.93 146
2.94 146
2.93 146
2.93 146
2.93 146
2.93 146
2.93 146
2.93 146
2.93 146
2.92 146
2.93 146
2.94 146
2.93 146
2.93 146
2.94 146
2.92 146
2.93 146
2.92 146
2.93 146
2.92 146
2.93 146
2.93 146
2.94 146
2.92 146
2.92 146
2.92 146
2.92 146
2.92 146
2.92 146
2.92 146
2.92 146
2.94 146
2.92 147
2.92 147
2.92 147
2.92 147
2.92 147
2.92 147
2.94 147
2.93 147
2.92 147
2.93 147
2.92 147
2.92 147
2.92 147
2.92 147
2.94 147
2.92 147
2.92 147
2.92 147
2.92 146
2.93 146
2.92 146
2.92 146
2.92 146
2.91 146
2.93 146
2.92 146
2.93 146
2.93 146
2.92 146
2.91 146
2.91 146
2.92 146
2.92 146
2.92 146
2.91 146
2.91 146
2.91 146
2.93 146
2.93 146
2.93 146
2.91 146
2.92 146
2.91 146
2.93 146
2.91 146
2.92 146
2.91 146
2.91 146
2.92 146
2.92 146
2.91 146
2.92 146
2.91 146
2.91 146
2.92 146
2.91 146
2.92 146
2.91 146
2.91 146
2.91 146
2.91 146
2.91 146
2.91 147
2.91 147
2.91 147
2.92 147
2.91 147
2.91 147
2.92 147
2.93 147
2.91 147
2.91 147
2.91 147
2.91 147
2.93 147
2.91 147
2.91 147
2.91 147
2.91 147
2.91 147
2.92 148
2.91 148
2.91 148
2.90 148
2.92 148
2.90 148
2.91 148
2.90 148
2.91 148
2.90 148
2.92 148
2.91 148
2.92 148
2.90 148
2.91 148
2.90 148
2.90 148
2.90 148
2.90 148
2.90 148
2.90 148
2.90 148
2.91 148
2.91 148
2.92 148
2.92 148
2.92 148
2.91 148
2.91 148
2.90 148
2.91 148
2.91 148
2.90 148
2.90 148
2.90 148
2.91 148
2.92 148
2.90 148
2.91 147
2.90 147
2.90 147
2.90 147
2.90 147
2.91 147
2.91 147
2.92 147
2.92 147
2.90 147
2.91 147
2.90 147
2.90 147
2.91 147
2.91 147
2.92 147
2.90 147
2.91 147
2.90 147
2.90 147
2.91 147
2.91 147
2.91 147
2.91 147
2.90 147
2.90 147
2.91 147
2.90 147
2.92 147
2.90 147
2.92 147
2.90 147
2.90 147
2.90 147
2.91 147
2.91 147
2.90 147
2.91 147
2.92 147
2.90 147
2.90 147
2.91 147
2.90 147
2.90 147
2.90 147
2.90 147
2.92 147
2.90 147
2.90 147
2.90 147
2.90 147
2.90 148
2.90 148
2.91 148
2.90 148
2.90 148
2.90 148
2.90 148
2.90 148
2.90 148
2.91 148
2.91 148
2.90 148
2.91 148
2.90 148
2.89 148
2.89 148
2.90 148
2.89 148
2.90 148
2.89 148
2.89 148
2.91 148
2.89 148
2.89 148
2.89 148
2.89 148
2.90 148
2.89 148
2.91 148
2.89 148
2.89 148
2.89 148
2.90 148
2.89 148
2.91 148
2.91 148
2.89 148
2.89 148
2.91 148
2.89 148
2.90 148
2.89 148
2.89 148
2.91 148
2.90 148
2.91 148
2.90 148
2.89 148
2.90 148
2.91 148
2.90 148
2.91 148
2.90 148
2.90 148
2.91 148
2.90 148
2.90 148
2.90 148
2.90 148
2.90 148
2.90 148
2.90 148
2.90 148
2.92 148
2.91 148
2.90 148
2.91 148
2.91 148
2.90 148
2.90 148
2.92 148
2.90 148
2.90 148
2.90 148
2.90 148
2.90 148
2.92 148
2.91 148
2.92 148
2.90 148
2.90 148
2.90 148
2.90 148
2.90 148
2.91 148
2.92 148
2.91 148
2.91 148
2.90 148
2.91 148
2.91 148
2.91 148
2.91 148
2.91 148
2.92 148
2.91 148
2.91 148
2.91 148
2.92 148
2.91 148
2.92 148
2.92 148
2.91 148
2.91 148
2.91 148
2.93 148
2.91 148
2.92 148
2.92 148
2.91 148
2.91 148
2.91 148
2.92 148
2.92 148
2.91 148
2.91 148
2.92 148
2.91 148
2.91 148
2.91 148
2.91 148
2.91 148
2.91 148
2.91 148
2.92 148
2.91 148
2.91 148
2.92 148
2.93 148
2.92 148
2.91 148
2.91 148
2.91 148
2.91 148
2.92 148
2.92 148
2.91 148
2.92 148
2.92 148
2.92 148
2.92 148
2.92 148
2.92 148
2.91 148
2.92 148
2.91 148
2.92 148
2.91 148
2.92 148
2.92 148
2.91 148
2.91 148
2.91 148
2.91 148
2.91 148
2.92 148
2.91 148
2.92 148
2.92 148
2.91 148
2.91 148
2.91 148
2.91 148
2.91 148
2.91 148
2.91 148
2.91 148
2.90 148
2.90 148
2.90 148
2.90 148
2.92 148
2.90 148
2.90 148
2.90 148
2.92 148
2.91 148
2.90 148
2.90 148
2.89 148
2.90 148
2.89 148
2.91 148
2.89 148
2.89 148
2.90 148
2.89 148
2.89 148
2.89 148
2.89 148
2.89 148
2.89 148
2.89 148
2.90 148
2.89 148
2.90 148
2.90 148
2.90 148
2.89 148
2.90 148
2.89 148
2.89 148
2.89 148
2.89 148
2.88 148
2.88 148
2.88 148
2.90 148
2.88 148
2.89 148
2.88 148
2.90 148
2.90 148
2.90 148
2.88 148
2.89 148
2.88 148
2.88 148
2.88 148
2.88 148
2.88 148
2.88 148
2.89 148
2.88 148
2.88 148
2.88 148
2.88 148
2.88 148
2.88 148
2.88 148
2.88 148
2.87 148
2.88 148
2.87 149
2.88 149
2.88 148
2.88 148
2.88 148
2.88 148
2.90 148
2.88 148
2.88 148
2.88 148
2.88 148
2.89 148
2.90 148
2.88 148
2.88 148
2.88 148
2.88 148
2.89 148
2.88 148
2.88 148
2.90 148
2.88 148
2.88 148
2.89 148
2.88 148
2.88 148
2.89 148
2.88 148
2.88 148
2.87 148
2.88 148
2.87 148
2.88 148
2.89 148
2.87 148
2.88 148
2.87 148
2.87 148
2.87 148
2.88 148
2.87 148
2.88 148
2.87 148
2.89 148
2.87 148
2.87 148
2.88 148
2.88 148
2.87 148
2.89 148
2.88 148
2.89 148
2.87 148
2.89 148
2.88 148
2.87 148
2.89 148
2.87 148
2.87 148
2.89 148
2.87 148
2.87 148
2.87 148
2.87 148
2.88 148
2.89 148
2.88 148
2.88 148
2.88 148
2.87 148
2.88 148
2.87 148
2.87 148
2.88 148
2.88 148
2.87 148
2.86 148
2.89 148
2.87 148
2.87 148
2.87 148
2.87 148
2.86 148
2.88 148
2.87 148
2.86 148
2.88 148
2.86 148
2.89 148
2.86 148
2.86 148
2.86 148
2.86 148
2.86 148
2.87 148
2.86 148
2.86 148
2.88 148
2.88 148
2.88 148
2.86 148
2.86 148
2.88 148
2.86 148
2.86 148
2.86 148
2.86 148
2.86 148
2.86 148
2.86 148
2.86 148
2.86 148
2.88 148
2.86 148
2.86 148
2.88 148
2.87 148
2.88 148
2.87 148
2.87 148
2.87 148
2.88 148
2.87 148
2.86 148
2.86 148
2.86 148
2.86 148
2.86 148
2.86 148
2.85 148
2.87 148
2.86 148
2.85 148
2.87 148
2.86 148
2.87 148
2.86 147
2.85 147
2.86 147
2.85 147
2.85 147
2.85 147
2.85 147
2.85 147
2.86 147
2.86 147
2.85 147
2.85 147
2.84 147
2.84 147
2.86 147
2.84 147
2.84 147
2.86 147
2.84 147
2.84 147
2.84 147
2.84 147
2.86 147
2.85 147
2.84 147
2.85 147
2.84 147
2.84 147
2.84 147
2.83 147
2.83 147
2.83 147
2.84 147
2.83 147
2.83 147
2.83 147
2.83 147
2.83 147
2.83 147
2.83 147
2.83 147
2.83 147
2.83 147
2.83 147
2.83 147
2.83 147
2.85 147
2.83 147
2.84 147
2.83 147
2.83 148
2.83 148
2.83 148
2.85 148
2.83 148
2.83 148
2.84 148
2.83 148
2.83 148
2.83 148
2.83 148
2.84 148
2.83 148
2.83 148
2.84 148
2.83 148
2.84 148
2.82 148
2.83 148
2.83 148
2.83 148
2.83 148
2.83 148
2.82 148
2.84 148
2.82 148
2.82 148
2.82 148
2.82 148
2.82 148
2.82 148
2.82 148
2.83 148
2.83 148
2.83 148
2.83 148
2.83 147
2.82 147
2.83 147
2.84 147
2.84 147
2.83 147
2.84 147
2.82 147
2.83 147
2.84 147
2.82 147
2.82 147
2.82 147
2.82 147
2.82 147
2.82 147
2.82 147
2.82 147
2.83 147
2.82 147
2.82 147
2.82 147
2.82 147
2.82 147
2.83 147
2.82 147
2.82 147
2.82 147
2.81 147
2.83 147
2.82 147
2.82 147
2.81 147
2.82 147
2.83 147
2.82 147
2.81 147
2.81 147
2.81 147
2.82 147
2.81 147
2.84 147
2.82 147
2.83 147
2.82 147
2.82 148
2.82 147
2.82 147
2.82 147
2.83 147
2.82 147
2.83 147
2.82 147
2.82 147
2.82 147
2.82 147
2.83 147
2.82 147
2.83 147
2.82 147
2.82 147
2.83 147
2.84 147
2.82 147
2.82 147
2.83 147
2.82 147
2.82 147
2.82 147
2.82 147
2.84 147
2.83 147
2.83 147
2.82 147
2.83 147
2.83 147
2.83 147
2.83 147
2.85 147
2.83 147
2.83 147
2.83 147
2.84 147
2.83 147
2.83 147
2.85 147
2.84 147
2.84 147
2.85 147
2.83 147
2.83 147
2.84 147
2.85 147
2.85 147
2.84 147
2.84 147
2.84 147
2.84 147
2.85 147
2.84 147
2.84 147
2.84 147
2.84 147
2.84 147
2.84 147
2.86 147
2.85 147
2.84 147
2.84 147
2.85 147
2.85 147
2.85 147
2.86 147
2.86 147
2.87 147
2.87 147
2.86 147
2.85 147
2.87 147
2.87 147
2.85 147
2.86 147
2.87 147
2.88 147
2.86 147
2.88 147
2.87 147
2.86 147
2.86 147
2.86 147
2.86 147
2.86 147
2.88 147
2.86 147
2.87 147
2.87 147
2.86 147
2.86 147
2.86 147
2.86 147
2.86 148
2.86 148
2.87 148
2.86 148
2.86 148
2.86 148
2.86 148
2.86 148
2.86 148
2.88 148
2.86 148
2.86 148
2.86 148
2.86 148
2.87 148
2.86 148
2.88 148
2.86 148
2.86 148
2.86 148
2.86 148
2.86 148
2.87 148
2.86 148
2.86 148
2.86 148
2.85 148
2.87 148
2.87 148
2.85 148
2.85 148
2.86 148
2.86 148
2.85 148
2.85 148
2.85 148
2.85 148
2.85 148
2.84 148
2.85 147
2.85 147
2.86 147
2.84 147
2.84 147
2.84 147
2.84 147
2.84 147
2.84 147
2.83 147
2.83 147
2.84 147
2.83 147
2.83 147
2.85 147
2.83 147
2.83 147
2.84 147
2.83 147
2.83 147
2.83 147
2.83 147
2.84 147
2.85 147
2.84 147
2.82 147
2.84 147
2.84 147
2.84 147
2.83 147
2.82 148
2.82 148
2.82 148
2.82 148
2.82 148
2.82 148
2.82 148
2.82 148
2.82 148
2.82 148
2.83 148
2.82 148
2.82 148
2.82 148
2.82 148
2.82 148
2.82 148
2.83 148
2.83 148
2.82 148
2.82 148
2.81 148
2.81 148
2.83 148
2.82 148
2.81 148
2.83 148
2.81 148
2.81 148
2.83 148
2.82 148
2.81 148
2.81 148
2.81 148
2.81 148
2.81 148
2.83 148
2.81 148
2.81 148
2.81 148
2.81 148
2.82 148
2.81 148
2.81 148
2.82 148
2.82 148
2.82 148
2.82 148
2.81 148
2.81 148
2.80 148
2.80 148
2.80 148
2.81 148
2.80 148
2.80 148
2.80 148
2.80 148
2.80 148
2.80 148
2.80 148
2.80 148
2.80 148
2.80 148
2.80 148
2.80 148
2.81 148
2.81 148
2.80 148
2.80 148
2.80 148
2.81 148
2.81 148
2.81 148
2.80 148
2.80 148
2.80 148
2.81 148
2.81 148
2.79 148
2.80 148
2.79 148
2.80 148
2.80 148
2.80 148
2.79 148
2.80 148
2.81 148
2.80 148
2.79 148
2.81 148
2.79 148
2.79 148
2.79 148
2.81 148
2.80 148
2.79 148
2.81 148
2.79 148
2.81 148
2.79 148
2.80 148
2.80 148
2.80 148
2.79 148
2.81 148
2.79 148
2.79 148
2.79 148
2.80 148
2.79 148
2.79 148
2.79 148
2.81 148
2.80 148
2.80 148
2.79 148
2.80 148
2.79 148
2.79 148
2.79 148
2.79 148
2.79 148
2.79 148
2.79 148
2.79 148
2.79 148
2.79 148
2.81 148
2.81 148
2.80 148
2.79 148
2.79 148
2.79 148
2.79 148
2.79 148
2.79 148
2.80 148
2.81 148
2.81 148
2.79 148
2.79 148
2.79 148
2.79 148
2.78 148
2.78 148
2.78 148
2.78 148
2.78 148
2.78 148
2.78 148
2.78 148
2.78 148
2.78 148
2.79 148
2.79 148
2.79 148
2.78 148
2.77 148
2.77 148
2.77 148
2.77 148
2.77 148
2.77 148
2.78 148
2.77 148
2.77 148
2.77 148
2.77 148
2.78 148
2.77 148
2.78 148
2.76 148
2.77 148
2.78 148
2.78 148
2.77 148
2.76 148
2.76 148
2.78 148
2.77 148
2.76 148
2.78 148
2.76 148
2.77 148
2.76 148
2.77 148
2.76 148
2.78 148
2.76 148
2.76 148
2.76 148
2.76 148
2.76 148
2.76 148
2.76 148
2.76 148
2.77 148
2.76 148
2.76 148
2.77 148
2.76 148
2.76 148
2.76 148
2.76 148
2.77 148
2.76 148
2.76 148
2.77 148
2.76 148
2.76 148
2.76 148
2.76 148
2.76 148
2.77 148
2.76 148
2.76 148
2.76 148
2.77 148
2.76 148
2.76 148
2.76 148
2.76 148
2.76 147
2.77 147
2.76 147
2.76 147
2.76 147
2.76 147
2.76 147
2.76 147
2.78 147
2.77 147
2.76 147
2.76 147
2.76 147
2.78 147
2.77 147
2.76 147
2.77 147
2.77 147
2.78 147
2.77 147
2.77 147
2.77 147
2.77 147
2.76 147
2.79 147
2.77 147
2.77 147
2.78 147
2.77 147
2.77 147
2.77 147
2.77 147
2.77 147
2.77 147
2.77 147
2.78 147
2.77 147
2.78 147
2.77 147
2.77 147
2.78 147
2.77 147
2.77 147
2.78 147
2.77 147
2.78 147
2.77 147
2.78 147
2.77 147
2.78 147
2.78 147
2.79 147
2.79 146
2.79 146
2.79 146
2.78 146
2.79 146
2.78 146
2.79 146
2.79 146
2.79 146
2.80 146
2.80 145
2.80 145
2.81 145
2.80 145
2.81 145
2.82 145
2.81 145
2.81 145
2.81 145
2.81 144
2.83 144
2.84 144
2.82 144
2.82 144
2.84 144
2.83 144
2.84 144
2.83 144
2.83 144
2.83 144
2.84 144
2.83 144
2.84 144
2.84 144
2.83 144
2.84 145
2.84 145
2.84 145
2.86 145
2.85 145
2.84 145
2.86 145
2.84 145
2.86 145
2.84 145
2.86 145
2.85 145
2.85 145
2.86 145
2.87 145
2.85 145
2.86 145
2.87 145
2.85 145
2.87 145
2.86 145
2.86 145
2.86 145
2.86 145
2.86 145
2.86 145
2.86 145
2.87 146
2.86 146
2.88 146
2.89 146
2.88 146
2.87 146
2.87 146
2.88 146
2.87 146
2.88 146
2.88 146
2.89 146
2.88 146
2.88 146
2.89 145
2.90 147
2.90 147
2.89 147
2.90 147
2.91 147
2.90 147
2.89 147
2.91 147
2.90 146
2.90 146
2.92 146
2.90 146
2.92 146
2.90 146
2.90 146
2.90 145
2.91 144
2.91 144
2.91 144
2.91 144
2.91 144
2.92 144
2.91 144
2.91 144
2.91 144
2.91 144
2.91 144
2.91 144
2.91 144
2.92 144
2.92 144
2.93 144
2.91 144
2.91 144
2.91 144
2.92 144
2.91 144
2.91 144
2.91 144
2.91 144
2.91 144
2.93 144
2.91 144
2.93 144
2.92 144
2.93 144
2.92 144
2.91 144
2.92 144
2.91 144
2.91 144
2.92 145
2.93 145
2.93 145
2.91 145
2.92 145
2.91 145
2.92 145
2.91 145
2.91 145
2.91 145
2.91 145
2.92 145
2.92 145
2.91 145
2.94 145
2.92 145
2.91 145
2.91 145
2.92 145
2.91 145
2.91 145
2.92 145
2.92 145
2.92 145
2.93 145
2.93 145
2.91 145
2.93 145
2.91 145
2.92 145
2.92 145
2.91 145
2.91 145
2.93 145
2.91 145
2.91 145
2.91 145
2.91 145
2.91 145
2.92 144
2.92 144
2.92 144
2.93 144
2.92 144
2.92 144
2.91 144
2.91 144
2.91 144
2.91 144
2.90 144
2.91 144
2.91 144
2.91 144
2.90 144
2.90 144
2.90 144
2.91 144
2.90 144
2.90 144
2.91 144
2.90 144
2.91 144
2.90 144
2.90 144
2.90 145
2.91 145
2.89 145
2.91 145
2.90 145
2.89 145
2.89 145
2.91 145
2.90 145
2.89 145
2.91 145
2.89 145
2.91 145
2.90 145
2.90 145
2.89 145
2.89 145
2.89 145
2.90 145
2.90 145
2.90 145
2.89 145
2.89 145
2.89 145
2.90 145
2.89 145
2.90 145
2.91 146
2.90 146
2.90 146
2.90 146
2.90 146
2.90 146
2.90 146
2.89 146
2.89 146
2.89 146
2.89 146
2.89 146
2.89 146
2.88 146
2.88 146
2.89 146
2.88 146
2.88 146
2.88 146
2.88 146
2.90 146
2.88 146
2.88 146
2.88 147
2.88 147
2.88 147
2.90 147
2.88 147
2.88 147
2.88 145
2.88 145
2.89 145
2.88 145
2.88 145
2.88 145
2.87 145
2.88 145
2.88 145
2.89 145
2.88 145
2.87 145
2.89 145
2.88 145
2.87 145
2.87 145
2.87 145
2.86 145
2.86 145
2.87 145
2.88 145
2.88 145
2.89 144
2.91 143
2.89 142
2.91 142
2.89 142
2.89 142
2.89 141
2.89 141
2.90 141
2.89 141
2.89 141
2.89 141
2.89 141
2.90 141
2.91 141
2.90 141
2.89 141
2.90 141
2.89 141
2.89 141
2.89 141
2.90 141
2.89 141
2.90 142
2.91 142
2.90 142
2.90 142
2.92 142
2.90 142
2.90 142
2.90 143
2.91 143
2.90 143
2.92 144
2.90 144
2.90 144
2.91 144
2.91 144
2.91 144
2.92 144
2.91 144
2.91 144
2.93 144
2.92 144
2.91 144
2.92 144
2.92 144
2.92 144
2.92 144
2.92 144
2.92 144
2.92 144
2.92 144
2.93 144
2.93 143
2.95 143
2.93 143
2.93 143
2.95 143
2.93 143
2.94 143
2.93 143
2.96 143
2.94 143
2.94 143
2.94 143
2.94 143
2.94 143
2.94 143
2.94 143
2.96 143
2.95 142
2.95 142
2.95 142
2.95 142
2.95 142
2.95 142
2.95 142
2.95 142
2.95 142
2.97 142
2.95 142
2.95 142
2.95 142
2.97 141
2.95 141
2.95 141
2.95 141
2.96 141
2.95 141
2.96 141
2.95 141
2.97 141
2.96 141
2.95 141
2.95 141
2.96 141
2.95 141
2.95 141
2.97 141
2.95 141
2.96 141
2.95 142
2.96 142
2.95 142
2.96 142
2.96 142
2.96 142
2.96 142
2.96 142
2.96 142
2.97 142
2.96 142
2.97 142
2.96 142
2.96 142
2.96 142
2.96 142
2.97 142
2.96 143
2.96 143
2.97 143
2.98 143
2.97 143
2.97 143
2.96 143
2.96 143
2.98 143
2.96 143
2.96 143
2.98 143
2.96 143
2.96 143
2.96 143
2.96 143
2.97 143
2.96 143
2.96 143
2.97 143
2.96 143
2.98 143
2.96 143
2.97 143
2.96 143
2.96 143
2.96 143
2.96 143
2.96 143
2.95 143
2.95 143
2.95 143
2.95 143
2.95 143
2.95 143
2.95 143
2.95 143
2.95 143
2.95 143
2.95 143
2.95 143
2.95 143
2.94 143
2.95 143
2.94 143
2.94 143
2.94 143
2.94 143
2.94 143
2.94 143
2.94 143
2.94 143
2.93 143
2.93 143
2.95 143
2.93 143
2.93 143
2.93 143
2.93 143
2.92 143
2.94 143
2.93 143
2.92 143
2.92 143
2.94 143
2.92 143
2.93 143
2.93 143
2.92 143
2.91 143
2.91 143
2.91 143
2.91 143
2.91 143
2.91 143
2.91 143
2.91 143
2.91 143
2.91 143
2.91 143
2.91 143
2.90 143
2.90 143
2.90 143
2.90 143
2.90 143
2.90 143
2.90 143
2.90 143
2.90 144
2.90 144
2.89 144
2.90 144
2.90 144
2.90 144
2.90 144
2.90 144
2.90 144
2.90 144
2.89 144
2.88 144
2.88 144
2.88 144
2.89 144
2.88 144
2.88 144
2.88 144
2.89 144
2.88 144
2.88 144
2.87 144
2.87 144
2.88 144
2.88 144
2.88 144
2.87 144
2.87 144
2.87 144
2.87 144
2.87 144
2.87 144
2.86 144
2.86 144
2.86 144
2.86 144
2.87 144
2.86 144
2.86 144
2.86 144
2.86 144
2.88 144
2.85 144
2.86 144
2.86 144
2.86 144
2.85 144
2.86 144
2.85 144
2.87 145
2.86 145
2.85 145
2.85 145
2.85 145
2.85 145
2.85 145
2.84 145
2.84 145
2.84 145
2.85 145
2.84 145
2.85 145
2.84 145
2.84 145
2.84 145
2.84 145
2.84 145
2.85 145
2.83 145
2.83 145
2.83 145
2.84 145
2.83 145
2.83 145
2.83 145
2.84 145
2.83 145
2.82 145
2.84 145
2.82 145
2.84 145
2.82 145
2.83 145
2.83 145
2.82 145
2.83 145
2.83 145
2.81 145
2.81 145
2.82 145
2.83 145
2.82 145
2.81 145
2.81 145
2.81 145
2.81 145
2.82 145
2.80 145
2.80 145
2.80 145
2.80 146
2.81 146
2.81 146
2.81 146
2.80 146
2.80 146
2.80 146
2.80 146
2.80 146
2.82 146
2.80 146
2.79 146
2.81 146
2.81 146
2.80 146
2.79 146
2.81 146
2.79 146
2.79 146
2.80 146
2.79 146
2.80 146
2.81 146
2.79 146
2.79 146
2.79 146
2.81 146
2.79 146
2.80 146
2.78 146
2.78 146
2.78 146
2.78 146
2.78 146
2.78 146
2.78 146
2.78 146
2.78 146
2.78 146
2.78 146
2.78 146
2.78 146
2.79 146
2.78 146
2.78 147
2.78 147
2.78 147
2.78 147
2.78 147
2.80 147
2.78 147
2.79 147
2.79 147
2.79 147
2.78 147
2.78 147
2.78 147
2.78 147
2.78 147
2.78 147
2.79 147
2.77 147
2.77 147
2.77 147
2.78 147
2.77 147
2.77 147
2.77 147
2.77 147
2.77 147
2.77 147
2.78 147
2.77 147
2.77 147
2.77 147
2.78 147
2.78 147
2.77 147
2.77 147
2.77 147
2.77 147
2.77 147
2.76 147
2.76 147
2.78 147
2.76 147
2.77 146
2.76 146
2.76 147
2.76 146
2.76 146
2.78 146
2.76 146
2.76 146
2.76 146
2.77 146
2.76 146
2.77 146
2.76 146
2.75 146
2.77 146
2.77 146
2.77 147
2.75 147
2.75 147
2.76 147
2.75 147
2.75 147
2.75 147
2.77 147
2.75 147
2.75 147
2.77 147
2.75 147
2.75 147
2.76 147
2.75 147
2.75 147
2.76 147
2.75 147
2.75 147
2.75 147
2.76 147
2.75 147
2.75 147
2.76 147
2.75 147
2.75 147
2.75 147
2.75 147
2.75 147
2.75 147
2.75 147
2.75 147
2.75 147
2.75 147
2.75 147
2.76 147
2.75 147
2.76 147
2.75 147
2.76 147
2.75 146
2.75 146
2.75 146
2.75 146
2.76 146
2.77 146
2.75 146
2.75 146
2.77 146
2.76 146
2.76 146
2.76 146
2.75 146
2.76 146
2.75 146
2.75 146
2.77 146
2.75 146
2.77 146
2.75 146
2.75 146
2.76 146
2.75 146
2.75 146
2.75 147
2.77 147
2.75 147
2.77 147
2.76 147
2.75 147
2.75 147
2.77 147
2.76 147
2.75 147
2.75 147
2.75 147
2.75 147
2.75 147
2.75 147
2.75 147
2.77 147
2.77 147
2.78 146
2.76 146
2.77 146
2.77 145
2.78 145
2.78 144
2.78 144
2.79 144
2.78 144
2.79 144
2.79 144
2.79 143
2.79 143
2.79 143
2.81 143
2.82 143
2.80 143
2.80 143
2.82 143
2.80 143
2.81 143
2.81 143
2.83 143
2.83 143
2.81 143
2.82 143
2.82 143
2.82 143
2.84 143
2.82 144
2.82 144
2.84 144
2.82 144
2.82 144
2.84 144
2.83 144
2.83 144
2.83 145
2.83 145
2.83 145
2.83 145
2.83 145
2.83 145
2.84 145
2.84 145
2.86 145
2.85 145
2.84 145
2.84 145
2.86 145
2.84 145
2.84 145
2.86 145
2.84 145
2.85 145
2.85 145
2.85 145
2.86 145
2.87 145
2.85 145
2.86 145
2.86 145
2.86 145
2.86 145
2.87 145
2.86 145
2.86 145
2.88 145
2.87 145
2.87 145
2.87 145
2.87 145
2.87 145
2.87 145
2.87 145
2.87 145
2.89 145
2.88 144
2.89 144
2.88 144
2.90 144
2.88 144
2.88 144
2.89 144
2.90 144
2.92 144
2.90 143
2.91 143
2.91 143
2.92 143
2.91 143
2.90 143
2.92 142
2.93 142
2.91 142
2.93 142
2.93 142
2.92 142
2.92 142
2.92 142
2.92 141
2.92 141
2.92 141
2.92 141
2.92 141
2.93 141
2.94 141
2.95 141
2.94 141
2.93 141
2.93 141
2.93 141
2.93 141
2.94 141
2.94 141
2.94 142
2.94 142
2.94 142
2.94 142
2.94 142
2.95 142
2.95 142
2.96 142
2.95 142
2.95 142
2.95 142
2.95 142
2.95 142
2.96 142
2.95 143
2.96 143
2.95 143
2.98 143
2.96 143
2.96 143
2.96 143
2.97 143
2.96 143
2.96 143
2.96 143
2.97 143
2.97 143
2.97 143
2.97 143
2.97 143
2.98 143
2.98 143
2.97 143
2.98 143
2.98 142
2.98 142
3.00 142
3.00 142
2.99 142
2.98 142
2.99 142
2.99 142
3.01 142
2.99 142
2.99 142
3.00 142
2.99 142
2.99 142
2.99 142
3.01 142
2.99 142
2.99 142
3.00 141
2.99 141
3.01 141
3.00 141
3.01 141
3.01 141
3.00 141
3.01 141
2.99 141
3.00 141
3.01 141
2.99 140
3.00 140
2.99 140
2.99 140
2.99 140
2.99 140
2.99 140
2.99 140
3.00 140
3.00 140
2.99 140
3.00 140
2.99 140
3.00 140
3.00 140
2.99 140
2.99 140
2.99 141
3.00 141
2.99 141
2.99 141
2.99 141
2.99 141
2.99 141
2.98 141
2.98 141
2.99 141
2.99 141
2.99 141
2.99 142
2.99 142
2.99 142
2.98 142
3.00 142
2.99 142
3.00 142
3.00 142
2.99 142
3.00 142
2.98 142
3.00 142
2.99 142
2.99 142
2.99 142
2.99 142
2.99 142
2.99 142
3.00 142
3.00 142
2.98 142
3.00 143
2.99 143
2.98 143
2.98 143
3.00 143
3.00 143
2.99 143
2.98 143
2.99 143
2.99 143
2.99 143
2.99 143
2.98 143
2.98 143
2.98 143
2.98 143
3.00 143
2.98 143
2.98 143
2.98 143
2.98 143
2.98 143
2.98 143
2.98 143
2.98 143
3.00 143
2.98 143
2.98 143
2.98 143
2.97 144
2.97 144
2.97 144
2.98 144
2.97 144
2.97 144
2.97 144
2.98 144
2.97 144
2.97 144
2.96 144
2.98 144
2.96 144
2.96 144
2.98 144
2.96 144
2.96 144
2.96 144
2.95 144
2.96 144
2.95 144
2.95 144
2.96 144
2.95 144
2.95 144
2.95 144
2.95 144
2.95 144
2.97 144
2.96 144
2.94 144
2.95 144
2.94 144
2.94 144
2.95 144
2.94 144
2.94 144
2.94 144
2.94 144
2.94 144
2.94 144
2.94 144
2.93 144
2.93 144
2.94 144
2.93 144
2.93 144
2.93 145
2.94 145
2.93 145
2.92 145
2.92 145
2.92 145
2.92 145
2.92 145
2.93 145
2.92 145
2.91 145
2.92 145
2.91 145
2.91 145
2.91 145
2.91 145
2.91 145
2.91 145
2.91 145
2.91 145
2.91 145
2.90 145
2.90 145
2.90 145
2.90 145
2.90 145
2.90 145
2.90 145
2.90 145
2.90 145
2.90 145
2.90 145
2.90 145
2.90 145
2.89 145
2.89 145
2.89 145
2.89 145
2.89 145
2.89 145
2.89 145
2.91 145
2.89 145
2.89 145
2.89 145
2.88 145
2.90 145
2.88 146
2.88 145
2.88 146
2.88 146
2.88 146
2.88 146
2.88 146
2.87 146
2.88 146
2.88 146
2.88 146
2.89 146
2.88 146
2.88 146
2.87 146
2.88 146
2.88 146
2.87 146
2.87 146
2.87 146
2.86 146
2.87 146
2.86 146
2.88 146
2.86 146
2.86 146
2.86 146
2.86 146
2.87 146
2.86 146
2.86 146
2.86 146
2.86 146
2.85 146
2.85 146
2.85 146
2.85 146
2.86 146
2.85 146
2.85 146
2.85 146
2.85 146
2.86 146
2.85 146
2.86 146
2.85 146
2.84 146
2.86 146
2.86 146
2.85 146
2.85 146
2.84 146
2.84 146
2.85 146
2.84 146
2.84 146
2.84 146
2.86 146
2.84 146
2.84 146
2.84 146
2.84 147
2.84 147
2.83 147
2.84 147
2.85 147
2.83 147
2.83 147
2.83 147
2.83 147
2.83 147
2.83 147
2.83 147
2.83 147
2.83 147
2.83 147
2.83 147
2.83 147
2.83 147
2.83 147
2.83 147
2.83 147
2.83 147
2.83 147
2.83 147
2.83 147
2.83 147
2.83 147
2.83 147
2.82 147
2.82 147
2.82 147
2.82 147
2.83 147
2.83 147
2.83 147
2.82 147
2.82 147
2.82 147
2.83 147
2.82 147
2.82 147
2.82 147
2.82 147
2.82 147
2.82 147
2.82 147
2.82 147
2.82 147
2.82 147
2.82 147
2.82 147
2.82 147
2.83 147
2.84 147
2.81 148
2.82 148
2.81 148
2.83 148
2.81 148
2.81 148
2.81 148
2.83 148
2.81 148
2.83 148
2.81 148
2.82 148
2.81 148
2.82 148
2.81 148
2.83 148
2.81 148
2.81 148
2.81 148
2.82 148
2.80 148
2.81 148
2.81 148
2.80 148
2.81 148
2.80 148
2.82 148
2.81 148
2.80 148
2.81 148
2.80 148
2.80 148
2.80 148
2.80 148
2.80 148
2.80 148
2.80 148
2.80 148
2.80 148
2.80 148
2.80 148
2.80 148
2.80 148
2.82 148
2.81 148
2.81 148
2.81 148
2.80 148
2.80 148
2.79 148
2.81 148
2.79 148
2.80 148
2.79 148
2.80 148
2.79 148
2.79 148
2.79 148
2.81 148
2.79 148
2.79 148
2.79 148
2.79 148
2.79 148
2.79 148
2.79 148
2.79 148
2.79 148
2.79 148
2.79 148
2.79 148
2.79 148
2.79 148
2.79 148
2.79 148
2.79 148
2.80 148
2.79 148
2.79 148
2.81 148
2.79 148
2.79 148
2.79 148
2.79 148
2.78 148
2.80 148
2.79 148
2.79 148
2.79 148
2.78 148
2.80 148
2.78 148
2.78 148
2.78 148
2.78 148
2.78 148
2.78 148
2.78 148
2.78 148
2.78 148
2.79 148
2.78 148
2.78 148
2.78 148
2.77 148
2.77 148
2.77 148
2.77 148
2.77 148
2.77 148
2.77 148
2.77 148
2.77 148
2.77 148
2.77 148
2.77 148
2.78 148
2.77 148
2.77 148
2.77 148
2.78 148
2.77 148
2.76 148
2.77 148
2.76 148
2.79 148
2.76 148
2.76 148
2.76 148
2.76 148
2.76 148
2.76 148
2.76 148
2.78 148
2.78 148
2.76 148
2.78 148
2.77 148
2.77 148
2.77 148
2.77 148
2.77 147
2.78 147
2.77 147
2.77 147
2.78 146
2.78 146
2.79 146
2.78 146
2.80 145
2.79 145
2.79 145
2.79 144
2.80 144
2.80 144
2.80 144
2.82 143
2.81 143
2.83 143
2.82 142
2.82 142
2.83 142
2.83 142
2.85 142
2.83 141
2.84 141
2.84 141
2.85 140
2.85 140
2.86 140
2.86 139
2.87 139
2.88 139
2.88 139
2.88 138
2.88 138
2.89 138
2.89 139
2.90 139
2.90 139
2.91 139
2.91 139
2.92 139
2.92 139
2.93 139
2.93 139
2.93 139
2.94 139
2.95 139
2.95 139
2.96 138
2.96 138
2.97 138
2.97 138
2.98 138
2.98 138
2.99 138
2.99 138
3.00 138
3.01 138
3.03 138
3.02 138
3.03 138
3.03 138
3.04 138
3.04 138
3.05 138
3.05 138
3.06 138
3.06 139
3.08 139
3.07 139
3.08 139
3.09 140
3.09 140
3.09 140
3.11 140
3.10 140
3.11 141
3.11 141
3.14 141
3.12 141
3.13 141
3.13 141
3.13 141
3.14 142
3.14 142
3.15 142
3.15 142
3.16 142
3.16 142
3.17 142
3.17 141
3.18 141
3.17 141
3.19 141
3.18 141
3.18 141
3.18 140
3.19 140
3.19 140
3.19 140
3.19 140
3.20 140
3.20 140
3.20 139
3.20 139
3.21 139
3.21 139
3.21 139
3.21 139
3.22 140
3.21 140
3.22 140
3.22 140
3.22 140
3.22 141
3.23 141
3.23 141
3.23 142
3.23 142
3.23 142
3.24 142
3.24 142
3.25 142
3.24 142
3.25 142
3.25 142
3.25 142
3.25 142
3.26 142
3.26 142
3.26 142
3.27 143
3.29 143
3.28 143
3.27 143
3.29 143
3.28 143
3.28 143
3.28 144
3.28 144
3.29 144
3.29 144
3.29 144
3.29 144
3.30 144
3.31 144
3.31 144
3.31 144
3.31 144
3.31 144
3.33 144
3.31 144
3.32 144
3.34 144
3.34 144
3.33 144
3.33 143
3.34 143
3.33 143
3.33 143
3.34 143
3.35 143
3.34 143
3.34 143
3.34 143
3.37 143
3.35 143
3.36 143
3.37 143
3.37 143
3.37 143
3.36 143
3.36 143
3.37 143
3.37 143
3.37 143
3.37 143
3.37 143
3.38 144
3.38 144
3.38 144
3.38 144
3.38 144
3.38 144
3.38 144
3.38 144
3.38 145
3.39 145
3.39 145
3.38 145
3.39 145
3.39 145
3.39 145
3.39 145
3.39 146
3.39 146
3.39 146
3.39 146
3.39 146
3.39 146
3.39 146
3.39 146
3.39 146
3.40 146
3.39 146
3.39 146
3.39 146
3.39 146
3.39 146
3.38 146
3.40 146
3.41 146
3.38 146
3.39 146
3.39 146
3.39 146
3.40 146
3.38 146
3.38 146
3.38 146
3.38 146
3.38 146
3.38 146
3.38 146
3.39 146
3.37 146
3.37 146
3.37 145
3.37 145
3.37 145
3.36 145
3.39 145
3.37 145
3.36 145
3.36 145
3.36 145
3.36 145
3.37 145
3.35 145
3.37 145
3.35 145
3.36 145
3.36 145
3.34 145
3.36 145
3.35 145
3.34 145
3.34 145
3.33 145
3.34 145
3.34 145
3.33 145
3.33 145
3.32 145
3.34 145
3.32 145
3.32 145
3.32 144
3.34 143
3.33 143
3.33 142
3.35 142
3.33 142
3.34 142
3.32 142
3.32 141
3.32 141
3.32 141
3.34 141
3.32 141
3.32 141
3.32 141
3.33 141
3.32 141
3.32 141
3.32 142
3.33 142
3.31 142
3.32 142
3.31 142
3.32 141
3.32 141
3.31 141
3.31 141
3.31 141
3.31 141
3.31 141
3.31 142
3.34 142
3.31 142
3.32 142
3.31 142
3.32 142
3.32 142
3.32 143
3.32 143
3.32 143
3.32 143
3.32 143
3.32 143
3.32 143
3.32 144
3.34 144
3.35 144
3.33 144
3.33 144
3.33 144
3.33 144
3.34 144
3.33 144
3.34 144
3.34 145
3.34 145
3.34 145
3.35 145
3.34 145
3.34 145
3.34 145
3.35 145
3.34 145
3.34 145
3.34 145
3.36 145
3.34 145
3.34 145
3.36 145
3.35 145
3.35 145
3.36 145
3.36 144
3.35 144
3.34 144
3.35 144
3.37 144
3.36 144
3.36 144
3.35 144
3.35 144
3.35 144
3.36 144
3.35 144
3.35 144
3.35 144
3.36 143
3.37 143
3.35 143
3.37 143
3.36 143
3.36 143
3.37 143
3.37 143
3.36 143
3.36 143
3.36 143
3.36 143
3.36 143
3.36 143
3.36 143
3.37 143