26.3 16
26.2 17
26.1 18
26.0 20
25.9 21
25.8 22
25.8 23
25.7 24
25.7 24
25.7 25
25.6 23
25.7 24
25.6 23
25.5 21
25.6 20
25.7 18
25.8 17
25.9 17
25.9 17
26.0 16
26.0 15
26.1 15
26.1 15
26.2 14
26.2 15
26.0 16
25.9 16
26.0 17
26.1 18
26.1 18
26.2 19
26.4 19
26.5 20
26.5 20
26.4 19
26.3 19
26.5 18
26.4 17
26.5 16
26.6 16
26.6 15
26.8 15
26.8 14
26.7 14
26.5 14
26.5 14
26.6 14
26.7 14
26.5 14
26.5 15
26.4 15
26.3 16
26.2 17
26.1 18
26.0 20
25.9 20
25.9 22
25.8 22
25.8 22
25.8 22
25.8 21
25.8 21
25.7 20
25.7 19
25.8 18
25.8 16
25.9 16
26.0 16
26.1 15
26.2 15
26.2 15
26.3 15
26.4 14
26.3 14
26.4 15
26.2 15
26.2 16
26.2 16
26.2 17
26.3 17
26.4 18
26.5 19
26.6 18
26.6 18
26.5 19
26.3 18
26.2 18
26.2 17
26.3 16
26.4 16
26.5 15
26.6 14
26.7 14
26.8 14
26.8 14
26.7 14
26.8 14
26.5 14
26.5 14
26.4 15
26.3 15
26.2 16
26.1 18
26.0 19
25.9 19
25.9 20
25.9 21
25.9 21
25.9 22
25.8 21
25.8 21
25.9 21
25.9 20
25.8 19
25.9 18
25.9 16
26.0 16
26.1 15
26.2 15
26.2 15
26.4 14
26.4 14
26.4 14
26.4 14
26.4 14
26.2 15
26.2 15
26.3 16
26.3 16
26.3 17
26.4 18
26.4 18
26.4 19
26.4 19
26.4 19
26.2 18
26.2 18
26.2 17
26.1 16
26.2 15
26.4 15
26.4 14
26.4 14
26.4 14
26.4 13
26.4 13
26.4 13
26.5 13
26.4 14
26.4 14
26.3 15
26.2 15
26.2 16
26.1 16
26.0 18
25.9 19
25.8 19
25.9 20
25.8 20
25.8 20
25.8 19
25.8 19
25.7 18
25.7 17
25.8 16
25.9 15
26.0 15
26.1 14
26.3 14
26.3 14
26.3 14
26.4 13
26.4 13
26.4 13
26.4 14
26.3 13
26.2 14
26.2 15
26.2 15
26.2 16
26.3 17
26.3 17
26.3 18
26.3 18
26.3 18
26.1 17
26.1 17
26.0 17
26.0 16
26.0 15
26.0 15
26.1 14
26.2 14
26.2 14
26.2 14
26.1 13
26.1 13
26.1 13
26.1 13
26.1 14
26.0 14
25.9 15
25.8 16
25.8 17
25.7 18
25.8 18
25.8 19
25.8 19
25.8 19
25.8 19
26.0 19
25.9 19
26.0 18
26.1 18
26.1 17
26.2 15
26.2 15
26.2 15
26.2 14
26.4 14
26.5 14
26.6 13
26.6 13
26.5 13
26.4 14
26.3 14
26.3 15
26.3 16
26.2 17
26.3 17
26.3 18
26.3 18
26.2 19
26.2 19
26.2 19
26.0 18
26.1 18
26.0 18
26.0 17
26.0 16
26.0 15
26.1 14
26.1 14
26.1 14
26.1 14
26.0 13
26.0 13
26.0 13
26.0 14
26.0 14
26.0 15
25.9 15
25.8 17
25.7 17
25.7 18
25.8 19
25.9 20
25.9 20
26.0 20
26.1 20
26.3 19
26.2 19
26.3 18
26.4 17
26.4 16
26.4 15
26.4 14
26.4 14
26.4 14
26.5 14
26.6 13
26.6 12
26.6 13
26.5 14
26.5 14
26.5 15
26.5 15
26.5 16
26.4 17
26.5 17
26.4 18
26.4 19
26.3 20
26.3 20
26.2 20
26.2 19
26.2 19
26.1 19
26.1 18
26.1 17
26.2 16
26.3 14
26.3 14
26.3 14
26.3 13
26.3 13
26.3 13
26.3 13
26.3 14
26.2 14
26.2 15
26.2 16
26.1 17
26.1 18
26.1 20
26.2 20
26.2 21
26.3 21
26.2 21
26.4 20
26.5 20
26.6 20
26.8 18
27.0 17
27.1 15
27.2 15
27.2 14
27.3 14
27.3 13
27.4 13
27.4 13
27.3 13
27.3 13
27.0 14
27.0 14
26.9 15
26.8 16
26.7 17
26.6 18
26.5 19
26.4 20
26.4 21
26.3 21
26.3 21
26.2 21
26.3 20
26.3 20
26.3 19
26.3 18
26.3 17
26.3 15
26.4 15
26.4 14
26.4 14
26.4 14
26.4 14
26.4 14
26.4 14
26.4 14
26.4 15
26.3 15
26.3 16
26.3 17
26.4 17
26.3 18
26.4 19
26.3 20
26.4 20
26.6 20
26.8 19
26.7 19
27.0 18
27.3 17
27.4 16
27.3 14
27.2 14
27.2 14
27.4 13
27.4 13
27.3 13
27.4 13
27.4 13
27.3 14
27.3 14
27.2 14
27.2 15
27.1 16
27.0 17
27.0 17
26.8 19
26.7 20
26.6 21
26.6 21
26.5 21
26.5 21
26.5 21
26.5 21
26.5 19
26.5 18
26.6 17
26.6 16
26.7 15
26.7 15
26.7 14
26.6 14
26.6 14
26.6 13
26.6 13
26.7 14
26.7 14
26.7 15
26.7 15
26.7 17
26.8 17
26.8 18
26.8 18
26.8 19
27.0 18
27.0 17
27.0 18
27.2 17
27.6 16
27.7 15
27.7 14
27.7 14
27.8 13
27.8 13
27.9 13
27.8 13
28.1 13
28.0 13
27.7 13
27.6 13
27.6 14
27.5 14
27.3 15
27.2 16
27.1 17
27.0 18
26.8 19
26.8 20
26.7 20
26.7 20
26.7 20
26.7 19
26.7 19
26.7 18
26.7 17
26.8 16
26.9 15
26.9 14
27.0 14
27.0 14
27.0 13
27.0 13
27.0 13
27.0 13
27.0 14
27.0 14
26.9 14
26.9 15
26.7 16
26.6 17
26.5 17
26.5 18
26.5 19
26.6 19
26.6 19
26.7 18
26.7 19
26.9 17
27.1 16
27.2 16
27.2 15
27.2 14
27.3 13
27.3 13
27.3 13
27.3 13
27.4 13
27.3 13
27.2 14
27.1 14
27.0 15
26.9 16
26.8 17
26.7 19
26.7 20
26.6 20
26.6 21
26.6 21
26.6 21
26.5 22
26.6 21
26.6 21
26.5 21
26.5 20
26.6 19
26.5 16
26.6 15
26.6 15
26.6 15
26.6 14
26.6 13
26.6 13
26.6 13
26.7 14
26.8 14
26.8 15
26.7 16
26.7 17
26.7 18
26.7 19
26.7 20
26.7 20
26.7 20
26.7 20
26.8 19
26.8 18
26.8 18
27.0 17
27.0 16
27.1 15
27.1 14
27.1 14
27.1 13
27.1 13
27.1 13
27.1 13
27.1 13
27.0 14
27.0 14
26.9 15
26.9 16
26.7 17
26.7 17
26.6 19
26.5 21
26.5 21
26.5 22
26.5 22
26.5 22
26.5 22
26.5 21
26.4 21
26.4 20
26.4 20
26.4 18
26.3 16
26.3 15
26.3 15
26.3 15
26.3 14
26.3 14
26.3 14
26.3 14
26.3 14
26.3 15
26.3 15
26.3 15
26.3 16
26.3 17
26.3 18
26.3 18
26.3 18
26.3 17
26.3 17
26.4 17
26.5 16
26.7 16
26.7 15
26.7 14
26.7 14
26.7 13
26.8 13
26.8 13
26.8 12
26.8 12
26.7 12
26.7 12
26.7 13
26.6 13
26.5 14
26.5 14
26.5 15
26.4 16
26.4 17
26.4 17
26.3 18
26.3 19
26.2 19
26.3 19
26.2 18
26.2 18
26.2 17
26.2 16
26.0 15
26.0 14
26.1 14
26.1 14
26.2 14
26.3 13
26.4 13
26.3 13
26.4 13
26.3 13
26.3 13
26.3 14
26.4 14
26.4 14
26.5 15
26.5 15
26.5 15
26.6 15
26.9 15
26.7 15
26.6 15
26.7 15
26.8 14
26.9 14
26.9 14
27.0 13
27.2 12
27.2 12
27.1 12
27.0 12
27.0 12
27.0 12
27.0 12
27.0 12
27.0 13
26.8 14
26.7 14
26.5 16
26.4 16
26.4 17
26.4 18
26.3 18
26.3 18
26.3 18
26.2 18
26.2 18
26.2 18
26.1 17
26.1 17
26.0 14
25.9 14
26.0 14
26.1 13
26.2 13
26.4 13
26.5 13
26.5 13
26.5 13
26.5 12
26.5 13
26.4 13
26.3 13
26.4 14
26.4 14
26.5 14
26.5 15
26.6 15
26.7 15
26.8 15
26.8 14
26.8 14
27.1 14
27.2 14
27.4 13
27.5 13
27.6 12
27.8 11
27.9 12
27.7 12
27.5 12
27.5 11
27.6 12
27.3 11
27.4 12
27.2 13
27.0 13
26.8 14
26.6 15
26.5 16
26.5 16
26.4 17
26.4 17
26.4 17
26.3 17
26.3 16
26.3 17
26.2 16
26.2 15
26.2 15
26.3 14
26.4 13
26.5 13
26.6 12
26.8 12
26.8 12
26.8 12
26.9 12
26.9 12
26.9 12
26.8 12
26.8 13
26.8 13
26.8 13
27.1 13
27.0 14
27.0 14
27.3 14
27.3 14
27.2 14
27.3 14
27.5 13
27.6 13
27.9 12
28.1 12
28.4 11
28.3 11
28.1 11
27.8 11
27.7 11
27.7 11
27.6 11
27.6 11
27.8 11
27.8 11
27.7 12
27.4 13
27.2 14
27.0 14
26.8 15
26.8 15
26.7 15
26.6 16
26.6 16
26.6 16
26.6 15
26.6 15
26.6 14
26.6 14
26.8 13
26.9 12
27.0 12
27.1 12
27.2 11
27.2 11
27.3 12
27.4 12
27.4 12
27.4 13
27.6 13
27.7 13
27.7 13
28.0 12
27.6 13
27.7 12
27.9 12
28.0 12
28.1 11
28.1 11
28.3 11
28.3 11
28.2 10
28.1 10
28.1 10
27.9 10
28.0 10
28.0 11
28.0 11
27.8 11
27.7 12
27.4 13
27.2 13
27.2 14
27.0 14
27.0 14
26.9 15
26.9 15
26.8 15
26.9 15
26.9 15
26.9 14
26.8 14
26.8 13
27.0 13
27.2 12
27.2 11
27.3 11
27.4 11
27.5 11
27.4 11
27.4 11
27.5 12
27.5 12
27.6 12
27.7 13
27.7 13
27.7 13
27.7 12
27.7 12
27.8 12
27.8 12
27.8 11
27.9 11
28.0 11
28.2 10
28.3 10
28.3 10
28.2 9.7
28.2 9.6
28.2 9.3
28.1 9.6
28.1 9.8
28.0 10
28.0 10
27.7 11
27.6 12
27.4 13
27.3 13
27.2 14
27.2 14
27.1 14
27.1 14
27.1 14
27.1 14
27.1 14
27.1 14
27.2 13
27.3 13
27.4 12
27.6 11
27.6 11
27.7 10
27.8 10
27.9 10
28.0 9.7
27.8 11
27.9 11
27.9 11
28.0 12
28.0 12
28.2 12
28.3 13
28.3 13
28.2 13
28.0 12
27.9 12
28.1 12
28.1 11
28.2 11
28.4 11
28.6 10
28.6 9.8
28.6 9.7
28.7 9.6
28.7 9.4
28.6 9.5
28.6 9.5
28.5 9.8
28.5 9.9
28.3 10
28.1 11
27.9 12
27.7 14
27.6 14
27.6 14
27.5 15
27.5 15
27.5 15
27.4 15
27.5 15
27.5 15
27.6 15
27.6 14
27.7 13
27.9 12
28.1 11
28.2 11
28.3 11
28.4 10
28.5 10
28.5 10
28.6 9.8
28.7 9.8
28.6 10
28.4 11
28.3 11
28.4 12
28.5 12
28.4 13
28.5 14
28.5 14
28.5 14
28.6 14
28.5 14
28.2 13
28.2 14
28.3 13
28.4 13
28.5 12
28.6 11
29.1 10
29.1 10
29.1 10
29.0 9.9
29.0 9.9
29.0 9.7
29.0 9.8
28.9 10
28.8 11
28.6 11
28.4 12
28.2 14
28.1 14
28.0 15
27.9 16
27.9 16
27.8 16
27.8 17
27.9 17
28.0 16
28.1 16
28.1 16
28.2 15
28.4 14
28.5 13
28.8 12
28.8 11
29.0 11
29.1 11
29.2 10
29.3 10
29.4 10
29.3 10
29.1 11
28.9 12
29.0 12
28.9 13
28.8 14
28.8 15
28.8 15
28.8 16
28.7 16
28.7 16
28.7 16
28.5 15
28.5 16
28.5 15
28.5 14
28.6 14
28.8 12
29.1 11
29.2 11
29.1 11
29.0 11
29.0 11
29.0 11
29.0 10
29.0 11
28.9 11
28.8 12
28.6 13
28.4 14
28.3 14
28.2 15
28.1 16
28.1 16
28.1 17
28.2 17
28.2 17
28.4 16
28.5 16
28.5 15
28.6 15
28.8 14
29.0 13
29.0 12
29.0 12
29.1 11
29.2 11
29.3 11
29.3 11
29.2 11
29.1 11
29.0 11
29.0 12
28.8 12
28.7 13
28.6 14
28.6 14
28.6 15
28.6 16
28.5 16
28.5 16
28.5 16
28.4 15
28.4 15
28.4 15
28.4 14
28.5 13
28.5 12
28.6 12
28.6 11
28.6 11
28.6 11
28.6 11
28.6 11
28.5 11
28.6 11
28.5 11
28.4 12
28.4 13
28.3 14
28.2 15
28.1 16
28.0 16
28.1 16
28.1 17
28.1 17
28.1 17
28.2 16
28.4 16
28.4 16
28.4 15
28.6 14
28.6 13
28.6 12
28.7 11
28.8 11
28.9 11
29.0 11
29.1 11
29.0 11
28.8 12
28.7 12
28.7 13
28.6 14
28.5 15
28.5 16
28.5 17
28.4 18
28.4 18
28.3 19
28.3 19
28.2 19
28.1 18
28.2 18
28.0 17
28.0 16
28.0 15
28.2 13
28.2 13
28.1 13
28.2 12
28.2 12
28.2 11
28.2 11
28.2 11
28.2 11
28.1 12
28.0 13
28.0 12
28.0 14
28.0 15
28.1 16
28.1 17
28.2 18
28.2 18
28.2 17
28.5 17
28.4 17
28.7 16
28.9 15
28.9 14
29.0 13
28.9 12
29.1 12
29.0 12
29.0 11
29.2 11
29.3 11
29.4 11
29.1 11
29.0 12
29.0 12
29.0 13
28.9 14
28.8 15
28.7 17
28.6 18
28.5 19
28.4 19
28.4 20
28.3 20
28.3 20
28.2 19
28.2 19
28.1 18
28.0 17
28.1 16
28.2 13
28.3 13
28.3 13
28.3 12
28.3 12
28.3 12
28.3 11
28.3 12
28.2 12
28.2 13
28.2 13
28.2 14
28.2 15
28.2 16
28.2 17
28.2 18
28.2 18
28.3 19
28.5 19
28.8 17
28.5 18
28.7 17
29.0 16
29.2 14
29.3 13
29.2 13
29.2 13
29.3 12
29.3 12
29.4 12
29.4 12
29.5 12
29.1 13
29.1 13
29.0 14
29.0 15
28.8 17
28.6 18
28.5 19
28.4 20
28.4 21
28.3 22
28.3 23
28.3 23
28.3 23
28.3 22
28.3 22
28.2 21
28.2 21
28.3 18
28.5 16
28.5 16
28.5 15
28.5 14
28.6 13
28.6 13
28.6 13
28.6 13
28.5 14
28.5 15
28.5 16
28.4 17
28.4 18
28.4 19
28.4 20
28.4 21
28.4 22
28.4 23
28.7 22
28.8 21
28.9 21
29.1 20
29.4 18
29.6 16
29.8 15
29.8 14
29.8 14
29.6 14
29.7 14
29.7 13
29.7 13
29.7 13
29.3 15
29.3 15
29.3 16
29.2 16
29.0 18
28.8 19
28.7 21
28.5 22
28.4 23
28.4 23
28.3 24
28.3 24
28.3 22
28.3 23
28.3 22
28.2 21
28.3 18
28.5 17
28.5 16
28.5 17
28.5 16
28.5 15
28.5 15
28.5 14
28.5 14
28.5 14
28.6 14
28.6 15
28.7 16
28.7 17
28.6 17
28.6 18
28.6 19
28.7 20
28.8 20
28.8 20
29.0 19
28.8 20
29.2 18
29.6 17
29.8 16
29.9 15
30.0 15
30.2 14
30.2 14
30.2 14
29.9 14
30.2 13
30.2 13
30.0 13
29.7 14
29.7 14
29.6 15
29.5 16
29.2 18
29.1 19
29.0 20
28.8 21
28.8 22
28.7 23
28.7 24
28.7 24
28.7 23
28.7 23
28.7 22
28.7 21
28.8 19
29.0 17
29.1 17
29.0 17
29.1 16
29.1 15
29.2 15
29.2 14
29.3 14
29.3 14
29.3 15
29.2 16
29.2 17
29.2 18
29.2 19
29.3 19
29.2 21
29.1 22
29.2 22
29.4 22
29.6 21
29.5 21
29.7 20
30.1 19
30.3 17
30.4 16
30.5 15
30.6 15
30.7 14
30.6 14
30.7 14
30.8 14
30.8 14
30.3 14
30.2 15
30.1 15
29.9 16
29.8 17
29.6 19
29.4 21
29.3 22
29.1 23
29.0 23
29.0 24
29.0 25
29.0 25
28.9 23
29.0 23
28.9 23
28.9 22
29.0 19
29.2 18
29.2 17
29.2 17
29.3 16
29.3 16
29.4 15
29.4 15
29.5 15
29.5 15
29.5 16
29.4 16
29.4 17
29.4 18
29.4 18
29.4 19
29.4 20
29.4 20
29.5 21
29.5 20
29.7 20
29.8 19
30.1 18
30.2 17
30.4 17
30.4 15
30.3 15
30.3 15
30.2 14
29.9 14
29.9 14
29.9 14
30.0 14
30.0 14
30.0 14
29.9 15
29.9 16
29.8 16
29.6 18
29.6 19
29.4 20
29.4 20
29.2 22
29.2 23
29.2 23
29.1 22
29.2 21
29.1 21
29.1 20
29.2 20
29.1 18
29.2 16
29.3 16
29.4 16
29.4 15
29.5 15
29.4 14
29.5 14
29.6 14
29.5 14
29.5 15
29.5 15
29.5 16
29.6 16
29.6 17
29.6 17
29.7 18
29.8 18
29.8 19
29.8 18
29.8 18
29.9 17
30.0 17
29.8 16
30.1 15
30.1 14
30.0 14
29.9 14
29.8 14
29.9 13
29.9 13
29.8 13
29.8 13
29.8 13
29.8 13
29.8 14
29.8 14
29.7 15
29.6 16
29.5 17
29.4 17
29.4 18
29.3 19
29.2 19
29.2 19
29.1 19
29.2 19
29.1 18
29.1 18
29.0 16
29.0 16
29.1 15
29.1 14
29.3 14
29.3 14
29.4 14
29.4 13
29.4 13
29.4 13
29.6 13
29.5 13
29.4 13
29.4 14
29.4 14
29.5 15
29.5 15
29.7 16
29.7 16
29.7 16
29.8 16
29.7 16
29.7 16
29.8 15
29.8 15
29.8 14
29.8 14
29.8 13
29.8 13
29.8 13
29.7 13
29.5 12
29.4 12
29.3 10
29.5 12
29.5 13
29.5 13
29.4 14
29.3 14
29.2 15
29.2 16
29.1 17
29.1 17
29.0 18
29.0 18
29.0 18
29.0 18
29.0 17
28.9 17
28.9 17
28.8 16
28.7 15
28.8 14
28.6 13
28.6 13
28.6 13
28.9 13
28.9 13
29.0 12
29.0 13
29.0 13
28.9 13
28.9 13
29.0 14
29.1 15
29.2 16
29.2 17
29.2 17
29.2 17
29.2 17
29.2 17
29.0 16
29.1 16
29.0 16
29.0 15
28.9 15
28.9 14
28.8 14
28.8 13
28.8 13
28.7 12
28.6 12
28.6 12