0.0 0.00
0.0 0.00
0.0 0.00
0.0 0.00
0.0 0.00
0.0 0.00
0.0 0.00
0.0 0.01
0.0 0.06
0.0 0.07
0.4 0.28
2.5 0.25
3.6 0.33
5.0 0.47
5.1 0.34
6.8 0.32
7.2 0.52
6.5 0.46
5.0 0.30
4.7 0.05
2.8 0.01
0.9 0.00
0.1 0.00
0.4 0.00
0.0 0.00
0.0 0.00
0.0 0.00
0.0 0.00
0.0 0.00
0.0 0.00
0.0 0.00
0.0 0.01
1.1 0.06
2.2 0.12
3.6 0.17
3.4 0.18
3.4 0.23
3.9 0.34
3.0 0.46
5.0 0.48
3.4 0.15
1.3 0.09
1.0 0.07
0.0 0.09
0.0 0.04
0.0 0.00
0.4 0.00
3.2 0.01
0.0 0.00
0.0 0.00
0.0 0.00
0.0 0.00
0.0 0.00
0.0 0.00
0.0 0.00
0.0 0.00
0.1 0.05
0.1 0.06
0.6 0.05
0.4 0.06
0.3 0.09
1.9 0.11
1.2 0.08
1.3 0.06
0.2 0.11
2.0 0.11
1.4 0.08
1.4 0.03
2.9 0.02
1.9 0.00
1.8 0.00
0.2 0.00
0.3 0.00
0.4 0.00
0.0 0.00
0.3 0.00
1.8 0.00
3.2 0.00
0.1 0.00
0.1 0.00
0.0 0.03
0.1 0.09
1.3 0.24
2.0 0.35
3.0 0.35
1.3 0.20
0.8 0.22
0.4 0.12
0.1 0.14
1.8 0.17
2.0 0.26
3.6 0.08
0.1 0.02
0.0 0.00
0.0 0.00
0.0 0.00
0.0 0.00
0.0 0.00
0.0 0.00
1.0 0.00
0.5 0.00
2.0 0.00
0.9 0.00
0.1 0.01
0.9 0.06
1.1 0.11
1.0 0.20
0.9 0.40
0.3 0.48
5.7 0.43
5.0 0.40
3.3 0.27
0.7 0.25
1.1 0.10
3.9 0.09
1.3 0.06
0.3 0.03
1.1 0.01
0.2 0.00
0.5 0.00
1.1 0.00
0.0 0.00
0.0 0.00
0.8 0.00
0.6 0.00
0.0 0.00
1.7 0.00
0.8 0.01
2.2 0.04
2.4 0.06
2.8 0.15
4.0 0.28
4.6 0.23
4.6 0.19
3.8 0.10
2.3 0.08
1.5 0.06
1.8 0.04
1.5 0.03
2.0 0.01
3.4 0.01
4.9 0.01
4.6 0.00
2.7 0.00
1.4 0.00
1.2 0.00
0.8 0.00
0.6 0.00
0.3 0.00
0.2 0.00
0.1 0.00
0.1 0.01
0.2 0.07
0.9 0.16
2.0 0.27
0.9 0.29
0.7 0.25
0.6 0.30
2.4 0.41
1.7 0.36
1.9 0.31
1.6 0.27
0.9 0.23
0.0 0.09
0.0 0.05
0.0 0.00
0.0 0.00
0.0 0.00
0.0 0.00
0.0 0.00
0.0 0.00
0.0 0.00
0.0 0.00
0.0 0.00
0.0 0.00
0.2 0.02
0.3 0.08
2.5 0.16
1.9 0.29
1.4 0.41
3.7 0.50
2.5 0.47
3.1 0.61
4.8 0.55
4.4 0.44
5.6 0.28
4.8 0.18
3.6 0.09
1.1 0.06
4.8 0.06
4.9 0.04
3.8 0.03
4.1 0.03
4.0 0.02
2.9 0.02
2.1 0.01
1.5 0.01
1.4 0.01
1.5 0.00
0.8 0.02
3.6 0.07
3.7 0.14
5.7 0.20
5.1 0.30
5.2 0.40
5.7 0.47
4.9 0.51
4.5 0.53
4.3 0.51
4.2 0.43
4.0 0.31
4.5 0.20
3.4 0.10
1.7 0.03
0.1 0.00
0.0 0.00
0.0 0.00
0.0 0.00
0.0 0.00
0.0 0.00
0.0 0.00
0.0 0.00
0.1 0.00
0.1 0.01
0.0 0.04
0.0 0.14
0.1 0.27
2.0 0.40
1.9 0.49
2.8 0.56
2.3 0.58
3.0 0.59
3.1 0.52
3.0 0.38
1.1 0.17
0.2 0.09
0.0 0.05
0.0 0.01
0.1 0.00
0.0 0.00
0.1 0.00
0.1 0.00
0.0 0.00
0.0 0.00
0.0 0.00
0.0 0.00
0.0 0.00
0.0 0.02
0.0 0.07
0.0 0.16
0.3 0.30
0.2 0.43
0.5 0.54
0.0 0.58
0.6 0.57
2.9 0.63
2.7 0.56
0.8 0.43
2.7 0.36
5.2 0.25
1.4 0.08
0.0 0.01
0.0 0.00
0.0 0.00
0.0 0.00
0.0 0.00
0.0 0.00
0.0 0.00
0.0 0.00
0.0 0.00
1.1 0.00
0.2 0.01
0.0 0.08
1.1 0.15
3.3 0.29
0.0 0.22
1.6 0.19
3.3 0.21
3.9 0.25
3.5 0.22
8.9 0.16
2.1 0.09
0.5 0.07
3.9 0.05
5.4 0.03
6.8 0.02
3.5 0.01
7.7 0.03
8.3 0.03
8.6 0.03
8.6 0.03
6.1 0.02
7.7 0.02
7.7 0.02
7.8 0.02
6.7 0.02
6.8 0.06
7.8 0.14
8.1 0.16
8.5 0.18
8.0 0.20
7.9 0.19
7.9 0.27
7.7 0.54
8.7 0.52
8.6 0.34
9.9 0.23
10.1 0.16
5.5 0.11
1.5 0.02
0.0 0.00
1.4 0.01
3.1 0.02
4.2 0.02
0.6 0.00
0.0 0.00
0.0 0.00
0.0 0.00
0.0 0.00
0.0 0.01
0.1 0.05
2.8 0.10
6.2 0.14
3.1 0.30
0.0 0.24
1.7 0.20
0.1 0.22
0.4 0.45
2.2 0.30
0.6 0.24
0.0 0.32
0.0 0.07
0.0 0.04
0.0 0.01
0.0 0.00
0.0 0.00
0.0 0.00
0.0 0.00
0.0 0.00
1.0 0.00
0.0 0.00
0.0 0.00
0.0 0.00
0.0 0.03
0.4 0.08
4.4 0.19
0.1 0.30
4.2 0.44
0.4 0.54
1.9 0.58
3.7 0.57
4.3 0.49
4.0 0.45
3.6 0.37
1.5 0.22
1.6 0.16
0.6 0.08
0.0 0.01
0.0 0.00
0.2 0.00
0.3 0.00
0.1 0.00
0.2 0.00
0.5 0.00
1.4 0.01
0.4 0.00
0.6 0.00
2.7 0.03
2.7 0.10
3.2 0.21
4.5 0.28
2.4 0.38
3.0 0.41
1.5 0.25
2.9 0.16
3.7 0.22
4.3 0.24
5.5 0.38
5.1 0.35
2.8 0.12
2.4 0.08
1.0 0.02
1.6 0.02
1.5 0.01
2.1 0.01
4.2 0.02
1.2 0.01
1.7 0.01
3.2 0.02
3.6 0.02
3.8 0.02
2.3 0.03
3.5 0.10
4.2 0.18
4.4 0.24
5.3 0.39
6.0 0.40
4.9 0.26
5.9 0.26
5.6 0.27
7.0 0.42
8.1 0.41
8.0 0.24
6.4 0.18
4.9 0.13
3.4 0.06
0.6 0.01
0.1 0.00
0.1 0.00
0.1 0.00
0.0 0.00
0.0 0.00
0.1 0.00
0.0 0.00
0.0 0.00
0.6 0.01
0.8 0.06
3.3 0.18
4.3 0.32
4.4 0.27
4.2 0.22
3.8 0.29
5.8 0.54
5.9 0.48
5.7 0.39
5.4 0.38
3.4 0.16
4.0 0.16
1.9 0.08
0.1 0.01
0.0 0.00
0.0 0.00
0.0 0.00
0.0 0.00
0.0 0.00
0.0 0.00
0.0 0.00
0.0 0.00
0.0 0.00
0.0 0.02
0.6 0.08
2.9 0.16
0.4 0.24
3.1 0.33
4.4 0.32
1.8 0.41
2.9 0.45
3.9 0.46
3.0 0.52
2.7 0.44
1.1 0.31
3.5 0.21
3.6 0.12
1.4 0.03
0.1 0.00
0.0 0.00
0.0 0.00
0.1 0.00
0.2 0.00
0.8 0.01
2.4 0.01
1.9 0.01
4.0 0.02
3.5 0.04
7.6 0.10
7.4 0.13
8.2 0.12
3.0 0.14
0.0 0.19
4.4 0.31
7.6 0.24
9.3 0.21
7.9 0.18
6.9 0.13
4.1 0.09
0.7 0.03
7.4 0.06
7.9 0.06
6.9 0.04
7.4 0.05
5.7 0.04
3.4 0.03
4.7 0.03
0.3 0.00
0.2 0.00
0.9 0.00
0.3 0.00
0.4 0.01
0.7 0.05
0.2 0.10
2.7 0.20
1.8 0.18
0.7 0.26
2.4 0.20
1.9 0.12
1.5 0.14
5.1 0.21
7.2 0.32
7.8 0.20
4.3 0.08
0.7 0.04
1.6 0.01
1.3 0.00
2.1 0.00
3.3 0.00
4.1 0.00
4.5 0.00
3.7 0.00
4.2 0.01
3.1 0.01
2.9 0.01
2.8 0.01
2.8 0.02
3.6 0.05
4.0 0.06
4.4 0.06
5.0 0.08
4.2 0.08
5.4 0.12
5.1 0.11
4.7 0.11
4.9 0.13
4.6 0.07
3.3 0.04
2.3 0.02
0.2 0.00
0.4 0.00
1.3 0.00
2.0 0.01
1.5 0.01
1.4 0.00
1.7 0.00
2.6 0.01
1.9 0.00
1.4 0.00
2.1 0.01
3.2 0.06
3.9 0.16
5.0 0.26
6.6 0.32
7.3 0.26
7.2 0.31
6.9 0.32
5.7 0.26
4.0 0.14
2.6 0.12
3.0 0.08
0.6 0.05
0.8 0.06
0.0 0.01
0.0 0.00
0.0 0.00
0.0 0.00
0.0 0.00
0.0 0.00
0.0 0.00
0.0 0.00
0.0 0.00
0.1 0.00
0.0 0.01
0.0 0.06
2.3 0.16
3.4 0.28
3.1 0.33
3.3 0.44
4.3 0.46
4.2 0.40
4.2 0.52
3.8 0.48
5.0 0.41
5.1 0.35
3.2 0.18
1.2 0.09
0.2 0.01
0.0 0.00
0.0 0.00
0.0 0.00
0.0 0.00
0.0 0.00
0.0 0.00
0.0 0.00
0.0 0.00
0.0 0.00
0.0 0.02
0.4 0.09
0.0 0.18
0.0 0.30
0.0 0.40
0.4 0.40
2.4 0.49
1.9 0.31
1.1 0.21
0.6 0.17
0.2 0.09
0.0 0.09
0.5 0.06
0.1 0.03
0.0 0.01
0.0 0.00
0.0 0.00
0.0 0.00
0.0 0.00
0.0 0.00
0.0 0.00
0.0 0.00
0.0 0.00
0.0 0.00
0.0 0.03
0.0 0.09
0.8 0.18
2.1 0.31
4.1 0.42
5.4 0.50
7.0 0.57
6.0 0.59
4.6 0.59
5.4 0.55
4.5 0.46
4.6 0.37
3.7 0.23
4.9 0.15
2.2 0.05
0.0 0.00
0.0 0.00
0.0 0.00
0.0 0.00
0.6 0.00
0.7 0.01
1.3 0.02
0.1 0.00
1.7 0.02
0.2 0.02
6.0 0.10
8.2 0.13
7.9 0.15
7.7 0.16
6.6 0.14
2.2 0.11
1.8 0.08
10.9 0.11
12.4 0.06
10.4 0.07
8.7 0.04
9.3 0.04
7.9 0.02
8.4 0.01
9.1 0.01
10.1 0.01
9.9 0.01
8.7 0.01
6.2 0.01
8.1 0.01
6.2 0.00
5.1 0.00
4.4 0.00
4.4 0.00
4.0 0.02
5.1 0.04
4.2 0.07
3.9 0.09
3.0 0.07
2.8 0.12
2.6 0.10
2.9 0.09
2.2 0.07
2.0 0.05
0.4 0.05
1.4 0.03
0.4 0.02
0.2 0.00
0.0 0.00
0.2 0.00
0.3 0.00
0.0 0.00
0.0 0.00
0.0 0.00
0.4 0.00
1.0 0.00
0.6 0.00
0.3 0.01
0.4 0.04
1.1 0.11
1.1 0.10
1.4 0.19
3.7 0.44
3.4 0.44
2.6 0.25
0.7 0.19
2.7 0.38
2.3 0.35
3.1 0.20
0.7 0.09
0.0 0.08
0.0 0.02
0.0 0.00
0.0 0.00
0.0 0.00
0.0 0.00
0.0 0.00
0.0 0.00
0.0 0.00
0.0 0.00
0.0 0.00
0.0 0.02
0.0 0.09
0.0 0.11
0.5 0.10
0.2 0.07
0.1 0.05
1.5 0.14
2.4 0.09
3.3 0.04
4.4 0.08
4.4 0.06
4.2 0.04
3.8 0.06
1.8 0.05
2.2 0.01
2.5 0.00
2.9 0.00
2.7 0.00
0.8 0.00
2.4 0.00
1.9 0.00
1.6 0.00
1.5 0.00
2.2 0.00
2.7 0.02
3.4 0.07
4.5 0.10
5.9 0.14
4.7 0.13
5.6 0.36
5.4 0.38
5.6 0.43
5.0 0.44
5.2 0.35
4.9 0.34
4.6 0.29
4.8 0.19
3.7 0.11
0.7 0.02
0.0 0.00
0.0 0.00
0.0 0.00
0.0 0.00
0.0 0.00
0.0 0.00
0.0 0.00
0.0 0.00
0.0 0.00
0.0 0.02
0.0 0.06
0.0 0.11
3.3 0.20
2.8 0.32
3.0 0.40
4.5 0.43
3.1 0.49
4.3 0.50
3.5 0.45
2.7 0.35
2.5 0.29
2.8 0.20
2.3 0.12
0.0 0.01
0.1 0.00
0.0 0.00
0.2 0.00
0.0 0.00
0.0 0.00
0.0 0.00
0.0 0.00
0.0 0.00
0.0 0.00
0.0 0.04
0.0 0.09
0.0 0.16
0.0 0.26
2.2 0.38
2.3 0.50
2.3 0.56
2.0 0.60
3.2 0.61
3.3 0.56
3.4 0.48
2.8 0.36
2.1 0.21
0.3 0.09
0.0 0.01
0.0 0.00
0.6 0.00
0.0 0.00
2.2 0.01
1.2 0.00
0.0 0.00
0.0 0.00
0.0 0.00
0.0 0.00
1.2 0.03
0.0 0.09
0.0 0.17
0.0 0.30
0.0 0.42
4.9 0.56
4.6 0.65
2.1 0.66
1.6 0.65
3.4 0.62
3.1 0.52
2.8 0.39
2.0 0.23
1.4 0.12
0.1 0.02
0.0 0.00
0.2 0.00
0.2 0.00
0.0 0.00
0.9 0.01
0.0 0.00
0.0 0.00
0.0 0.00
0.0 0.00
0.0 0.02
0.7 0.11
1.5 0.21
2.3 0.31
3.1 0.44
3.5 0.58
4.1 0.54
3.3 0.59
1.9 0.69
1.9 0.55
1.3 0.36
1.2 0.31
0.2 0.14
0.1 0.09
0.0 0.01
0.0 0.00
0.0 0.00
0.0 0.00
0.1 0.00
0.0 0.00
0.0 0.00
0.2 0.00
0.2 0.00
0.0 0.00
0.0 0.03
0.0 0.10
0.0 0.18
0.0 0.31
0.0 0.46
0.3 0.51
0.7 0.58
1.0 0.21
0.0 0.22
1.7 0.17
2.0 0.09
0.5 0.01
0.0 0.06
0.0 0.04
0.0 0.00
0.0 0.00
0.0 0.00
0.0 0.00
0.0 0.00
0.0 0.00
0.0 0.00
0.0 0.00
0.0 0.00
0.0 0.00
0.0 0.01
0.0 0.08
0.0 0.11
0.2 0.22
0.1 0.29
0.1 0.42
0.0 0.10
0.3 0.23
0.6 0.38
0.3 0.11
0.2 0.24
0.3 0.20
0.0 0.09
0.0 0.05
0.0 0.01
0.0 0.00
0.0 0.00
0.0 0.00
0.0 0.00
0.0 0.00
0.0 0.00
0.0 0.00
0.0 0.00
0.0 0.00
0.0 0.01
0.0 0.04
0.2 0.05
0.0 0.10
0.0 0.33
0.1 0.41
0.0 0.46
0.0 0.36
0.2 0.46
0.3 0.24
0.1 0.28
0.0 0.16
0.0 0.10
0.0 0.05
0.0 0.01
0.0 0.00
0.0 0.00
0.0 0.00
0.0 0.00
0.0 0.00
0.0 0.00
0.0 0.00
0.0 0.00
0.0 0.00
0.3 0.00
0.3 0.01
0.3 0.05
0.2 0.06
0.5 0.08
0.7 0.21
1.3 0.35
1.7 0.28
0.9 0.33
2.7 0.45
2.2 0.28
0.8 0.37
1.1 0.18
0.2 0.06
0.0 0.02
0.0 0.00
0.0 0.00
0.0 0.00
0.0 0.00
0.0 0.00
0.1 0.00
0.0 0.00
0.1 0.00
0.0 0.00
0.0 0.04
0.2 0.11
0.3 0.21
1.2 0.22
1.1 0.34
1.9 0.44
1.6 0.47
1.4 0.42
1.5 0.27
1.6 0.17
1.1 0.13
0.9 0.07
0.0 0.07
0.0 0.03
0.0 0.02
0.1 0.00
0.0 0.00
0.0 0.00
0.0 0.00
0.0 0.00
0.0 0.00
0.0 0.00
0.0 0.00
0.0 0.00
0.0 0.02
0.0 0.08
1.0 0.14
2.8 0.29
3.0 0.39
3.2 0.38
4.0 0.46
4.8 0.60
4.4 0.60
4.4 0.55
3.9 0.48
3.1 0.34
3.3 0.22
0.9 0.10
0.1 0.02
0.0 0.00
0.0 0.00
0.0 0.00
0.0 0.00
0.0 0.00
0.0 0.00
0.0 0.00
0.0 0.00
0.0 0.00
0.0 0.03
0.0 0.10
0.9 0.20
0.1 0.32
0.6 0.45
3.3 0.57
2.2 0.63
2.4 0.65
0.5 0.62
3.3 0.60
2.5 0.48
2.9 0.38
0.6 0.19
0.2 0.10
0.0 0.02
0.0 0.00
0.0 0.00
0.0 0.00
0.0 0.00
0.0 0.00
0.0 0.00
0.0 0.00
0.0 0.00
0.0 0.00
0.0 0.02
0.0 0.10
0.2 0.19
0.0 0.30
1.1 0.47
1.9 0.57
2.5 0.63
1.2 0.60
1.5 0.60
0.0 0.56
1.7 0.50
1.2 0.32
0.0 0.17
0.0 0.09
0.0 0.02
0.0 0.00
0.0 0.00
0.0 0.00
0.0 0.00
0.2 0.00
0.0 0.00
0.0 0.00
0.0 0.00
0.0 0.00
0.0 0.02
0.0 0.05
0.0 0.12
1.5 0.18
0.6 0.22
1.7 0.46
0.1 0.51
0.6 0.43
0.0 0.33
0.0 0.39
0.5 0.45
0.3 0.20
0.0 0.11
1.0 0.05
0.3 0.01
0.0 0.00
0.6 0.00
0.1 0.00
0.1 0.00
0.0 0.00
0.2 0.00
0.0 0.00
0.0 0.00
0.0 0.00
0.0 0.02
0.1 0.05
0.3 0.09
1.0 0.12
2.6 0.30
1.8 0.30
1.0 0.27
3.2 0.50
1.9 0.38
2.2 0.52
0.0 0.42
1.1 0.14
0.6 0.13
0.6 0.11
1.8 0.03
0.0 0.00
0.0 0.00
0.0 0.00
0.0 0.00
0.0 0.00
0.0 0.00
0.0 0.00
0.0 0.00
0.0 0.00
0.0 0.03
0.8 0.09
0.3 0.13
0.0 0.14
0.0 0.17
0.0 0.09
0.7 0.36
1.2 0.47
1.6 0.51
3.2 0.45
3.7 0.36
2.5 0.21
6.6 0.06
1.4 0.06
0.3 0.01
0.0 0.00
1.1 0.00
0.0 0.00
2.7 0.00
0.5 0.00
0.1 0.00
0.0 0.00
0.3 0.00
0.5 0.00
0.5 0.01
0.6 0.06
2.4 0.09
0.9 0.11
0.4 0.27
0.5 0.31
1.1 0.33
1.8 0.58
0.1 0.54
2.1 0.55
3.7 0.42
2.0 0.33
2.4 0.14
2.6 0.08
0.4 0.01
0.5 0.00
0.0 0.00
1.3 0.00
5.0 0.02
2.9 0.01
0.4 0.00
0.0 0.00
0.0 0.00
0.0 0.00
0.0 0.02
0.0 0.08
0.3 0.13
0.0 0.09
0.8 0.12
1.1 0.22
2.2 0.48
3.8 0.52
3.2 0.41
1.2 0.19
0.7 0.46
1.0 0.10
0.0 0.04
1.5 0.07
0.0 0.02
0.0 0.00
0.1 0.00
0.0 0.00
0.0 0.00
0.0 0.00
0.0 0.00
0.0 0.00
0.1 0.00
0.5 0.00
0.0 0.01
0.0 0.02
0.5 0.08
0.5 0.12
2.0 0.30
2.9 0.45
3.9 0.55
2.9 0.52
3.5 0.54
4.2 0.52
3.6 0.37
2.4 0.34
1.8 0.18
2.1 0.12
1.4 0.03
2.4 0.02
4.6 0.03
0.8 0.00
1.2 0.00
0.0 0.00
0.0 0.00
0.0 0.00
2.3 0.01
2.7 0.01
2.2 0.02
2.3 0.03
3.2 0.10
2.9 0.14
2.1 0.22
4.1 0.35
5.3 0.51
5.1 0.30
3.6 0.24
4.1 0.29
6.6 0.20
7.5 0.23
5.5 0.17
4.8 0.13
2.0 0.04
0.1 0.00
0.1 0.00
0.0 0.00
0.0 0.00
0.0 0.00
0.0 0.00
0.0 0.00
0.0 0.00
0.0 0.00
0.0 0.04
0.3 0.11
1.6 0.21
2.8 0.34
2.7 0.46
2.7 0.57
3.1 0.56
3.1 0.67
4.0 0.62
1.4 0.48
2.2 0.37
0.0 0.18
0.0 0.11
0.0 0.05
0.0 0.02
0.0 0.00
0.0 0.00
0.0 0.00
0.0 0.00
0.0 0.00
0.0 0.00
0.0 0.00
0.0 0.00
0.0 0.00
0.0 0.04
0.0 0.06
0.0 0.14
1.4 0.35
1.7 0.48
1.8 0.59
3.7 0.67
2.0 0.65
1.8 0.65
2.7 0.54
4.3 0.54
2.8 0.39
2.6 0.26
2.4 0.16
0.5 0.02
0.0 0.00
0.0 0.00
1.1 0.01
0.5 0.01
0.0 0.00
0.0 0.00
0.0 0.00
0.0 0.00
0.0 0.00
0.0 0.04
0.6 0.12
0.5 0.22
1.8 0.37
2.2 0.50
3.3 0.61
3.8 0.71
2.8 0.62
1.9 0.67
1.4 0.58
0.6 0.49
0.2 0.33
0.0 0.22
0.0 0.12
0.0 0.02
0.0 0.00
0.1 0.00
0.0 0.00
0.0 0.00
0.0 0.00
0.0 0.00
0.0 0.00
0.0 0.00
0.0 0.00
0.0 0.04
0.0 0.12
0.0 0.23
0.7 0.37
1.8 0.50
0.2 0.52
2.0 0.66
2.2 0.72
1.7 0.71
0.2 0.62
0.2 0.47
0.2 0.39
0.0 0.24
0.0 0.12
0.0 0.02
0.0 0.00
0.0 0.00
0.0 0.00
0.0 0.00
0.0 0.00
0.0 0.00
0.0 0.00
0.0 0.00
0.0 0.00
0.0 0.04
0.0 0.12
0.0 0.23
0.0 0.36
0.1 0.49
0.3 0.59
1.5 0.69
2.3 0.69
2.6 0.73
2.1 0.66
1.9 0.54
1.9 0.37
1.0 0.22
0.1 0.07
0.0 0.02
0.0 0.00
0.0 0.00
2.0 0.01
0.4 0.00
0.0 0.00
0.0 0.00
0.0 0.00
0.0 0.00
0.0 0.00
0.0 0.04
0.0 0.12
0.0 0.22
0.9 0.35
0.5 0.44
0.6 0.58
0.1 0.46
1.5 0.66
0.4 0.55
0.3 0.67
0.9 0.50
3.6 0.27
0.6 0.16
1.1 0.09
1.7 0.03
0.0 0.00
0.0 0.00
0.0 0.00
0.0 0.00
0.0 0.00
0.0 0.00
0.0 0.00
0.0 0.00
0.0 0.00
0.0 0.03
0.0 0.12
0.2 0.22
0.2 0.36
1.7 0.49
0.4 0.58
2.5 0.64
1.0 0.60
1.7 0.69
1.5 0.52
1.3 0.48
3.1 0.12
1.2 0.08
0.4 0.02
0.0 0.01
2.1 0.01
0.0 0.00
0.0 0.00
0.0 0.00
0.0 0.00
0.0 0.00
0.0 0.00
0.0 0.00
0.0 0.00
0.0 0.01
0.0 0.02
0.0 0.09
0.4 0.17
1.6 0.31
1.0 0.41
1.6 0.49
2.7 0.55
1.8 0.47
1.8 0.53
1.8 0.40
2.0 0.36
2.4 0.25
0.5 0.07
4.5 0.05
0.0 0.00
0.0 0.00
0.0 0.00
0.0 0.00
0.0 0.00
0.0 0.00
0.0 0.00
0.0 0.00
0.0 0.00
0.0 0.02
0.0 0.07
0.2 0.15
0.4 0.27
0.0 0.21
1.3 0.54
2.3 0.53
3.2 0.48
3.5 0.65
3.5 0.56
2.8 0.21
1.6 0.03
0.0 0.02
0.0 0.02
0.0 0.01
0.8 0.00
0.1 0.00
0.0 0.00
0.0 0.00
0.0 0.00
0.0 0.00
0.0 0.00
0.0 0.00
0.0 0.00
0.0 0.02
0.0 0.05
0.0 0.12
0.3 0.12
0.9 0.22
1.4 0.32
2.2 0.49
2.0 0.52
0.2 0.60
0.7 0.49
0.3 0.31
0.4 0.20
0.0 0.14
0.0 0.06
0.0 0.01
0.0 0.00
0.0 0.00
0.0 0.00
0.0 0.00
0.0 0.00
0.0 0.00
0.0 0.00
0.0 0.00
0.0 0.00
0.0 0.02
0.0 0.07
0.3 0.11
0.2 0.26
0.3 0.23
0.8 0.46
2.8 0.27
1.3 0.36
3.8 0.56
1.2 0.06
2.5 0.05
0.4 0.17
0.8 0.06
1.0 0.06
0.1 0.04
0.0 0.00
0.0 0.00